1098.4	-711.081	-1623.74	-5341.12	-1977.4	-3799.51	-3252.97	-1835.88	1477.21	4270.1	5156.75	3695.71	1374.22	-1360.62	-2299.47	
-1466.8	-1518.22	-568.786	4693.21	5689.69	6568.88	5998.45	2837.38	734.586	2184.86	6609.06	9590.62	8614.76	4482.66	1985.91	
-741.968	2890.24	7406.69	9850.15	5995.13	3072.09	1736.84	2584.22	3656.15	5921.04	9630.43	10595.8	10253.9	7024.25	3840.1	
-1708.89	-1052.7	1073.43	1712.01	4982.49	8230.51	9073.76	8304.28	6339.1	4340.39	2359.33	864.038	-471.975	319.937	1157.4	
-1224.28	3225.75	7241.7	4872.17	7377.05	10539.5	8243.95	5006.82	5434.12	6407.47	4887.23	4036.25	3143.18	4825.69	4248.06	
-8628.59	-4722.27	-3267.43	-5382.23	-3925.73	3371.22	12512.1	13830.4	9668.44	5871.8	3585.81	4010.94	6526.16	10443.3	11311.7	
-2511.14	1368.43	2690.24	-2834.04	1359.95	-2781.44	4872.65	8116.52	10488.9	14480.5	20924	25791.2	25093.7	14907.3	7303.92	
-9282.95	-4248.1	858.417	3877.5	7842.14	11335	12087.4	12279.6	11720	11817.9	14426.9	16261.1	17129.5	14024.2	12309	
-10919.5	-9764.64	-6413.01	-971.52	6040.93	11039.8	8384.3	7470.9	7627.94	9965.06	12925.9	13664	12156.4	10638.8	10750.1	
-8699.11	-8555.4	-8480.99	-8310.54	-3813.32	1797.27	4690.39	4555.09	5243.52	7366.94	10196.2	10211.6	10255.3	9187.41	8894.93	
-3163.84	-1979.37	874.74	7843.78	7197.72	5800.94	4575.78	2973.12	3653.72	5641.12	7037.82	7138.18	6499.71	5006.67	3993.01	
2592.05	9537.32	15912.7	22522.6	11942.8	13644.1	8405.45	9546.63	10269.3	10010.4	11122.6	11243.7	7064.1	4974.24	2453.46	
-12860.9	-9080.13	-3655.34	-3553.64	13906.6	21230.7	17383	13097.7	9275.17	7235.43	7611.36	7995.04	11349.1	12313.6	13334.3	
-7950.48	-6933.22	-3935.78	-1289.43	7538.16	15103.3	17245.3	18955.1	19862.1	18494.8	13748.5	7700.98	3845.65	4206.52	6736.37	
2621.89	2057.07	887.21	-3396.49	-2450.12	-6233.25	-1896.84	3590.2	7179.39	6348.42	2723.67	27.0039	-738.766	-1435.74	-2434.49	
-6242.44	-4522.61	-322.13	955.08	5519.46	3275.32	2844.46	1831.8	664.967	-164.13	183.598	59.8103	-1092.74	1424.75	4810.68	
5725.54	5971.26	6245.55	4951.81	9529.71	18072.6	22594.2	24333	20677.3	15457.1	9880.59	7994	7279.53	2902.15	-3144.12	
15.4863	3093.06	4025.98	4942.74	9746.4	12482.6	9484.96	7539.4	5798.79	4058.28	2794.97	3203.3	2494.27	2865.84	2743.59	
-41.4729	606.56	-1596.81	-3964.89	1657.21	-377.083	-178.687	1258.4	3090.17	3771.24	3560.26	3515.45	4137.46	4620.53	2881	
-191.549	2529.59	2349.19	-2565.11	870.216	2809.96	7216.97	9314.51	9486.28	8576.22	7049.78	6054	7541.06	6663.6	3881.04	
-1923.99	-1175.17	-310.446	-3861.63	1801.28	-657.308	658.361	3584.6	5230.64	4322.36	4950.55	7138.33	8347.56	5701.63	3256.39	
2909.44	1827.1	1791.25	3089.94	8321.67	15240.8	10164.9	5479.84	1789.75	311.585	1056.82	920.154	-1471.13	-4201.17	-4259.2	
-4579.11	-4875.85	-5285.26	-6702.92	-329.491	5937.02	9253.22	10329.1	10007.6	8745.26	7497.84	4631.26	1817.11	546.786	2573	
-5542.67	-921.869	3468.38	4675.27	3402.89	1726.32	3310.11	3244.83	2493.02	2672.59	3850.29	5182.99	8131.03	9235.31	8473.25	
-5237.05	-2363.16	-308.032	3574.48	54.8772	1663.83	6065.35	9151.95	11263.2	12138.8	11208.6	9692.55	9011.77	8777.32	7681.1	
-2313.59	-158.075	3020.57	1471.99	-1048.99	-6786.68	-152.399	2361.33	2588.59	2209.31	2806.5	2418.99	1258.71	1353.91	2409.2	
-268.275	-466.974	-1728.09	941.473	3413.47	4106.2	5095.48	5426.48	9988.69	15934.5	20197.8	16166.9	7780.13	2270.53	909.342	
-5867.64	-2858.66	5620.02	20342.7	15367	21832.8	22530.7	22644	19008.8	15621.3	14120.2	10433	8934.85	5680.41	5446.85	
1215.48	1062.45	4587.48	14553.2	6036.02	4261.5	1345.74	-361.937	-2341.11	-4133.11	-4313.57	-2769.72	-2458.21	-3575.79	-2964.84	
-1085.61	-4068.32	-6281.52	-3148.69	2715.34	3950.58	7948.81	11502.9	15244.2	19739.2	21277.6	17086	11566.9	6171.8	1647.55	
7696.27	5109.1	2025.75	583.716	-966.771	-5643.5	-2546.58	-623.743	3240.15	6973.59	7064.02	1702.6	-3841.61	-6806.13	-8199.72	
-2791.02	627.05	467.298	-1433.79	-4116.5	-454.263	5365.48	5188.78	3893.66	6027.98	9845.26	11967.2	14120.1	12313.8	7934.22	
-1584.53	-1588.15	-1667.39	2322.71	1293.6	5081.61	8848.6	14452.2	18648.3	19561.7	16268.2	10514	7274.56	5190.22	3107.89	
-4492.35	-5545.76	-7321.11	-8940.5	1719.8	6990.61	5643.88	5651.37	7823.96	11533.1	16308.3	18645.4	19263.3	13208	7194.28	
3976.97	3353.31	1143.75	1053.99	1177.66	2922.31	3973.57	7715.24	8602.68	6708.61	4972.57	3961.7	3054.75	-13.0496	-2491	
630.17	879.843	4387.92	10496.4	5051.94	-968.893	4883.92	9613.9	11049.2	10580	10618.1	10960	8985.2	4835.03	503.527	
-10042.5	-9420.56	-7007.35	-4319.1	-4513.78	-5209.4	2290.1	11000.2	15967.2	14506.1	7871.62	3099.67	831.677	3373.32	7387.73	
-2609.53	-32.0279	2601.81	6328.5	7740.59	10888.1	11046.2	9721.89	8584.91	8819.5	9478.1	9693.15	9555.78	8078.03	5493.15	
1506.09	3436.24	7203.81	11422.5	13682.1	14957.6	11637.9	8827.91	6950.56	7320.79	9590.2	8678.73	3907.2	345.391	-772.27	
-3086.87	-320.734	2999.57	9236.22	4238.76	8113.75	11257.7	15212	17340.3	16207.4	13012.5	12705.9	15287.5	11589.7	6626.94	
-357.34	3988.02	7817.97	7962.99	5694.9	2042.87	569.187	-1432.96	-700.585	2554.36	6799.85	10020.3	11396.2	8194.81	4398.03	
-4394.03	-2965.46	-1284.01	2465.75	-132.769	-6981.25	-6812.8	-3356.69	-819.939	-1887.67	-4169.72	-3807.94	-354.696	3289.89	4954.67	
-10418.1	-10271.4	-6422.58	1957.5	2683.13	4810.68	7391.51	11504.1	14941.3	14230.9	8282.11	1977.75	-1803.12	2371.23	7282.04	
-2861.36	-1320.26	-1154.01	-8318.52	-6255.21	-4778.04	1497.04	4984.22	5914.43	6780.57	7307.14	8085.27	8755.4	7253.77	4849.13	
-4663.22	-1895.67	2341.86	10854.4	11020.1	11120.3	5221.26	3517.57	4865.32	7411.91	10302.2	14180.1	16390.2	12187.5	7564.5	
-2466.48	-4909.69	-4912.96	-1606.14	4099.58	5578.08	6253.58	6439.2	5404.5	3639.42	2400.73	218.749	-1255.62	-1208.88	-6.61312	
2116.2	1407.9	-2921.32	-11218.8	-6108.32	-8668.4	-995.761	6423.15	10166.2	10378.1	9724.58	10179.3	11963.8	8472.32	2157.03	
-2529.32	-2127.69	-1212.05	-1811.48	-1473.23	-2741.71	1008.73	1418.38	-80.3597	-782.318	-411.723	1590.89	2331.86	2244.45	2435.77	
-4157.68	-1346.98	362.217	1589.47	1674.84	2661.17	1459.48	-518.874	-554.044	3153.13	8927.37	10778.7	11854.4	9003.53	6915.3	
-6707.06	-12710.9	-17472.1	-16935.3	-4598.38	-3939.11	1642.99	6570.63	9799.93	10136.7	7374.83	4276.63	4418.18	5212.14	4637.1	
-2373.69	-355.884	1202.82	-4928.76	-1695.83	-2180.31	5805.35	8318.06	7819.67	7107.67	6442.48	5110.84	3718.3	3147.69	3166.02	
2616.57	7599.93	11796.8	18708.3	8265.76	18587.9	16690.9	14528.2	10778.9	8038.16	6686.63	6914.81	4181.88	1952.25	395.264	
-2434.26	1528.36	8843.81	15106.9	16409.5	7839.17	12320.4	11787.5	8370.26	4937.18	3288.59	6036.06	8323.59	7615.76	5146.74	
1071.67	-1343.53	-5697.14	-12330.9	1378.7	7425.34	5990.49	2239.32	1407.04	5348.35	10711	12405.3	10744.1	4784.36	-73.6935	
-4921.34	-5520.58	-7024.94	-13459.8	-5228.41	-10258.8	-6419.06	-7029.26	-6971.96	-3971.51	2040.08	7417.69	8856.96	7626.37	5655.2	
-153.712	422.632	1597.02	4518.02	634.192	-2290.8	707.562	4857.19	8041.49	11157.9	16013.9	18396.6	16683.1	8452.9	2490.1	
-3779.24	-2545.26	1751.45	7730.94	4182.44	-2316.24	-4100.24	-4575.74	815.349	9070.58	15326.5	13903.8	10061	4893.97	3395.68	
1422.3	6681.36	7004	-3167.29	1623.82	-2843.32	4334.22	7011.21	7751.8	9010.94	9678.13	7390.69	8491.26	9008.55	5394.23	
-17490.9	-9534.65	-1382.38	13692.3	8975.83	21719.7	20668	18508	11183.9	2640.73	-2290.71	2835.58	11767.4	19299.5	21343.6	
-3353.47	-5176.24	-4082.46	4245.4	3746.81	1243.89	1272.42	2730.26	6564.68	10975.8	13279	11234.2	6054.07	2775.36	1850.98	
-244.729	1110.86	4184.17	10312.4	12640.2	10003.2	7454.6	8953.08	9330.69	10267.1	15745.6	20932.8	20425.2	11314.1	3491.88	
-13.1325	1595.5	5013.48	10492.4	5950.96	4177.94	4151.3	4828.87	5989.09	8075.93	10495.2	10231.5	6759.57	3141.35	1099.32	
-3491.36	332.795	1872.04	2345.16	8151.51	10617.1	11887.4	16110.8	17206	14576.1	11717.5	11163.1	13549.2	13089.7	9117.51	
-15259	-11625.8	-8282.55	543.423	9814.86	10640.6	9366.99	10713.2	14185.3	16755.8	18023.6	19249.5	24433.2	24592.5	20569.6	
-13696.4	-5745.04	714.533	10444.9	3350.42	7972.72	8813.94	10773.8	8503.27	5074.89	4845.68	11137.5	20621.6	24689.6	21108.1	
194.918	7071.44	9846.05	4549.03	524.647	-771.285	8045.44	11229.7	11074	9535.74	8568.23	8979.16	8649.24	9324.38	6436.99	
-2633.27	2338.89	9577.28	12396.8	7082.29	8728.9	11131.1	13918.5	13747.6	10603.5	6463.04	4259.19	1532.54	1005.92	2597.53	
-5581.33	-3351.15	-1244.24	-3690.27	640.234	775.317	2955.66	4173.26	6136.36	8921.8	11361.1	11741.6	10739.4	8750.31	7213.99	
-2103.45	-4588.67	-6966.35	-4704.66	-3424.03	-3810.62	-2751.84	1988.65	8914.45	14212.4	16301.9	12422	9338.98	5053.22	2253.06	
-134.552	5781.31	11160	7777.49	6489.11	6828.47	9824.76	10623.7	12863.1	15308.7	17196.9	16288.5	13142.9	8386.94	4456.31	
1875.18	4324.42	7060.52	12547.7	8567.25	13596.4	12767.4	9493.25	6695.57	7036.58	7955.27	6207.43	4606.88	3017.82	921.773	
-2968.26	-1314.13	1853.63	9514.22	8125.35	14424.7	16336.3	16115.8	16431.4	16904.9	14595.4	9164.3	6337.57	5509.97	4438.9	
-2053.43	-1864.61	537.586	6783.22	2669.28	-2154.86	-480.035	2557.9	6829.75	11363.1	13101.3	9795.12	6545.76	3296.36	1756.01	
-1382.01	2237.63	2628.16	-9684.19	2379.06	5241.27	7629.8	8782.2	9776.97	9192.27	7410.79	6974.04	6764.25	8062.29	5610.35	
494.665	1620.81	2480.76	7377.69	11555.4	17020.2	17458.5	18622.9	16312.5	9615.61	3997.16	5283.57	10584.5	12349.9	5600.81	
-1399.43	-3938.32	-2271.57	1316.03	6373.3	7739.03	5517.61	4740.84	7089.39	9040.41	9045.63	5823.16	2130.22	-2008.62	-2060.59	
-7072.19	-3404.55	-2658.58	-10786.1	6161.67	7534.07	9706.21	11144.1	11306.7	11790.9	11992.1	10041.8	8742.06	10592.4	10555.4	
-3965.58	-2176.01	1069.64	9670.52	9024.02	15202.2	9896.32	5667.72	3049.96	3031.52	3664.13	3532.5	3883.62	4768.2	4776.2	
-10743	-11140.3	-6618.64	5877.12	2117.94	1467.58	2892.96	5969.58	9182.13	11684	12106.3	10403.7	10615	8339.12	8585.95	
-11834.9	-6740.13	265.289	2846.97	8523.92	6388.71	9839.82	13194	16455.2	18559.2	21270	23364.5	24580.6	18372.8	14524	
-9578.47	-4325.57	688.427	9850.96	14560.7	21295.8	16998.2	10082.6	5775.74	3431.88	3277.19	7248.27	11312	15376.6	14462.6	
-1138.89	-701.277	98.5222	-1638.74	382.035	1483.4	3205.47	5051.84	4702.29	1875.25	-1621.26	-2244.38	-1377.78	595.14	1283.38	
-5250.96	-2024.44	2264.93	2708.36	-473.053	119.768	-242.366	-399.126	-450.743	156.947	1705.15	3925.05	5818.57	6211.09	6171.32	
-308.753	-5152.67	-5600.8	-822.37	10855.3	18571.1	11686.9	4488.02	2867.74	8099.98	14371	13305.1	5877.02	-1621.47	-3545.28	
-6044.99	99.9016	4425.2	11893	7227.42	16597.9	18248.4	15446.5	10873.5	9808.62	11820.2	14859.4	18058.2	16923.6	12385.5	
-13360.1	-12838.3	-7168.81	14000.3	14530.6	16209.3	4671.76	7903.17	15781.6	20075.2	18556.7	12718	9071.85	9416.95	11238.6	
-1715.02	2006.21	4707.29	8995.11	8001.93	7806	6097.78	5270.19	5126.93	5012.9	3227.47	1389.86	2107.85	5668.42	5213.44	
-7090.48	-3150.01	2395.88	15165.3	16549.7	24046.3	14091.4	10254.1	8784	7913.27	8458.94	11268.2	14100.9	13530.4	10733.9	
-2975.71	-1377.97	-1281.09	-3095.85	-404.978	2872.65	2746.24	4594.4	8307.29	10881.9	9823.92	6570.95	3896.15	4482.99	4410.91	
2133.75	1158.05	2432.81	11925.8	12782.4	15236.6	12325.8	10418.8	9897.83	9775.32	10565.5	13807.9	15269.2	8006.98	547.353	
-11426.7	-9583.78	-4427.54	2604.4	4635.4	5876.47	8719.73	4139.66	-3628.03	-8996.12	-9142.13	-2740.34	2976.86	8435.29	10736.2	
-2880.26	178.917	6257.45	16381	6145.53	2296.06	3846.2	7838.38	10656.8	11788.5	10954.7	8258.99	4661.26	3966.99	3756.17	
2278.08	1330.96	1149.77	-436.361	368.811	-4517.09	1478.71	4837.35	6908.61	5905.97	3349.16	3031.61	2157.29	462.514	-1845.88	
-4854.87	-2903.32	597.185	2476.03	7294.84	9381.38	10090.4	8132.97	4287.39	-1049.23	-6009.8	-5215.32	-2246.69	2066.18	4505.1	
1751.46	-630.316	-4771.32	-11707.2	-4883.4	-4846.78	1690.77	5449.05	7150.39	7257.25	6274.27	4485.72	472.045	-1733.22	-2324.96	
-7106.97	-2477.53	57.8547	-1097.84	8129.97	14136	16380.3	18734.5	17220.2	11967.9	4727.8	1780.03	5256.76	10871.5	10908.8	
-7051.89	-1432.42	1379.49	-2567.55	2933.39	6734.83	8348.45	7019.33	3931.6	506.894	-2862.95	-4803.46	-3737.39	4251.1	9280.71	
402.574	3395.77	6708.01	8765.51	7888.09	8436.49	6196.26	4506.57	4026.48	3478.78	2666.69	3792.2	5950.02	4502.1	2187.63	
-15975.5	-12676.9	-7834.59	-4473.67	-3368.16	-1738.75	9168.67	17523.9	21091.8	20239.5	18243.5	18406.3	17379	16692.9	16840	
748.905	697.175	1115.01	2626.52	-64.6325	8189.63	13990.1	12800.2	7087.13	3034.74	2143.19	2258.52	1250.09	-1117.08	-1450.77	
785.142	1995.25	2586.26	1373.88	9605.62	10328.6	8759.34	5533.55	3839.29	3954.46	5073.04	6553.16	7890.58	5949.33	2361.49	
1274.19	1770.16	1355.82	-2687.79	3045.75	-1066.96	-1192.9	1039.95	4124	6725.79	8869.9	8490.02	4355.11	2094.69	256.075	
2493.03	4155.2	4510.95	6706.54	3592.05	5222.56	7906.85	8964.22	9573.05	10666.1	11432.4	10008.9	8140.67	4333.79	632.026	
-4072.72	-3570.65	-1589.9	-2085.63	1007.85	5853.82	6010.62	2737.89	2544.21	5153.07	5502.86	3631.22	956.655	550.74	2131.2	
2605.87	2915.21	2475.08	232.019	3716.73	-1548.14	-383.517	1189.57	2355.49	3797.28	5306.68	4122.34	421.729	-1066.05	-1880.8	
-5510.11	-955.562	4762.55	19067.7	9008.56	11308.4	14468.2	16819.6	13962.6	7256.13	1967.85	3495.13	6021.42	9134.11	8883.42	
-6255.89	-9096.91	-8654.38	-4357.33	-3472.71	-2288.22	5372.61	12445.8	16299.8	15893.9	12517.5	11307.1	9491.34	6134.73	4298.21	
-6060.39	1148	7423.9	9593.84	7913.59	1358.35	574.289	1744.63	5897.51	12027.3	18783.5	20433.9	19644.4	16024.7	12036.9	
-22978.5	-13435.7	-370.998	21254.5	1554.28	1117.38	5780	10977.9	12938.7	11395.7	9447.48	12314.1	16473.1	20061.5	24446.7	
1410.07	1183.77	-78.0125	-3912.51	-1965.64	-3825.48	-1744.74	-1969.63	-480.733	2618.87	5830.9	5663.75	4304.15	1317.07	-578.813	
2044.28	2711.47	1250.37	-4845.77	-589.498	498.345	3946.77	3638.16	3588.63	5076.25	6878.15	7324.31	6838.61	3717.21	290.454	
-2269.87	-2920.76	-2013.07	2139.52	3476.3	6764.74	7125.71	6394.26	6848.17	7196.39	5739.53	4732.5	4131.86	3172.18	1957.83	
5452.92	5407.56	5929.61	10561.5	14682.6	16335.9	17071	21152.2	22644.2	19305.6	11995.9	7031.41	5982.24	3558.94	-1814.89	
-2828.11	-2775.77	-2668.26	-2416.51	1164.97	-31.58	-140.441	136.642	1084.33	3330.77	6919.65	9072.16	9428.24	6232.89	3777.98	
868.045	7060.09	11920.7	9112.25	8109.14	7058.44	8501.83	13719.5	16829	11126	442.246	-2157.88	-112.864	3414.57	2969.2	
-6658.25	-5385.51	-4549.22	-6839.06	6919.58	12451.8	13424.9	10320.1	5906.39	2370.5	1917.8	5572.03	7434	8718.86	8214.47	
-2433.4	350.192	3714.27	5975.93	2813.56	-168.015	2978.72	3981.77	4026.74	4907.26	6205.58	5342.72	4844.21	4828.88	4231.55	
-7364.66	-5848.54	-3506.07	-1659.08	-2370.7	619.177	8965.9	12068.1	10887.8	7127.93	2995.33	2286.58	6881.11	9032.98	8453.29	
4223.28	5752.99	3476.38	-1583.62	5301.66	11752.1	14677	14532.7	14359.7	14253.4	12156	9278.08	6304.08	3080.91	-540.832	
11.571	2578.22	6263.02	8650.99	7451.53	8126.94	7.56924	-6931.22	-8407.43	-4136.15	1670.98	4091.66	5449.06	3748.78	1823.01	
-6595.51	-3653.02	184.441	6001.16	5742.69	1038.88	3513.42	2614.97	3453.94	5368.22	7383.3	10096.2	13322	12365.2	9672.9	
2182.26	-541.47	3212.56	31732.1	17291.4	21198.3	15574	13413.9	10989.5	10045.6	12492.2	15433.6	13265	3959.3	-2498.49	
361.388	980.998	-649.518	-2046.91	3015.08	7438.88	6876.51	5604.28	5698.39	7621.49	9534.43	8231.79	7339.48	5419.16	2597.52	
-9281.34	-6453.93	427.279	9770.05	6645.76	5823.5	4573.36	5068.7	8751.71	12132.4	14249.4	14542.8	14132.1	11010.8	9625.33	
-3286.37	-3211.9	-1090.61	3546.76	7586.86	12812.2	9660.8	5338.3	996.743	298.156	4112.5	7794.07	7911.3	4170.25	2756.23	
-12667.7	-5403.88	2808	12171.8	1386.72	3011.81	12225.1	15664.6	15171.6	15720.8	15784.2	14662.9	15697.2	17237.2	16540.3	
-3826.03	-66.3809	4403.84	7465	555.417	-117.557	4117.25	6388.88	5588.38	3697.71	1996.24	3143.85	2957.51	4210.46	4893.96	
-9239.25	-3506.65	2271.36	2717.42	5152.43	7661.48	8689.56	9215.51	12935.7	18319.7	23844.3	26690.4	25578.7	20135	14597.9	
3956.07	5084.15	5672.5	9377.24	4374.83	7166.03	9140.42	9034.91	4153.27	-1926.98	-6583.27	-6236.3	-4875.82	-2322.49	-2555.11	
1185.16	1712.77	1527.32	3659.44	-3733.61	-5150.94	-4419.27	-4550.82	-3601.97	-407.925	4259.11	5994.07	4602.37	1877.98	21.4112	
-4814.8	-2134.23	461.416	5095.87	1154.94	6452.43	5910.18	4449.77	3779.56	5172.69	6064.31	3955.85	1902.8	3354.49	5226.37	
-12027.2	-12852.5	-16590	-17040.9	-5491.03	9938.46	12276.1	13967.4	15759.8	18625.8	21985.9	21240.7	20361.5	17592.8	14430.2	
-2621.29	-4614.36	-4557.98	-4584.1	-744.366	-1865	-2018.55	-2388.02	448.056	3528.42	3814.98	2048.36	-1175.69	-1733.83	-202.046	
-7156.59	-7549.57	-6222.15	6129.6	12048.6	20243.5	19724.6	21856.7	18036.2	12842.9	12127.9	13035.6	12405.6	9728.61	7690.91	
-894.045	-1415.31	-3274.13	-922.128	-667.624	-1831.93	-2231.63	371.041	4479.29	7831.04	9324.97	12049.6	13382.1	10196.8	4215.66	
795.387	-755.406	-4207.42	-7502.77	-2811.95	2094.23	5474.01	8094.07	8348.86	7012.27	4350.24	2832.43	2745.93	2313.52	210.792	
-1236.98	829.557	3845.49	5340.18	4426.92	363.392	1671.98	832.447	276.105	1088.05	2661.63	3577.95	3784.47	2863.52	2172.11	
0	0	0	0	0	0	0	0	0	0	0	0	0	0	0	
-491.605	-741.897	-293.806	632.418	629.444	1042.57	1227.52	1189.33	1117.59	875.805	651.883	570.741	691.969	448.625	289.056	
166.668	-3193.21	-4441.34	-28.783	-1591.55	-2084.25	371.967	2642.62	3354.55	2733	2792.73	2617.11	-30.9494	-3146.43	-2972.86	
7983.63	7459.77	4997.66	397.774	123.915	-1010.6	3008.31	5463.66	6780.51	5171.18	706.848	-2230.67	-3690.66	-5163.86	-6977.39	
-5388.12	-5352.12	-861.112	10759.4	11677.1	7836.53	2539.12	-1649.27	-1974.3	699.975	4024.89	4538.41	3648.42	3030.13	3962.28	
1779.07	2899.82	4392.31	12153.8	10622.2	9229.35	10641.9	6773.77	1599.82	1295.48	4189.37	3529.89	-929.117	-227.197	-121.433	
-5393.25	-1523.41	2951.61	13592.1	8451.86	8454.57	8363.73	10002.8	12919.8	15504.7	16594.5	15195.2	15785.3	13845.6	10009.2	
445.282	523.136	-525.355	616.931	2113.16	5203.61	4995.86	4835.38	5048.68	4854.91	4371.44	3972.34	3723.42	3275.28	1404.27	
-6022.3	-4273.28	-226.988	6248.02	2074.17	3377.53	1213.95	1195.65	4443.27	6839.09	5132.12	1146.29	-2351.33	-756.399	3497.25	
-3741.22	-633.782	2197.44	1955.14	7370.78	7177.08	6170.54	3279.83	1431.45	2206.11	3355.51	3796.08	5090.18	7292.29	6612.85	
-3524.38	-3003.52	-547.801	6756.32	6704.79	7670.94	9158.41	10018.5	8261.04	8161.06	11469	15948.2	17088.5	11125.3	5561.58	
-7858.32	-8380.19	-9718.22	-13646.7	-5935.41	-7095.85	-1065.03	2690.86	7753.57	15188.6	23052.3	21357.5	16620.3	10056.7	7891.12	
-2621.2	-3248.06	-6899.83	-14940.4	-6105.6	996.421	3821.45	4061.69	6577.45	10630.1	14370.3	14331.5	14480.2	10180.7	5357.54	
-3602.56	-2437.86	333.344	2562.03	10139	9419.38	9759.15	14092.9	19013.3	19981.5	16913	11101.2	6521.07	2844.8	2807.6	
-4311.38	-3988.02	-3209.29	-1467.44	5165.31	2483.19	10103.7	12318.4	7218.6	2178.43	4086.35	10296.6	13665.5	11236.4	7049.23	
-285.154	-5123.65	-10867.6	-19774.8	-3804.58	5429.68	12443.6	18112.2	21794.8	25382	25391.2	16957.1	7565.47	235.241	-1985.83	
-16144.8	-11215.7	-4015.51	4898.9	6367.83	7269.69	4531.61	5664.71	6632.74	7213.11	9916.5	15213.9	19391.9	18821.2	18139.8	
-10115.1	-9287.12	-6243.35	1677.12	8152.26	15710.9	12060.6	5566.85	-1737.36	-6219.04	-6252.3	-1568.72	3174.9	6513.98	8955.97	
-2544.28	396.331	3898.41	-2415.02	-425.21	-851.673	3671.07	7587.54	8896.2	7795.92	6394.84	3432.69	778.872	-1151.86	1289.76	
2460.91	3223.48	4646.11	5165.56	5065.02	1280.93	-704.927	998.711	6445.33	10679.3	10022.5	5396.53	636.75	-999.972	-1802.12	
8942.04	12076.8	11068.3	7102.09	672.295	-819.871	1399.08	3075.55	2181.49	-1515.26	-5857.12	-7961.48	-8503.73	-4859.3	-5016.39	
-1890.22	-3376.98	-2719.53	-1196.78	-1999.86	-825.284	538.139	1389.02	590.963	-520.728	-580.636	-404.342	-761.547	-1147.39	-307.379	
-1699.17	-3821.07	-3542.29	-1201.99	-85.1668	2678.62	2408.67	2240.74	2097.99	1251.3	-1260.38	-3811.49	-6511.98	-5417.45	-2011.81	
-2798.88	-3849.8	-2677.23	3236.9	134.488	2412.43	5466.2	11090.2	13591.6	12493.3	10489	7738.52	4220.3	1301.04	1093.81	
2233.25	4267.79	5742.84	7169.35	7128.69	10261.7	6346.82	5418.03	5810.56	4938.92	3073.02	2414.55	1998.21	1332.13	-94.4411	
-1072.66	-2833.17	-3757.26	3093.79	1103.41	961.757	3171.99	8339.46	13934.7	18156.2	19864.9	16668.3	12970	7271.09	2472.23	
-662.427	-1385.47	-635.409	844.9	997.578	-867.441	2316.12	3028.18	2332.66	-134.173	-2087.72	-255.913	762.765	-214.322	-419.398	
-8036.94	-10471.8	-10462	-5611.7	2306.38	8690.85	8986.78	10646.8	11550	11113.5	8800.48	6709.94	5906.09	5657.33	5854.09	
-488.635	1757.32	5764.45	10386.6	6029.8	2988.22	4834.62	7566.59	8911.51	8877.61	8497.17	7571.57	4183.66	1675.67	986.329	
-2489.64	2757.04	5626.46	-246.488	11060.9	13872.6	4401.67	-953.097	1602.32	6212.25	9072.99	13478.6	14928	13738.4	8457.06	
-6787.48	-9083.19	-7049.21	804.524	6866.16	16113.9	14779.1	13127.6	9473.32	6550.43	4384.18	1326.88	-1105.98	-805.263	2462.02	
-1521.19	2596.2	3658.57	-3121.37	-6546.16	-7775.23	4553.22	15368.5	19922.1	16254.2	9646.11	9511.01	13382.5	11885.4	6781.85	
-697.326	-2453.49	-2377.92	4252.97	4590.63	6535.46	6900.39	5204.5	3099.12	1183.89	-422.373	-1362.57	-3065.05	-1452.54	-533.676	
-5693	-3101.67	-246.355	5086.96	1140.16	1798.45	3544.82	4261.65	4295.28	5164.33	7365.58	7917.78	7235.36	5720.56	6190	
-15955.2	-13076.2	-7474.47	-8069.52	-2250.67	-9051.5	2177.49	9716.61	15973.9	16551.7	9871.18	5542.24	7181.81	12304.4	15297.1	
3687.97	4802.19	2616.81	-2874.31	3467.12	2107.58	5640.5	5090.23	5134.31	5095.3	3544.95	845.03	1250.74	1732.63	-540.11	
-7784.25	-7561.83	-6624.75	1643.27	6014.27	16708.7	15229.6	15603.2	16283.9	18494.2	19362.4	15773.2	11433.4	10502.2	9286.13	
-5658.23	-3313.52	788.191	7865.75	2590.39	713.856	-1391.94	-913.888	1812.93	3802.13	5999.58	6664.1	6900.19	5401.67	5781.55	
-4982.81	-1125.76	-405.84	1731.67	2744.67	4803.97	6969.33	9378.67	12564.5	14901.5	15394.4	15289.7	16621	15555.8	11051.1	
-3015.03	-544.507	1260.08	-511.722	1524.45	5112.67	9426.06	11039.4	10535.5	8012	6316.6	7418.83	7947.16	7016.99	5306.48	
-10019.2	-5859.04	-3100.06	-1194.11	2775.35	8641.32	6633.92	5596.65	5042.23	5001.71	6795.28	8474.95	10480	12746.4	13213.5	
209.586	1828.43	4278.27	5788.14	8389.4	11670.9	11063	10936.8	9915.79	5406.61	-1944.39	-5887.57	-7389.09	-3940.59	-1016.85	
4186.85	3857.14	402.112	-2880.06	-1950.46	-4116.83	-7283.6	-5960.16	141.36	7887.73	13471.4	11380.4	5770.16	564.824	-2360.41	
-857.802	-2342.93	-3572.48	-3472.88	1852.31	634.479	3101.41	6109.77	9103.71	10700.7	11791.3	13255	10608.8	4187.77	917.643	
-567.634	660.479	2018.36	2064.57	355.941	-1439.37	1391.16	639.153	-326.022	-1518.71	-3759.04	-5718.85	-5923.97	-2174.83	295.142	
-872.203	742.426	4730.7	21189.5	12137.3	16809.5	14388.1	10609.8	6926.82	7124.16	8500.42	9467.01	10895.5	9146.58	4463.87	
4062.34	6727.58	5842	5647.23	7142.72	11566.3	8468.78	7205.1	6280.94	5114.49	4674	6251.06	7884.6	7449.53	2057.07	
-5063.89	-7083.4	-8304.06	-5822.5	3987.33	12220.9	13546.3	10394.5	8065.2	9943.79	14966.4	17631.5	15273	10549.2	6109.61	
2547.66	2205.73	1560.68	407.155	-4233.22	-7943.89	-4808.35	-2705.84	-265.722	4597.17	8457.77	6114.77	-767.855	-3722.45	-3580.92	
-2462.31	-3512.48	-3940.37	-5975.16	132.787	5087.86	10269.7	14349.2	14301.9	10138.1	5102.2	3530.32	3747.58	3096.41	2053.84	
1625.65	4545.24	10165	13755.4	6882.84	1759.97	1148.69	4530.03	9404.7	12679	13706.5	9815.89	2615.47	-2438.25	-2298.89	
-443.746	2376.73	3839.65	-3370.59	429.537	2797.56	6978.82	7897.39	10105.5	15344.8	21491.7	19651.9	14160	7854.52	3565.64	
-10882.3	-11349.5	-8274.4	5092.25	5366.76	19940.8	18102.2	14773.5	13258.1	15342.3	16153.7	11427.2	5583.49	4496.74	7856.93	
5888.25	4141.39	856.83	-946.524	9450.56	16894.1	16366.5	13412.4	9225.46	8625.98	13764.2	17570	14170.6	4880.48	-2781.31	
-4007.4	83.6557	4983.48	10561.9	4540.53	8159.97	13849.3	17653.4	14791.3	7803.52	705.984	1024.3	1394.12	4521.69	5724.5	
-4270	-1052.07	71.3527	-827.449	-295.884	3672.31	5444.47	7947.26	9178.39	10190.5	10496.8	8512.09	6667.58	6510.22	6524.79	
-2504.44	-67.9437	511.452	354.853	3101.14	3488.94	6848.35	8366.55	6930.37	5096.01	4197.6	4546.83	7963.89	9518.21	6760.64	
-9421.62	-10739.2	-10606.5	-8750.51	-2960.84	-1621.82	-328.944	1383.59	5314.05	8013.26	5722.84	3328.45	1932.77	5223.38	7286.78	
-4604.82	-2007.54	3210.18	8361.15	3713.87	-2484.39	-1543.34	-1159.44	179.19	-22.7965	-3379.81	-4256.35	-3256.86	1198.71	4059.36	
-12543.9	-12680.2	-10380.8	193.337	2968.98	3843.85	5139.67	6946.39	8880.83	8449.65	5788.32	6939.81	10052.5	11403.9	11720.1	
9140.4	12090	14179.8	22272.9	8808.77	12597	10710.2	10857.3	8108.22	4508.59	600.754	-38.2283	-1223.01	-1649.08	-5112.51	
-12483.9	-5851.35	1389.71	7353.2	757.278	3657.84	5983.89	7011.81	7432.02	8097.74	8221.97	8604.44	10807.8	13589.7	14911.5	
-2093.57	452.09	700.991	461.754	5549.18	9786.02	5253.39	1233.53	437.55	1933.73	4057.15	7007.78	9958.73	9637.15	6400.26	
-10758.2	-12131.9	-14748.4	-19781.5	-3732	6039.63	14222.1	21496.6	24646.8	24106.9	19409.6	12789.6	10769.6	10252.6	10227.3	
1568.8	2860.04	3382.62	3991.05	-2041.25	-3363.02	-1804.24	437.266	2868.2	5881.05	8013.66	7061.87	4118.59	1535.4	-118.145	
-1339.66	1749.49	3800.15	8535.08	4881.59	9159.13	9899.63	16875.9	27519.8	36066.6	38169.3	30019.4	19175.2	11235.3	5907.68	
11723.5	7431.65	277.307	-13255.6	1839.6	2527.04	4775.87	9282.1	16309.5	19408.3	18309.5	15460.6	10245	266.858	-9193.93	
-2537.12	1730.04	2023.28	-3777.3	-1553.25	-3232.74	5604.74	11398.9	11166.9	9320.73	8986.22	13446.3	18017.4	16528.1	9758.61	
-8122.63	-10836.9	-14703.9	-25436.3	-7008.29	4805.58	9356.84	11200.9	13006	14118.5	14318.5	12135.9	7806.01	5253.15	6108.42	
-3759.99	-525.701	1430.33	4238.57	3912.25	6003.47	5791.73	6954.8	8060.96	8652.2	9056.73	13982.6	20700.2	20165.2	11230.7	
-1385.47	-1150.07	-1012.5	-7251.32	679.87	321.174	123.842	-762.1	1758.95	6527.2	11541.2	12028.8	10441.6	5452.59	2387.05	
3508.68	6419.62	9840.79	5111.83	9645.4	16170.7	12343.3	7708.92	6528.33	7192.67	8836.88	10656	7155.43	873.968	-2213.07	
-2396.16	1009.3	5327.8	2126.52	8235.64	4827.88	5421.76	10050.9	14714.6	15344.5	11853.5	8967.57	11027.8	8657.31	5207.26	
-3532.47	-2483.02	1613.43	5870.45	15347.6	11762.5	4535.33	1356.91	1319.84	1148.51	1955.72	3599.99	1947.1	2659.96	3368.54	
-4553.64	185.256	2547.89	-1979.95	3269.06	1459.16	7113.93	7272.61	7393.54	8963.75	9934.72	8432.49	9820.95	10504.6	9005.19	
2023.09	260.341	-4906.09	-14852.4	4220.21	10177.6	13616.9	15381.7	16251.9	17973.5	19865.8	18873.5	17275.1	8634.29	1251.64	
-1480.5	97.1418	3162.8	4490.47	10273.3	5652.24	3101.57	4523.96	8879.28	10893.9	9743.12	6126.36	2024.34	1774.6	2031.69	
3737.39	6561.41	6231.03	-897.041	6303.8	7013.64	9722.84	6495.05	4199.06	3962.31	3665.42	2594.14	3686.4	3565.45	681.796	
-2294.42	-489.15	1325.13	-2282.58	-0.0505786	1035.28	6020.79	8478.89	8890.43	6139.24	1043.05	-3310.63	-4432.56	-733.856	2202.42	
-6439.16	-1943.08	2729.34	12253	9594.35	7367.53	-1835.95	-5841.57	-3170.19	1074.23	4305.22	8778.96	12106.3	14028.2	11353.7	
-4722.46	1084.73	5560.19	8546.57	14416.6	14767.7	11262.3	8645.05	8009.54	8299.57	9219.23	10892.5	12092.1	13508.5	10614.9	
-368.105	5692.93	12169.1	16739.4	3679.56	-3484.36	-3710.42	-1278.3	939.842	1207.98	715.636	701.571	1536.69	2936.9	3092.25	
-5583.87	670.357	8460.33	10710.6	12146.3	4721.43	12538.1	18138.8	21075.8	21379.5	21426.5	22165.8	22819.4	17247.7	10968.9	
-16882.7	-14614.8	-7572.34	777.258	9590.87	9611.01	11757.9	9882.54	9001.43	10019.5	15258.1	20085.4	21645.2	18222.9	17090.7	
2125.77	8805.82	15543.5	20338	12203.6	13159.3	12562.3	15212.7	13236	6675.88	4314.35	9301.61	13671.4	9315.23	3735.32	
-3711.52	-3691.59	-1106.35	4055.93	13976	17744.8	17468.1	16242.9	12867.3	9503.59	8404.34	7601.35	4569.87	2657.57	2863.82	
-3775.68	1273.94	4556.79	-628.863	5512.59	4828.75	5240.98	3405.1	4164.78	7772.09	10200.4	8519.93	7711.13	7704.66	7160.53	
-1649.63	-2210.3	-443.391	5475.23	7643.43	15293	12995.2	9989.46	7254.52	6503.53	5069.11	996.552	-3192.39	-3599.05	-1324.49	
-9425.48	-5155.37	-1284.17	4695.78	-1404.7	-174.076	2840.61	7883.27	13137.4	15188.2	16846.3	19362	21810.3	17502.6	13737.9	
3606.89	4442.83	2808.21	1593.8	7045.65	12780.8	11079.7	12449.9	13503.7	11362.3	6076.08	2416.86	914.386	934.789	-933.602	
293.035	3873.53	5588.81	7456.6	1849.44	2392.25	8055.9	13514.1	16930.8	16645.7	11799.7	6462.64	3146.33	4941.35	3735.25	
-4011.82	-611.301	1398.94	6775.98	7292.44	9857.6	11019.7	11281.8	8652.12	5800.34	4640.01	5960.96	11267.9	12388.8	9071.67	
-17109	-13557.9	-9263.84	-17206.3	-462.606	2959.46	17692.6	26191.8	24056.7	19126.2	17046.7	15262	12879.2	13184.6	16115.5	
-2433.21	982.52	2725.23	7139.45	11599.1	22801.1	18265.3	14201.6	11731.5	11845.9	14750.6	19174.1	20514	15107.9	8115.56	
785.034	1528.52	4147.57	7516.13	3762.74	6065.83	12196.8	15368.2	15880.9	16183.6	14227.9	9402.2	3389.57	1305.12	-343.082	
4044.64	2255.27	-1534.8	-7637.9	1968.53	3175.56	9838.01	10604.5	6836.56	2064.49	-1874.94	-3071.53	-3386.74	-2453.89	-3340.03	
-11194.4	-8469.96	-120.766	7608.07	8591.29	7004.05	8688.93	10212.1	10099.8	8449.39	5605.76	4082.3	2347.21	5522.2	9008.2	
-2656.38	-2209.65	-1415.42	-4679.86	-2444.27	2385.66	6616.89	9598.52	8241.4	4026.17	648.815	2112.05	4287.53	3880.07	2841.72	
-7866.52	-2415.85	5359.26	10593.6	4379.91	-2459.54	2586.66	4612.35	7373.53	9722.21	10200	9209.94	8558.7	9008.92	9558.78	
-2374.79	-3101.41	-7115.76	-14367.5	70.8438	4820.21	5507.77	5684.36	5041.93	4700.91	4836.8	6148.13	7262.74	6535.53	4259.36	
2468.17	4149.23	6065.29	3177.12	4342.01	-5103.7	-7026.2	-5220.64	1757.66	9020.7	10308.1	4982.57	-1522.6	-1467.87	-1336.27	
-5898.39	-4680.76	-5877.21	-11899.7	2609.99	8409.31	12714.7	14872.7	14304.5	11349.7	8783.8	8174.99	9270.38	10146.2	8910.63	
1305.28	4690.59	9112.05	21122.6	15752.4	18978.3	11149.1	8451.14	7734.63	6210.71	3915.74	1955.6	-44.6074	1047.43	935.384	
-4825.61	-5256.79	-5430.1	-2455.38	1533.54	8962.3	8683.67	4776.48	2215.59	2101.61	2614.98	3910.12	4751.17	4726.43	4535.03	
74.4096	689.22	244.472	1577.55	936.535	5728.19	4872.14	3904.74	2534.71	1577.81	1155.29	2171.24	3083.1	2710.39	1309.69	
670.572	416.742	315.678	-3418.06	-2768.89	-5956.87	-2273.42	470.109	3849.58	5032.58	4035.37	3336.27	4298.95	2984.25	479.43	
-8559.92	-7386.89	-449.429	14017.5	9027.62	14891.8	9019.72	6756.07	7025.1	6699.38	3483.47	625.142	-313.966	2942.95	6334.33	
2921.68	5985.51	6688.55	-6035.53	3923.94	1875.7	9429.19	6142.28	2440.3	2183.24	2444.41	-651.172	-3826.82	-2182.54	-1376.99	
4572.61	6717.84	5692.96	-4884.51	-4945.23	-1651.08	7337.07	6727.45	4762.91	5405.57	7035.69	7905.24	9258.99	5496.58	-200.894	
780.73	2781.71	2828.99	-4885.62	10497.7	7562.44	7294.74	5973.72	9006.31	11945	10783	10226.1	11115.6	9946.15	4603.15	
-22.4838	903.648	2550.89	5867.07	7173.57	9267.1	13057.1	13502.5	11363.9	9049.06	7500.75	6486.75	3884.93	1318.16	434.729	
-1990.88	2714.88	8709.03	18469.7	22808	31732.5	22949.1	15416.7	10641.4	9840.79	12309.4	18387.8	21770.3	15848.5	7837.7	
-8125.55	-8569.81	-9004.66	-14526.7	587.571	5346.31	8238.4	8154.63	9497.04	12772.2	15759.4	14437.8	12688.4	9424.1	8194.44	
-12897.8	-5224.21	3732.39	13787.3	11740.5	17541.8	11594.6	11103.4	12648.4	13959.9	14728.5	13268.2	14320.5	13821.5	15175.5	
-595.486	1377.58	3109.95	3825.8	624.677	3768.94	6063.74	5584.48	4927.06	4383.32	3871.89	5554.05	8037.99	6703.13	3409.92	
-9990.36	-7533.41	-9350.41	-26936.4	-8145.61	-9412.39	-5560.86	-1758.02	4726.92	10227.6	11253.8	8509.68	5668.26	9714.14	11661.6	
-3476.46	-299.061	1492.9	3043.62	8475.69	10795.1	10268.1	10165.8	9573.54	9548.83	9009.48	7372.51	4511.25	5282.77	5808.89	
-1050.25	21.5325	1535.52	2094.38	1543.33	-348.284	1641.82	2747.58	4943.75	8460.8	11164.7	9403.86	6772.03	3621.57	2023.11	
-4334.41	1904.58	7244.92	16720.7	17186.2	26797.1	24325.9	20603	16621.3	13322.1	13718.3	18066.9	21893.6	17859.5	11338.7	
-4722.68	1368.73	5106.84	2854.82	7814.99	11594.9	12943.9	9831.52	6083.8	6396.99	9794.2	11246	13087.7	14170.1	11143.3	
620.437	-722.619	-1079.56	-4380.56	-5945.46	-8321.77	-1305.6	3095.74	5609.83	6822.56	5652.12	2910.61	207.033	-1222.81	-1965.66	
-4522.47	-4367.46	-7936.91	-17241.1	-3918.71	2404.3	11264	14259.6	14836.3	13217.8	7826.83	3609.89	5348.32	8871.29	7354.5	
-1822.03	-2020.03	-1360.85	639.559	1697.38	1464.47	5369.16	8062.55	6840.02	3460.39	88.5875	-489.566	2027.83	3171.08	2277.3	
-5776.81	-6739.48	-5522.39	-1587.6	8227.12	9539.29	8052.78	6437.8	7438.33	10257.7	11820.7	10764.2	10500.8	8320.47	6021.05	
-5777.68	-3575.32	-2004.81	1067.82	10623.9	19368.5	19921.8	17882.7	15230	13769.9	11251.1	7120.93	3269.37	6083.5	7283.83	
-11195.5	-9590.03	-6326.93	4659.95	9277.08	11455.6	9893.57	9254.08	9750.5	9940.23	9742.38	10565.5	12476.4	15036.4	13806.3	
1489.9	-172.699	-4023.93	-12012.9	-3767.43	-465.827	1022.31	2772.6	3361.65	2448.79	-548.739	-3450.51	-4139.37	-2178.16	-1720.83	
-7693.43	-6329.27	-5775.28	-3152.95	1343.74	10444.2	7735.19	8709.92	10847.8	9627.91	3968.42	-468.402	-875.251	3539.63	7224.28	
-11935.7	-9403.38	-6924.02	-2488.52	5736.79	14863.3	9394.14	5702.37	4619.24	4185.55	1905.9	1258.68	2710.6	8745.41	12443.7	
878.047	1752.43	3924.21	8707.17	8317.33	4944.72	1863.01	1775.84	2191.12	3416.68	6035.21	6509.77	3191.15	-180.036	-920.403	
-4971.46	-2244.25	-1629.69	-11440.4	583.98	4350.92	11411.6	11165.9	9827.37	8291.34	5504.9	3226.78	5695.18	6875.05	6699.8	
-923.809	2876.24	8052.68	13670.8	4698.52	8093.4	8490.34	6411.97	1833.47	322.07	3192.18	6718.85	6700.91	4914.57	3095.08	
-5526.55	-3746.15	603.609	9851.64	13820.2	20905.8	14635.7	8785.99	8098.05	14125.5	19470.6	14483.4	7179.76	3338.03	4595.54	
-12870.7	-7325.44	-3823.46	-10392	10526.9	20695.7	18587.4	11060.6	5453.74	7112.41	13595.5	18253.4	21139.3	19822.3	17240.9	
-6048.86	-303.536	3714.94	6631.87	6046.6	16201.7	15527.4	12693.7	7885.69	4058.51	1492.56	1820.3	4925.17	9664.81	9989.7	
-564.218	6272.61	11112.9	15035.7	4406.4	-3397.89	1642.37	7117.72	10079.5	11151.3	11872	12318.5	12689.5	12393	7902.39	
-1707.01	2088.39	2835.48	-1405.91	1122.62	7684.37	9314.28	7061.72	5792.72	6992	10157.5	12469.7	13399	10324.2	6528.32	
-56.8573	-354.523	-1747.12	-3553.01	-2100.32	-1077.85	1078.05	3492.63	5151.57	6584.54	8635.67	9588.79	7570.55	3507.66	917.795	
-5673.36	-46.4955	2813.03	9573.64	9999.34	18694.2	15202.1	13620.6	12701.1	11647.5	11208.2	14965.2	18400	18104.4	12884.7	
-4539.57	-5698.12	-8494.5	-14092.6	-5530.22	-3700.64	2907.39	6659.95	7495.92	7204.6	6235.53	3850.05	1700.37	2311.45	3648.41	
-6922.79	-2094.3	1671.85	2904.01	7243.59	5277.78	5476.95	5600.51	9601.52	15106.4	19381.6	18005.9	15293	13258	11050.4	
-6664.84	-3053.14	-837.062	-705.589	3461.66	4055.75	-731.767	2069.97	5427.24	4949.35	3041.92	3497.98	7788.21	11558.9	10648.1	
2677.7	2399.1	634.937	1597.65	5120.73	9735.99	8767.34	5667.63	4079.29	4896.99	6970.3	6296.92	4180.82	1099.89	-1008.46	
-1283.46	1773.61	3250.28	6253.28	10892.5	14363.3	7649.02	2307.07	-562.049	-508.016	2235.96	6409.46	8713.36	9197.75	5934.67	
5458.78	7335.01	6955.46	6445.56	2749.49	6452.13	8246.75	7993.86	5765.23	5154.84	6664.81	7488.51	6838.55	3130.74	-1537.96	
-3530.33	2189.36	6962.56	7567.77	6477.72	5940	15670.2	24418	26091.5	21450.7	14154.5	7954.48	5146.32	6575.5	7030.49	
-6099.74	-3088.82	-17.188	4188.1	4886.44	11479.9	12030.4	11071.5	8680.53	5628.93	2057.03	411.606	189.72	4039.95	6661.64	
-179.423	3415.09	7284.54	12061.4	2626.92	954.903	-144.666	2311.03	5151.31	6181.4	5444.07	3314.96	608.453	102.897	1073.08	
2.94624	2072.27	2451.92	8215.71	3628.98	2372.28	-4697.6	-7030.76	-5482.95	-1368.44	2351.25	4485.6	4085.5	4124.77	2708.87	
702.706	-157.209	-2700.97	-7623.69	-7757.28	-7602.44	-5293.02	-1532.56	2229.15	5417.04	7787.12	7349.59	5678.93	1914.52	-51.9095	
1978.84	3555.76	5337.97	9624.3	5984.07	8889.88	15998.6	19260.5	16082.2	8930.8	3038.13	4723.28	9192.69	6337.45	1471.18	
-8824.76	-9158.94	-8765.91	-4913.71	2131.82	3811.97	3598.23	3876.3	4995.52	7035.98	8684.57	8697.5	8207.37	8640.31	8862.18	
-2818.75	-823.762	2384.36	8252.42	5099.11	3927.64	1862.95	7.97611	1462.32	4003.22	5174.52	4585.68	3538.29	3245.48	3493.92	
-7579.98	-3040.08	-3701.2	-16351.5	-8515.03	-7482.47	487.045	4606.97	8150.35	12284.7	14946.8	15201.6	16657	16688.1	13228.9	
-7711.81	-1617.57	6523.51	8890.88	9204.13	9544	14020.4	18517.3	20486.4	19162.3	14123.7	6177.17	1678.47	3883.18	8091.91	
867.787	4255.74	5743.21	3233.14	-3231.31	-4557.46	2113.78	6127.13	5147.85	3318.22	5799.12	8920.49	9437.37	6694.59	2891.82	
79.9296	611.836	-58.6622	4259.35	-4917.23	-5093.52	-2336.05	3476.61	6690.13	5723.43	4378.95	4186.69	2533.84	1153.02	710.174	
7252.17	5135.73	1419.47	-2710.76	8799.78	8837.88	6132.28	5880.16	8457.62	12338.6	13256.7	10479.5	7024.27	1201.45	-4891.78	
-8148.04	-7359.38	-1905.93	3880.15	6653.01	3403.36	6716.21	11378.7	15121.3	15985.4	15014.4	9852.73	2345.4	83.057	4003.67	
-3154.58	-1518.09	2639.6	10166.3	5512.64	4749.6	3381.64	3179.32	4306.31	4681.87	4260.51	4445.62	5406.33	3879.41	3348.49	
-6260.37	-7893.76	-9500.46	-15349.8	-734.8	3903.86	5426.87	6162.09	6073.02	6221.03	7145.54	6143.56	2168.56	1198.06	3480.36	
-1161.55	-2835.12	-1969.83	5732.37	11843.3	18564.9	13703.5	10508.3	6484.63	2368.27	224.76	1329.59	-154.306	-342.271	-335.13	
3401.49	3282.94	3138.16	62.1268	3313.76	3627.32	2914.85	300.194	-1594.59	-2419.08	-2997.21	-2422.72	-3936.66	-4257.98	-3998.87	
3181.02	4906.22	6539.12	8470.43	9114.47	17457.7	12550.7	9051.5	5840.36	2661.33	-575.208	-2562.31	-4106.99	-3417.17	-2821.25	
-10827.4	-10491.6	-3229.34	8727.6	11242.9	14511.5	10067.3	8017.97	7527.96	7809.23	7152.54	5326.28	2443.05	2386.98	6329.64	
-15414.3	-9644.39	2787.1	21892.9	10765.1	14837	13511.3	15499.6	13940.3	9863.5	4774.38	2354.56	3429.82	7684.04	12996.2	
-1998.71	-204.714	2266.62	3194.46	1129	577.534	1370.77	695.539	586.679	2100.15	3648.52	4757.18	5125.07	4383.37	3063.28	
-60.4703	-1423.62	-3403.89	-3250.61	3105.81	10058.1	6772.21	2332.98	-145.761	1566.2	5917.56	8540.11	9201.33	5253.07	1291.21	
9278.52	12570.6	11141.4	8126.86	-142.795	-6076.32	-4102.26	1617.95	8750.22	13801	16643.4	14860.3	11593.2	5399.96	-2027.93	
-733.658	-1580.66	526.625	3117.21	6881.42	8669.95	7780.37	7622.98	8586.79	10381.1	10332.5	7603.6	3586.03	620.151	-236.206	
-6322.06	-2367.83	1099.06	6286.41	6398.69	10102.4	9863.33	11418.6	13785.3	14241.2	11323.2	6978.53	5364.97	7685.17	8716.08	
-957.937	915.26	-281.446	-2074.75	-1142.78	-818.827	3691.35	5863.34	4507.84	2283.09	3298.07	8051.63	11410.7	9921.07	5573.67	
3324.4	2996.64	3095.35	74.3491	169.428	578.318	1445.33	2887.53	3389.79	3570.16	3632.63	2578.19	-1073.64	-2975	-3659.9	
-642.48	445.859	3069.92	13341.8	8566.53	9636.66	5489.11	5315.82	6024.75	5226.72	4581.03	5571.06	7180.96	5598.86	2641.83	
-6258.99	-6304.71	-4010.49	-5508.61	-803.931	-2208.05	3126.04	5722.44	4991.85	4237.96	7420.81	12067.8	12137	6081.35	4448.23	
1950.13	2816.44	3539.76	702.953	6137.56	11073.8	7914.2	5851.29	6526.73	10430.2	13741.4	9773.68	2734.52	-1446.34	-2158.45	
-5756.3	-722.797	1776.54	-1935.41	4717.31	3282.82	5275.43	9550.82	14226.3	14003.9	7545.99	1666.51	1477	7835.73	9479.45	
343.875	80.783	-624.907	552.619	4420.19	7035.49	7815	7889.54	7176.71	6121.62	5547.62	5096.7	5112.75	3460.18	1086.2	
247.26	-1631.58	-2536.09	-3305.43	2012.68	-2526.85	1410.08	2574.68	1642.77	1025.56	2681.94	5040.53	5723.77	2580.43	-143.58	
-4841.7	-5777.29	-3849.5	4558.4	7760.3	11504.2	6783.39	2751.45	2253.33	4166.4	5901.53	6400.73	6118.42	5267.67	4443.76	
2236.93	1855.66	1283.07	3145.44	5314.95	9139.86	6428.49	4959.45	4583.66	4559.24	4326.01	4469.11	4912.92	1860.16	-997.251	
-722.75	717.792	579.989	-3487.7	-2779.37	-4748.32	-663.803	973.49	1933.41	3792.27	8140.02	11732.8	11960.5	6881.05	3054.16	
1472.17	81.4231	-1952.42	-5137.19	4602.37	5011.9	8181.65	8097.65	8543.68	10580.7	13122.1	14942.5	14615.1	9136.96	1980.83	
-5275.43	-5161.38	-4947.45	-5270.04	3536.67	6731.63	4977.12	-1287.93	-6280.03	-6078.27	-2653.6	-139.008	1862.59	4390.25	5329.15	
-5867.86	-2533.71	851.825	-1713.68	378.944	-129.356	1951.58	2292.43	3574.72	4258.53	4018.03	4301.76	6063.64	6228.07	6657.73	
-9112.91	-5875.29	-5468.11	-16925.7	743.318	5473.35	7762.03	8754.58	12109.8	14863.2	13426.5	8755.99	9348.1	11476.7	11661.4	
244.405	977.55	1387.61	6433.29	5258.7	9055.66	8718.62	6645.48	3555.05	2287.62	2640.46	1954.88	1980.97	2347.16	1448.38	
4239.5	6186.7	8970.47	12205.3	6639.13	7328.6	4693.43	2941.64	1241.06	527.648	117.568	475.109	-1531.7	-2526.98	-3329.2	
-8499.35	-3353.06	1991.66	3987.29	7437.43	11651.2	8204.79	8902.64	14280.7	17577.7	12859.7	4670.86	-553.91	3749.62	8583.72	
894.378	4553.21	6990.32	2857.14	7091.95	4046.2	704.828	-1680.39	-2784.88	-1828.35	1604.72	6027.77	9456.46	7469.82	3256.47	
-5316.12	-1772.46	5702.95	15258.6	4989.37	2993.3	1045.85	-37.0355	435.374	2218.47	4055.74	3506.28	1901.43	2219.71	4469.11	
-7388.96	-9759.65	-8064.63	-2463.76	1014.9	4369.2	3582.01	5749.49	7286.93	7108.38	6202.33	4554.48	4048.32	2732.72	4114.91	
-3857.45	-3734.93	3234.93	18884.8	16118.6	18427.3	9693.36	6594.81	8986.37	14480.1	17523.3	13121.6	4327.67	-306.331	682.483	
2337.34	3061.53	1520.12	-6067.28	-3481.56	-6010.41	-339.041	3709.72	7885.24	9768.37	8268.82	5170.61	2822.53	1083.96	-681.816	
-2562.27	-584.44	128.934	-3225.1	2199.8	4989.57	7753.6	7668.93	4961.99	2127.59	709.244	1791.69	3418.36	4785.72	4360.5	
2066.32	2054.61	2707.45	3713.68	1344.25	749.662	652.495	2811.21	5459.49	5771.28	4496.41	3549.09	3369.14	347.573	-1673.6	
-173.09	1123.77	1484.59	432.061	853.464	-40.2744	545.864	1072.7	999.185	318.563	350.99	153.197	1288.69	1157.82	1221.2	
-5185.77	-1495.42	698.488	2998.3	275.098	2636.51	3111.68	3216.42	2154.73	-688.781	-4645.8	-5607.62	-2188.95	3913.43	6812.42	
-1608.76	-1335.03	1255.19	6925.42	12589	22882.3	16318.9	8927.78	3083.54	1335.46	3603.34	7181.25	9816.25	5386.04	2046.12	
-11254.5	-12846.3	-12786.5	-10595.1	-3458.02	-2569.07	-815.831	537.527	3383.03	7710.91	13585.7	16174.8	16877.1	12851.2	10641.5	
-3389.14	-2746.28	603.432	7465.48	7064.77	11320.8	12540.8	10993.5	8298.13	2703.59	-4009.62	-3403.69	-219.605	915.57	1763.27	
-4667.72	730.027	3050.46	-4001.28	-167	6998.95	17048.4	21561.5	20989.7	21102.2	21473.9	18737.5	13230.6	11038.5	8829.28	
-9301.74	-9250.91	-11205.9	-10525.5	-613.878	7594.6	7261.73	7744.77	9281.18	11904.8	13856.3	14494.6	14552.8	13613.6	11367	
-4287.14	-3631.1	-1492.74	2791.82	691.834	2334.22	-257.831	-3429.25	-5705.13	-5769.97	-4545.18	-2880.33	-1401.29	1617.92	3493.61	
-3731.33	-1864.1	5777.69	18228.9	8589.37	8009.83	17612.4	22506	20031.2	15637	11778.3	8428.65	4443.07	1993.75	2251.35	
159.902	-1313.54	-1149.27	3040.22	1145.09	1114.45	-3945.44	-7327.7	-2704.51	4430.54	6451.95	4510.47	1558.73	-143.435	-1246.12	
2080.82	2705.55	989.538	-1868.33	428.303	4947.04	10875.1	12496	10712.2	10786.4	13917.6	13873.9	10479.9	4650.66	658.872	
-181.219	944.79	2762.77	5661.63	9125.6	10378.8	6030.07	5721.09	7767.8	6425.59	3265.13	1600.12	-1040.09	-1302.25	89.9669	
-2139.07	178.285	1611.83	5962.51	4120.26	7453.15	4545.47	5119.48	5473.51	4397.95	3530.06	5563.67	8020.59	8757.24	5880.13	
5534.32	13368.1	20761.4	27211.5	18707.8	15632.6	14315.6	13468.6	11969.7	8973.66	4300.53	1396.38	2362.27	2986.7	350.426	
-339.936	5562.69	11403.2	19744.4	17222.4	19093.4	13803	11543	10390.4	10525.7	11872.6	10616.2	8018.05	6975.76	4998.97	
-9035.12	-10591.2	-14116.6	-15126.7	-6403.02	1420.75	4346.78	5837.38	6598	9624	13411.3	13767.8	13483.2	11350.3	9661.04	
3839.56	9282.72	9279.06	-2177.71	1661.46	3906.9	10487.3	10568.7	9279.96	9809.62	10563.2	13381.9	17766.8	15202.7	5926.08	
-1021.5	-3604.31	-2707.01	-1186.05	2253.49	1338.93	1915.97	1840.83	2981.45	5690.39	8564.66	8914.88	5880.54	611.427	-1280.72	
3047.59	5126.79	5044.37	3896.65	4996.31	7467.39	4744.02	4289.36	5763.25	6147.41	4465.22	3714.66	4424.67	4209.4	842.021	
-720.648	1110.56	4279.28	4105.93	3277.14	1767.25	5010.46	6850.02	7663.17	9630.5	12321	12566.5	9566.23	4764.6	1817.97	
-322.599	-1858.59	-1707.76	2675.6	5136.42	13274.8	12004.4	8063.95	6266.82	9302.94	13364.9	11323	6192.85	614.137	-910.959	
-2136.78	-2613.24	-958.152	4638.21	7964.21	9852.72	10953.6	11342.2	11245	10850.3	9279.54	5770.4	2712.51	2072	1627.4	
-2582.35	413.131	2228.4	6105.13	5463.07	12347.6	19109.4	16457.3	10382	8836.76	13519.6	21166	24001.1	17818.8	8886.22	
2804.3	3921.9	6850.53	15049.7	9669.12	6210.39	3230.61	382.018	3053.59	7446.13	8397.11	5354.47	2438.67	230.504	-1702.2	
3290.08	4585.71	5680.63	5854.24	2663.98	2457.08	3360.35	4547.45	4297.86	2734.61	120.658	-3219.96	-5813	-5078.79	-3358.53	
-5341.79	-1103.55	5328.66	14395.5	9813.09	9899.78	4758.33	2136.75	729.914	-1631.22	-5679.32	-7813.39	-6395.83	243.592	5155.67	
-5541.1	-4075.23	-2330.39	-5141.53	993.082	3504.84	9476.03	9134.14	5093.43	1541.84	-413.688	-709.013	3121.02	5337.35	5925.02	
6897.06	4594.74	1200.89	-3455.86	-2993.72	-2704.08	-730.978	-434.723	223.219	60.7421	-1763.86	-3649.92	-6691.52	-6443.94	-7141.02	
-6615.05	-5471.42	-1055.46	10258.2	7620.09	12046.8	10104.4	10840.1	10255.3	9481.16	9331.73	8148.36	8934.58	6907.33	6092.73	
-686.234	3226.25	4346.03	-2205.21	3114.95	-368.352	3303.76	5012.45	8042.09	11828.8	12884.2	9365.96	7825.09	7583.41	5158.29	
-12326.6	-9437.16	-4084.07	-1831.03	-673.331	-5788.24	-78.934	4402.84	8597.7	13559.5	19769.2	22430.7	21021	14421.6	12578.8	
-1903.3	544.271	3851.68	5156.64	8610.3	13652.7	16133.5	13686.1	8349.32	3877.61	256.244	-2737.37	-3513.47	-70.8313	2249.96	
-477.544	415.411	-1082.78	-8510.73	-2487.35	-1965.56	4231.27	6010.38	5202.33	4204.41	4532.03	5673.37	6035.79	5126.53	2843.38	
-440.866	3743.67	8296.16	16630.1	3411.44	887.427	-2176.67	-116.99	3796.1	7854.2	11913.2	11611.8	7432.35	4111.1	2772.51	
7617.6	10456.1	11460.7	17404.7	14019.7	15222.2	6448.85	3573.25	6036.12	6831.01	4310.03	3306.1	4612.68	3230.13	-2063.8	
-2479.7	-3514.11	-637.637	10334.6	10154.1	9253.28	9228.93	8942.66	8213.66	6166.95	1317.03	-3271.39	-5821.45	-2409.37	292.388	
211.549	-3589.73	-10271	-18683	-7164.98	-61.776	3565.34	4622.27	5590.39	6780.38	6963.11	6382.37	4746.8	934.938	-1128.43	
4773.57	1798.36	-1024.67	-350.001	9764.47	16260.4	20266.8	22307.2	18526	10593.6	3364.25	-1168.41	-3301.17	-4611.2	-5509.68	
-8085.86	-2464.1	7681.48	20082.9	16236.7	6538.63	2431.7	554.976	3094.65	6278.42	8580.11	9803.26	11197.6	11082	10172.8	
-2452.46	-256.806	459.302	-5893.93	-2149.53	-1116.19	-205.094	842.891	2525.63	3677.56	2298.34	-337.621	-1740.41	275.9	2560.33	
-8690.04	-3973.07	-210.235	-2587.47	2004.81	5649.5	7641.23	10237.9	12450.5	15239.9	18483.5	18208.6	13788.5	11785.4	11186.3	
-181.891	-324.065	850.178	6709.06	5602.06	7065.65	5293.07	3807.21	2117	1268.31	1259.39	689.44	-198.064	-814.506	-456.39	
281.26	3604	5115.02	1417.72	2523.25	-286.188	4918.5	7630.21	8709.47	9631.3	11211.9	10911.9	8765.83	6631.81	3667.08	
-2743.32	-2911.65	-2695.41	-4508.68	1193.02	2942.13	3571.1	2196.7	3553.72	5643.38	5282.53	4395.62	4888.22	5081	3456.26	
-6700.3	-6066.49	-3704.31	-2133	6261.14	12922.6	15525	19662.2	22393.4	23364.5	22907.4	19144.3	14997.1	9774	7314.81	
560.605	918.71	2688.37	3571.76	6012.31	5099.6	5382.11	2744.13	848.811	692.283	1294.99	1766.02	1652.8	349.033	-588.511	
-2669.57	1417.22	5382.45	12929.5	19005.7	26982.6	31749.3	32464.9	26736	20502.1	17692.6	15981	13879.4	10484.3	7040.71	
-2534.02	147.15	2017.84	8317.03	4465.95	3396.96	496.417	2615.86	5540.31	4756.56	2084.07	3542.7	8460.47	10012	6879.48	
1586.64	3440.82	2965.84	-6328.61	4057.64	9795.89	17845.4	21731.2	24809.9	28104.1	29095.8	25356.4	19932.5	11182.6	3041.56	
-5464.19	-1768.76	4121.17	15373.7	8070.18	8151.1	8288.45	9414.57	9434.76	8413.29	6267.79	5153.7	6567.66	7676.07	7302.99	
-8240.16	-5972.39	-2145.64	-769.871	6075.32	7230.49	13573.5	19493.9	19993.6	15882.7	10688.2	7313.34	6748.8	8069.54	8837.63	
-8299.41	-6978.53	-1932.78	12883.6	2236.25	5375.76	3652.78	3687.09	5091.96	7832.35	9543.54	8312.77	4900.8	3770.81	6190.69	
-2706.58	-2063.67	-662.956	1755.44	7828.88	12357.6	9927.46	7172.14	5687.17	4715.34	4109.91	5882.17	10055.6	8596.84	5028.51	
-4959.93	-5052.97	-5087.54	-7737.93	-6363.99	-6482.57	-653.404	2533.23	3572.02	4917.32	5891.83	4481.03	3923.39	4076.44	4454.36	
-11939.4	-9200.7	-4885.04	-1752.99	-5466.57	-10357.9	-5579.5	-3121.66	362.767	5203.92	9014.4	8686.02	7835.37	8610.16	11185.4	
-2925.07	-2010.66	-1184.19	3893.01	10397.8	19058.2	16656.4	15749.8	15714.2	14897.7	10958.8	8352.86	5778.23	6535.56	4969.5	
-3384.3	984.267	5618.27	3408.17	-135.746	-8898.02	-3879.69	1070.64	4421.41	5037.64	4313.86	2469.53	2089.04	3157.06	4715.51	
-1781.71	-2883.21	-4275.53	-5021.17	-664.129	76.1703	-540.014	285.036	2063.59	4078.19	5469.04	5156.32	2459.48	1372.95	1271.66	
-6162.08	-5593.96	-2590.38	4458.43	2660.13	7311.05	4417.43	2904.94	2928.03	3973.41	4692.26	4301.2	3712.56	3618.54	4765.9	
-487.491	374.852	655.255	3292.39	5322.94	7698.52	6524.08	7152.39	8870.05	9386.21	6513.49	2765.82	2078.84	2311.1	1712.18	
-2587.32	2199.18	5463.15	5173.66	2460.7	3532.38	4054.64	4875.27	7473.84	10889	11638.9	7350.79	5254.11	7063.72	6386.25	
-2424.14	-5027.24	-6263.22	1825.63	1096.14	8818	9115.84	9316.49	8499.72	6009.46	2462.37	-353.999	-2618.57	-1865.47	40.289	
3402.59	4712.17	9195.69	15518.1	12269.1	6630.79	3080.76	1245.63	2151.28	4982.63	8276.44	8347.91	5593.83	737.122	-2457.49	
-6494.13	-1348.95	2271.88	15523.7	12278.4	11537.4	5474.61	8172.46	14264.5	22610.4	31303.9	30270.6	26885.6	19860.2	13444.2	
-5458.28	1240.81	8502.59	23627.1	7527.25	7243.38	12925.7	18148.4	19087	14672.9	9095.38	11044	18719.5	19897.1	13431	
-6078.15	2371.88	6533.29	4273.52	5954.31	22398.5	19756.4	14047.8	11814.3	14066.5	14013.1	9767.29	7569.94	11308.4	12060.8	
-7645.68	-3261.1	1188.64	12279.3	3949.86	771.984	-1297.14	845.207	7196.83	13596	17223.4	16683.4	16356.1	15255	12217.3	
-5835.29	-7794.02	-9970.54	-10295.3	-2069.67	13062.1	20735.8	23160	18838	14359.4	15740.5	18520.1	17255.1	10352.5	6391.09	
-6675	-4011.91	-1070.87	-4416.67	-2500.03	-5745.52	1626.37	5207.16	4701.42	2241.08	1084.88	3385.53	7298.09	7878.83	7676.66	
127.649	-1692.09	-3694.82	-5284.27	2793.16	12195.9	13027.3	11626.4	7882.59	4189.96	1600.55	436.711	1475.58	1036.26	-317.52	
-145.551	-1585.79	-1297.27	4515.42	8915.84	10022.8	4187.96	1708.09	2067.04	2919.77	3557.21	3754.27	2926.45	1677.54	175.073	
-321.592	-228.126	-1681.73	-7783.79	-1124.66	-2448.65	184.417	4378.51	7135.15	7253.03	5329.04	1883.29	857.234	1690.77	1405.96	
426.699	-769.034	-1103.78	4904.09	4246.25	1597.88	6269.42	6471.19	1780.71	-2250.18	-3382.11	-1658.85	2361.57	2836.97	765.424	
-7275.53	-8139.05	-8025.85	-4437.22	-582.649	4512.31	8020.79	8471.09	12564.7	19985.8	23697.3	17853	11708.1	8910.86	7521.39	
-442.021	-1358.18	-1014.6	2070.95	622.615	-3257.18	-5733.14	-5775.08	-2580.25	2023.94	5683.46	6333.21	4703.55	2656.43	702.842	
-7274.47	-2757.16	3961.65	15488.6	10179	12868.1	21459.4	29582.9	30194.7	26872.8	26003	25025.5	20712.1	14949.5	11086.2	
-3151.12	-3413.73	-1439.69	-103.303	11084.4	9742.16	9016.29	11124.1	15940	19725.7	19033.3	15038.5	8847.19	4851.77	2948.78	
1561.69	4933.6	8726.95	8724.92	5041.81	2818.19	2309.48	3776.2	3892.49	2247.91	1696.35	4506.11	4787.93	3008.18	693.057	
-3520.11	3003.68	7498.03	8752.48	7871.83	7369.56	10285.6	10585.7	7359.26	3047.58	-67.5971	1917.01	4933.98	9126.62	8792.35	
-4855.52	-2848.19	-515.911	-9991.46	-247.158	-6391.66	1593.8	5303.95	10273.9	18107	24548.5	21575	14397.5	8354.4	5891.88	
3169.57	295.02	-4110.61	-14444.4	-3915.68	-3265.57	4116.84	6246.34	5814.12	5222.93	6314.29	5510.78	3469.03	-879.545	-3314.23	
-149.049	1249.74	2952.38	3777.12	789.643	-639.75	2296.86	6833.55	9435.65	7988.77	4126.19	372.649	-1571.23	-955.65	280.032	
7535.02	3251.17	-2180.73	-9121.65	-4603.86	-278.162	5225.07	6740.45	6136.76	6974.18	9979.41	11264.8	6582.27	-2584.09	-7863.29	
-1854.28	572.366	3050.14	6929.45	3594.98	443.274	2592.79	4656.98	5988.86	6487.01	7229.15	9374.26	10701.8	8792.33	5038.62	
146.051	-1550.22	-6723.24	-21587.1	-7943.44	997.855	9528.45	12445.1	11675.4	8610.94	4838.55	4372.04	2205.22	666.463	-195.709	
-1364.01	404.474	944.458	1577.63	4510.55	4526.16	5048.37	5024.9	5138.31	3953.32	2023.34	1520.28	4288.16	5560.02	4163.75	
4210.89	10837.7	15428.4	11758.3	10488.8	11956.5	18301.9	19749.2	22185.2	26339.6	28059.1	23132	16892.7	9934.54	2928.95	
-4886.53	-6189.73	-7252.74	-11075.8	-4115.63	-9193.79	-8063.29	-4387.66	1598.26	5064.68	6409.43	5436.16	3608.48	2403.88	3443.19	
-5859.62	-1533.95	3204.52	6974.83	6614.07	12354.8	13898.4	12259.7	6069.31	-647.699	-3547.91	-50.9295	4414.28	7907.73	8310.71	
-57.969	2062.76	3550.89	4958.22	9923.78	9827.85	3715.33	2815.53	4721.37	7388.89	11073.7	12445.8	9568.56	4160.21	1692.93	
1480.25	1533.53	750.968	1489.21	2703.95	4129.05	6688.27	8184.29	8641.42	7741.61	6273.96	6894.19	10441.3	6943.67	1593.32	
-15183.1	-14133.9	-9313.66	-6003.22	6062.22	6373.85	4481.25	5802.87	9326.61	11599.7	10684.7	8991.39	8780.38	10149.1	12744.2	
-2847.45	-3537.12	-2831.15	158.982	7415.25	14025.8	13231.1	9415.81	7185.05	7444.62	8349.2	7866.47	6332.21	3485.04	2279.95	
-7545.01	-7980.61	-5115.79	-2786.63	6778.59	7674.65	4114.69	1068.12	2169.32	6483.19	10341.3	13417	15101.9	11235.9	7471.02	
-6557.54	-430.45	3948.07	7111.89	14248.4	18331.8	9467.47	2924.51	4254.8	9713.88	13270.1	13674.4	15696	17020.9	13091.4	
-12379.2	-6546.53	1132.81	899.517	12263.5	21734.9	24096.8	21495.3	17637.5	14332.6	13811.9	17246.9	15457.8	11948.1	12734.8	
-8565.37	-5435.74	165.713	12389.3	9718.57	14065.2	8192.89	4225.16	619.54	-1176.58	2719.31	11587.9	17018.7	14111.1	10730.5	
-6819.31	-9235.23	-10639.1	1617.96	2375.37	8380.89	8412.88	10913.8	13756.9	16286.4	20377.9	24918.7	27463.1	18723.7	9849.78	
-7453.72	-4887.71	3640.79	25895.1	18373.6	16183.2	7558.84	1637.89	-855.331	1506.77	7672.57	14167.8	13651.9	10572.9	8327.17	
-8105.78	-1104.11	2830.17	-5551.23	-751.316	-2425.92	5197.6	9819.22	9878.8	5542.36	879.302	2533.81	7599.27	14026.6	13790.2	
-4379.26	-1994.56	-1385.57	1288.89	5996.72	14604.2	14608.8	14481.4	13468.4	11873.2	9981.72	5883.26	5605.79	6843.61	6955.76	
-10094.8	-5369.01	-50.634	10439.2	4538.29	7511.25	7262.13	11514.5	15961.7	18459.8	16292.7	10515.4	7980.53	12312.3	13294.5	
-6190.83	-9677.76	-11820.6	-7879.97	-2216.09	6721.74	5397.33	3600.43	4351.83	6430.67	5336.1	1381.42	-5506.2	-2705.07	1919.23	
5544	2315.76	-2929.15	-9502.81	-1127.88	3640.3	8095.68	8358.46	6296.38	4915.84	4244.96	3126.13	339.259	-2683.58	-5243.85	
-6726.42	-2219.67	-789.278	1030.05	7533.45	15086.5	18060.8	15689.5	9385.21	7348.58	10783.9	13814.7	16480.4	15495.7	12373.5	
-10679.1	-12263.7	-14735.3	-26007.2	-7443.51	-6821.61	2545.32	6205.49	5818.9	2943.19	1507.02	4959.38	7883.19	9986.67	10214.7	
-1653.1	1466.65	5502.65	9315.34	13432.4	14948.8	11553.5	9962.06	7400.83	3802.25	1038.3	2528.9	7252.13	8600	5535.98	
-6037.82	-5136.36	-1258.3	2261.19	4293.66	2946.08	1369.48	-80.1247	321.661	2570.66	6062.24	7034.48	5569.21	4092.04	4838.8	
-10782.2	-5438.89	-1166.27	-2984.12	2328.79	7603.15	11799.8	14649.6	14392.9	11172.3	6556.17	4746.57	8896.5	12585.5	13813.9	
-10188.8	-7704.15	-3662.98	837.148	-877.563	-11090.9	-1316.84	8114.48	13558.1	12316.6	7846.52	8217.79	10603.9	12149.8	11406.4	
-19998.4	-18266.1	-10283.9	7099.29	10404.5	11101.4	15567.7	17964.3	14882.5	9131.48	5247.22	4295.1	6443.44	13405.9	18174.7	
2478.17	8291.8	10671.7	16773.2	13688.3	17816.7	13034.2	12542.7	12627.3	10255.6	6225.11	5574.2	8446.66	8986.74	4717.64	
-6233.37	-3849.75	1486.16	4327.46	6669.7	4869.63	9466.74	10902.9	14723.8	21497.9	28310.7	27189.5	20935.7	9855.2	6297.29	
-6458.51	-5895.58	-6209.9	-6544.91	10726.8	24553.1	21915.1	14018.8	5126.02	-2083.62	-4013.45	3514.51	10092.7	12545.8	9476.36	
-899.895	2381.52	4936.03	4967.28	-720.323	-5094.46	-2458.01	-533.959	703.777	1155.29	-454.792	-1319.82	-144.387	2363.08	2760.24	
-3402.22	1591.17	8287.1	25909.6	19866.4	24169.9	17206.8	13880.2	14286.8	17147.6	16667.3	10459.3	7119.27	7240.07	6648.6	
-4982.74	-4125.52	-4923.25	-9778.47	-960.795	2817.75	5385.06	4597.03	2029.24	-917.033	-1146.84	2982.43	6593.21	7302.44	6194.1	
-4395.69	-4295.59	-4908.01	-8291.14	-5260.54	-4646.27	2410.31	5382.27	3766.68	1588.65	1346.91	1979.77	2423.41	3535.03	4306.07	
-9100.55	-7562.08	-7153.95	-5259.64	404.29	5977.76	8063.03	7292.12	6146.51	4906.72	5015.2	9375.35	13157.1	13869.8	11834.3	
-5994.87	-2609.62	3517.96	16131.2	10338.7	12907.2	10342.9	9454.36	8096.7	6448.06	4180.89	1842.79	1580.46	4082.65	6334.17	
-169.62	-680.127	-2371.31	-9827.49	6602.49	12594	12322.5	8743.7	7996.38	9825.97	11628.3	10993.1	6243.53	2164.66	392.786	
2332.59	7778.66	13098	16718.8	7662.95	5364.14	6804.59	6815.34	8192.79	12514.1	17886.3	17123.2	11518.8	4822.65	1478.01	
-4119.33	1922.72	5245.3	7504.63	4504.19	13332.8	16072	16762.8	15830.2	15479.4	18257.5	21516.4	21618.3	16177.7	10434	
-3984.9	-3538.15	992.986	10413.5	6290.18	5451.09	7119.98	10417.4	12632.2	13040.4	11724.2	8835.88	6240.69	3548.89	2940.74	
-3454.37	-2237.73	-3838.14	-11175.8	-4860.14	-3069.71	10095.1	19062.1	20584.9	16139.8	10253.4	8554.74	10514.6	9707.01	6784.35	
3556.43	-1432.42	-6984.99	-4599.66	5245.18	13313	9630.33	7172.46	6467.93	7557.89	8818.71	7388.51	2022.35	-4070.32	-5633.22	
-13173	-11629.3	-1929.79	17623.6	14749.7	17407	11914.4	11703.3	17929.7	27712.8	32186	24145.7	11647.8	7444.18	9585.4	
-7267.09	-866.88	3863.51	7686.87	13776.6	26371.6	21007.6	19808.5	20788.2	20636.9	16572.5	14806.9	15574.5	16637.8	13333.8	
