5.26416e+06	
6.29864e+06	
7.45657e+06	
9.03799e+06	
5.753e+06	
1.12256e+07	
6.19236e+06	
8.46154e+06	
8.85891e+06	
5.89316e+06	
5.18336e+06	
7.99661e+06	
1.32716e+07	
5.54609e+06	
5.2144e+06	
5.42879e+06	
1.02068e+07	
5.81486e+06	
1.40783e+07	
1.76412e+07	
1.39655e+07	
7.23465e+06	
7.09315e+06	
8.8436e+06	
7.56712e+06	
5.32541e+06	
6.57327e+06	
8.03959e+06	
7.03819e+06	
5.8139e+06	
6.6014e+06	
1.00616e+07	
7.76317e+06	
5.9385e+06	
7.11874e+06	
1.05071e+07	
6.2846e+06	
7.60614e+06	
5.6929e+06	
6.00599e+06	
6.77475e+06	
9.63484e+06	
7.31941e+06	
5.5132e+06	
6.43649e+06	
5.34631e+06	
7.37889e+06	
6.304e+06	
1.07145e+07	
5.07603e+06	
6.02205e+06	
7.57101e+06	
5.90329e+06	
1.03369e+07	
6.0816e+06	
7.17384e+06	
5.80877e+06	
6.87839e+06	
1.20903e+07	
1.41384e+07	
5.60554e+06	
7.65824e+06	
1.26937e+07	
8.60845e+06	
6.55371e+06	
7.23313e+06	
1.23667e+07	
5.86168e+06	
6.29662e+06	
1.41313e+07	
6.87211e+06	
1.34482e+07	
7.97505e+06	
6.11317e+06	
1.02785e+07	
7.41632e+06	
1.35849e+07	
9.69992e+06	
7.57722e+06	
1.16428e+07	
1.88753e+07	
9.94637e+06	
1.34002e+07	
7.20398e+06	
7.70695e+06	
9.06038e+06	
7.01463e+06	
1.72809e+07	
6.97606e+06	
4.5402e+06	
9.07112e+06	
3.83019e+06	
6.60459e+06	
8.82828e+06	
6.23382e+06	
1.40772e+07	
1.63274e+07	
8.74315e+06	
8.40856e+06	
8.06213e+06	
6.91813e+06	
1.33819e+07	
1.20479e+07	
9.85494e+06	
1.23552e+07	
1.4447e+07	
1.0062e+07	
1.15398e+07	
1.20119e+07	
5.38486e+06	
9.38836e+06	
1.15285e+07	
1.21432e+07	
9.6461e+06	
1.05488e+07	
1.0988e+07	
1.33188e+07	
1.25246e+07	
6.53311e+06	
8.04138e+06	
1.26841e+07	
5.68403e+06	
6.67678e+06	
6.61838e+06	
6.32826e+06	
1.86256e+07	
1.38592e+07	
8.7989e+06	
1.53797e+07	
9.99271e+06	
9.96888e+06	
1.76922e+07	
1.01818e+07	
1.00171e+07	
1.37149e+07	
1.83276e+07	
5.96724e+06	
6.31503e+06	
6.02031e+06	
5.74598e+06	
1.55304e+07	
1.4705e+07	
2.29703e+07	
8.83438e+06	
8.48313e+06	
7.6976e+06	
7.1929e+06	
6.63468e+06	
6.45229e+06	
6.25125e+06	
9.97618e+06	
2.23811e+07	
1.00626e+07	
6.24397e+06	
6.58088e+06	
2.18291e+07	
8.1461e+06	
8.08094e+06	
1.84916e+07	
7.63472e+06	
1.02703e+07	
1.13751e+07	
7.39668e+06	
1.02937e+07	
1.47626e+07	
5.98581e+06	
9.26943e+06	
9.86377e+06	
7.83984e+06	
9.32784e+06	
1.36147e+07	
1.25912e+07	
1.31966e+07	
8.09924e+06	
1.06681e+07	
1.66902e+07	
1.92382e+07	
1.04986e+07	
9.85396e+06	
9.89778e+06	
1.62115e+07	
9.83059e+06	
7.0947e+06	
1.87867e+07	
1.60703e+07	
9.69103e+06	
5.85376e+06	
1.85225e+07	
1.73808e+07	
1.55078e+07	
1.69598e+07	
1.49982e+07	
1.89389e+07	
1.47777e+07	
1.41493e+07	
2.14388e+07	
1.55008e+07	
5.26185e+06	
4.83913e+06	
1.44772e+07	
