ibin	iptbin	itheta	r0	V	sigma2	chi	Vn Errors
0	0	0	0.1621	0.0488	1037.0550	0.4607	0.0130
0	0	1	0.1641	0.0482	1037.0550	0.4551	0.0129
0	0	2	0.1750	0.0452	1037.0550	0.4268	0.0121
0	0	3	0.1835	0.0431	1037.0550	0.4071	0.0115
0	0	4	0.1893	0.0418	1037.0550	0.3944	0.0112
0	0	5	0.1810	0.0437	1037.0550	0.4125	0.0117
0	0	6	0.1934	0.0409	1037.0550	0.3862	0.0109
0	0	7	0.1754	0.0451	1037.0550	0.4257	0.0121
0	0	8	0.1708	0.0463	1037.0550	0.4372	0.0124
0	0	9	0.1712	0.0462	1037.0550	0.4363	0.0124
0	0	10	0.2309	0.0343	1037.0550	0.3234	0.0092
0	0	11	0.2259	0.0350	1037.0550	0.3306	0.0094
0	0	12	0.2342	0.0338	1037.0550	0.3188	0.0090
0	0	13	0.1699	0.0466	1037.0550	0.4394	0.0124
0	0	14	0.1643	0.0482	1037.0550	0.4546	0.0129
					865.0457	0.4459


ibin	iptbin	avgmult	avgpt	Vn mean	Vn mean Error
0	0	303.9648	0.8822	0.0431	0.0050

ibin	Nevent	totmultall	avgmultall	avgtrk
0	9287433.0000	2823052332.0000	303.9648	131.3339

