636	153414	137946
888	209430	188215
1141	262933	236039
1686	379131	340346
2168	475631	426785
2939	630178	563934
3623	756659	677137
496	119824	107585
718	169373	152123
955	219990	197606
1373	308976	277100
1715	376694	337631
2364	506546	453630
2814	587948	526059
96	23172	20840
162	38123	34304
188	43381	38895
277	62271	55883
372	81671	73211
494	105873	94841
668	139593	124885
735	177433	159437
995	234652	210854
1406	324439	290790
1814	408243	366207
2420	530878	476628
3227	691077	619357
3935	821379	735475
707	171058	153323
955	225062	202416
1274	293326	263467
1741	391517	351426
2273	499046	447564
2959	633629	567814
3674	767908	686823
1490	359428	323084
2171	511894	459931
2904	668810	600608
3980	896518	803716
5215	1.1448e+06	1.02674e+06
6732	1.44164e+06	1.29187e+06
8428	1.76036e+06	1.57547e+06
1881	453922	407982
2521	595345	534269
3438	792442	711247
4756	1.06967e+06	960272
6353	1.39542e+06	1.2507e+06
8224	1.76118e+06	1.57817e+06
10289	2.14784e+06	1.9233e+06
82	19914	17784
89	21098	18841
135	31039	27918
187	42198	37749
263	57705	51763
350	74963	67146
444	92688	83018
916	221253	198677
1175	276933	248948
1623	374627	335763
2251	506929	454506
2939	646545	578698
3885	832116	745553
4705	983026	879643
864	208919	187389
1146	270776	242899
1556	357991	321885
2263	509323	456893
2950	647626	580793
3785	810601	726416
4603	960941	860430
1449	349986	314280
2049	483567	433980
2870	661349	593632
3785	852552	764136
5000	1.09879e+06	984400
6538	1.39974e+06	1.25485e+06
7988	1.66849e+06	1.49302e+06
781	188412	169395
1110	262072	235137
1531	352715	316758
2093	471107	422563
2791	613527	549479
3605	772358	691736
4531	946497	846917
926	223746	200756
1254	296295	265822
1702	392388	352033
2285	513862	461330
3115	684275	613191
4007	858082	768831
4999	1.04447e+06	934538
1487	358841	322416
1956	461347	414526
2720	627337	562743
3865	869949	780261
5053	1.10861e+06	994933
6422	1.37577e+06	1.23238e+06
8127	1.69746e+06	1.51921e+06
1204	290936	261176
1583	373544	335387
2211	509769	457399
3066	690352	618986
3987	875975	784990
5194	1.1129e+06	996750
6518	1.36136e+06	1.2185e+06
1043	251866	226284
1531	361323	324444
2087	480818	431730
2827	636100	570765
3670	806513	722721
4894	1.04731e+06	939024
6080	1.26955e+06	1.13639e+06
1752	423131	380075
2614	616562	553872
3442	793006	712014
4593	1.03324e+06	927371
6251	1.37266e+06	1.23098e+06
7978	1.70823e+06	1.53105e+06
10011	2.09123e+06	1.87164e+06
1497	360809	324643
2196	517021	465198
2877	663536	595224
3979	894931	803322
5273	1.15801e+06	1.03808e+06
6913	1.48001e+06	1.3266e+06
8499	1.77512e+06	1.5888e+06
972	234828	210827
1343	316068	284490
1830	421394	378552
2418	543557	488145
3316	728057	653054
4383	938412	841091
5406	1.13059e+06	1.01058e+06
578	139662	125356
728	175663	157877
944	222749	199914
848	200564	179675
1381	318302	285680
1138	262612	235389
1800	405109	363414
1561	351255	315080
2504	550326	493037
2071	454905	407601
3307	708413	634660
2658	569601	510123
3204	669270	598896
3886	811811	726535
1059	255742	229724
1497	353143	317247
2016	464483	417035
2766	622209	558425
3645	800547	717761
4779	1.02336e+06	917069
5937	1.23963e+06	1.10974e+06
1063	256737	230576
1539	363331	326046
2089	481277	432320
2800	629978	565161
3798	833885	747782
4918	1.05399e+06	943870
6037	1.26151e+06	1.12848e+06
1094	264407	237279
696	168109	150979
929	219234	196864
1547	364480	327841
2081	479557	430482
1247	287677	257991
1721	387266	347368
2867	645136	578720
2325	510545	457848
3761	826298	740464
2996	641575	574921
4874	1.0445e+06	935311
3658	763805	683782
6107	1.27497e+06	1.14152e+06
1141	274912	247367
1599	377459	338799
2145	495226	443751
2968	668819	599264
3963	870345	780118
5037	1.07872e+06	966583
6319	1.31948e+06	1.1813e+06
1306	315553	283243
608	146882	131879
1116	269877	242053
1369	330855	296819
1778	419455	376630
902	212635	191091
1791	423012	379494
1463	345337	310016
2388	551026	494003
1281	295891	265069
2049	472470	423816
2536	584944	524613
1042	251349	225964
725	174743	157240
1402	338548	304000
1015	244910	220103
1108	267681	240352
1093	263598	237002
1307	314779	283439
1222	294947	265040
629	151941	136437
1315	317388	285201
1574	371820	333524
3321	746812	670346
1529	360652	324036
2162	498733	447233
1468	346143	311068
1670	393896	354008
1325	312875	280757
1135	274104	246167
1442	347906	312705
2240	516865	463465
2852	641919	575712
1821	439274	394907
1551	373982	336367
1665	374784	336198
913	215378	193361
2263	520828	468120
1002	242031	217283
3466	779931	699683
993	239919	215341
4340	953458	854580
2829	635950	571012
2079	490211	440463
1916	441929	396475
1849	435984	391709
988	238165	214275
1945	448516	402459
2064	487107	437288
3117	701695	629193
2907	654349	586961
1286	303579	272469
3869	849986	761763
2471	583190	523501
1448	341899	306710
1956	461931	414402
2780	640087	575122
1859	438599	393795
839	197765	177792
47	11363	10205
5832	1.24994e+06	1.11934e+06
736	177784	159618
1943	448007	401980
1094	264407	237279
2702	607651	545495
1337	315364	283251
1459	344209	309125
3527	774515	694407
2899	667839	599708
4166	915382	820353
1859	428466	384602
2575	579640	519945
1402	338435	304040
2249	493585	442821
1050	253196	227677
466	112569	101075
514	124170	111430
633	152958	137243
2581	581373	521156
3992	877197	786068
1629	393436	353221
3675	826839	741956
987	238200	214070
1401	337804	303930
3433	791359	710314
909	219446	197107
4593	983521	881537
50	11769	10584
863	208578	187205
564	136302	122252
624	150860	135407
88	21159	19107
1432	345566	310576
1210	292213	262421
1450	350071	314435
650	156682	140984
2206	532992	478432
1356	327545	294027
4633	1.01801e+06	912328
1365	315158	282443
995	234629	210883
1042	251349	225964
4980	1.06623e+06	955791
1230	296636	266748
1421	342980	308196
1093	264037	236995
1547	364480	327841
1822	420230	376913
3773	828639	742725
3985	896809	804449
5451	1.16794e+06	1.04638e+06
2500	562723	504689
7437	1.55315e+06	1.39013e+06
3620	795226	712852
3432	753663	675792
1969	465168	417339
2619	603445	541786
587	138468	124330
657	155116	139195
861	203891	182436
2633	607080	544694
4986	1.09491e+06	981670
1390	327843	294523
1847	435676	391363
1406	331386	297831
5607	1.17089e+06	1.04816e+06
76	17523	15735
1115	256825	230614
3064	722833	649100
1468	346143	311068
2124	500832	449993
1650	389593	349639
1547	365159	327713
2081	479557	430482
2211	522132	468444
1179	278447	249745
2460	566647	509018
2477	557476	500085
4161	958908	860839
5579	1.25549e+06	1.12638e+06
1313	309669	278214
639	154427	138629
1798	424423	381005
156	36782	33017
1689	398776	357892
2035	479807	431207
2002	472474	424192
1334	307462	276008
1992	459080	412099
5155	1.13169e+06	1.01496e+06
902	213224	191109
1175	270663	243062
1698	381976	342872
2168	476431	426971
6661	1.39116e+06	1.24495e+06
5097	1.09151e+06	978078
3192	700660	628428
721	170574	152785
788	185888	166929
4559	1.02597e+06	920240
877	207026	185808
898	207139	185823
2901	621626	556797
933	215281	193063
1178	271641	243685
2857	611528	548268
6466	1.38513e+06	1.24094e+06
1880	433677	388915
2544	586240	526147
3509	732301	655943
6082	1.27051e+06	1.13694e+06
112	25264	22621
2761	635971	571220
1916	441929	396475
4856	1.03997e+06	932155
2204	507881	455878
2421	557936	500798
2867	645136	578720
1824	410283	368168
6061	1.29818e+06	1.16316e+06
2012	463642	416300
3370	739747	663550
7469	1.63983e+06	1.47054e+06
2635	606823	545044
2911	670794	602289
4438	950903	851618
6676	1.42966e+06	1.28113e+06
1852	426660	383079
1671	384914	345706
2880	664130	595865
4637	992546	889773
232	53384	47992
1923	432754	388301
2217	510951	458569
2805	646226	580393
2606	601007	539348
3721	837876	751319
738	178253	160029
4213	902390	808536
513	123840	111287
3478	783118	702170
1138	255871	229648
1577	354691	318389
1321	297119	266566
7936	1.65738e+06	1.48328e+06
2501	563055	504921
3448	775729	696216
6281	1.31075e+06	1.17413e+06
1084	249867	224289
162	35532	31885
1088	250969	225026
6040	1.32666e+06	1.18917e+06
1195	275556	247239
2575	579640	519945
2965	666601	598617
3117	701643	629277
3761	826298	740464
4266	914412	818914
9514	2.03783e+06	1.82582e+06
2802	630936	565618
8257	1.72382e+06	1.54342e+06
3963	891974	799998
2420	544745	488586
5098	1.11951e+06	1.0038e+06
2490	546940	490153
5383	1.18331e+06	1.05985e+06
5291	1.10467e+06	989116
3818	859909	770750
744	175818	157663
1025	247650	222313
3390	762830	684379
2310	519540	466290
276	62283	55735
3083	693140	622383
3853	867379	777828
1064	256444	230815
3641	819947	735109
1561	342890	307361
3606	810918	728017
2148	471927	423064
1809	397657	356171
11922	2.48908e+06	2.22848e+06
1972	422684	378511
78	18724	16920
3468	762215	682647
4679	1.02742e+06	921178
5527	1.15407e+06	1.03321e+06
2079	501714	450827
3405	767533	687548
201	42885	38590
3620	795226	712852
4135	908118	814293
3965	871006	780805
4874	1.0445e+06	935311
1110	262407	235239
5222	1.09038e+06	976035
3567	784076	702399
396	86920	77935
5679	1.18578e+06	1.06153e+06
6107	1.27497e+06	1.14152e+06
1482	333504	299159
2708	609967	546754
1576	354538	318162
1447	325875	292166
7861	1.68477e+06	1.50859e+06
1646	370697	332289
1441	347761	312423
6637	1.42076e+06	1.27353e+06
1305	315021	282984
1001	230736	207067
1521	358360	322204
897	216207	194553
3273	718543	644519
2329	498915	446917
2860	612879	548916
6840	1.46556e+06	1.31256e+06
5141	1.12884e+06	1.01219e+06
4126	906518	812459
4994	1.09735e+06	983408
3281	702371	629759
2452	511411	458333
131	31029	27750
4447	952994	853547
5962	1.27757e+06	1.14416e+06
3129	687337	616097
4783	1.05082e+06	941753
2958	698475	626698
3675	767270	686903
266	55496	49681
4637	992546	889773
5250	1.12421e+06	1.0076e+06
3520	735316	657967
5069	1.08659e+06	972786
1431	337613	303095
7499	1.56596e+06	1.402e+06
171	39466	35382
1080	260751	234285
6017	1.2577e+06	1.12474e+06
4575	980556	877986
1315	317388	285201
503	107674	96542
4754	1.04336e+06	935991
8151	1.70175e+06	1.52382e+06
2019	476192	427676
5826	1.21707e+06	1.08905e+06
685	143386	128043
123	29644	26672
1307	294135	263866
1981	456813	409888
1270	299681	269052
2440	536327	480332
2744	573267	512950
1542	363850	326571
2213	510391	457812
2995	673224	604527
3785	832049	745223
4778	1.0488e+06	940747
5460	1.13945e+06	1.02071e+06
7364	1.53826e+06	1.37666e+06
2032	446935	400125
3941	908026	815200
43	10377	9308
4235	907494	812877
9798	2.04595e+06	1.83157e+06
1534	370744	332779
6551	1.40283e+06	1.25705e+06
1250	301664	271055
5321	1.13876e+06	1.0211e+06
1419	327161	293592
6792	1.45346e+06	1.30348e+06
1983	436264	390441
8739	1.82397e+06	1.63353e+06
3871	807781	723530
2183	479603	429810
5679	1.18578e+06	1.06153e+06
6572	1.37325e+06	1.22847e+06
6275	1.31051e+06	1.17287e+06
1867	440881	395653
801	193205	173636
6284	1.34669e+06	1.20595e+06
3940	843708	756196
228	51259	46047
571	137999	123832
606	146070	131422
1859	438599	393795
2732	630288	565128
1690	370850	332758
2759	621381	557061
1803	415239	372967
159	37471	33637
1375	331977	298169
4612	1.01434e+06	908074
5056	1.08256e+06	970358
2024	467205	418714
3703	833786	747551
5288	1.19078e+06	1.06741e+06
44	10338	9319
5236	1.09449e+06	978903
1610	379880	341106
6520	1.36121e+06	1.21872e+06
8262	1.72563e+06	1.54439e+06
8323	1.73829e+06	1.55582e+06
585	141193	126874
6325	1.35438e+06	1.21405e+06
325	71539	63985
2543	544515	488038
7563	1.57934e+06	1.41383e+06
757	178802	160361
4655	1.02166e+06	916423
828	195289	175394
4778	997970	893280
540	130277	117107
426	103185	92443
801	193205	173636
730	176348	158270
1066	257704	231209
1084	261711	235166
3755	825463	739423
2528	541524	485145
2549	587323	527355
2460	566647	509018
1773	427069	384416
2889	619120	554567
1895	426154	382505
2135	503506	452239
2219	474842	425740
2401	540871	484773
3673	806567	723114
2193	481535	431750
1121	264701	237491
3207	704458	631399
4219	904349	809773
5240	1.0945e+06	979533
1925	453868	407877
6133	1.28062e+06	1.14652e+06
238	54725	49211
1097	252636	226934
1433	322617	289265
2026	445046	398865
2388	549788	493999
312	70060	62966
479	105235	94333
3057	687839	617049
5025	1.10283e+06	989349
6974	1.53208e+06	1.37325e+06
47	10886	9728
900	217299	195174
3405	767533	687548
797	188266	168942
950	229014	205938
2551	546275	489450
2694	606505	543821
413	88646	79227
1148	265059	237528
1145	276036	248412
1454	350991	315353
780	184153	165308
602	142076	127588
554	118460	106264
1121	264701	237491
823	198976	178556
1523	359160	322623
4171	916047	821597
582	141122	126271
1364	329441	295808
1061	250485	224770
1393	329018	295076
2820	589745	527196
4663	998664	894945
933	225507	202335
1122	271035	243331
995	240356	215698
1535	353634	317442
1976	444703	398912
2588	568155	509594
3311	708929	635409
4327	903998	808973
2683	618155	554942
728	175814	157846
6481	1.38686e+06	1.24377e+06
3260	698183	625419
3207	669720	599475
621	129669	115992
3553	799152	717241
8948	1.91664e+06	1.71716e+06
1059	255742	229724
77	17391	15532
6146	1.31739e+06	1.17945e+06
3123	652089	583685
2391	563680	506511
1254	295789	265674
1529	344113	308743
3448	719998	644493
7832	1.63555e+06	1.46398e+06
1535	353634	317442
2907	669629	601419
2584	567552	508702
1976	444703	398912
3476	744509	667017
749	181105	162526
2513	606129	545059
4655	1.02166e+06	916423
4020	904738	811535
1136	262149	235089
3179	664036	594240
11306	2.36087e+06	2.11354e+06
1153	266008	238500
781	180008	161587
2128	490005	440132
1183	279486	250555
1597	376664	338423
791	164968	147840
1920	452985	406781
5935	1.24001e+06	1.10945e+06
5432	1.16358e+06	1.04224e+06
1904	449563	403426
3575	785179	703677
3646	820811	736004
1417	326769	293101
1868	429927	386393
1236	292239	261898
978	230364	207189
7889	1.64644e+06	1.47446e+06
1356	320037	287333
623	150568	135111
1497	353143	317247
118	26193	23229
6031	1.29094e+06	1.15725e+06
1866	429680	385976
2060	452578	405666
3402	802600	720829
5937	1.27165e+06	1.13931e+06
4925	1.05497e+06	945146
1561	368224	330804
823	194323	174385
1272	300351	269495
7593	1.58664e+06	1.41958e+06
2722	583140	522425
3938	822423	736180
7318	1.52724e+06	1.36761e+06
5937	1.27165e+06	1.13931e+06
1500	337508	302909
4618	1.01437e+06	909267
3170	730030	655757
1175	264774	237292
1449	325923	292502
2834	637257	572031
469	113146	101703
1492	327658	293754
2588	568155	509594
542	130949	117501
802	193611	173921
2192	505272	453557
761	183636	164937
4286	895250	801232
2685	618684	555421
1031	243133	218433
1472	339485	304471
1156	279698	250739
1924	464478	417234
4906	1.07683e+06	965932
5495	1.2067e+06	1.08188e+06
137	32987	29693
6705	1.39921e+06	1.25333e+06
1288	296890	266458
751	177239	159098
2631	606526	544235
2016	464483	417035
139	29639	26675
1721	396047	355983
1913	440491	395792
2530	569668	510765
1800	414633	372374
2341	526073	472533
2772	593800	531875
1443	348475	312986
1942	436866	392019
4750	1.01681e+06	911592
4677	1.07816e+06	967503
3429	716579	640967
7345	1.53328e+06	1.37301e+06
1934	425061	380868
1956	429481	385218
3824	840431	752904
1983	425647	380605
3441	718872	643326
599	144730	129960
914	220524	198228
1003	236240	212544
1707	402534	361689
2278	524930	471133
2715	640564	575241
6354	1.36143e+06	1.21947e+06
5929	1.26991e+06	1.13786e+06
6155	1.28505e+06	1.15073e+06
4428	996097	894058
731	176667	158532
1793	403704	361893
1142	263494	236162
2966	667464	598849
2766	622209	558425
1868	441332	395723
205	42861	38294
3632	817146	733189
2070	466526	417986
603	142289	127726
172	40527	36432
1107	261430	234573
3171	695868	624222
757	178652	160381
6516	1.46619e+06	1.31534e+06
3580	805947	722733
2377	535110	479837
690	166589	149661
1252	302312	271538
2554	547036	490078
7345	1.53328e+06	1.37301e+06
1461	337250	302332
1150	264973	237877
2686	604703	542117
3430	752960	675295
1258	303474	272868
2519	539680	483389
2550	560620	502064
7610	1.58825e+06	1.42247e+06
4880	1.0453e+06	936639
6988	1.49739e+06	1.34105e+06
3311	708929	635409
2360	492772	441142
1486	333996	299983
720	174155	156071
1496	344735	309460
5862	1.22478e+06	1.09578e+06
1761	415493	373234
2360	544120	488238
3698	853017	764949
2428	533810	478237
3645	800547	717761
2688	619430	556082
28	6766	6080
1420	327290	293744
889	205080	183965
1097	252876	226958
1533	345157	309572
1251	281664	252479
1931	434795	389826
1892	415384	372580
1662	364980	327249
2496	534853	478899
2217	475512	425480
2581	566869	508195
3085	644152	576710
2612	545761	488265
3496	749284	670961
4166	870611	778784
3601	810906	727048
4000	856750	767715
471	113588	102130
573	138275	124208
8552	1.87791e+06	1.68369e+06
4369	935464	838292
3344	717193	641685
3959	868917	779484
209	48298	43247
994	234347	210517
3187	665655	595601
4851	1.06532e+06	955075
5970	1.31094e+06	1.17559e+06
2846	625057	560235
7381	1.54135e+06	1.37984e+06
2467	555090	498117
3023	680297	610326
958	226030	202948
1584	356119	319756
938	221688	198761
1332	314313	282211
571	137983	123811
3215	706669	632966
581	140440	125975
3333	696542	623058
1258	303474	272868
4741	1.04036e+06	933445
3456	759045	680466
6041	1.26074e+06	1.12928e+06
1716	404946	363618
1355	326898	293881
6316	1.35378e+06	1.21202e+06
5051	1.08189e+06	969291
7961	1.66205e+06	1.48821e+06
6251	1.30574e+06	1.16861e+06
2056	451446	404941
4550	974498	873309
4150	889425	796479
1910	429696	385510
1353	327010	293272
2326	535903	481332
3190	717676	644050
5071	1.14095e+06	1.02377e+06
3221	689585	618043
4779	1.02336e+06	917069
49	11547	10388
1942	437822	392031
4844	1.06365e+06	953737
5183	1.08228e+06	968886
11090	2.37611e+06	2.12841e+06
1190	287242	258097
75	18067	16241
1365	314375	282375
1028	248073	222875
4327	903998	808973
8704	1.81706e+06	1.62681e+06
652	153716	138095
818	193224	173278
957	225582	202812
4167	871210	778981
5550	1.15934e+06	1.0374e+06
925	223203	200614
325	73116	65565
5198	1.08559e+06	971645
5609	1.17107e+06	1.04853e+06
880	212363	190834
1862	439028	394442
3592	769348	689348
2621	603879	542137
600	145230	130148
903	217942	195770
2261	520900	467717
2631	563438	504911
6218	1.33134e+06	1.19325e+06
2541	558277	500242
7542	1.61537e+06	1.44762e+06
1908	449813	404233
3336	750650	673384
4335	951717	853519
7666	1.60163e+06	1.43306e+06
4565	953785	853246
1256	303338	272351
6694	1.46965e+06	1.31787e+06
3944	824167	737137
973	234963	211023
5937	1.23963e+06	1.10974e+06
53	12144	10969
1367	329983	296476
6144	1.31622e+06	1.1791e+06
13736	2.86842e+06	2.56784e+06
831	200605	180152
1672	394441	354275
1888	424870	381191
1417	334734	300288
1259	296860	266664
1203	283458	254960
1017	234196	210340
1115	256624	230616
3489	785374	704423
3223	672927	602428
99	23479	20986
181	43533	39246
805	189830	170487
439	96618	86455
3265	699514	626453
2583	595366	534414
1264	298369	267802
5411	1.15938e+06	1.0384e+06
4285	940412	843749
1484	358578	321849
8667	1.85515e+06	1.66334e+06
2547	559197	501470
3145	707523	634882
89	20096	17996
1039	251216	225357
7712	1.60974e+06	1.44157e+06
1015	244910	220103
1270	292711	262789
2200	507005	455130
2496	548639	491332
1177	278073	249411
1288	304017	272933
1199	276718	248055
809	195040	175491
1963	451763	406079
1924	454261	407629
9455	1.97355e+06	1.76738e+06
1760	415395	372945
2536	584324	524538
1756	404589	363343
3480	783429	702526
2449	551760	494319
1764	407012	364995
853	201641	180728
5658	1.21232e+06	1.08582e+06
1641	378188	339506
4658	1.02329e+06	917166
4067	849484	760279
728	175814	157846
1761	415493	373234
3989	875028	785259
1808	416549	374108
775	183342	164169
3602	811894	727277
1279	287698	258170
1241	285643	256651
6762	1.41244e+06	1.26408e+06
1512	340026	305200
592	126742	113567
10902	2.27602e+06	2.03762e+06
4631	1.01683e+06	911842
2123	466329	418022
1116	257049	230875
1638	377738	338950
217	51066	45972
4024	882958	792270
119	26126	23420
3276	718882	645019
538	129846	116713
2130	502422	451215
3269	718299	643521
1325	312875	280757
135	31229	27910
3042	684381	614229
1557	358759	322161
3250	696348	623737
1065	251400	225603
2750	620027	555099
1387	334889	300796
2363	531471	477081
6937	1.44906e+06	1.29678e+06
2213	498138	446705
5923	1.2692e+06	1.13665e+06
1521	358523	322340
3351	718034	643238
2475	569991	512107
4760	1.04513e+06	937119
1823	411024	368015
1755	385912	345436
793	165462	148179
1968	432460	387441
5960	1.27664e+06	1.14369e+06
1569	353414	316773
2273	511324	458817
129	27557	24741
755	178059	159973
1945	448516	402459
5349	1.14603e+06	1.02648e+06
309	71102	63936
4059	890987	799135
3828	799332	715455
2202	495642	444535
1626	374766	336360
3569	783646	702672
2787	642362	576520
949	229048	205787
4221	903483	809980
1949	459855	412953
978	230364	207189
219	49491	44227
3153	693532	620734
1183	285716	256511
1402	338548	304000
1754	423885	380411
2986	655551	587902
7537	1.57464e+06	1.40894e+06
5201	1.08594e+06	972282
7461	1.55928e+06	1.39476e+06
6145	1.31555e+06	1.17919e+06
1159	279786	251357
3318	746605	669695
197	41044	36809
1013	233587	209577
2310	494724	443297
2581	581373	521156
2939	645796	578564
2122	465310	417808
2645	566399	507562
6710	1.40254e+06	1.2544e+06
5206	1.11534e+06	999078
1192	288127	258578
85	20617	18432
2809	616881	553054
4546	973273	872315
2111	475363	426136
4364	958283	859304
2333	550893	494168
279	61295	54945
1383	326612	292937
2617	603825	541306
4094	876740	785652
425	95687	85758
1675	395294	354940
2100	483836	434461
2345	514684	461834
1849	435984	391709
3949	846159	757836
3765	846912	760159
4203	878710	785975
7776	1.62337e+06	1.45343e+06
2380	534978	480375
1654	390323	350348
1266	306179	274593
1086	250326	224645
1677	377534	338593
466	112471	101055
1410	317286	284671
1836	403316	361486
2399	514256	460367
2899	605770	541849
1204	290651	261024
4706	983572	879717
21	5033	4549
569	137171	123407
1810	416789	374533
2429	546586	490284
3258	715632	641456
4196	899094	805213
5213	1.08813e+06	974456
2834	622424	557957
3432	753663	675792
2326	535903	481332
6603	1.3784e+06	1.23424e+06
1475	348173	312481
1006	243014	218104
3625	776322	695559
5604	1.16968e+06	1.04742e+06
4063	870122	779651
1057	243822	218761
2685	575692	515171
2805	585766	524287
3438	772839	694093
3263	681376	609846
4400	943294	844453
5015	1.04804e+06	937640
107	25130	22677
2174	500792	449714
3667	785443	703917
4476	934827	836656
2619	603445	541786
5255	1.12515e+06	1.00846e+06
1288	296890	266458
152	34911	31420
1465	353313	317607
571	125770	112404
1186	285923	257187
2175	501443	450009
1719	405644	364184
5103	1.1208e+06	1.00477e+06
564	135990	122311
423	90650	81159
1797	404175	362828
5641	1.20828e+06	1.08246e+06
3239	746083	670065
2739	586614	525456
637	150068	134962
38	8883	8041
789	186076	167204
1693	399432	358646
4438	950903	851618
3208	686834	615616
2189	504539	452910
4550	950644	850560
1485	350529	314668
2883	648649	582137
4723	1.03742e+06	929917
2392	577402	518799
1186	286850	257177
3146	708014	635245
4856	1.01475e+06	907753
3386	707100	632929
3478	783118	702170
760	162862	145862
6737	1.44318e+06	1.29286e+06
1394	336290	302324
807	195019	175026
1390	335452	301391
659	158989	142967
1569	370158	332377
245	55022	49445
2032	479289	430554
3030	682158	611705
2492	573817	515583
820	193341	173696
852	196359	176233
48	11024	9944
1111	256040	229871
5527	1.15407e+06	1.03321e+06
2513	579299	519869
595	143762	129015
2792	628326	563726
1912	440949	395548
4265	960056	861126
6958	1.45254e+06	1.30072e+06
1793	403704	361893
542	113262	101341
3319	783526	703104
6030	1.29088e+06	1.15724e+06
1645	388330	348593
940	226914	203807
4055	890308	798326
741	178510	160634
4778	1.0488e+06	940747
1105	260940	234150
1970	465188	417413
881	207898	186632
308	67764	60626
2740	631515	566745
907	189098	169517
2110	485893	436460
8359	1.74599e+06	1.56261e+06
3997	877588	786914
3324	747543	670925
1136	262368	234999
3212	704511	632348
2274	499755	447832
3797	793437	709698
1344	324291	291522
67	15160	13517
1460	352042	316647
1474	331520	297537
453	97037	86936
1188	267526	239871
3902	856285	768299
2587	582737	522267
3896	855725	767212
3279	738397	662044
1534	370744	332779
7548	1.57618e+06	1.41097e+06
4427	1.01998e+06	915852
3737	841475	754524
2180	502049	450887
5248	1.12374e+06	1.00702e+06
868	205216	183852
1516	341089	306071
991	233885	209997
6146	1.31739e+06	1.17945e+06
1534	353411	317312
1213	279708	251020
2821	650126	583639
5202	1.08627e+06	972308
1766	416859	374218
6357	1.32733e+06	1.188e+06
1346	317497	285156
5719	1.2557e+06	1.12605e+06
3003	675985	606274
5186	1.11109e+06	995127
4397	965602	865747
1507	338636	304220
1443	324498	291197
3336	750650	673384
2400	527166	472556
1334	322197	289290
5124	1.09696e+06	983188
6284	1.31132e+06	1.17452e+06
983	236910	213170
102	22553	20067
1928	423078	379644
3371	703745	630138
1307	314779	283439
2428	533810	478237
3431	753659	675450
1925	454631	407818
2021	476515	428166
2135	503506	452239
1522	334684	299627
599	125422	111982
2940	661643	593486
6153	1.3854e+06	1.24213e+06
6359	1.328e+06	1.18871e+06
1394	321460	288300
7593	1.58664e+06	1.41958e+06
2060	464104	415910
4309	946268	848465
1660	373741	335181
3624	815159	731397
1160	280158	251563
1216	280182	251566
5007	1.10016e+06	985810
3972	872582	782016
6347	1.32616e+06	1.18647e+06
5734	1.22857e+06	1.10038e+06
2155	473428	424316
130	27795	24947
885	213777	191961
1851	426954	383021
4969	1.06428e+06	953628
2585	595747	534863
3221	689585	618043
1192	281218	252468
6185	1.2923e+06	1.15598e+06
3944	824167	737137
1607	370118	332394
3444	774833	695228
2218	499514	447766
4619	1.0145e+06	909408
3138	689811	617803
6085	1.30419e+06	1.16762e+06
2487	533109	477308
1067	257390	231440
1956	461931	414402
4306	922121	826455
7415	1.58794e+06	1.42289e+06
2907	669629	601419
4079	894518	803110
5138	1.10012e+06	985897
6479	1.35285e+06	1.21112e+06
8271	1.81517e+06	1.62839e+06
3911	836963	750396
731	176667	158532
1871	421438	377750
1789	422189	379029
2532	583894	523846
2678	588812	527333
2265	497592	446036
4933	1.08271e+06	971222
2013	430931	386311
5647	1.20964e+06	1.08376e+06
2492	521022	465909
7191	1.50089e+06	1.34411e+06
1583	372368	335495
2806	646681	580617
1449	341633	306971
5148	1.10258e+06	988053
7063	1.47554e+06	1.32036e+06
2716	582007	521091
208	43302	38853
6493	1.39073e+06	1.24616e+06
1615	363721	326036
2433	547675	491222
3163	660879	591278
1618	390228	350887
2926	627423	561479
2633	607080	544694
5524	1.15468e+06	1.03271e+06
4129	884205	792417
4020	904738	811535
1535	370548	332856
919	221974	199329
10474	2.24334e+06	2.00998e+06
2383	522761	469176
6473	1.3509e+06	1.20982e+06
938	221688	198761
1250	301808	271053
3530	756901	677353
6291	1.34687e+06	1.20724e+06
2896	620739	555776
1627	392822	352885
2181	502367	451224
7590	1.58474e+06	1.41878e+06
9057	1.89143e+06	1.69307e+06
3469	780596	700228
1058	255625	229426
1876	412095	369391
3691	830211	745149
3306	690886	617915
1482	350011	314025
593	143299	128665
8	1970	1734
7911	1.65195e+06	1.47884e+06
5102	1.06528e+06	953654
2533	584317	524004
3057	654587	586553
2069	454437	407283
2236	490560	440189
1096	264262	237701
1903	438989	393728
2166	510861	458827
3313	727759	652288
3390	762830	684379
686	165285	148763
5495	1.2067e+06	1.08188e+06
12919	2.69771e+06	2.41507e+06
2140	505109	453356
2119	488253	438301
3004	691985	621441
3225	691095	619028
801	193837	173707
1163	280661	252111
4908	1.07804e+06	966325
5234	1.14969e+06	1.0306e+06
1241	285643	256651
1019	245752	220989
4383	914900	819322
3568	744831	667008
7989	1.66814e+06	1.49325e+06
2235	527690	473642
4285	940412	843749
2857	642683	576661
980	236535	212558
1217	287127	257901
1735	409465	367767
841	198466	178171
1079	260712	233965
34	8051	7204
610	147469	132301
1633	376592	337776
2343	540141	484776
3153	709588	636505
2237	503765	451769
1107	267405	240085
2959	681264	612226
4612	1.01434e+06	908074
2793	598570	535897
4197	922649	826400
3037	667654	597973
944	222723	200008
6988	1.49739e+06	1.34105e+06
3917	881178	790862
4406	943757	845448
3933	821403	735293
3389	762476	684233
1797	404175	362828
1459	344106	309149
2554	574851	515624
3158	728486	653256
3829	840437	753887
1384	326609	293248
6116	1.30975e+06	1.17375e+06
6645	1.42347e+06	1.2753e+06
1488	351702	315296
1143	263737	236586
1626	392199	352573
48	11028	9932
1050	253680	227721
1062	250262	224945
2874	646517	580232
2201	531939	477320
1512	356581	320408
1658	390863	351259
4031	906713	813836
6031	1.29094e+06	1.15725e+06
1316	303626	272208
8704	1.81706e+06	1.62681e+06
3423	715244	639991
3998	856587	767204
5532	1.18452e+06	1.06159e+06
5303	1.16516e+06	1.04413e+06
2400	527166	472556
2060	474504	426135
1995	460263	412814
4205	946476	848948
5027	1.07504e+06	964720
1334	314868	282638
1855	427365	383793
5530	1.15537e+06	1.0338e+06
4351	955234	856611
657	158820	142483
2074	477539	429035
3514	733892	656844
1404	315706	283479
74	16659	14930
7556	1.57856e+06	1.41249e+06
8213	1.71521e+06	1.53542e+06
3491	766617	687379
3149	743186	667196
1371	323353	290473
2602	557646	499374
1525	359810	323079
2644	566323	507382
5444	1.19595e+06	1.07182e+06
7318	1.52724e+06	1.36761e+06
5188	1.08296e+06	969735
2320	547174	491512
1871	420533	377767
1447	333542	299402
2740	616297	553108
3874	850551	762742
6931	1.48398e+06	1.32998e+06
3743	782253	699709
3057	654587	586553
2779	625625	561064
5573	1.22442e+06	1.09729e+06
2249	518819	465353
4864	1.01554e+06	909122
6866	1.43368e+06	1.28334e+06
1876	432347	388109
2590	582788	522836
5886	1.22701e+06	1.10038e+06
5658	1.21232e+06	1.08582e+06
866	204134	183443
2778	624634	560870
2095	459989	412438
99	21870	19517
7202	1.54292e+06	1.38206e+06
4449	1.02514e+06	920226
819	197849	177695
1039	251216	225357
758	182994	164363
3342	732983	657987
6948	1.48854e+06	1.33336e+06
839	198076	177761
5650	1.20973e+06	1.0841e+06
2320	509780	456656
3591	788865	707015
8679	1.8118e+06	1.62243e+06
3743	782253	699709
914	220524	198228
3780	829747	744121
3154	675410	605149
5967	1.34184e+06	1.20464e+06
7903	1.73558e+06	1.55626e+06
10239	2.19278e+06	1.96468e+06
12335	2.57572e+06	2.30559e+06
2603	586399	525506
1306	315553	283243
1402	338435	304040
4478	958806	859368
1332	314313	282211
2020	454992	407718
4771	1.02162e+06	915567
2994	673524	604552
1251	288464	258820
3750	823463	738207
2654	569204	509299
3141	723849	649784
120	25779	23027
798	192408	173085
8967	1.87287e+06	1.67642e+06
1240	298962	268850
1521	358523	322340
1229	296960	266502
4339	929090	832759
8688	1.81432e+06	1.6242e+06
2203	531780	477707
936	226158	203053
1168	275795	247485
1070	252394	226716
4743	1.01472e+06	910073
4882	1.04506e+06	936999
3936	822127	735625
5878	1.22694e+06	1.09878e+06
4818	1.03211e+06	924623
3456	759440	680455
1592	384301	345199
1808	416549	374108
1778	419455	376630
3165	661168	591686
1696	381963	342373
167	34883	31201
7046	1.4709e+06	1.317e+06
1969	465168	417339
1788	421364	378832
2100	483836	434461
983	237314	213091
573	138394	124223
5414	1.13095e+06	1.01207e+06
5256	1.09751e+06	982456
1225	289048	259602
3046	718997	645401
1068	252077	226217
6292	1.3143e+06	1.17617e+06
1711	404043	362553
4177	939756	843169
1537	371079	333296
2691	591525	529744
3144	656470	587796
1590	366333	328987
5828	1.21711e+06	1.08949e+06
1466	337461	303249
6037	1.26158e+06	1.12843e+06
4463	955855	856418
4084	896618	803986
3289	687082	614765
2177	513314	461256
691	166915	149810
2380	534978	480375
1133	273332	245677
1936	446246	400522
2883	648649	582137
2242	492923	441548
1330	320846	288430
23	5531	4997
2527	582438	522789
2180	502438	450984
824	199081	178701
1698	391916	351273
2295	516042	463287
3039	667339	598328
4010	858997	769590
4970	1.0379e+06	929075
1378	325270	291918
2388	551026	494003
4208	969566	870577
936	226158	203053
2635	606823	545044
1487	342779	307667
2052	483725	434800
6937	1.44906e+06	1.29678e+06
2214	509942	458019
5497	1.14802e+06	1.02742e+06
2167	487745	437350
2901	668874	600217
2007	451950	405079
1039	245106	220141
3212	704511	632348
1072	258572	232509
5343	1.1731e+06	1.05186e+06
1116	269877	242053
1569	369790	332412
1254	302362	271915
1049	253284	227447
989	238667	214482
2883	617418	553218
3896	855725	767212
34	7922	7196
1437	338800	304411
3561	762301	683375
3399	764092	686216
1209	278761	250037
1163	274573	246416
1822	419749	376861
5419	1.16118e+06	1.04009e+06
5835	1.31309e+06	1.1779e+06
3321	746812	670346
2903	669144	600451
1881	422995	379765
3606	810918	728017
3970	892905	801553
4129	884205	792417
1404	323487	290507
1519	357764	321740
1463	345337	310016
3132	705161	632282
2157	497065	446248
2966	651357	584084
2642	579802	520110
3535	738620	660773
4969	1.06428e+06	953628
7500	1.64601e+06	1.47677e+06
50	11532	10332
1908	439881	394786
4534	996498	892713
945	228463	204972
4476	935035	836744
1545	356120	319679
2573	578921	519322
2899	651630	585077
3829	841080	753994
5188	1.08296e+06	969735
2069	465583	417846
6617	1.38242e+06	1.2368e+06
7294	1.56283e+06	1.39969e+06
1799	424749	381088
1354	318696	286861
3769	847958	760928
5043	1.08043e+06	967846
1330	320846	288430
5480	1.20323e+06	1.07891e+06
1865	419638	376464
1926	443947	398485
2049	472470	423816
2634	578801	518540
4340	953458	854580
6185	1.2923e+06	1.15598e+06
4754	1.04336e+06	935991
744	179382	161345
9987	2.13834e+06	1.9164e+06
4099	900447	807181
3822	818392	733456
84	18864	16967
2628	591525	530610
5844	1.25209e+06	1.12146e+06
592	142812	128396
3550	760407	681252
1288	303730	272945
3397	746130	668907
752	177314	159277
702	169552	152258
2812	617003	553608
694	167563	150529
4439	950193	851760
1842	445050	399411
2501	562942	505043
6132	1.28072e+06	1.14618e+06
5102	1.12058e+06	1.00468e+06
1781	420266	377469
2788	626910	562875
1781	420266	377469
7156	1.53323e+06	1.37341e+06
2473	543642	486996
2829	635950	571012
2701	607879	545210
2302	530588	476309
8960	1.87076e+06	1.67494e+06
1225	289048	259602
1813	417662	375061
12234	2.55549e+06	2.28694e+06
81	17861	15951
5832	1.24994e+06	1.11934e+06
3379	742235	665303
3512	752189	674069
7268	1.51778e+06	1.35872e+06
824	194173	174571
1855	427933	383820
6325	1.35438e+06	1.21405e+06
1159	279786	251357
4738	989293	885640
2390	537361	482477
4280	894277	800084
5277	1.12995e+06	1.01277e+06
1067	257390	231440
3649	781751	700297
1555	349649	313809
5488	1.14609e+06	1.02602e+06
6641	1.42209e+06	1.27442e+06
2637	622369	558769
2395	551687	495453
949	223516	201065
8625	1.80013e+06	1.61205e+06
3186	682211	611361
3773	828639	742725
3457	759182	680743
7437	1.55315e+06	1.39013e+06
7832	1.63555e+06	1.46398e+06
1151	277780	249612
142	30309	27254
4438	950441	851763
738	178253	160029
749	181105	162526
1141	262605	236016
3302	724874	650086
1482	350011	314025
4596	959656	859208
4206	878365	786225
6601	1.37926e+06	1.23379e+06
8254	1.72346e+06	1.54285e+06
3314	746442	669181
2397	539248	483915
3180	715000	641886
3534	814432	731084
1254	288811	259507
3956	826371	739521
4856	1.03997e+06	932155
4649	996747	892350
1292	311920	280271
617	149060	133791
645	155831	139903
2101	507370	455703
1573	371074	333333
200	41839	37361
5552	1.15948e+06	1.03784e+06
1591	384017	344924
1623	364865	327672
1582	381545	343035
4094	876623	785542
1031	243133	218433
1110	262407	235239
2119	488253	438301
709	171400	153758
4354	956646	857188
1118	257709	231304
1050	247860	222471
6017	1.2577e+06	1.12474e+06
5762	1.203e+06	1.07713e+06
4797	1.07972e+06	968402
1728	407933	366175
1738	391615	350896
2931	691189	620970
2395	551687	495453
882	208485	186817
2082	479859	430663
3449	756793	679016
18	4333	3910
927	218881	196433
3201	704007	630281
2119	500146	449035
881	208180	186680
2114	463671	416131
3821	839391	752305
5136	1.07206e+06	960155
4174	916708	821722
1461	337250	302332
1419	327161	293592
524	126642	113647
2874	646517	580232
602	145691	130629
1412	340899	306257
1698	391916	351273
946	222961	200444
1141	274912	247367
1092	263686	236795
5836	1.25029e+06	1.12007e+06
2151	507880	455722
1654	390323	350348
2365	545300	489197
4122	949888	852837
2914	655238	588289
6472	1.42116e+06	1.2744e+06
21	4913	4446
2240	491973	441064
2823	650422	583955
2102	461473	413808
2710	581032	520085
1213	279998	250990
1232	284402	254929
1004	242041	217738
3874	850551	762742
1122	271035	243331
1895	426154	382505
1942	437822	392031
778	183651	164837
830	196238	175912
862	208459	186926
1895	446971	401446
1333	307524	275792
1521	359049	322303
7194	1.5018e+06	1.34482e+06
34	7810	7025
57	12889	11533
66	14557	12994
90	19245	17285
142	29586	26532
4354	932327	835586
1599	377459	338799
5485	1.17453e+06	1.05247e+06
3200	719798	646027
5501	1.23897e+06	1.11058e+06
3915	859650	770903
3892	875273	785749
3014	694633	623566
3454	720569	645697
8490	1.81941e+06	1.62925e+06
2828	605876	542743
6878	1.4361e+06	1.2858e+06
4000	899546	807522
5332	1.11449e+06	996758
1388	327675	294081
1561	368224	330804
4771	1.02162e+06	915567
1726	388512	348379
1281	295528	265021
1527	343591	308298
1147	270904	243072
2656	611579	549417
2584	567552	508702
1670	376294	337176
2130	490534	440608
2547	559197	501470
1009	232211	208749
1519	342296	306695
4257	933948	838006
7283	1.59885e+06	1.43387e+06
1283	309499	278218
5143	1.10103e+06	986947
6401	1.3362e+06	1.19675e+06
2145	495226	443751
5416	1.1891e+06	1.06633e+06
5126	1.1248e+06	1.00923e+06
3314	746442	669181
1447	333687	299375
2709	579855	519938
2295	516042	463287
1215	279760	251297
1994	438243	392711
2175	501443	450009
4405	942428	845334
4983	1.06766e+06	956183
2278	524930	471133
6292	1.3143e+06	1.17617e+06
1911	440628	395321
10381	2.16853e+06	1.94057e+06
1669	375166	336936
3464	723204	647449
918	221448	199064
1613	372145	333647
1105	266500	239541
2344	514812	461623
3536	795305	713825
2315	508411	455766
9483	2.03111e+06	1.8197e+06
2853	641828	576089
2158	474209	424983
1210	292213	262421
3476	744509	667017
1379	310114	278307
3351	718034	643238
5569	1.19285e+06	1.06874e+06
1924	454059	407787
6644	1.42291e+06	1.27499e+06
2968	668819	599264
6940	1.48696e+06	1.33178e+06
3023	680297	610326
2550	574034	514904
2257	495597	444406
2274	511784	459055
1505	354923	318862
4746	1.04225e+06	934422
3163	677756	607028
3739	821079	736175
11558	2.41415e+06	2.16034e+06
3045	651575	584266
2726	584096	523307
878	211717	190437
1690	408157	366481
6958	1.45306e+06	1.30057e+06
2450	565165	506916
4286	895250	801232
4203	878710	785975
1835	402558	361343
1285	303237	272289
8233	1.71882e+06	1.53879e+06
1689	398776	357892
3989	875028	785259
3437	755170	676663
2858	611961	548285
3047	669386	599845
3963	870345	780118
2017	464801	417173
6314	1.35246e+06	1.21171e+06
3577	746949	668662
5040	1.07912e+06	967250
3614	754491	675470
3431	771693	692556
3571	746012	667519
2263	534375	479499
8683	1.81277e+06	1.62287e+06
644	155488	139706
1307	308529	276955
2412	516965	462947
5255	1.12515e+06	1.00846e+06
4608	987154	884477
3450	720929	644823
3966	850430	761124
2851	641741	575558
7791	1.62658e+06	1.45613e+06
1402	338984	304037
6259	1.30639e+06	1.17e+06
5367	1.12086e+06	1.00321e+06
1205	290786	261364
5037	1.07872e+06	966583
720	174155	156071
2094	504880	454118
3385	707004	632718
1390	335452	301391
1691	390244	349885
4354	956646	857188
2638	564564	506190
4571	1.00356e+06	899707
2217	510951	458569
1661	373768	335325
922	217555	195354
3030	682158	611705
6357	1.32733e+06	1.188e+06
3131	721975	647663
1989	447618	401563
5482	1.1453e+06	1.02481e+06
1800	415633	372436
3039	667339	598328
6235	1.30169e+06	1.16541e+06
2870	599677	536521
4807	1.00342e+06	898429
3631	797190	714725
5993	1.28448e+06	1.15002e+06
1957	461769	414684
1699	401258	360045
1273	307245	276069
901	217402	195422
951	229732	206253
2824	666048	598421
1054	254367	228631
6319	1.31948e+06	1.1813e+06
957	225582	202812
1256	303221	272404
1766	416859	374218
1239	285565	256256
2381	536042	480477
1432	345566	310576
4535	971209	870524
7267	1.5175e+06	1.35839e+06
3083	693140	622383
2260	520497	467428
4242	955830	856281
2416	543900	487732
2743	631459	567418
1825	430668	386753
3976	915775	822481
1177	277659	249391
1096	264262	237701
1506	355333	319082
696	168109	150979
749	180818	162481
1235	291379	261689
1860	438705	393990
1248	301548	270706
1270	292711	262789
1630	367319	329074
2585	595747	534863
5661	1.24372e+06	1.11463e+06
3177	697609	625425
7470	1.60062e+06	1.43358e+06
4192	897465	804421
5889	1.22931e+06	1.1008e+06
2128	467476	419029
3222	725438	650451
3666	824869	740044
2464	567834	509759
1135	274104	246167
5392	1.21313e+06	1.08854e+06
2125	489739	439542
1525	359810	323079
929	219234	196864
9118	1.90451e+06	1.70457e+06
5161	1.077e+06	964814
984	232028	208421
2680	617412	554514
3225	708125	634998
1685	398071	357041
2035	479807	431207
1617	372717	334513
1763	405893	364688
1823	411024	368015
3444	774833	695228
2345	514684	461834
4126	906518	812459
3997	877588	786914
3155	658067	589700
2884	617270	553384
4147	911185	816501
1240	299625	268902
2460	593206	533533
2176	477771	428451
5836	1.25029e+06	1.12007e+06
2711	595111	533643
4975	1.09174e+06	979411
3372	758719	680696
4619	1.0145e+06	909408
778	187953	168673
7120	1.56337e+06	1.40193e+06
2180	502438	450984
2675	602205	540069
1500	362053	325226
4010	858997	769590
1247	287677	257991
2805	646226	580393
5321	1.13876e+06	1.0211e+06
4072	871979	781512
1459	344209	309125
3669	806050	722349
3516	791180	709731
2254	519191	466227
3853	867379	777828
1288	311150	279247
2188	492404	441810
4609	1.01106e+06	907459
6065	1.29886e+06	1.1641e+06
7628	1.59262e+06	1.42594e+06
2400	540430	484672
1418	326785	293329
1115	269026	241815
6520	1.36121e+06	1.21872e+06
5013	1.04696e+06	936936
3208	686834	615616
3486	728374	651748
5527	1.18443e+06	1.06064e+06
3366	793510	713145
6358	1.36141e+06	1.22008e+06
4333	951884	853129
9108	1.95056e+06	1.74803e+06
2788	626910	562875
2055	485071	435394
1721	387266	347368
6085	1.30419e+06	1.16762e+06
1312	316831	284544
4876	1.04447e+06	935710
3246	730870	655374
1992	459080	412099
3033	666120	597159
1568	370087	332138
3227	709557	635337
1848	415279	373145
4994	1.09735e+06	983408
6780	1.41608e+06	1.2673e+06
4669	1.07611e+06	965745
3797	793437	709698
553	133283	119864
7849	1.63813e+06	1.46722e+06
5761	1.23398e+06	1.10565e+06
11404	2.38124e+06	2.13168e+06
3821	839391	752305
2325	510545	457848
2786	641948	576295
5954	1.24295e+06	1.11287e+06
1766	416445	374210
4268	936836	840480
892	215198	193457
7590	1.58474e+06	1.41878e+06
1145	276036	248412
2082	480099	430883
2708	609967	546754
3932	842979	754465
2413	529752	475087
4171	893900	800304
6537	1.47012e+06	1.3198e+06
820	193544	173677
7226	1.50863e+06	1.35045e+06
510	123092	110609
4983	1.06766e+06	956183
3792	853881	765529
2996	641575	574921
6551	1.40283e+06	1.25705e+06
1675	395478	354934
5186	1.11109e+06	995127
2475	570686	511926
1028	242431	217695
5573	1.19373e+06	1.0692e+06
3444	737998	660879
861	208319	186791
1127	271889	244424
885	213777	191961
7194	1.5018e+06	1.34482e+06
4970	1.0379e+06	929075
540	130533	117075
2830	605851	542937
2942	662065	594072
1850	436625	391968
3755	825463	739423
4798	1.00209e+06	896907
1249	294831	264646
1163	280661	252111
8286	1.81957e+06	1.63132e+06
1063	245000	219909
3202	685927	614470
5159	1.07704e+06	964342
707	166956	149694
1597	376664	338423
6235	1.30169e+06	1.16541e+06
3658	763805	683782
5243	1.15194e+06	1.03248e+06
548	132036	118837
11009	2.35783e+06	2.11258e+06
3312	745504	668558
6813	1.42168e+06	1.27351e+06
1274	300653	269922
740	174312	156745
8262	1.72563e+06	1.54439e+06
1192	281218	252468
3841	843364	756189
1556	350001	313998
4925	1.05497e+06	945146
908	209217	187908
1658	390863	351259
6741	1.4447e+06	1.29386e+06
13535	2.82604e+06	2.53017e+06
807	190839	170990
3967	828881	741622
986	227186	204005
4348	954664	855979
1669	384715	345245
1935	445839	400275
2192	505272	453557
2274	511743	459043
527	127505	114251
629	151941	136437
578	139662	125356
5124	1.0982e+06	983271
1607	370118	332394
1987	435798	391129
8075	1.68624e+06	1.50941e+06
1229	276201	248145
1288	311150	279247
6155	1.28505e+06	1.15073e+06
1068	246348	220993
1259	303761	273089
2249	518819	465353
1405	316604	283679
5745	1.23122e+06	1.10246e+06
2452	551198	494982
1454	350991	315353
4249	886459	794288
802	189578	169919
839	197765	177792
1625	383540	344326
6372	1.33153e+06	1.19109e+06
2947	647291	580289
848	200564	179675
2966	667464	598849
1609	380103	340993
531	128297	115152
2218	499514	447766
6347	1.32616e+06	1.18647e+06
2540	544563	487405
2374	547029	490997
1747	384247	343921
2525	582240	522283
1850	436625	391968
1348	303219	272154
1385	319347	286588
1901	417387	374293
7214	1.50588e+06	1.3485e+06
3513	733695	656759
3314	727907	652349
2372	572365	514511
2994	673524	604552
1115	256825	230614
3138	689811	617803
4084	896618	803986
2197	506394	454617
1283	309499	278218
1047	241192	216656
585	141507	126940
1920	452985	406781
3959	868917	779484
3870	829176	742698
1138	262612	235389
766	180762	162233
1072	258572	232509
571	137983	123811
3205	670300	599185
2131	456451	408998
2525	582240	522283
3311	780886	701478
1943	426706	382356
2431	521115	466558
4183	896230	802803
1576	354538	318162
2978	669845	601249
4510	1.03869e+06	932965
3911	836963	750396
763	179960	161715
5419	1.16118e+06	1.04009e+06
452	109131	98013
1447	325348	292034
1219	294266	264416
1028	236891	212661
1561	351255	315080
637	150313	135021
2711	565408	506698
3432	771989	692783
2915	608890	544983
0	0	0
775	183342	164169
2568	550616	492848
2685	618684	555421
5335	1.11388e+06	997259
1094	252204	226297
2193	481535	431750
5051	1.08189e+06	969291
4130	907472	813249
4830	1.00874e+06	902932
6099	1.37249e+06	1.23101e+06
631	152420	136862
2103	484468	435044
624	150860	135407
5102	1.06528e+06	953654
6617	1.38242e+06	1.2368e+06
1946	427358	383059
1703	401709	360725
887	204753	183525
3209	721913	647862
4754	1.04351e+06	935852
0	0	0
3103	647773	579972
1454	327283	293518
2071	454905	407601
1627	392822	352885
1057	243822	218761
1138	274370	246753
1914	430712	386401
1479	332923	298617
2722	583140	522425
5260	1.12679e+06	1.00928e+06
772	186774	167379
8207	1.80145e+06	1.61583e+06
3432	771989	692783
1924	454059	407787
3632	817146	733189
0	0	0
788	185888	166929
6251	1.30574e+06	1.16861e+06
2359	544000	488056
1220	274682	246292
5997	1.28401e+06	1.15082e+06
2478	530745	475438
858	206882	186046
694	167563	150529
801	193837	173707
1538	362279	325857
2658	569601	510123
1254	302576	271925
1997	437912	393097
3441	718872	643326
1910	420013	376065
6512	1.35934e+06	1.21745e+06
1519	357764	321740
10611	2.27242e+06	2.03637e+06
1443	324498	291197
0	0	0
1084	249867	224289
3144	707450	634752
1557	341409	306551
7461	1.55759e+06	1.39469e+06
2556	547232	490568
3102	647024	579846
4851	1.06532e+06	955075
2178	501561	450579
1706	402448	361315
949	223516	201065
1062	250262	224945
3204	669270	598896
13088	2.73324e+06	2.44648e+06
2481	531461	476226
1876	412095	369391
1204	283738	255096
2965	619212	554162
904	213025	191532
0	0	0
1482	333504	299159
2915	656634	588521
2602	557646	499374
2142	459324	411133
581	140440	125975
4176	917322	822074
3112	650394	581805
722	174169	156575
2878	647832	580890
2411	555599	498810
6316	1.35378e+06	1.21202e+06
4159	913276	818809
1254	288811	259507
1447	333542	299402
1529	352328	316291
0	0	0
2032	446935	400125
853	201641	180728
2546	532419	475854
5451	1.1679e+06	1.04613e+06
2235	527690	473642
661	159436	143324
3144	656470	587796
1442	348021	312766
1001	236107	212124
608	146882	131879
2467	541882	485737
3838	842438	755859
3225	725742	651180
6734	1.40593e+06	1.25873e+06
4754	1.04351e+06	935852
978	235875	212118
4980	1.06703e+06	955662
1055	248829	223562
7961	1.66205e+06	1.48821e+06
744	179382	161345
1738	391615	350896
2020	454992	407718
0	0	0
2543	544515	488038
6223	1.29957e+06	1.16355e+06
2450	565165	506916
1086	250326	224645
2220	499153	448171
1926	443947	398485
2095	493450	443841
1411	325294	291930
1432	345294	310640
885	208638	187476
576	138905	124938
762	184164	165254
4287	941464	844058
902	212635	191091
1379	325167	292224
1093	252651	226118
1281	295891	265069
791	186692	167626
3207	669720	599475
46	11008	9957
2240	491973	441064
2691	591525	529744
1050	247860	222471
1516	341089	306071
2759	635252	570751
1801	405911	363660
1928	454375	408355
2812	618070	553651
469	113146	101703
1353	327010	293272
1016	239222	215237
5591	1.19761e+06	1.07284e+06
1227	283064	253877
3893	854744	766466
1063	245030	219917
45	10613	9532
5335	1.14323e+06	1.0239e+06
2069	454437	407283
1875	432453	387865
1665	374784	336198
3561	762301	683375
1641	369311	331312
2828	605876	542743
3852	866207	777672
2354	516920	463395
2734	630646	565627
603	142289	127726
1447	333687	299375
1420	327046	293811
6901	1.44038e+06	1.29012e+06
3671	785703	704476
1908	449813	404233
3158	728486	653256
1491	335558	300964
5997	1.28401e+06	1.15082e+06
75	17267	15517
1438	331438	297536
2644	566323	507382
4476	935035	836744
3464	723204	647449
4955	1.08787e+06	975643
3137	671526	602137
2249	493585	442821
2218	487617	436764
3613	812874	729330
2452	551310	495134
105	23758	21179
889	205080	183965
3332	713370	639502
1915	431034	386555
1989	447618	401563
3462	760615	681582
2711	595111	533643
4360	934396	836778
3444	737998	660879
5246	1.09452e+06	980569
4249	886459	794288
598	144108	129653
4563	952684	852904
2701	607879	545210
2583	595366	534414
3602	811894	727277
4760	1.04513e+06	937119
6145	1.31555e+06	1.17919e+06
2037	447594	401059
3431	771693	692556
3289	687082	614765
6593	1.41208e+06	1.26525e+06
3902	815122	729516
4864	1.06854e+06	957665
133	29062	26180
1251	281664	252479
2901	621626	556797
2763	591957	530242
2569	563811	505816
1662	364980	327249
631	152420	136862
3675	767270	686903
3533	738138	660382
783	189097	169837
7776	1.62337e+06	1.45343e+06
3373	722468	647208
844	199066	178810
1033	248946	224014
2609	558858	500768
878	211717	190437
1716	386314	346309
8046	1.68058e+06	1.504e+06
6208	1.32981e+06	1.19138e+06
202	43242	38739
2217	475512	425480
6564	1.37079e+06	1.2269e+06
2612	545761	488265
4229	883424	790487
582	141122	126271
5152	1.10408e+06	988587
1149	265138	237645
904	213025	191532
1135	268100	240467
702	169552	152258
838	202723	181721
3121	651739	583439
1842	445050	399411
1302	306970	275780
1307	308529	276955
7701	1.60824e+06	1.4396e+06
212	44158	39660
4205	946476	848948
1994	448590	402590
1213	293028	263065
564	135990	122311
1485	334859	299758
882	208485	186817
1559	359633	322575
1227	283064	253877
1886	434748	390172
823	194323	174385
7461	1.55759e+06	1.39469e+06
1069	252393	226469
2637	622369	558769
1552	357583	321051
1150	264973	237877
4146	866062	774941
1800	415633	372436
3457	759182	680743
573	138275	124208
1824	430831	386574
1215	279760	251297
2111	463621	415569
820	193341	173696
4571	1.00356e+06	899707
2060	463581	415883
650	156682	140984
2546	573240	513962
1716	386314	346309
709	171285	153751
3534	814432	731084
1874	452508	406415
818	193224	173278
2061	464450	416066
1584	356119	319756
2486	573790	514380
2416	543900	487732
877	207026	185808
2662	571035	510936
1661	373768	335325
2308	507295	454469
1136	262368	234999
1401	337804	303930
2578	607525	546107
3542	816312	732874
4785	1.07638e+06	966098
6606	1.44978e+06	1.30066e+06
2735	600816	538433
949	223767	201064
1847	435676	391363
3366	739063	662710
2308	507295	454469
1093	264037	236995
4797	1.07972e+06	968402
3177	697609	625425
1431	329645	296050
1822	409494	367813
2480	544764	488218
3157	676056	605855
4009	836523	749364
8345	1.78582e+06	1.60131e+06
1115	256624	230616
3195	719050	645102
6356	1.32736e+06	1.188e+06
1195	275556	247239
3249	678366	607353
2176	477771	428451
2864	629339	563779
2123	466329	418022
955	231073	207203
1507	338636	304220
2544	586240	526147
4483	960179	860549
2653	583112	522257
3480	746066	667791
2899	621040	556265
1512	340026	305200
10492	2.19135e+06	1.96139e+06
5573	1.22442e+06	1.09729e+06
4410	968230	868173
6472	1.42116e+06	1.2744e+06
1646	370697	332289
4192	897465	804421
2830	605851	542937
1391	328251	294762
3682	788984	706616
2739	586614	525456
564	136302	122252
1442	348021	312766
2155	473428	424316
3448	775729	696216
594	143455	128911
4649	996747	892350
4349	907828	813060
1968	432460	387441
5514	1.15173e+06	1.03076e+06
5687	1.2177e+06	1.09153e+06
2183	479603	429810
3571	745971	667420
3513	733695	656759
5993	1.28448e+06	1.15002e+06
2000	460804	413751
8490	1.81941e+06	1.62925e+06
5161	1.077e+06	964814
721	170574	152785
4507	941372	842240
3371	703745	630138
4679	1.02742e+06	921178
2716	582007	521091
2645	566399	507562
2899	621040	556265
7120	1.48831e+06	1.33084e+06
2889	619120	554567
2521	567642	508949
10381	2.16853e+06	1.94057e+06
1088	250969	225026
3263	681376	609846
5962	1.27757e+06	1.14416e+06
1547	365159	327713
3306	690886	617915
769	185497	166788
636	153414	137946
3448	719998	644493
629	151669	136406
3356	736991	660798
1447	325875	292166
772	186774	167379
7364	1.53826e+06	1.37666e+06
2374	573402	514724
1983	436264	390441
2528	541524	485145
3247	695725	623135
659	158989	142967
7202	1.54292e+06	1.38206e+06
610	147469	132301
1176	283820	254929
1115	269026	241815
876	211554	190078
3123	652089	583685
1029	243139	217990
4619	988666	886389
822	193736	174167
1055	248829	223562
3385	797831	717149
1690	408157	366481
881	207898	186632
2095	493450	443841
1568	370087	332138
7267	1.5175e+06	1.35839e+06
896	211304	189860
1079	260712	233965
839	198076	177761
1690	398068	358038
1229	289933	260443
1465	337612	303063
1213	279708	251020
802	193611	173921
5643	1.17901e+06	1.05477e+06
5762	1.203e+06	1.07713e+06
1438	331438	297536
1922	432805	387992
1488	351702	315296
2568	564649	505663
2074	477539	429035
1132	261545	234242
3298	706258	633068
4631	1.06709e+06	958013
542	130949	117501
2263	534375	479499
2082	480099	430883
1660	373741	335181
1107	261430	234573
1209	278761	250037
1697	391476	351153
2229	513308	461090
3571	745971	667420
1994	448590	402590
2778	624634	560870
6428	1.44626e+06	1.2976e+06
1567	352860	316351
2653	583112	522257
757	178652	160381
4111	858435	768559
2204	507881	455878
888	209430	188215
2265	497592	446036
3131	721975	647663
1420	327290	293744
2942	662065	594072
8967	1.87287e+06	1.67642e+06
1555	349649	313809
2306	518503	465380
3042	684180	614062
1097	252876	226958
1533	345157	309572
1892	415384	372580
2496	534853	478899
3085	644152	576710
4242	955830	856281
3841	843364	756189
5124	1.0982e+06	983271
5661	1.24372e+06	1.11463e+06
6372	1.33153e+06	1.19109e+06
7470	1.60062e+06	1.43358e+06
8265	1.8153e+06	1.62724e+06
3750	823463	738207
471	113588	102130
3247	695725	623135
4073	850438	761390
2178	478506	428875
2896	620739	555776
1931	434795	389826
9118	1.90451e+06	1.70457e+06
2759	635252	570751
2102	461473	413808
2991	657387	588958
723	174375	156777
1272	293337	263140
2460	593206	533533
4081	896615	803485
10534	2.25632e+06	2.02166e+06
652	153716	138095
4818	1.03211e+06	924623
4073	850438	761390
1004	242041	217738
2790	598047	535369
3568	744831	667008
2581	566869	508195
2709	579855	519938
3908	837602	750025
629	151669	136406
1029	242856	218013
13274	2.77277e+06	2.48165e+06
1017	234196	210340
5410	1.15879e+06	1.03817e+06
6037	1.26158e+06	1.12843e+06
732	176946	158703
1141	262933	236039
2965	666601	598617
3496	749284	670961
3458	721956	646378
6468	1.35056e+06	1.20894e+06
3385	707004	632718
4842	1.01098e+06	905276
1279	287698	258170
506	122214	109725
1359	313245	281042
983	237314	213091
1020	240837	216187
4166	870611	778784
1149	277405	249098
732	176946	158703
1722	387671	347660
1755	385912	345436
3852	866207	777672
1859	418210	375243
3366	793510	713145
766	180594	162286
1360	313196	281316
1388	327675	294081
778	187953	168673
789	190635	171127
1639	386559	347319
2310	494724	443297
2451	538155	482399
1959	441269	395532
822	193736	174167
1077	248438	222810
1028	242431	217695
1099	259287	232802
3965	871006	780805
1686	379131	340346
2322	534712	480368
2805	585766	524287
3334	714248	639767
2510	551300	494312
1378	325270	291918
1385	319347	286588
1525	351094	315496
1494	336167	301597
4037	842822	754557
3117	701677	629363
2292	503288	451242
3441	737598	660355
1020	240837	216187
4669	1.07611e+06	965745
4955	1.08787e+06	975643
1914	430712	386401
2068	465533	417539
1974	433843	388662
1911	440628	395321
4123	860572	770672
4026	884255	792636
696	168036	151011
5069	1.08659e+06	972786
2467	541882	485737
2679	588467	527582
2481	531230	476119
1132	261545	234242
2168	475631	426785
967	227969	204891
5220	1.11783e+06	1.00184e+06
3332	713370	639502
3465	742258	664877
3134	654444	585812
1371	315832	283605
1822	419749	376861
6463	1.35031e+06	1.20826e+06
4146	866062	774941
1918	431822	387196
4180	873312	781366
3001	643137	575732
1360	313196	281316
2550	574034	514904
6537	1.47012e+06	1.3198e+06
6593	1.41208e+06	1.26525e+06
2393	525221	471144
6275	1.31051e+06	1.17287e+06
1567	352860	316351
2939	630178	563934
8286	1.81957e+06	1.63132e+06
3700	772920	691702
8046	1.68058e+06	1.504e+06
3437	755170	676663
2573	578921	519322
1959	441269	395532
3188	682987	611766
3819	798289	713890
2178	478506	428875
4608	987154	884477
3397	746130	668907
11009	2.35783e+06	2.11258e+06
2510	551300	494312
3623	756659	677137
5482	1.1453e+06	1.02481e+06
4439	950193	851760
3441	737598	660355
2790	598047	535369
13535	2.82604e+06	2.53017e+06
5488	1.14609e+06	1.02602e+06
4123	860572	770672
3458	721956	646378
632	152442	137015
839	197994	177723
1212	279544	250843
1639	369224	330973
2170	476702	427246
2905	622195	557483
3594	751023	671723
506	122214	109725
766	180594	162286
1077	248438	222810
1494	336167	301597
1974	433843	388662
2481	531230	476119
3134	654444	585812
707	171058	153323
955	225062	202416
1274	293326	263467
1741	391517	351426
2273	499046	447564
2959	633629	567814
3674	767908	686823
1248	301548	270706
1685	398071	357041
2254	519191	466227
3246	730870	655374
4268	936836	840480
5573	1.19373e+06	1.0692e+06
6813	1.42168e+06	1.27351e+06
594	143455	128911
1084	261711	235166
632	152442	137015
896	211304	189860
1523	359160	322623
839	197994	177723
1272	293337	263140
1212	279544	250843
2128	490005	440132
1722	387671	347660
1639	369224	330973
2292	503288	451242
2834	637257	572031
1874	452508	406415
781	188412	169395
3001	643137	575732
3700	772920	691702
2170	476702	427246
2578	607525	546107
1110	262072	235137
3824	840431	752904
1259	303761	273089
812	195839	176122
2372	572365	514511
2905	622195	557483
1531	352715	316758
1609	380103	340993
3542	816312	732874
4880	1.0453e+06	936639
1086	256236	230046
2197	506394	454617
2093	471107	422563
3594	751023	671723
4785	1.07638e+06	966098
708	171124	153548
6041	1.26074e+06	1.12928e+06
1481	341052	306425
3311	780886	701478
965	227859	204357
2126	477782	429054
1325	305038	274137
2849	625697	560842
2791	613527	549479
1822	409897	367833
2978	669845	601249
3670	785730	704292
6606	1.44978e+06	1.30066e+06
3605	772358	691736
4510	1.03869e+06	932965
2337	513018	460204
1028	248073	222875
4409	920787	824166
3035	649459	582315
3811	795566	712355
6099	1.37249e+06	1.23101e+06
4531	946497	846917
8345	1.78582e+06	1.60131e+06
4130	907472	813249
1417	334734	300288
8207	1.80145e+06	1.61583e+06
1963	451763	406079
5260	1.12679e+06	1.00928e+06
10492	2.19135e+06	1.96139e+06
10611	2.27242e+06	2.03637e+06
2750	620027	555099
6512	1.35934e+06	1.21745e+06
13088	2.73324e+06	2.44648e+06
3569	783646	702672
4546	973273	872315
5604	1.16968e+06	1.04742e+06
722	174169	156575
1001	236107	212124
1411	325294	291930
1801	405911	363660
2354	516920	463395
3137	671526	602137
3902	815122	729516
1394	336290	302324
1970	465188	417413
2821	650126	583639
3624	815159	731397
4933	1.08271e+06	971222
6291	1.34687e+06	1.20724e+06
7989	1.66814e+06	1.49325e+06
1213	293028	263065
1824	430831	386574
2486	573790	514380
3195	719050	645102
4410	968230	868173
5687	1.2177e+06	1.09153e+06
7120	1.48831e+06	1.33084e+06
2374	573402	514724
3385	797831	717149
4631	1.06709e+06	958013
6428	1.44626e+06	1.2976e+06
8265	1.8153e+06	1.62724e+06
10534	2.25632e+06	2.02166e+06
13274	2.77277e+06	2.48165e+06
