ibin	iptbin	itheta	r0	V	sigma2	chi	Vn Errors
0	0	0	0.2004	0.0496	526.1677	0.5223	0.0084
0	0	1	0.1905	0.0524	509.9920	0.5596	0.0045
0	0	2	0.2435	0.0410	571.8832	0.4136	0.1629
0	0	3	0.2318	0.0429	562.2647	0.4371	0.0704
0	0	4	0.1815	0.0548	494.9517	0.5942	0.0028


1	0	0	0.1852	0.0549	477.5105	0.5931	0.0024
1	0	1	0.1963	0.0518	495.8484	0.5493	0.0045
1	0	2	0.2013	0.0505	503.3378	0.5314	0.0061
1	0	3	0.2056	0.0495	509.1081	0.5176	0.0079
1	0	4	0.2045	0.0499	506.7474	0.5232	0.0071


2	0	0	0.2088	0.0501	489.6808	0.5219	0.0062
2	0	1	0.2055	0.0507	486.3152	0.5303	0.0053
2	0	2	0.2088	0.0500	490.4041	0.5201	0.0064
2	0	3	0.1965	0.0531	473.3839	0.5623	0.0032
2	0	4	0.1984	0.0525	476.7581	0.5540	0.0036


3	0	0	0.2007	0.0533	457.0353	0.5610	0.0028
3	0	1	0.2177	0.0492	478.3050	0.5062	0.0073
3	0	2	0.2110	0.0507	470.7836	0.5257	0.0050
3	0	3	0.2057	0.0521	463.6019	0.5442	0.0036
3	0	4	0.2057	0.0520	463.9691	0.5432	0.0037


4	0	0	0.2134	0.0513	452.5208	0.5293	0.0041
4	0	1	0.2213	0.0496	460.5925	0.5077	0.0062
4	0	2	0.2190	0.0501	458.1449	0.5143	0.0054
4	0	3	0.2225	0.0493	462.2501	0.5032	0.0068
4	0	4	0.2070	0.0529	444.4991	0.5507	0.0028


5	0	0	0.2227	0.0504	439.9188	0.5151	0.0047
5	0	1	0.2127	0.0529	428.2676	0.5475	0.0026
5	0	2	0.2250	0.0499	442.5686	0.5077	0.0055
5	0	3	0.2181	0.0514	435.4893	0.5274	0.0037
5	0	4	0.2324	0.0484	449.3043	0.4888	0.0083


6	0	0	0.2470	0.0465	441.6443	0.4624	0.0145
6	0	1	0.2301	0.0501	426.7865	0.5061	0.0051
6	0	2	0.2277	0.0506	424.3500	0.5131	0.0044
6	0	3	0.2175	0.0531	413.2773	0.5451	0.0025
6	0	4	0.2277	0.0505	424.7136	0.5121	0.0045


ibin	iptbin	avgmult	avgpt	Vn mean	Vn mean Error
0	0	241.4116	0.9024	0.0481	0.0037

1	0	235.9536	0.9019	0.0513	0.0014

2	0	230.4892	0.9014	0.0513	0.0030

3	0	225.0510	0.9008	0.0514	0.0015

4	0	219.6137	0.9001	0.0506	0.0020

5	0	214.1967	0.8995	0.0506	0.0023

6	0	208.8389	0.8986	0.0502	0.0070

ibin	Nevent	totmultall	avgmultall	avgtrk
0	445054.0000	107441204.0000	241.4116	216.8662

1	614833.0000	145072082.0000	235.9536	211.8722

2	845120.0000	194791026.0000	230.4892	206.8760

3	1145064.0000	257697844.0000	225.0510	201.8811

4	1528020.0000	335574094.0000	219.6137	196.8880

5	1985312.0000	425247206.0000	214.1967	191.9040

6	2455099.0000	512720247.0000	208.8389	186.9297

