1932.53	-2951.49	3366.91	1699.1	318.922	438.672	561.479	-303.4	588.402	
5528.51	22590.8	897.243	4158.51	17.298	-975.083	536.35	633.04	116.301	
1357.94	6567.06	-3924.09	-388.985	993.123	720.026	-46.2998	-363.279	-265.801	
-1206.43	7089.54	1701.81	2857.96	-1016.94	287.094	1284.42	-381.12	-42.7539	
70.7398	12711.5	864.472	978.405	1685.59	259.661	-762.018	814.405	642.682	

-1790.46	-5685.35	-1046.17	-1942.21	996.873	627.647	-372.117	49.3388	213.932	
276.196	-10899.7	-5681.99	-575.726	1280.01	2043.49	464.957	-353.324	155.102	
-2331.59	-3335.01	4927.15	1117.27	722.174	6.44532	451.75	224.61	-46.9336	
-5334.02	-5802.4	-1386.56	-1960.77	652.928	239.604	-831.89	101.092	-15.8366	
1290.6	1130.04	344.49	107.27	669.133	1137.81	207.31	38.2199	16.8076	

332.228	-4424.28	1520.6	1590.89	305.25	1233.76	91.3535	392.231	24.4539	
1077.93	76.3586	-1083.65	3125.74	3052.76	-934.574	-380.612	377.279	-271.89	
8920.85	3048.45	2543.56	1309.74	1593.34	151.535	59.1832	66.7845	283.32	
-2496.6	-1654.74	1096.95	1818.62	-1103.7	705.997	-59.1939	-127.357	-181.179	
1976.03	3101	-4336.84	89.622	-2639.61	1035.27	-1493.73	192.895	-272.4	

1678.34	-718.817	6742.14	739.762	-1009.81	871.068	28.3031	472.668	-235.433	
780.528	-77.5569	7428.48	292.982	306.044	1563.36	1689.73	23.0348	263.852	
-2079.66	768.034	1643.23	166.607	-531.899	195.505	453.038	264.751	-129.323	
6740.45	516.054	-1984.79	25.2585	-1279.25	-318.019	11.1519	367.213	-271.667	
2042.25	5269.24	5619.43	1131.93	2008.24	-706.218	-145.333	253.318	95.0692	

-690.466	-3095.84	3545.84	3528.75	976.637	-438.87	-162.92	638.802	-280.561	
4275.58	6578.66	7126.27	546.784	662.675	167.576	532.538	266.266	-380.161	
-4513.6	-6366.73	-3496.48	-2532.82	1126.27	-567.223	238.532	-112.993	-55.2126	
717.156	11738.6	688.804	1828.74	29.3372	710.79	-914.781	226.214	-216.502	
4226.87	4603.3	923.431	1428.17	262.929	829.577	-317.424	-105.621	-50.9035	

-3988.42	-11386.1	-1045.48	-1151.35	-885.401	-1665.25	-1084.84	-185.142	-98.3722	
-4395.35	-11265.9	-3615.22	1977.21	-483.757	64.7776	-373.388	-54.8185	143.708	
13.8834	-798.682	326.445	663.311	-713.009	-7.77629	83.0991	-213.302	228.76	
1466.91	1940.71	-2884.24	2944.11	1717.83	911.492	819.634	-177.82	328.098	
480.446	-1228.09	333.985	-181.276	300.142	454.705	419.761	-90.2882	148.887	

3640.9	6759.25	2117.94	1334.61	2207.04	130.289	39.1976	205.449	70.6792	
-3654.75	-2241.38	1449.33	1317.95	-12.7707	1504	952.319	-514.906	-23.8584	
-757.959	-2800.77	-1885.89	1786.71	1415.94	247.6	-399.924	47.4815	14.9914	
-2994.37	-4905.32	-3911.69	101.543	-920.599	-237.494	-146.862	-13.972	45.065	
-1843.54	-2095.95	-1766.66	-699.194	-1452.2	-750.756	-698.986	-262.492	-113.319	

5507.21	12012.3	4575.63	5693.22	1249.49	1020.53	-56.6875	455.322	43.316	
-1945.45	-7286.27	1303.06	1930.13	-3059.87	-827.053	-216.725	-300.431	-266.399	
502.654	-106.562	2502.02	-1994.1	-188.179	-25.6246	81.7916	-83.1465	-84.2235	
757.082	5111.68	177.332	1441.17	-679.452	-154.388	-641.04	-461.473	190.287	
5169.39	-3357.38	-3009.23	-182.948	-1372.45	290.454	-843.746	85.9962	124.455	

1201.82	-796.198	-5702.86	-908.885	-1219.24	-450.53	-173.565	-226.914	-65.8989	
-651.736	7319.37	3527.08	349.47	352.456	283.05	182.428	-446.66	71.9545	
1608.26	6064.9	4552.75	2951.94	1054.3	302.783	709.646	-70.805	216.194	
1355.12	-888.253	81.8481	-341.548	-74.8134	407.878	730.299	325.85	-3.25874	
1346.08	5227.31	2729.88	532.012	626.885	-115.788	745.936	616.182	-33.1507	

-3591.22	-9679.92	-3543.61	-704.345	-290.553	-341.68	-25.4594	-26.4946	-169.368	
-167.415	-2604.06	-285.833	1741.95	732.965	-147.07	-414.739	323.144	-4.9071	
5130.46	6247.27	4275.89	1441.79	1528.66	1011	108.363	118.526	-11.0955	
-1336.77	3437.99	-477.99	1539.14	644.64	583.846	502.254	-328.912	111.98	
-1785.9	-4517.08	-1063.95	750.442	-179.107	-748.451	-793.013	-435.099	-47.5413	

1207.68	3418.83	-1039.99	-1148.27	494.83	-662.781	110.583	216.028	7.16061	
3119	9283.31	2192.7	-2514.62	3196.3	446.785	828.66	-427.476	219.325	
-2472.83	-891.716	2122	-1249.23	-559.699	-428.919	-358.253	-291.487	166.639	
-1955.63	578.871	595.049	-58.9251	114.299	-420.354	-230.372	-33.3593	-165.465	
1653.44	10262.3	-106.598	397.603	904.638	-284.342	-147.084	-94.6138	87.1954	

-897.323	-1654.72	-692.606	-547.66	-281.415	-274.946	-193.609	-52.6714	67.9263	
-1384.91	-1441.73	147.481	-313.056	-632.25	-339.063	-276.714	24.9787	-2.07306	
-147.058	1065.06	515.517	105.094	-88.0032	-184.773	25.2656	110.601	-0.7156	
1246.6	684.961	219.826	-506.793	310.938	-273.03	-49.6956	-23.0056	-2.28688	
1810.23	4062.25	1715.29	511.05	359.568	190.677	150.591	55.8141	9.00849	

400.624	1000.83	744.549	-390.986	-327.637	130.443	35.3144	130.168	32.4292	
199.663	1148.64	910.136	-215.838	248.185	592.144	121.653	-18.2319	-35.7339	
-989.26	-314.907	205.751	198.339	151.861	149.738	91.1945	64.1446	35.8894	
1032.09	335.915	556.458	528.975	367.997	86.2325	79.7808	0.66522	-20.0825	
68.6298	130.888	104.309	508.688	-11.7082	-84.0829	-13.7413	83.9915	48.523	

412.209	-1245.21	-1369.91	-575.295	-280.554	-322.242	-223.106	10.595	-29.4412	
-797.538	-2784.7	-794.846	792.671	-439.896	-100.654	-368.76	45.6822	-86.1661	
-631.666	-98.0909	-281.482	-216.26	-526.652	22.4093	-9.44088	-90.3041	-34.1153	
261.662	507.487	888.991	470.189	-156.06	198.571	204.326	32.4361	36.5714	
-11.2598	-417.32	7.2978	156.621	-121.11	-151.713	-89.819	163.144	11.3549	

911.593	-231.745	-467.477	-266.044	199.041	-15.0119	199.393	-100.119	6.2121	
-511.967	-11.6551	-35.6969	-981.258	189.471	-228.899	8.00679	-82.625	-32.5449	
180.946	-510.021	259.829	-17.955	25.8514	22.2302	121.004	-56.679	19.8659	
78.8349	-155.497	245.074	27.1392	100.466	-181.385	10.8632	-1.51897	10.2608	
276.862	-330.201	372.851	-152.834	542.536	129.586	102.589	-54.4723	-31.3946	

737.421	-1012.9	-336.039	-20.6478	-36.3537	4.37877	-22.227	-3.04707	-10.9904	
21.8378	-1129.52	-312.626	-115.67	-274.043	-155.032	-92.752	-34.4848	6.35126	
204.583	1645.42	917.136	207.487	213.011	323.62	88.1161	53.4801	26.4417	
-95.9612	208.589	-426.101	-82.2863	-99.5035	38.4956	31.5622	6.61252	-27.5667	
-517.299	-1100.02	14.5539	-287.562	-54.1249	27.4205	-10.592	-6.76454	-18.6219	

-32.0994	-858.249	-819.308	-389.185	-191.81	-68.1701	29.164	-48.9272	-16.3764	
-759.915	-1020.3	413.872	-158.562	-183.73	-132.175	-80.7702	12.2975	-2.68329	
116.454	349.72	555.374	-376.315	-46.6598	35.0807	74.0674	-25.2082	-16.2342	
601.363	373.716	-165.819	4.74591	128.815	33.8859	30.668	-104.671	-4.75582	
-359.247	145.569	-387.703	280.453	-531.406	110.821	-12.3202	26.0052	-14.7918	

-83.7615	806.878	235.145	130.612	36.0747	-54.5344	52.475	70.5937	-9.07218	
-52.62	1350.38	928.314	440.334	351.524	5.34461	-13.0995	-13.6303	25.2223	
287.432	879.704	38.0364	-313.124	99.2857	-35.0325	-4.49579	-11.7727	-15.6303	
26.6641	319.646	111.02	145.729	157.361	-56.2647	34.9698	-1.99931	-35.1082	
-389.135	-153.785	-429.798	-57.9395	-109.998	150.084	-129.621	-26.9452	24.3475	

-422.627	40.7019	449.541	242.955	34.1613	-92.9494	77.9563	-16.988	-52.91	
1169.14	1297.52	1180.41	510.204	103.506	119.333	43.4452	-52.8346	-13.4801	
472.732	386.278	474.333	429.094	239.875	87.5749	-43.8446	107.658	-2.50284	
-555.034	-1690.12	-380.474	-408.533	-94.4393	-135.55	94.7448	87.3402	-21.4647	
-671.023	-983.613	23.8224	171.086	-173.069	-12.2899	-11.329	43.4381	23.9855	

417.763	2037.82	281.929	421.025	25.1916	27.9671	91.9823	28.4464	48.2069	
1158.15	751.994	268.414	-165.001	-92.269	213.114	48.4217	32.9127	-6.59586	
-204.193	-560.408	-617.783	9.29017	-33.0244	21.1945	126.92	69.9217	58.3989	
1000.73	-125.334	339.7	83.7205	158.791	63.034	10.3882	86.1249	8.8557	
36.4309	-90.8787	-495.49	-61.66	-107.741	104.129	-28.0688	-75.9335	-13.1002	

-519.298	-387.6	-360.267	-106.698	-159.09	-116.036	30.5264	-50.5328	-14.0388	
40.9694	-1069.06	146.183	-127.086	-127.566	38.3266	-0.708334	15.5657	12.0438	
149.085	141.084	-151.565	136.096	-9.0837	88.7792	91.9306	-5.68341	8.82041	
459.092	122.95	535.358	185.222	75.8402	-13.9216	162.972	-7.04126	-34.196	
-10.992	337.335	635.843	-164.525	-277.621	54.6435	126.982	17.4849	4.79248	

-9002.28	-8214.76	-4776	-3699.61	-2374.05	-1887.2	353.074	235.803	-112.569	
4799.63	13086.9	8505.49	3160.62	3258.25	556.219	-1021.82	142.994	250.598	
2118.94	-3018.7	-1830.66	306.847	51.1935	321.009	-504.367	126.802	91.8094	
383.784	-738.99	-2543.63	-137.274	208.378	596.219	-73.0044	353.692	173.715	
-4136.32	126.873	140.783	1048.26	-1394.18	-192.581	124.182	-62.062	163.577	

143.247	1541.53	-32.261	331.521	71.8907	51.3041	-90.0702	7.6964	2.44813	
394.774	414.999	422.444	-171.029	287.985	34.7223	58.4017	21.0255	4.38263	
3.6151	-609.748	-668.672	-282.569	-25.7312	98.8631	-78.1303	-4.1141	-0.598262	
-389.361	-948.003	-748.349	-194.503	80.3576	-18.8851	-103.863	9.62152	-25.435	
-933.823	-129.651	-180.395	-232.008	-192.263	65.731	-8.20371	-55.3593	-13.485	

-378.926	-369.958	-124.888	-223.545	30.9676	-4.27946	-34.0625	18.2089	1.892	
-143.539	-192.962	351.957	100.646	-62.1653	63.0631	65.4325	88.5564	-52.9305	
-196.422	-322.279	-528.561	-148.793	167.012	-64.2876	-51.8044	-26.0114	-1.87685	
-243.789	45.674	125.792	-73.6354	11.1673	-111.21	-16.7739	-4.49216	59.1072	
52.1387	-33.5001	151.256	-13.4958	-0.448735	-83.4465	-59.3521	-0.656477	3.42414	

605.58	665.202	606.008	390.693	10.7815	55.5631	129.113	-4.49802	23.2856	
897.232	1149.02	239.283	139.047	140.93	79.9672	59.3806	55.8114	31.0253	
821.67	830.514	241.398	263.427	51.4194	-44.642	90.2944	-18.0706	31.0427	
-85.7982	516.398	-211.561	-41.3706	-25.7231	-125	49.5354	2.40583	-3.0123	
489.165	-266.636	-87.8207	-124.636	-70.3317	58.7087	66.0784	-11.8593	-20.609	

