-50.0417	584.814	365.597	217.535	45.7271	26.9965	30.5159	11.2408	-7.92775	
-228.618	156.935	28.5046	77.9351	-32.6828	22.9098	-24.5001	-0.596236	-5.48038	
-224.686	-276.758	103.836	-126.343	-34.0557	-20.2273	-55.1294	-1.83888	11.3922	
-52.3484	-187.278	-8.52763	-67.5083	-18.2097	13.9188	-19.3067	-2.39434	-4.32997	
-41.7899	-24.7549	-64.7977	-61.5759	-9.66466	-7.14555	-0.707342	-15.9286	-7.17409	

-151.52	-169.8	-37.7816	-180.346	17.4447	4.42785	-16.0344	9.70719	23.368	
-66.7872	80.0672	125.289	66.7593	36.4111	14.9472	3.91217	12.5526	5.8324	
-36.9634	-78.6522	10.3777	103.799	90.5686	-2.45185	30.0207	17.0512	9.14692	
-50.5478	70.1101	68.4658	-2.9283	33.2566	16.3179	-2.43519	7.24529	6.58067	
-143.115	-155.548	-56.3458	42.0833	-0.877196	-19.0212	-21.6808	-9.90327	-17.3943	

-49.5389	-9.38956	-93.0216	5.89386	-36.6224	-29.7523	24.1501	-1.05909	-14.7346	
-104.636	114.629	-83.6118	138.767	-79.7921	12.2861	-8.87415	0.982346	1.64265	
40.5869	168.2	6.46952	48.347	32.8123	21.9876	-38.1467	-2.20536	0.294224	
6.78883	129.774	182.714	24.0212	36.8629	-4.43632	22.9997	1.19201	-3.73086	
-41.0878	-62.5813	5.67914	-46.8261	-49.8447	6.37822	-19.4419	-15.5318	-1.35636	

-218.436	-113.533	-34.0319	23.1302	-64.4059	-50.7193	11.0643	-12.3567	5.79032	
-59.877	-126.528	-136.085	-46.8408	-4.97584	-29.9899	-42.8675	-5.68664	3.23402	
217.152	-111.079	-64.8363	-25.3819	-31.3699	16.4363	11.9566	1.66317	-3.12009	
101.653	-55.0179	-36.2885	74.5734	-11.6849	-24.6133	1.63534	1.68757	-0.568736	
40.5189	71.2359	65.6563	36.9745	32.9667	20.1887	-21.3813	8.69188	-12.9349	

57.2271	54.6083	39.1356	87.2613	72.0473	-15.3975	18.1263	-16.2936	-8.5429	
225.192	104.887	106.536	57.5484	17.2983	52.1677	27.1763	-4.9744	-1.5927	
77.7224	-132.563	-57.4768	22.7567	20.6678	43.368	-11.1092	-8.94401	-7.67555	
-39.5679	-114.278	-91.4014	-28.0688	22.8398	-23.7385	-13.7389	-12.5349	0.880988	
105.552	-13.6592	-29.2033	-49.8299	-23.91	-22.2351	13.8117	15.5392	6.23767	

40.0155	-68.7161	-78.7566	-21.1645	-11.0127	8.74238	3.51712	-3.29286	7.75326	
-3.25299	-109.219	-133.39	7.88347	-20.8918	-0.865391	-15.1272	-10.5031	2.59572	
-2.20003	-101.235	-96.6627	30.796	-39.7611	-14.0632	-41.0317	-17.654	5.45105	
-4.93464	-204.552	-24.2212	-13.3582	-26.6338	-16.8284	-35.2223	-2.23789	10.9177	
97.9531	196.21	39.8312	47.7635	31.1045	24.4433	9.92498	-14.86	-0.621932	

-78.9256	-152.253	-150.661	-52.9433	-31.5355	-51.4414	-16.0624	-17.5704	-4.14722	
-70.0901	86.6398	-9.80951	59.4924	37.1631	20.8909	18.2645	-2.49173	-3.3984	
147.331	235.404	20.8999	12.4359	-5.17927	25.4074	-17.6864	-6.50026	10.7115	
-56.7944	-23.3274	-6.62556	0.170849	6.92446	-4.78193	2.1177	-9.28326	-6.93447	
-11.4779	5.69263	13.0377	25.5177	-14.4299	30.6847	2.73443	-4.16256	-0.354482	

-690.53	-1245.51	-510.981	103.003	236.225	386.007	121.81	114.428	140.034	
-1431.99	206.189	-172.47	-483.88	-121.229	-24.2436	-233.554	-46.5668	20.5081	
-3185.94	541.962	988.638	247.732	311.248	-30.6812	-431.912	139.228	18.7672	
-1632.42	976.34	874.601	447.134	132.585	312.546	143.792	-15.6642	-93.366	
2387.02	2670.42	2198.58	175.09	-163.78	-2.72669	-229.729	-26.5947	49.4025	

14.533	61.7717	25.4757	-24.1116	-35.9303	7.33472	0.522065	-23.9108	2.32245	
-40.7697	-125.267	-41.8557	21.9347	-34.9866	-21.4395	8.37226	-3.94117	3.01589	
101.016	247.973	97.8361	21.9415	19.5114	16.0576	9.12642	-4.98365	15.0345	
155.461	138.747	51.8977	13.5806	37.4037	49.5457	21.3925	4.8895	8.29196	
5.08797	123.2	-36.6927	33.3276	-1.27346	28.3108	8.11643	13.7774	1.74741	

-126.315	-338.7	-67.5066	20.3729	-47.498	-24.088	-15.4416	-4.25393	-4.26366	
2.76341	-253.16	41.1077	-14.8288	-3.92286	-42.8782	-8.60827	12.2106	-3.81754	
-180.659	126.549	128.01	-40.0657	-21.1411	-2.38302	5.87915	8.06434	-1.6286	
-81.0178	134.557	-36.5779	12.0945	26.6624	24.8293	-0.394724	8.27335	-9.2938	
61.0981	-48.4833	-57.1948	-33.9296	12.889	-10.0197	-16.5076	-5.48041	-6.27702	

-133.862	-29.8057	31.062	-3.39859	-33.7137	-11.3257	-11.5604	3.45957	5.3558	
42.4028	291.186	145.102	69.891	74.2968	31.6155	22.3868	8.05776	4.98555	
12.1877	61.7752	-68.4905	-0.452138	20.2059	5.52172	15.8081	-14.9114	0.745346	
-69.262	47.3238	-50.6937	-42.1048	-0.599427	1.47543	-15.8699	8.95107	1.17878	
-41.3245	59.9523	1.98592	24.4499	20.834	63.2574	-9.02904	14.1384	-6.41261	

-34.0722	-163.644	123.005	41.4911	124.064	-11.8411	-3.05073	30.0024	10.2944	
183.964	92.2154	246.834	-9.44193	87.2018	-13.2835	-0.508508	15.225	-0.652486	
273.387	249.956	75.4893	59.9372	56.4103	39.1189	10.1368	-5.21434	4.27525	
99.1623	-111.232	-30.2614	-89.3498	10.8679	54.0297	-9.92647	-10.2105	-6.06016	
339.821	221.828	-59.2682	-155.409	-48.9125	-6.2535	22.0034	8.56776	-8.0768	

153.083	-29.7056	33.7484	29.7237	13.1471	-16.418	-6.48617	-3.96292	4.51597	
-171.245	-217.674	-19.6385	41.0798	-39.2011	-21.3793	27.8849	-9.35158	5.6195	
11.7032	29.8125	154.245	68.7207	34.0632	5.54615	20.4292	-7.23449	4.27662	
17.9479	33.0758	45.5443	36.7896	21.0277	29.3825	2.09686	8.78802	0.172677	
-37.2331	56.4032	98.658	43.6545	8.6939	9.0743	-4.33187	3.8449	0.939868	

-198.667	-650.556	-121.683	-172.711	-15.481	-47.2268	-53.3769	-30.597	23.9407	
34.0057	556.78	-39.9149	34.941	200.563	48.0302	-11.5536	19.6119	-3.65887	
-80.2623	90.8353	-181.035	-9.7948	154.523	-77.4947	67.2507	20.1469	-5.86699	
-186.784	-73.4893	214.422	137.079	40.6198	-87.5146	66.1826	7.0829	13.9045	
168.046	252.681	61.0105	272.872	22.4016	7.19622	74.2002	6.36734	12.4684	

2073.23	5434.7	2776.23	1169.45	109.144	296.256	-220.459	-180.276	-52.902	
-1406.03	796.085	5454.19	1964.97	693.464	464.338	436.823	97.8071	68.8068	
528.223	3543.59	3190.31	1990.85	108.931	800.699	501.537	89.2582	107.187	
1608.78	-633.651	142.38	1543.02	344.069	-212.445	-112.321	32.1507	9.71562	
1020.93	-3546.21	1134.93	303.927	-89.2614	-184.76	7.5559	-12.8711	17.9567	

-676.531	-2227.32	-433.563	-355.071	-7.60415	-181.469	324.564	36.5601	51.9456	
1706.05	2881.58	1056.34	831.171	1365.68	717.441	121.475	-161.62	-58.6314	
2309.7	5922.1	5379.46	1832.43	1287.52	603.78	117.883	-215.1	-31.6768	
1123.89	5226.56	3468.91	1544.51	1010.13	741.575	277.717	213.796	90.4164	
129.094	7733.84	2857.81	2216.91	1337.66	738.071	-104.072	358.328	107.692	

1954.48	6476.18	2750.33	1750.72	872.832	-415.131	516.344	41.9634	78.1132	
1584.29	7485.72	1959.81	2794.5	1087.62	-111.733	443.4	235.441	-92.6308	
-907.662	536.159	2600.53	1466.11	917.686	-240.483	566.673	249.933	-217.643	
1720.09	3635.79	2350.3	343.713	169.763	208.46	25.4517	22.5914	-24.9921	
1586.66	2762.86	2076.42	2540.71	-59.586	472.002	211.071	-151.078	-29.1396	

866.47	1745.74	1057.77	979.799	924.18	-235.741	97.1197	153.298	-129.724	
-215.995	-672.822	-2545.71	107.011	-12.5633	-256.124	285.677	-128.712	-43.6134	
171.953	-497.212	-844.628	484.561	-23.743	-17.721	-345.218	-370.249	94.8959	
788.865	2038.69	687.721	1515.53	502.577	206.385	-174.587	-191.218	62.2981	
-854.793	2555.53	1834.55	373.656	-140.758	166.727	-42.4387	-213.498	35.8796	

-985.686	-1465.73	-525.077	-813.092	233.142	395.98	141.595	-125.137	-23.7998	
-1008.44	-1510.45	270.18	540.628	1.93268	351.335	387.893	33.5957	-19.5077	
1600.44	4995.47	1519.03	908.744	746.205	242.044	98.8507	-87.7656	-35.4073	
1209.18	1943.18	811.912	-160.864	-132.736	-231.587	-97.2349	20.9034	21.9944	
0.343609	-601.13	-956.174	621.392	-354.141	-119.032	-160.039	237.08	27.3909	

-331.579	-643.022	-488.318	547.966	-324.111	-36.4989	-206.632	-295.794	11.9192	
-437.536	691.2	-419.507	65.0835	347.991	-284.836	127.08	78.1873	-193.979	
819.632	2916.38	287.021	1098.26	395.701	204.096	94.0746	101.499	55.5236	
2063.65	844.709	1982.79	1231.67	-64.9561	-210.978	56.7174	38.1612	128.009	
563.729	2421.23	253.799	420.362	195.524	-190.122	286.305	43.5312	37.2862	

-1736.95	-678.031	-553.609	23.2851	-304.719	-454.162	-321.446	8.3516	295.26	
-3816.24	1071.55	-112.785	397.718	-165.151	-153.323	67.3298	141.11	161.282	
4488.98	5117.13	6007.7	1349.89	-276.558	556.289	469.636	173.872	103.529	
2312.35	3773.61	1752.21	1150.92	577.421	-63.6646	643.867	260.329	147.674	
1923.21	1182.75	3031.39	1625.4	586.85	704.419	560.573	374.006	51.2626	

52.8758	195.036	1253.15	827.255	586.598	305.709	172.013	86.5625	119.105	
377.88	-1272.93	76.404	-653.537	1184.27	62.4185	-511.121	316.651	73.9213	
2411.02	3616.87	77.3823	947.218	1395.97	43.139	-68.8081	-164.616	53.9554	
-143.259	3294.87	629.728	599.234	713.336	770.049	180.92	-39.5354	-22.1382	
10.47	-1686.51	517.013	732.848	435.082	453.559	7.09708	277.003	46.7135	

-273.134	2333.5	1193.43	1728.46	970.926	715.461	601.946	105.747	-49.7063	
916.884	4873.58	487.967	1263.4	492.644	508.666	468.638	148.014	77.2988	
3411.96	9259.76	4363.11	2448.71	1531.97	924.568	1159.25	116.778	-81.0707	
-1179.82	3958.03	2678.88	720.182	1770.55	703.607	441.484	16.4367	71.4389	
2551.14	2461.34	2800.94	58.807	749.617	41.8745	204.726	172.779	66.6821	

1290.44	3540.54	1850.7	1681.03	850.284	-51.7568	-115.616	255.054	76.746	
-501.516	47.7174	38.5353	181.09	272.18	-108.764	445.085	36.6053	-98.6354	
170.221	254.477	-1829.12	-838.691	385.653	153.15	233.601	191.217	2.52141	
1177.1	2266.15	1421.64	-28.2237	331.096	85.4429	222.406	215.859	-110.527	
-665.142	3108.42	-642.704	143.646	624.617	-14.5863	139.371	-29.1932	-74.8539	

-58.1228	-4665.76	359.496	-385.359	-358.94	156.242	-403.809	92.1441	-34.1771	
-1137.43	-2316.2	-1647.93	-207.792	-818.468	-179.228	-445.1	177.459	41.2909	
-3068.58	1230.3	748.432	535.255	1152.07	-105.44	-34.6077	202.855	69.9432	
-1174.48	5339.81	3406.34	1293.14	716.099	388.429	275.608	101.708	-21.0207	
2384.13	6510.53	3218.24	1126.62	353.774	33.9971	504.8	-47.6172	28.3678	

