6050
63.9559	0.401633	110.646	0.716567	47.7512	1.21578	21.065	1.71613	9.58512	2.21776	4.50116	2.72037	3.37388	3.39366	0.962479	4.40954	0.330579	5.4066	1.40051e+06

1.58614e+06

10489
63.9069	0.401703	110.631	0.716677	47.8678	1.2159	20.8685	1.71639	9.55048	2.21803	4.51435	2.71962	3.36715	3.39069	0.987987	4.41106	0.328058	5.42459	2.42734e+06

2.74835e+06

6683
63.9388	0.401678	110.254	0.716977	47.9901	1.21529	20.9328	1.7174	9.52387	2.2187	4.48421	2.71951	3.37573	3.39079	0.97546	4.40375	0.322909	5.43218	1.54549e+06

1.74959e+06

6364
64.0064	0.401753	110.283	0.716704	47.9296	1.21575	20.9991	1.7174	9.5209	2.21768	4.52624	2.72143	3.34664	3.39174	0.973444	4.41133	0.327624	5.41443	1.47212e+06

1.66682e+06

6017
63.9809	0.401652	110.298	0.716761	47.868	1.21577	21.0678	1.71679	9.53266	2.21828	4.51737	2.71938	3.39438	3.39366	0.951969	4.4093	0.337377	5.42513	1.3918e+06

1.57615e+06

6399
63.81	0.401664	110.228	0.716868	47.8867	1.2159	21.1285	1.71782	9.59994	2.21824	4.50992	2.7196	3.37584	3.39369	0.984841	4.41062	0.34521	5.41894	1.4802e+06

1.6757e+06

6167
63.9653	0.401679	110.21	0.716543	47.8531	1.21549	21.0355	1.71672	9.53884	2.21759	4.5604	2.71746	3.39274	3.39338	0.990595	4.41051	0.347008	5.42371	1.42658e+06

1.6151e+06

11931
64.2605	0.401614	110.425	0.7166	47.8272	1.21546	21.0483	1.71678	9.59107	2.2181	4.51261	2.71974	3.35454	3.39213	0.968905	4.40834	0.339284	5.40974	2.7627e+06

3.12982e+06

6205
64.088	0.401604	110.385	0.716572	47.8201	1.21525	21.117	1.7167	9.53135	2.2183	4.49911	2.71935	3.31168	3.39221	0.960516	4.41551	0.342305	5.41834	1.43552e+06

1.62605e+06

5989
63.9524	0.401681	110.179	0.716646	47.8756	1.21552	21.0164	1.71718	9.57355	2.21827	4.51211	2.72075	3.3438	3.39259	0.983136	4.40252	0.336617	5.42101	1.38453e+06

1.56776e+06

190
64.5737	0.40096	110.468	0.716613	48.5211	1.21792	20.3316	1.72098	9.28947	2.21678	4.64211	2.72137	3.48947	3.39217	0.984211	4.41108	0.426316	5.40749	43900

49918

5795
64.3594	0.401455	110.829	0.71672	47.7701	1.21524	21.0766	1.71674	9.55375	2.21813	4.49802	2.71934	3.35462	3.39069	0.9717	4.40121	0.320276	5.42327	1.34336e+06

1.52254e+06

100
63.13	0.401864	109.51	0.717491	47.46	1.21318	21.67	1.71455	10.09	2.214	4.22	2.71458	3.52	3.39145	0.84	4.38998	0.29	5.47202	23067

26073

88
65.6364	0.401227	111.568	0.714676	47.0227	1.21071	21.0795	1.71643	8.98864	2.21364	4.38636	2.7258	3.125	3.40953	0.852273	4.46653	0.318182	5.44535	20359

23142

5724
63.9113	0.401743	110.168	0.716389	47.8615	1.21564	21.1195	1.71741	9.60884	2.21819	4.54822	2.72034	3.41649	3.39291	0.989693	4.41161	0.340321	5.41602	1.32468e+06

1.49948e+06

5892
63.6641	0.401894	109.972	0.71682	47.7702	1.21474	21.0995	1.7165	9.67176	2.21756	4.49711	2.72018	3.3666	3.39048	0.980821	4.41339	0.336388	5.40986	1.36132e+06

1.53992e+06

71
64.3944	0.401613	112.831	0.716391	46.1408	1.21686	20.8451	1.72077	9.12676	2.21284	4.53521	2.7142	3.29577	3.37416	0.859155	4.37245	0.43662	5.37132	16459

18635

1841
63.9169	0.401819	110.174	0.716399	47.7691	1.21538	21.1027	1.71671	9.6453	2.21953	4.57089	2.71953	3.40196	3.39353	0.971211	4.39717	0.349267	5.40019	426071

482161

5401
63.908	0.401508	110.535	0.716709	47.7354	1.21576	21.0911	1.71642	9.56101	2.21875	4.52731	2.71932	3.34401	3.39178	0.985743	4.40532	0.342899	5.4247	1.24981e+06

1.41522e+06

6182
63.879	0.401687	110.446	0.716773	47.8268	1.21557	21.106	1.71685	9.54853	2.21886	4.48577	2.72143	3.34924	3.3919	0.964898	4.40784	0.35296	5.41927	1.43032e+06

1.61943e+06

5643
63.6996	0.401713	110.202	0.716589	47.8391	1.21569	21.1634	1.71718	9.56353	2.21817	4.47811	2.71982	3.4028	3.39591	0.976431	4.41049	0.330321	5.42529	1.30452e+06

1.47652e+06

5432
63.9045	0.401771	110.078	0.716704	48.0515	1.21559	21.0249	1.71653	9.61708	2.21826	4.53424	2.72044	3.41881	3.39319	1.01031	4.40585	0.351436	5.42482	1.25712e+06

1.42313e+06

5228
63.7842	0.401767	110.188	0.716565	47.7557	1.21561	21.0857	1.71689	9.56197	2.21879	4.55834	2.72115	3.3202	3.39248	0.995792	4.4022	0.344874	5.4216	1.20847e+06

1.36762e+06

5220
63.8799	0.401667	110.383	0.716779	47.841	1.21556	21.1644	1.71676	9.67548	2.21818	4.52433	2.7203	3.35939	3.39591	0.972222	4.40786	0.351341	5.43509	1.20876e+06

1.36843e+06

6172
64.1964	0.401651	110.298	0.716724	47.9901	1.21554	21.1042	1.71637	9.55363	2.21871	4.49676	2.7194	3.32194	3.39693	0.989955	4.41061	0.339274	5.41473	1.42932e+06

1.61886e+06

4969
63.9889	0.401674	110.288	0.716471	47.7162	1.21526	21.0584	1.71725	9.69249	2.21816	4.55806	2.72008	3.38398	3.39199	0.959147	4.41998	0.336285	5.42007	1.14965e+06

1.30179e+06

9520
64.0697	0.401531	110.564	0.716687	47.886	1.21564	21.0008	1.71654	9.53204	2.21867	4.52532	2.71819	3.4042	3.39394	0.960504	4.40501	0.354202	5.4194	2.20419e+06

2.49707e+06

7227
64.1584	0.401661	110.412	0.716665	47.785	1.2158	21.1417	1.71639	9.58904	2.21794	4.5402	2.7194	3.38273	3.39464	0.977584	4.40838	0.333748	5.41974	1.67372e+06

1.89579e+06

4532
64.1399	0.401668	110.322	0.716772	47.7059	1.21555	21.0245	1.71584	9.54965	2.21855	4.49426	2.72078	3.41196	3.39262	0.983892	4.41321	0.339585	5.41792	1.04816e+06

1.18726e+06

8684
64.1582	0.401568	110.49	0.716921	47.9147	1.21611	21.1345	1.71638	9.57082	2.21872	4.51474	2.72034	3.38058	3.39195	0.954744	4.40568	0.334984	5.42444	2.01206e+06

2.27915e+06

4757
63.9617	0.401675	110.383	0.71662	47.8997	1.21548	20.9836	1.71636	9.6069	2.21707	4.52491	2.71813	3.34265	3.39124	0.955224	4.40489	0.332563	5.43039	1.10065e+06

1.24629e+06

8711
64.0606	0.401705	110.332	0.716676	47.8472	1.21515	21.1231	1.71664	9.58937	2.21834	4.54506	2.71944	3.37447	3.39068	0.975663	4.40855	0.333831	5.41891	2.01697e+06

2.28386e+06

5267
63.8538	0.401797	110.191	0.716708	47.7253	1.21564	21.0908	1.7162	9.58971	2.21849	4.5206	2.72017	3.35371	3.39244	0.962787	4.40729	0.329789	5.42327	1.21744e+06

1.37794e+06

11391
64.1902	0.401554	110.416	0.716805	47.8494	1.21573	21.1185	1.71687	9.59793	2.21927	4.51593	2.71967	3.37187	3.39148	0.980687	4.40964	0.344219	5.41523	2.63762e+06

2.98882e+06

8639
64.0641	0.40163	110.44	0.716589	47.8818	1.21554	21.0938	1.71732	9.56662	2.21866	4.48617	2.72043	3.36034	3.38908	0.982405	4.40844	0.343327	5.42498	2.00028e+06

2.26531e+06

7762
6672
9688
5879
4508
64.1943	0.40175	110.559	0.716333	47.7629	1.21552	21.0243	1.717	9.56049	2.21876	4.48338	2.71968	3.37108	3.39039	0.973576	4.41072	0.33237	5.43188	2.2437e+06

2.54079e+06

64.1172	0.401804	110.35	0.716432	47.8579	1.2155	21.0907	1.71768	9.63669	2.21895	4.51752	2.71983	3.36266	3.392	0.962896	4.40069	0.345401	5.41601	1.79771e+06

2.03551e+06

64.0045	0.401668	110.535	0.716537	47.6926	1.21563	21.0391	1.71707	9.59442	2.21835	4.49026	2.72055	3.3726	3.39335	0.981715	4.4114	0.336781	5.42066	1.54401e+06

1.74838e+06

63.681	0.401673	110.481	0.716764	47.7711	1.21528	21.1823	1.71653	9.63886	2.21741	4.4858	2.71966	3.36624	3.39676	0.975821	4.40003	0.340949	5.43931	1.04321e+06
63.7748	0.401741	110.11	0.716385	47.9884	1.21527	21.0873	1.71763	9.59415	2.21834	4.55843	2.71957	3.39377	3.39354	0.994557	4.40012	0.337642	5.42675	1.35988e+06


1.53935e+06

1.18075e+06

10725
64.05	0.401616	110.351	0.716698	47.8653	1.21541	21.0013	1.7168	9.55021	2.21803	4.54303	2.71913	3.36606	3.39373	0.964382	4.40905	0.327459	5.4214	2.48108e+06

2.81015e+06

8024
64.11	0.401645	110.301	0.716458	47.7972	1.21516	21.086	1.71678	9.50523	2.21854	4.46847	2.71965	3.38372	3.39104	0.985169	4.41047	0.341476	5.42631	1.85583e+06

2.10211e+06

8137
63.9182	0.40166	110.409	0.716571	47.9194	1.21618	21.0178	1.71689	9.61263	2.21902	4.49871	2.71912	3.39142	3.39386	0.976404	4.40668	0.338208	5.42199	1.8833e+06

2.13256e+06

8209
64.011	0.401567	110.122	0.716738	47.9371	1.21542	21.0928	1.71722	9.55817	2.21748	4.53758	2.71915	3.36813	3.39396	0.993787	4.40439	0.337556	5.42135	1.89835e+06

2.15041e+06

4973
63.8691	0.401639	110.399	0.716639	47.7613	1.21544	20.918	1.71719	9.51277	2.21842	4.48442	2.71775	3.38347	3.3911	0.972652	4.4101	0.331188	5.41912	1.14923e+06

1.30109e+06

8270
64.0948	0.401771	110.369	0.716586	47.8856	1.21545	21.0565	1.7162	9.6526	2.21809	4.5214	2.71929	3.38888	3.39407	0.986457	4.41346	0.345466	5.42638	1.91592e+06

2.16923e+06

7749
64.0254	0.401558	110.323	0.716735	47.8636	1.21592	21.0983	1.71675	9.56627	2.21776	4.55504	2.71985	3.38508	3.39355	0.973029	4.40488	0.344561	5.43207	1.79341e+06

2.03128e+06

13772
64.1505	0.401672	110.429	0.716707	47.849	1.21542	21.0748	1.71747	9.5533	2.21863	4.48983	2.71991	3.35383	3.39305	0.977273	4.40672	0.335318	5.42217	3.1882e+06

3.61119e+06

7239
64.0463	0.401735	110.317	0.716884	47.8217	1.2158	20.9913	1.71695	9.59801	2.21813	4.51071	2.71982	3.3803	3.39483	0.963531	4.41359	0.355436	5.4278	1.67454e+06

1.8965e+06

4807
63.8028	0.401774	110.414	0.716651	47.7924	1.21579	20.9846	1.71633	9.51196	2.21938	4.52257	2.721	3.39068	3.3965	0.978781	4.41016	0.338465	5.42384	1.11182e+06

1.25817e+06

6321
63.9125	0.401714	110.272	0.716829	47.9266	1.21559	21.0343	1.71602	9.65797	2.21885	4.53077	2.72087	3.38934	3.39392	0.988926	4.40005	0.344408	5.42236	1.46315e+06

1.65646e+06

7145
63.9575	0.401664	110.453	0.716899	47.9288	1.21543	21.0906	1.71675	9.58768	2.21844	4.51001	2.72062	3.36515	3.39531	0.981106	4.40869	0.337299	5.4108	1.65436e+06

1.8735e+06

7474
64.0385	0.401651	110.391	0.717048	47.8693	1.21517	21.0943	1.71692	9.56583	2.21701	4.51659	2.71999	3.37182	3.39223	0.990768	4.41105	0.352422	5.41456	1.73063e+06

1.95962e+06

5951
63.8437	0.401912	110.125	0.716738	47.8767	1.21551	21.1264	1.71652	9.59469	2.21863	4.51571	2.7196	3.40716	3.39445	0.993783	4.40953	0.351706	5.41514	1.37686e+06

1.55818e+06

8990
63.8196	0.40169	110.589	0.716733	47.8339	1.21527	21.0641	1.71689	9.59099	2.21868	4.52303	2.72024	3.41112	3.39247	0.971635	4.40769	0.34238	5.40989	2.08203e+06

2.35669e+06

5552
63.777	0.401732	110.283	0.716707	47.8824	1.21541	20.9953	1.71594	9.56502	2.21847	4.52594	2.72182	3.39553	3.39244	0.972983	4.40595	0.351045	5.41811	1.28367e+06

1.45322e+06

7895
63.9947	0.401625	110.468	0.71658	47.8994	1.21576	21.0459	1.71728	9.56681	2.21846	4.52692	2.71945	3.35174	3.39392	1.00013	4.41118	0.332616	5.41106	1.82801e+06

2.06996e+06

11286
64.189	0.401743	110.437	0.716544	47.9576	1.2153	21.0447	1.71721	9.52144	2.21803	4.51825	2.72015	3.34636	3.39285	0.95995	4.40306	0.340599	5.4143	2.61423e+06

2.96048e+06

4775
63.8926	0.401902	110.222	0.716913	47.8036	1.21598	21.0015	1.7169	9.6444	2.21688	4.53675	2.72025	3.36482	3.39064	0.989948	4.39951	0.333613	5.40844	1.10488e+06

1.25004e+06

8733
64.0058	0.401671	110.419	0.716625	47.6963	1.21542	21.1416	1.71745	9.59281	2.21805	4.49067	2.7206	3.37959	3.39322	0.952021	4.40945	0.339975	5.42131	2.02056e+06

2.2882e+06

2583
63.626	0.401921	110.27	0.716819	47.7731	1.21556	21.2098	1.71677	9.57607	2.21808	4.43825	2.71919	3.29578	3.39382	0.966318	4.40833	0.324816	5.41131	597283

675404

5726
64.0519	0.401735	110.235	0.71652	47.9336	1.21538	20.9965	1.71648	9.511	2.21901	4.50908	2.72038	3.34247	3.39182	0.972057	4.40528	0.341774	5.41993	1.32411e+06

1.4996e+06

6752
63.9151	0.401744	110.494	0.716529	47.807	1.21566	21.116	1.71762	9.58249	2.21887	4.50163	2.71931	3.34331	3.39275	0.957198	4.40103	0.334716	5.42575	1.56311e+06

1.76937e+06

7341
64.049	0.401752	110.407	0.716769	47.7642	1.21555	21.133	1.71687	9.59256	2.21815	4.53521	2.71934	3.42188	3.39177	0.958997	4.41278	0.336194	5.41638	1.70006e+06

1.9248e+06

10263
64.1616	0.401612	110.381	0.716768	47.812	1.21593	21	1.7171	9.56748	2.21966	4.51233	2.71968	3.37523	3.3932	0.977687	4.409	0.345123	5.4164	2.37509e+06

2.69026e+06

7432
64.0497	0.401599	110.436	0.716711	47.8258	1.21573	21.053	1.71713	9.55867	2.21788	4.50269	2.7197	3.37271	3.39042	0.976184	4.41363	0.334769	5.42725	1.7199e+06

1.948e+06

5597
64.2035	0.401604	110.356	0.716585	47.856	1.21553	21.0334	1.71644	9.59443	2.21815	4.54708	2.71863	3.38413	3.39375	0.979096	4.40327	0.319278	5.42317	1.2955e+06

1.46794e+06

5454
63.8982	0.40175	110.498	0.716715	47.8528	1.21546	21.0532	1.71732	9.55592	2.21825	4.54034	2.7187	3.37367	3.39467	0.971947	4.40705	0.347635	5.42497	1.26287e+06

1.42945e+06

6396
63.8518	0.401708	110.061	0.716767	48.0033	1.21583	21.1341	1.71657	9.63415	2.21816	4.52548	2.71978	3.394	3.39073	1.00281	4.40486	0.357567	5.41628	1.47997e+06

1.67552e+06

7057
64.1056	0.401598	110.324	0.716695	48.0237	1.2154	21.0367	1.71655	9.59218	2.21848	4.48859	2.72073	3.39578	3.39448	0.965991	4.40916	0.34774	5.42514	1.63422e+06

1.85091e+06

5228
64.0207	0.401715	110.404	0.716773	47.843	1.21587	21.0874	1.71751	9.61266	2.21856	4.51071	2.71936	3.3795	3.39293	0.979533	4.40945	0.331676	5.42309	1.21069e+06

1.37062e+06

6196
63.9156	0.401768	110.602	0.716781	47.8368	1.21579	21.1319	1.7166	9.53373	2.21818	4.49887	2.72035	3.36766	3.39095	0.981924	4.40717	0.334087	5.43662	1.43515e+06

1.62461e+06

5199
63.9673	0.401712	110.39	0.716987	47.9265	1.21574	21.115	1.71753	9.57357	2.218	4.4949	2.72114	3.35911	3.39188	0.966724	4.41373	0.338911	5.4191	1.20375e+06

1.36282e+06

12887
64.2787	0.40162	110.301	0.716706	47.8703	1.21555	21.0703	1.71638	9.58059	2.21848	4.51114	2.71962	3.37666	3.39418	0.970203	4.41011	0.336308	5.42406	2.98372e+06

3.3802e+06

6794
64.0702	0.40186	110.447	0.716594	47.7545	1.21548	21.0405	1.71714	9.54092	2.218	4.50324	2.71933	3.3481	3.39184	0.972917	4.40758	0.337209	5.42652	1.57217e+06

1.78012e+06

5024
63.9861	0.401542	110.586	0.716858	47.7213	1.21574	21.08	1.71641	9.59355	2.21735	4.52448	2.72013	3.36465	3.39295	0.975119	4.40388	0.331409	5.43293	1.16284e+06

1.3171e+06

1929
64.014	0.401592	110.639	0.716863	47.945	1.21576	21.1306	1.7166	9.5972	2.21759	4.46397	2.72029	3.29705	3.39595	0.984966	4.40512	0.353551	5.41898	446842

506218

2586
63.4729	0.401869	110.355	0.716715	47.8724	1.21606	20.9323	1.71672	9.70379	2.21911	4.53248	2.72016	3.44084	3.39535	1.01972	4.41699	0.358469	5.41013	598371

676724

6489
64.2276	0.401663	110.693	0.71656	47.8114	1.21513	20.9661	1.71762	9.58853	2.21818	4.52967	2.7214	3.33703	3.39273	0.979196	4.41005	0.330714	5.41447	1.50371e+06

1.70313e+06

6985
63.9152	0.401698	110.297	0.716672	47.8014	1.21566	21.1047	1.71649	9.64868	2.2184	4.53644	2.71926	3.34674	3.39305	0.982677	4.40507	0.340444	5.41837	1.61628e+06

1.82988e+06

5020
63.8629	0.401674	110.134	0.716915	47.958	1.21524	21.1147	1.71678	9.66195	2.21797	4.5741	2.72008	3.36753	3.39067	0.96255	4.3978	0.348406	5.42451	1.16185e+06

1.31516e+06

4585
64.1697	0.401712	110.272	0.716545	47.916	1.21591	21.0037	1.71667	9.59826	2.21828	4.54569	2.72118	3.36379	3.39145	0.954417	4.40471	0.319738	5.43542	1.0615e+06

1.20193e+06

4358
64.0473	0.401704	110.046	0.716355	47.8334	1.21559	20.9878	1.71629	9.51744	2.21711	4.5296	2.71921	3.35314	3.39049	0.973841	4.40825	0.35475	5.421	1.00667e+06

1.14024e+06

8757
63.9227	0.401625	110.45	0.716918	47.8743	1.21592	21.0666	1.71713	9.5334	2.2189	4.49663	2.71911	3.41555	3.39389	0.988581	4.40614	0.342469	5.42083	2.02692e+06

2.29513e+06

6216
63.8053	0.40169	110.208	0.716512	47.9114	1.21588	21.0705	1.71696	9.59701	2.2175	4.54923	2.72027	3.38481	3.39357	0.960746	4.41274	0.346525	5.42741	1.43794e+06

1.62756e+06

5890
63.9767	0.401634	110.323	0.716695	47.8874	1.21513	21.0012	1.7164	9.58812	2.21728	4.48829	2.72106	3.38608	3.39416	0.99202	4.40417	0.35416	5.43046	1.36291e+06

1.54316e+06

6113
63.877	0.401669	110.538	0.716675	47.7832	1.21569	21.1217	1.71699	9.62441	2.21813	4.51301	2.72156	3.34418	3.38851	0.984132	4.4094	0.335842	5.42349	1.41535e+06

1.60235e+06

8609
64.2324	0.401558	110.509	0.716699	47.8854	1.21538	21.1236	1.71651	9.53676	2.21923	4.47125	2.72125	3.35231	3.39188	0.988849	4.40987	0.32919	5.42531	1.99422e+06

2.25925e+06

11855
64.2449	0.401559	110.362	0.716537	47.9033	1.21565	21.0668	1.71716	9.62556	2.21785	4.49473	2.72016	3.36803	3.39355	0.976887	4.40828	0.351497	5.42485	2.74563e+06

3.11067e+06

7013
5593
64.1479	0.401609	110.589	0.716569	47.9381	1.21544	21.0741	1.71648	9.58363	2.21779	4.49551	2.71951	3.33096	3.38968	0.972337	4.40715	0.340225	5.42948	1.62503e+06

1.84071e+06

64.0207	0.401796	110.358	0.716996	47.8266	1.2157	21.1219	1.71679	9.58573	2.21909	4.44538	2.7195	3.34221	3.39632	0.977651	4.39837	0.340604	5.42517	1.29427e+06

1.46547e+06

10900
64.1993	0.401598	110.482	0.716494	48.0111	1.21546	21.0636	1.71712	9.58147	2.21802	4.51193	2.71931	3.3522	3.39133	0.981193	4.40897	0.347156	5.42406	2.52596e+06

2.86158e+06

6770
63.8442	0.401837	110.397	0.716862	47.8775	1.21603	20.9643	1.71663	9.57947	2.21816	4.46012	2.72002	3.39424	3.39348	0.99675	4.40666	0.343131	5.42942	1.56621e+06

1.77277e+06

5429
64.1925	0.401706	110.604	0.716312	47.886	1.21574	20.9604	1.71671	9.49991	2.21808	4.47467	2.71933	3.33689	3.38792	0.982501	4.40282	0.344446	5.41702	1.25722e+06

1.42393e+06

169
62.213	0.401835	109.834	0.717474	46.574	1.21586	21.0296	1.71766	9.9645	2.22481	4.93491	2.71853	3.27219	3.3996	1.07692	4.41322	0.319527	5.38143	38852

43808

6462
63.7409	0.401768	110.117	0.716761	47.8454	1.21533	21.0339	1.71693	9.63154	2.21854	4.52584	2.71916	3.37929	3.39212	0.989167	4.40172	0.343856	5.41933	1.49331e+06

1.6905e+06

10059
64.1689	0.401619	110.427	0.716702	47.8419	1.21547	21.0799	1.71686	9.63038	2.21875	4.54538	2.71899	3.40422	3.39268	0.962919	4.4123	0.343573	5.42651	2.33024e+06

2.63953e+06

4236
63.7559	0.401657	110.119	0.716587	47.7809	1.21575	21.0449	1.7165	9.5916	2.21815	4.5118	2.71907	3.3822	3.39061	0.988432	4.40478	0.350567	5.42488	978531

1.10782e+06

3634
63.8341	0.401737	110.453	0.716846	47.612	1.21575	21.0019	1.71679	9.5333	2.21774	4.51651	2.72031	3.36159	3.39212	0.991469	4.40026	0.34645	5.43006	839792

950836

14494
64.1964	0.40164	110.4	0.716633	47.8599	1.21547	21.0714	1.71652	9.57969	2.21897	4.49966	2.71927	3.36525	3.39236	0.978267	4.40682	0.341728	5.41937	3.35587e+06

3.80167e+06

9368
64.2966	0.401742	110.468	0.716621	47.8384	1.21547	21.0115	1.71691	9.54473	2.21916	4.51014	2.72045	3.35739	3.39462	0.989752	4.40582	0.332408	5.42244	2.1697e+06

2.45768e+06

6533
63.9225	0.401597	110.028	0.716983	47.8633	1.21542	21.1443	1.71738	9.63493	2.21784	4.5662	2.71941	3.36752	3.3921	0.996939	4.41062	0.344711	5.42784	1.51114e+06

1.71078e+06

8516
64.3235	0.401591	110.573	0.716718	47.7168	1.21537	20.9597	1.71681	9.5539	2.21913	4.49718	2.72003	3.36261	3.39386	0.968412	4.41095	0.33255	5.42184	1.97103e+06

2.23364e+06

2806
11508
63.8967	0.401873	110.301	0.716918	47.7612	1.21521	20.9234	1.71663	9.66251	2.21848	4.49109	2.71861	3.40592	3.38818	0.959729	4.40791	0.332145	5.42868	648713

734425

64.271	0.401652	110.486	0.716631	47.8774	1.21588	21.0381	1.71711	9.50009	2.21871	4.53737	2.72017	3.37791	3.3913	0.976886	4.40671	0.342371	5.41163	2.66557e+06

3.01978e+06

6098
5404
8858
64.0113	0.401729	110.407	0.716945	47.9442	1.21549	20.9062	1.71713	9.51574	2.218	4.52952	2.72033	3.36225	3.39291	0.981961	4.41006	0.340276	5.42464	1.41073e+06

1.59766e+06

63.8627	0.401614	110.377	0.716537	47.8079	1.21614	21.02	1.71641	9.5409	2.21884	4.5805	2.71982	3.41895	3.39757	0.977239	4.40422	0.336603	5.4163	1.25026e+06

64.2734	0.401756	110.302	0.716637	47.9281	1.21581	21.1095	1.71668	9.59562	2.21812	4.50768	2.71932	3.33179	3.39383	0.969406	4.4085	0.342967	5.43446	2.05205e+06
1.41542e+06


2.32399e+06

5741
63.7673	0.401762	110.312	0.716823	47.8375	1.21559	21.1113	1.71719	9.63578	2.21744	4.50845	2.72061	3.38687	3.39386	0.985194	4.40575	0.338443	5.42876	1.32832e+06

1.50347e+06

6269
63.9754	0.401575	110.452	0.716685	47.836	1.21579	21.0876	1.71697	9.54937	2.21878	4.50678	2.71944	3.39783	3.39384	0.968257	4.40867	0.337534	5.42957	1.45094e+06

1.64317e+06

8239
64.2219	0.401749	110.262	0.716558	47.7318	1.21563	21.0567	1.71685	9.57908	2.2181	4.52773	2.72096	3.40405	3.39157	0.997451	4.4054	0.337298	5.42423	1.9069e+06

2.15959e+06

3377
63.8522	0.401736	110.093	0.71719	47.9659	1.21524	20.9926	1.71772	9.58839	2.2186	4.51821	2.71947	3.41575	3.3893	1.00563	4.40425	0.344092	5.41388	780820

884018

5612
63.6901	0.401735	110.202	0.71658	47.8327	1.21577	21.0991	1.71795	9.56272	2.218	4.52281	2.71906	3.38542	3.3921	0.980756	4.40737	0.351746	5.42762	1.29762e+06

1.46825e+06

11265
64.217	0.401655	110.475	0.716434	47.8703	1.2156	20.9596	1.71731	9.54594	2.21801	4.47856	2.72	3.37949	3.39291	0.975411	4.41003	0.335553	5.42667	2.60776e+06

2.95409e+06

13124
64.2304	0.401577	110.414	0.716794	47.8833	1.2154	21.0706	1.71667	9.62336	2.21768	4.50046	2.71805	3.39828	3.39376	0.980722	4.40794	0.340216	5.42285	3.04012e+06

3.44427e+06

6377
64.2264	0.401654	110.413	0.716662	47.7817	1.21531	21.1137	1.71724	9.58821	2.21846	4.53113	2.71969	3.3337	3.39143	0.971774	4.40938	0.327427	5.43276	1.47659e+06

1.6726e+06

10402
64.2763	0.401643	110.385	0.716635	47.8404	1.21542	21.0618	1.71747	9.60171	2.21826	4.49039	2.71994	3.35349	3.39425	0.969717	4.40826	0.344838	5.41481	2.40812e+06

2.7287e+06

5858
64.2224	0.401774	110.632	0.716688	47.7835	1.21562	20.984	1.71662	9.54507	2.2185	4.49932	2.71827	3.39399	3.39388	0.966883	4.41635	0.336463	5.42815	1.35708e+06

1.53693e+06

3110
64.2347	0.40154	110.327	0.716947	47.7145	1.21549	21.0678	1.71666	9.59486	2.21813	4.52958	2.71961	3.35627	3.3896	0.949839	4.40246	0.323473	5.41483	719405

815125

5257
63.8606	0.401628	110.315	0.716413	47.8429	1.21552	21.0611	1.71715	9.57542	2.21752	4.51284	2.72095	3.358	3.39222	1.0019	4.41343	0.338596	5.41446	1.21583e+06

1.37663e+06

7510
64.1361	0.401748	110.47	0.716387	47.8694	1.21552	20.9639	1.71626	9.56112	2.21815	4.49854	2.72017	3.3783	3.39049	0.971904	4.40737	0.342743	5.42087	1.73898e+06

1.96906e+06

2896
63.7365	0.401798	110.092	0.716669	47.6606	1.21566	20.9731	1.71615	9.5518	2.21869	4.65504	2.72319	3.35014	3.39592	0.973757	4.4048	0.360843	5.43176	668661

756881

9227
64.2668	0.401602	110.441	0.716725	47.8567	1.21539	21.1144	1.71724	9.57603	2.21812	4.53235	2.72013	3.37033	3.39245	0.975073	4.40955	0.329685	5.42388	2.13758e+06

2.42174e+06

9804
64.1647	0.40165	110.499	0.716874	47.795	1.21522	21.0762	1.71616	9.61679	2.21841	4.48266	2.71932	3.3468	3.39358	0.973684	4.40436	0.343941	5.41762	2.27034e+06

2.57158e+06

11455
64.2255	0.40169	110.356	0.716608	47.8621	1.21554	21.1335	1.71648	9.53086	2.21811	4.49533	2.71977	3.31777	3.39123	0.962811	4.4141	0.340812	5.43266	2.65173e+06

3.00378e+06

5013
64.0766	0.401703	110.542	0.716822	47.7293	1.21553	20.9685	1.71687	9.56912	2.21785	4.45821	2.71981	3.38001	3.3951	1.0012	4.40722	0.331937	5.42429	1.15988e+06

1.31369e+06

11460
64.1318	0.401589	110.462	0.716679	47.9141	1.21579	21.0239	1.71688	9.56614	2.21788	4.49677	2.71952	3.37208	3.39481	0.964311	4.40692	0.345812	5.42602	2.65361e+06

3.00569e+06

5685
63.9094	0.401771	110.454	0.716715	47.8697	1.21569	21.077	1.71682	9.53967	2.21876	4.47669	2.71996	3.32348	3.39564	0.964116	4.40932	0.337907	5.42822	1.31566e+06

1.4892e+06

5964
64.1211	0.401816	110.327	0.716753	47.869	1.21504	21.0761	1.71704	9.55231	2.21835	4.55064	2.72	3.38883	3.39192	0.975184	4.41058	0.348592	5.41148	1.38109e+06

1.56382e+06

5283
64.0504	0.401572	110.302	0.716651	47.9451	1.21559	21.0926	1.71669	9.49063	2.21826	4.52262	2.71949	3.31138	3.38875	0.976907	4.39779	0.350937	5.42063	1.22217e+06

1.38437e+06

9572
64.2054	0.401629	110.735	0.716732	47.7374	1.21523	21.0555	1.71695	9.56331	2.21787	4.5186	2.72036	3.3761	3.39006	0.965733	4.40947	0.336398	5.42604	2.21787e+06

2.51258e+06

5257
63.9817	0.401827	110.247	0.716752	47.6852	1.21572	21.078	1.71755	9.65912	2.2188	4.53186	2.71815	3.43846	3.38969	0.956629	4.40833	0.349249	5.43556	1.21633e+06

1.37695e+06

7281
64.0883	0.40173	110.551	0.716536	47.8263	1.21607	21.046	1.71708	9.52699	2.21776	4.516	2.72019	3.33745	3.39346	0.996841	4.40785	0.331136	5.41218	1.68643e+06

1.90922e+06

8301
64.1915	0.401637	110.412	0.716407	47.8997	1.21569	21.0601	1.71687	9.62462	2.21737	4.48464	2.7194	3.38357	3.39394	0.977834	4.40834	0.338754	5.41244	1.92286e+06

2.17795e+06

5125
9056
64.0806	0.4017	110.326	0.716622	47.8884	1.21537	21.0722	1.71688	9.57034	2.21798	4.52	2.72147	3.38478	3.39431	0.999805	4.407	0.323707	5.42819	1.18652e+06

1.3436e+06

64.0835	0.401687	110.462	0.716676	47.7736	1.21567	21.0276	1.71707	9.55941	2.21811	4.48929	2.7198	3.36595	3.39083	0.987964	4.40684	0.344965	5.41412	2.09604e+06

2.37352e+06

4796
63.8215	0.401847	110.11	0.716573	47.8893	1.21554	21.177	1.71689	9.59987	2.21821	4.52877	2.72055	3.40013	3.39407	0.986447	4.40226	0.335696	5.43296	1.10975e+06

1.25583e+06

9775
64.1264	0.401733	110.266	0.716609	47.9318	1.21538	21.0972	1.71682	9.60102	2.2179	4.48512	2.71928	3.41115	3.39339	0.972379	4.40785	0.351611	5.41801	2.26379e+06

2.56342e+06

13460
64.1263	0.401647	110.47	0.716573	47.8538	1.21562	21.0357	1.7168	9.63187	2.21812	4.49963	2.71989	3.38128	3.39062	0.967905	4.40869	0.336181	5.41499	3.11743e+06

3.53059e+06

4459
63.8479	0.40178	109.929	0.716597	47.869	1.21568	21.1588	1.7168	9.57165	2.21748	4.53779	2.72086	3.31891	3.39272	0.989235	4.41517	0.344248	5.4164	1.03041e+06

1.16632e+06

8662
63.9614	0.401667	110.416	0.71663	47.8129	1.21598	21.1559	1.71661	9.57516	2.21773	4.52274	2.71986	3.39564	3.39263	0.97414	4.4042	0.334796	5.41962	2.00557e+06

2.27073e+06

11776
64.2484	0.401633	110.623	0.716679	47.8592	1.21535	20.9908	1.71696	9.5411	2.21853	4.50569	2.7195	3.37942	3.39073	0.9848	4.40898	0.335853	5.41775	2.72807e+06

3.09082e+06

8778
64.0624	0.401604	110.349	0.716682	47.9082	1.21548	21.1631	1.71632	9.59957	2.21873	4.49886	2.71966	3.365	3.39307	0.992709	4.40858	0.330827	5.42667	2.03264e+06

2.30221e+06

8872
64.2224	0.401775	110.39	0.716621	47.8015	1.21577	21.0036	1.71726	9.58228	2.21876	4.55207	2.71963	3.38424	3.39664	0.985009	4.40884	0.344004	5.42434	2.05456e+06

2.32682e+06

3772
63.6938	0.401664	110.44	0.716411	47.9385	1.21597	21.1943	1.71731	9.5517	2.21738	4.50159	2.71988	3.31707	3.39493	0.952015	4.41442	0.353393	5.43615	873303

988046

12117
64.1415	0.401679	110.545	0.71662	47.8539	1.21543	21.0266	1.71711	9.64315	2.21749	4.5045	2.72	3.36742	3.39353	0.977965	4.40491	0.335314	5.42535	2.80723e+06

3.17944e+06

12122
64.1195	0.401639	110.446	0.716476	47.8231	1.2154	20.9974	1.71668	9.51988	2.21836	4.50709	2.71961	3.37816	3.39235	0.965105	4.40624	0.342188	5.41542	2.80428e+06

3.17715e+06

12529
64.194	0.40163	110.446	0.716266	47.8197	1.21576	21.0179	1.71647	9.59494	2.21859	4.51265	2.71986	3.36148	3.39068	0.968314	4.40929	0.336579	5.4239	2.90045e+06

3.28575e+06

2531
63.6243	0.402019	110.089	0.716822	47.8242	1.21571	20.9376	1.71712	9.59463	2.21844	4.53339	2.7226	3.44804	3.3958	1.02647	4.41479	0.330699	5.43884	585236

661625

2765
63.9678	0.40183	110.323	0.716196	47.6998	1.21578	20.9219	1.71739	9.56347	2.2182	4.50705	2.71903	3.36456	3.39306	1.02061	4.40849	0.35009	5.41801	639223

723652

8346
64.0058	0.401665	110.207	0.716693	47.8789	1.21584	21.1542	1.71721	9.64031	2.21802	4.497	2.72009	3.41062	3.39069	0.986461	4.41014	0.337886	5.42173	1.93175e+06

2.18764e+06

5916
63.9572	0.401681	110.284	0.716551	47.8017	1.21563	21.0497	1.71697	9.68594	2.21817	4.53279	2.71951	3.3619	3.39304	0.966531	4.41239	0.336038	5.41425	1.36894e+06

1.54985e+06

2507
63.8899	0.401751	110.544	0.716953	47.4771	1.21476	21.0774	1.71745	9.53929	2.21797	4.5002	2.71956	3.30116	3.39568	0.973275	4.40422	0.334264	5.41423	579352

655922

7751
64.1577	0.401637	110.32	0.716772	47.8532	1.21555	20.9666	1.71603	9.57128	2.2193	4.51748	2.72199	3.34331	3.39942	0.998968	4.4062	0.341891	5.42114	1.79365e+06

2.03131e+06

7196
64.0409	0.40165	110.507	0.716938	47.9254	1.2155	21.0591	1.71742	9.53113	2.21717	4.52849	2.71948	3.3684	3.39622	0.97582	4.41492	0.337827	5.42377	1.66643e+06

1.88732e+06

6849
63.7549	0.401687	110.355	0.716738	47.8197	1.21544	21.0603	1.71635	9.6271	2.21795	4.52124	2.7202	3.36429	3.39629	0.983939	4.40344	0.352314	5.41713	1.58444e+06

1.79334e+06

10511
64.0629	0.40175	110.305	0.716848	48.0154	1.21586	21.0804	1.71694	9.60213	2.21791	4.52887	2.71927	3.34402	3.39158	1.00542	4.40538	0.347921	5.41317	2.43539e+06

2.75695e+06

6298
63.999	0.401645	110.342	0.717085	47.9157	1.21601	21.0329	1.71748	9.56923	2.21737	4.51747	2.71988	3.40092	3.3924	0.991743	4.40824	0.346936	5.42443	1.45787e+06

1.65081e+06

3216
64.0227	0.40171	109.99	0.71685	47.6561	1.21521	21.0295	1.71732	9.52177	2.21841	4.60354	2.71999	3.36039	3.39323	1.01493	4.40605	0.354167	5.4241	742677

841154

10085
63.8444	0.401618	110.259	0.716637	47.9803	1.21561	21.0621	1.71686	9.60635	2.21876	4.54735	2.72051	3.40526	3.39271	0.990283	4.40617	0.341795	5.42528	2.33419e+06

2.64264e+06

7441
64.0789	0.401522	110.492	0.716682	47.7773	1.21567	21.0892	1.71666	9.57667	2.2184	4.51203	2.72022	3.39403	3.39343	0.978498	4.40803	0.345384	5.41256	1.7222e+06

1.95136e+06

9583
64.0626	0.401652	110.539	0.716639	47.89	1.21581	21.085	1.71692	9.56725	2.21814	4.50443	2.72013	3.35302	3.39245	0.97433	4.40549	0.342273	5.4172	2.21975e+06

2.51379e+06

9423
64.1477	0.40163	110.56	0.716838	47.7968	1.21556	20.9932	1.71691	9.62528	2.21754	4.53104	2.71949	3.40115	3.39329	0.997559	4.4061	0.342672	5.42522	2.18298e+06

2.47255e+06

8816
64.0361	0.401745	110.435	0.716732	47.7459	1.21509	21.0373	1.71719	9.58099	2.21825	4.54809	2.72101	3.37126	3.39038	0.986502	4.40852	0.346189	5.42202	2.04053e+06

2.31057e+06

11813
64.1363	0.401727	110.399	0.716699	47.8465	1.21569	21.0528	1.71701	9.50876	2.21826	4.52205	2.72051	3.3773	3.39409	0.968255	4.40494	0.340472	5.4249	2.73416e+06

3.09679e+06

1309
63.7723	0.401637	109.982	0.716372	47.696	1.21594	21.0008	1.71619	9.52636	2.21629	4.54698	2.71964	3.36211	3.39337	0.942704	4.40687	0.343774	5.41309	302067

341876

8389
64.3	0.401706	110.314	0.716822	47.9287	1.21579	21.0689	1.71723	9.53737	2.21812	4.50447	2.7192	3.33949	3.3902	0.982477	4.40529	0.337347	5.4149	1.94259e+06

2.20054e+06

0
-nan	-nan	-nan	-nan	-nan	-nan	-nan	-nan	-nan	-nan	-nan	-nan	-nan	-nan	-nan	-nan	-nan	-nan	0

0

243
64.3045	0.400838	110.49	0.716444	47.7449	1.21692	21.5185	1.71789	9.33333	2.21931	4.57202	2.71962	3.19753	3.38134	1.05761	4.41787	0.399177	5.43598	56242

63816

8058
63.909	0.401756	110.243	0.716808	47.7926	1.21503	21.0416	1.71712	9.57099	2.21807	4.50968	2.71993	3.38024	3.39246	0.969968	4.41095	0.349466	5.4248	1.86343e+06

2.10931e+06

6940
64.3233	0.40153	110.595	0.716551	47.9255	1.2154	21.0184	1.71636	9.52061	2.21765	4.52291	2.71863	3.36556	3.3897	0.962392	4.4114	0.344092	5.42067	1.60796e+06

1.82229e+06

2948
64.0438	0.401956	109.832	0.716801	48.0031	1.21582	21.1028	1.71649	9.60583	2.2193	4.54308	2.71931	3.36805	3.39241	0.98711	4.40223	0.358209	5.42039	681910

771915

7859
64.2214	0.401626	110.511	0.716435	47.8308	1.21534	21.0087	1.71699	9.6058	2.21771	4.49536	2.72019	3.34954	3.39189	0.952284	4.40301	0.348899	5.41379	1.81998e+06

2.0616e+06

11562
64.1555	0.40159	110.392	0.716675	47.7999	1.21531	21.126	1.71749	9.56504	2.21874	4.53866	2.71959	3.35885	3.39293	0.970074	4.40794	0.335582	5.42524	2.67629e+06

3.03204e+06

8946
64.2808	0.40172	110.225	0.716919	47.8631	1.21561	21.0973	1.71685	9.57814	2.21893	4.54661	2.71984	3.35994	3.38979	0.965459	4.41014	0.350212	5.42984	2.07134e+06

2.34623e+06

10049
64.2188	0.401766	110.483	0.716641	47.8231	1.21583	21.0201	1.71657	9.61081	2.21813	4.5316	2.7207	3.37954	3.3927	0.990148	4.40845	0.347099	5.41312	2.32838e+06

2.6369e+06

5925
64.1787	0.401591	110.356	0.71681	47.8712	1.21532	21.1377	1.7169	9.53435	2.21901	4.51257	2.71998	3.36776	3.39842	0.997468	4.40671	0.328101	5.41454	1.37167e+06

1.55403e+06

12650
64.1417	0.401636	110.598	0.716745	47.8095	1.21546	21.0784	1.71653	9.56419	2.21851	4.45715	2.72059	3.36395	3.39102	0.968696	4.40664	0.342609	5.41582	2.92977e+06

3.31841e+06

11202
64.2444	0.401572	110.574	0.716655	47.8745	1.21539	21.0028	1.71676	9.57365	2.21843	4.49098	2.7203	3.35788	3.39573	0.976701	4.40474	0.345474	5.42058	2.59498e+06

2.93985e+06

9774
64.1495	0.401547	110.552	0.71666	47.8836	1.21519	21.0009	1.71686	9.52926	2.21813	4.49826	2.7197	3.37242	3.3936	0.965112	4.40125	0.345815	5.4138	2.26301e+06

2.56369e+06

8681
64.1351	0.401596	110.29	0.716657	47.838	1.2159	21.0713	1.71669	9.55086	2.21902	4.50962	2.71944	3.38486	3.39152	0.965096	4.40717	0.347425	5.41919	2.00874e+06

2.27522e+06

9830
64.2216	0.401528	110.394	0.71677	47.7673	1.21551	21.1107	1.71687	9.5588	2.21879	4.54323	2.7189	3.37884	3.39228	0.987691	4.40798	0.339674	5.42808	2.27596e+06

2.57843e+06

8994
64.0658	0.401746	110.491	0.716449	47.8913	1.21578	21.0238	1.7165	9.61863	2.21885	4.52057	2.71964	3.331	3.38941	0.968535	4.41061	0.344785	5.43173	2.08309e+06

2.35873e+06

4518
64.0212	0.401469	110.489	0.716577	47.9907	1.2156	20.9522	1.71694	9.53652	2.21887	4.48141	2.71934	3.32514	3.39066	0.95529	4.40833	0.34927	5.42355	1.04532e+06

1.18417e+06

5718
64.2574	0.401821	110.354	0.716663	47.8227	1.21626	21.0093	1.71634	9.62557	2.21808	4.51522	2.72061	3.35222	3.39516	0.97709	4.41093	0.339279	5.43004	1.32413e+06

1.49956e+06

9503
64.1454	0.401702	110.451	0.716707	47.9665	1.21593	21.0718	1.71665	9.59697	2.21762	4.49616	2.71891	3.39787	3.39329	0.970641	4.40729	0.334842	5.41397	2.20212e+06

2.49388e+06

5348
64.0054	0.40159	110.241	0.716679	48.0411	1.21565	21.055	1.71651	9.57928	2.21767	4.52618	2.71932	3.38538	3.39225	0.992334	4.40499	0.342745	5.42565	1.23779e+06

1.40208e+06

8922
64.2566	0.401664	110.541	0.716746	47.8266	1.2155	21.0343	1.71682	9.55414	2.21808	4.50392	2.72124	3.36584	3.39198	0.981058	4.40266	0.345887	5.4222	2.06671e+06

2.34122e+06

10773
63.9774	0.401526	110.483	0.716699	47.971	1.21573	21.0545	1.71673	9.55509	2.21832	4.49893	2.71906	3.36378	3.39348	0.981992	4.40335	0.340388	5.42257	2.49443e+06

2.82496e+06

10924
64.0411	0.401751	110.473	0.716678	47.9047	1.21548	21.0253	1.71704	9.60179	2.21841	4.47208	2.72125	3.31435	3.39529	0.980868	4.40737	0.341816	5.42808	2.52926e+06

2.86378e+06

7577
64.153	0.401753	110.437	0.716928	47.9349	1.21564	21.0748	1.71722	9.54982	2.2182	4.49637	2.72106	3.33523	3.39522	0.96331	4.4078	0.337865	5.42805	1.75493e+06

1.98731e+06

7434
63.904	0.401718	110.412	0.717126	47.896	1.21555	21.0554	1.7168	9.58811	2.2181	4.53094	2.72101	3.35741	3.39343	0.966909	4.40532	0.3371	5.41395	1.72075e+06

1.94806e+06

7130
64.0515	0.401683	110.446	0.716783	47.8056	1.21566	21.1129	1.71634	9.63043	2.218	4.5216	2.72007	3.3547	3.39445	0.976157	4.41235	0.342216	5.42049	1.65124e+06

1.86978e+06

6967
64.0096	0.401581	110.422	0.716823	47.8748	1.21577	21.0662	1.71718	9.60356	2.21792	4.5117	2.71993	3.38137	3.39159	0.993254	4.40928	0.347208	5.42173	1.61276e+06

1.82681e+06

13892
64.2142	0.401593	110.52	0.716625	47.831	1.21586	21.1107	1.71705	9.58206	2.21763	4.48092	2.71982	3.35517	3.39496	0.977469	4.40913	0.339764	5.41567	3.21798e+06

3.64542e+06

12825
64.2043	0.401684	110.396	0.716587	47.8718	1.21552	21.0894	1.71753	9.56671	2.21791	4.49965	2.72063	3.36195	3.39368	0.98963	4.40998	0.337778	5.42538	2.97022e+06

3.36422e+06

11574
64.2469	0.401741	110.663	0.716692	47.656	1.21571	21.033	1.71714	9.55357	2.2181	4.49421	2.72086	3.36522	3.39191	0.971574	4.40649	0.331692	5.4253	2.68081e+06

3.03604e+06

9961
64.004	0.401573	110.329	0.716784	47.9236	1.21562	21.1484	1.71701	9.61841	2.21822	4.53458	2.71886	3.37717	3.39578	0.968577	4.40747	0.34866	5.42361	2.30666e+06

2.6123e+06

10897
64.3564	0.401638	110.505	0.716434	47.7223	1.2156	21.0469	1.71666	9.59539	2.21848	4.47949	2.72062	3.34991	3.39066	0.975681	4.41058	0.352391	5.41936	2.52334e+06

2.85919e+06

9991
63.9976	0.401781	110.487	0.716608	47.8781	1.21536	21.0583	1.71635	9.57802	2.2181	4.53608	2.72072	3.38605	3.395	0.981684	4.40652	0.346812	5.43019	2.31467e+06

2.62013e+06

7484
63.9901	0.401681	110.499	0.716374	47.852	1.21589	21.0163	1.71655	9.61491	2.21747	4.49319	2.7186	3.3919	3.39016	0.971673	4.40733	0.339391	5.4253	1.73289e+06

1.96207e+06

4164
64.0276	0.401902	110.317	0.716877	47.6455	1.21558	20.9023	1.71677	9.64169	2.21691	4.54683	2.72091	3.37776	3.39395	0.993276	4.40418	0.347502	5.40989	963068

1.09013e+06

9231
64.1583	0.401615	110.644	0.716627	47.6686	1.21585	21.0261	1.71635	9.60253	2.21795	4.50211	2.71985	3.37103	3.39376	0.987867	4.40383	0.327592	5.42762	2.13725e+06

2.42118e+06

8653
63.8701	0.401805	110.381	0.71653	47.8655	1.2157	21.1227	1.71649	9.6273	2.21799	4.54594	2.71926	3.3437	3.39724	0.955391	4.41174	0.34358	5.417	2.00351e+06

2.26756e+06

8043
63.9368	0.401463	110.429	0.716601	47.8187	1.21537	21.1391	1.71662	9.52878	2.2175	4.55079	2.72022	3.38232	3.39442	0.984956	4.40632	0.33955	5.4291	1.86114e+06

2.10815e+06

8573
63.8276	0.401762	110.299	0.716868	47.893	1.21572	21.1902	1.71708	9.64155	2.21787	4.53144	2.71993	3.40429	3.3922	0.995334	4.40579	0.351919	5.42489	1.98572e+06

2.24728e+06

7488
64.186	0.401636	110.544	0.716525	47.8041	1.21521	21.0702	1.71696	9.56384	2.21813	4.43723	2.72001	3.34041	3.38931	0.959001	4.40567	0.332265	5.41272	1.73349e+06

1.96363e+06

7350
63.9865	0.401855	110.388	0.716629	47.7663	1.21537	21.0358	1.71718	9.59524	2.21735	4.53633	2.71966	3.36463	3.39495	0.976327	4.40553	0.340408	5.42065	1.7012e+06

1.92562e+06

6858
64.3026	0.401696	110.524	0.716519	47.8066	1.21525	21.023	1.71676	9.60805	2.21909	4.52202	2.72039	3.34719	3.39286	0.974774	4.41327	0.333333	5.41457	1.58891e+06

1.79982e+06

13646
64.2099	0.401748	110.533	0.716639	47.7506	1.21577	21.0079	1.7168	9.53715	2.21778	4.51136	2.7194	3.34684	3.39275	0.970834	4.40849	0.345742	5.41866	3.15961e+06

3.57816e+06

13654
64.1156	0.401661	110.472	0.716722	47.7879	1.21533	21.0106	1.71698	9.56591	2.21791	4.52666	2.72007	3.37872	3.394	0.97444	4.40445	0.347517	5.42277	3.16077e+06

3.5798e+06

8003
64.12	0.40175	110.203	0.716583	47.9531	1.2153	21.0479	1.71683	9.58178	2.21836	4.56154	2.71882	3.35937	3.39747	0.974135	4.4036	0.341997	5.41609	1.85285e+06

2.09793e+06

7434
64.1141	0.401647	110.557	0.716806	47.8274	1.21563	20.9847	1.71691	9.62349	2.21849	4.5078	2.72076	3.35916	3.39441	0.971348	4.40813	0.337907	5.42252	1.72142e+06

1.94981e+06

6897
63.7421	0.401783	110.305	0.716695	47.9912	1.21526	21.1609	1.71609	9.62737	2.21965	4.57938	2.7197	3.38741	3.39274	0.978831	4.41099	0.349137	5.4228	1.59765e+06

1.80785e+06

6907
63.8203	0.401747	110.435	0.716745	47.9412	1.21579	21.0324	1.71723	9.60012	2.21852	4.44969	2.71946	3.38627	3.39246	0.97003	4.40582	0.347618	5.42284	1.59879e+06

1.80952e+06

7923
64.0139	0.4018	110.319	0.716994	47.9148	1.21564	21.1768	1.71621	9.55711	2.21841	4.53023	2.71984	3.37587	3.3939	0.974	4.40451	0.337372	5.41787	1.83518e+06

2.0774e+06

12741
64.2354	0.401696	110.339	0.716718	47.7945	1.21538	21.0644	1.71656	9.59077	2.2183	4.56244	2.72001	3.39385	3.39364	0.963582	4.40651	0.359077	5.41768	2.95003e+06

3.342e+06

11970
64.2371	0.401749	110.398	0.716339	47.9261	1.2151	21.0283	1.71687	9.52632	2.21821	4.51938	2.71952	3.35998	3.39231	0.96792	4.40628	0.345614	5.41965	2.77203e+06

3.13984e+06

6578
63.9577	0.401776	110.382	0.716689	47.884	1.21558	21.0085	1.71686	9.57388	2.21837	4.51809	2.71977	3.37139	3.39302	0.957434	4.40687	0.328215	5.41891	1.52189e+06

1.72331e+06

6255
64.0558	0.401766	110.237	0.716805	47.8616	1.21561	21.0924	1.71613	9.58849	2.21757	4.48985	2.72041	3.34628	3.39357	0.96307	4.40913	0.338129	5.42221	1.44706e+06

1.63864e+06

5906
63.8933	0.401715	110.482	0.71677	47.6126	1.21538	21.0782	1.71714	9.54775	2.21856	4.51168	2.71993	3.39841	3.39245	0.986624	4.40468	0.356925	5.41666	1.36614e+06

1.54659e+06

5595
63.9539	0.401628	110.292	0.716857	47.7501	1.21582	21.134	1.71692	9.60786	2.21786	4.53566	2.71964	3.39106	3.38876	0.986059	4.40743	0.324576	5.43306	1.29427e+06

1.46575e+06

5945
64.1102	0.401673	110.211	0.716531	47.749	1.21604	21.1154	1.71591	9.55038	2.21723	4.51505	2.71914	3.36518	3.39181	0.984357	4.40561	0.337931	5.42655	1.37495e+06

1.55722e+06

10004
64.3436	0.40172	110.181	0.716548	47.9437	1.21566	21.0695	1.71739	9.60086	2.21783	4.51319	2.71902	3.37505	3.38856	0.976809	4.40761	0.346961	5.42079	2.31683e+06

2.62455e+06

9297
64.0954	0.401613	110.462	0.716757	47.8173	1.21563	21.0171	1.71741	9.59966	2.21906	4.50371	2.7201	3.3641	3.3948	0.969022	4.40943	0.347747	5.42357	2.15194e+06

2.43745e+06

7398
64.1218	0.401734	110.53	0.716289	47.9227	1.21594	21.0438	1.71683	9.55231	2.21843	4.51284	2.72033	3.3728	3.3943	0.982022	4.40802	0.343877	5.43095	1.71394e+06

1.9411e+06

8327
64.0001	0.401587	110.413	0.716484	47.9258	1.21532	21.0221	1.71652	9.54209	2.21806	4.5033	2.71979	3.38345	3.39327	0.984388	4.40768	0.331092	5.42293	1.9269e+06

2.18255e+06

7975
64.0739	0.401584	110.273	0.716519	47.8517	1.21552	21.0967	1.71753	9.66871	2.21782	4.57216	2.71987	3.37279	3.39404	0.981567	4.3995	0.337555	5.43269	1.84651e+06

2.09127e+06

7500
64.1396	0.401585	110.556	0.7164	47.816	1.21541	21.0509	1.71663	9.64973	2.21824	4.5104	2.71967	3.3916	3.38881	0.972	4.4032	0.336533	5.42662	1.73746e+06

1.96817e+06

7767
64.2096	0.401654	110.624	0.71661	47.6853	1.21553	20.9755	1.71682	9.5477	2.2185	4.50985	2.71988	3.35084	3.39451	0.994721	4.40873	0.350843	5.41974	1.79762e+06

2.03688e+06

6319
64.1511	0.401803	110.405	0.71639	47.8642	1.21524	21.0286	1.717	9.52904	2.21833	4.47587	2.72059	3.38139	3.3919	0.974363	4.40728	0.337237	5.40885	1.46293e+06

1.6565e+06

5742
64.0322	0.401666	110.176	0.716461	47.7092	1.21563	21.0942	1.71684	9.62504	2.21903	4.49251	2.71941	3.33629	3.39488	0.971264	4.40677	0.350575	5.4181	1.3274e+06

1.50318e+06

5560
63.9338	0.401716	110.5	0.716639	47.7626	1.21553	20.9678	1.71729	9.52086	2.21741	4.46601	2.71964	3.34011	3.39353	0.975	4.40506	0.322842	5.41644	1.28557e+06

1.45555e+06

6917
63.8689	0.401621	110.399	0.717206	47.894	1.21574	21.1369	1.71756	9.59491	2.21816	4.5232	2.72002	3.37921	3.39434	0.98323	4.40138	0.341478	5.42035	1.60129e+06

1.81309e+06

6665
63.9661	0.401657	110.263	0.71666	47.7566	1.2155	20.9998	1.71698	9.61635	2.21939	4.54209	2.71876	3.41035	3.39236	0.954539	4.4065	0.339985	5.41526	1.54111e+06

1.74523e+06

6223
64.0818	0.401666	110.435	0.716699	47.8017	1.2154	20.9809	1.71631	9.5687	2.21971	4.53511	2.71961	3.36156	3.39007	0.99534	4.40947	0.334565	5.42025	1.43994e+06

1.63102e+06

221
64.1403	0.401433	109.697	0.716126	46.7466	1.21531	20.9367	1.71743	9.84615	2.21872	4.181	2.72093	3.46154	3.40737	1.02715	4.39537	0.375566	5.45299	50802

57551

6047
64.0597	0.401833	110.393	0.716532	47.7685	1.21547	21.1182	1.71714	9.55895	2.2176	4.5153	2.71982	3.34794	3.39447	0.987432	4.40621	0.331239	5.40689	1.39961e+06

1.5848e+06

5742
64.0801	0.401798	110.15	0.716603	47.8225	1.21562	21.1388	1.71731	9.58046	2.21756	4.50488	2.72049	3.34744	3.39427	0.971264	4.40363	0.344479	5.41982	1.32816e+06

1.50406e+06

5525
63.8004	0.40175	110.365	0.716928	47.8896	1.21524	21.1091	1.71753	9.60054	2.2181	4.55602	2.72106	3.37683	3.39542	0.982262	4.40421	0.34733	5.41644	1.27926e+06

1.4477e+06

5220
64.0962	0.401828	110.414	0.716888	47.8004	1.21579	21.0764	1.71696	9.58448	2.21934	4.50192	2.71986	3.37778	3.3964	0.977203	4.40448	0.332375	5.42154	1.20865e+06

1.36848e+06

4923
63.9831	0.401768	110.55	0.716713	47.7877	1.21513	21.0518	1.7165	9.6431	2.21835	4.47309	2.71911	3.35913	3.39345	0.968515	4.40661	0.338005	5.43484	1.13993e+06

1.29059e+06

4813
64.1074	0.401733	110.402	0.716676	47.7808	1.21566	21.0684	1.71674	9.53314	2.21894	4.5053	2.71874	3.369	3.3918	0.979223	4.39971	0.337212	5.40926	1.11358e+06

1.2614e+06

4536
64.0999	0.401667	110.499	0.716699	47.9015	1.21633	20.9698	1.71693	9.60185	2.21886	4.45944	2.72008	3.36023	3.39383	0.993607	4.41129	0.334436	5.43346	1.05032e+06

1.18943e+06

4394
63.9454	0.401511	110.325	0.716306	47.8468	1.21551	21.0797	1.71738	9.63245	2.21845	4.56577	2.71884	3.41488	3.38889	0.971325	4.40713	0.343423	5.43399	1.01684e+06

1.15177e+06

4264
64.008	0.401657	110.505	0.716653	47.7545	1.21576	21.117	1.71744	9.55253	2.21776	4.53963	2.72015	3.40619	3.39365	0.952392	4.40375	0.337242	5.42583	987168

1.1179e+06

4036
64.1742	0.401845	110.345	0.717186	47.8285	1.21546	21.1378	1.71609	9.62884	2.21817	4.45961	2.7179	3.29906	3.39478	0.990585	4.39666	0.316402	5.42049	934468

1.05816e+06

227
64.1322	0.401671	111.048	0.717631	47	1.21776	20.7401	1.71763	9.6652	2.22165	4.56828	2.71917	3.14537	3.38558	0.903084	4.42614	0.352423	5.34332	52434

59373

3791
63.9863	0.401557	110.339	0.716642	47.8225	1.21478	21.0277	1.71691	9.60564	2.21844	4.58217	2.72027	3.40834	3.38901	0.981799	4.41165	0.345028	5.4109	877447

993617

4018
64.0642	0.401731	110.481	0.716892	47.9928	1.21533	20.9995	1.71629	9.47262	2.21854	4.53907	2.71906	3.32802	3.3931	0.985316	4.40593	0.340219	5.42331	930730

1.05353e+06

3865
63.9889	0.401669	110.315	0.716678	48.0228	1.21536	21.1175	1.71672	9.65485	2.21611	4.53946	2.71921	3.3806	3.3927	0.972574	4.40464	0.333506	5.43301	895226

1.01389e+06

3752
64.088	0.401603	110.346	0.716518	48.0005	1.21545	21.0269	1.71727	9.61061	2.21849	4.52559	2.72096	3.43017	3.39272	1.0072	4.40444	0.354211	5.40239	869257

984485

3365
64.0318	0.401938	110.492	0.717038	47.9489	1.21497	21.0692	1.71727	9.53195	2.21811	4.49034	2.72064	3.33967	3.38996	0.975037	4.40664	0.347994	5.41184	779592

882392

3436
64.0675	0.401798	110.546	0.716705	47.6816	1.21492	21.0541	1.71697	9.65629	2.21734	4.54453	2.72059	3.31199	3.39352	0.993888	4.4126	0.350116	5.42243	795685

900939

3336
63.8156	0.401633	110.263	0.716884	47.8459	1.21548	21.1358	1.71755	9.55216	2.21883	4.48951	2.71962	3.3801	3.38993	0.968825	4.40304	0.347722	5.41456	771308

873360

3140
63.9124	0.401744	110.394	0.716953	47.7576	1.21533	20.965	1.71676	9.60414	2.21759	4.53471	2.72184	3.40605	3.39555	0.955414	4.41083	0.355096	5.41413	726092

822318

2999
63.9667	0.401648	110.296	0.716759	47.8596	1.21532	21.1164	1.71668	9.56019	2.21874	4.49183	2.71973	3.36946	3.39199	0.949316	4.39988	0.335112	5.42286	693884

785573

