1.5	3	156.652
1.5	3.001	157.473
1.5	3.002	155.882
1.5	3.003	154.165
1.5	3.004	155.358
1.5	3.005	156.153
1.5	3.006	155.994
1.5	3.007	155.978
1.5	3.008	155.21
1.5	3.009	155.62
1.5	3.01	154.478
1.5	3.011	152.916
1.5	3.012	152.136
1.5	3.013	152.937
1.5	3.014	154.368
1.5	3.015	154.521
1.5	3.016	153.71
1.5	3.017	153.092
1.5	3.018	152.883
1.5	3.019	152.72
1.5	3.02	152.894
1.501	3	161.284
1.501	3.001	160.039
1.501	3.002	160.29
1.501	3.003	160.772
1.501	3.004	160.692
1.501	3.005	159.444
1.501	3.006	159.147
1.501	3.007	159.023
1.501	3.008	159.382
1.501	3.009	158.728
1.501	3.01	158.666
1.501	3.011	158.715
1.501	3.012	159.462
1.501	3.013	160.627
1.501	3.014	160.248
1.501	3.015	160.02
1.501	3.016	159.515
1.501	3.017	160.385
1.501	3.018	159.61
1.501	3.019	159.514
1.501	3.02	160.338
1.502	3	149.869
1.502	3.001	151.578
1.502	3.002	151.842
1.502	3.003	152.311
1.502	3.004	153.392
1.502	3.005	153.185
1.502	3.006	153.675
1.502	3.007	152.793
1.502	3.008	153.34
1.502	3.009	154.179
1.502	3.01	154.192
1.502	3.011	155.491
1.502	3.012	155.908
1.502	3.013	155.889
1.502	3.014	155.612
1.502	3.015	156.236
1.502	3.016	156.535
1.502	3.017	157.104
1.502	3.018	158.807
1.502	3.019	158.419
1.502	3.02	158.353
1.503	3	150.732
1.503	3.001	151.095
1.503	3.002	149.873
1.503	3.003	149.792
1.503	3.004	149.522
1.503	3.005	149.482
1.503	3.006	150.398
1.503	3.007	149.448
1.503	3.008	148.409
1.503	3.009	148.479
1.503	3.01	148.677
1.503	3.011	149.85
1.503	3.012	150.621
1.503	3.013	151.163
1.503	3.014	150.791
1.503	3.015	151.015
1.503	3.016	150.853
1.503	3.017	150.884
1.503	3.018	151.017
1.503	3.019	149.788
1.503	3.02	150.754
1.504	3	159.175
1.504	3.001	159.165
1.504	3.002	158.034
1.504	3.003	157.887
1.504	3.004	156.406
1.504	3.005	156.19
1.504	3.006	155.935
1.504	3.007	155.211
1.504	3.008	153.717
1.504	3.009	153.68
1.504	3.01	153.874
1.504	3.011	152.779
1.504	3.012	151.619
1.504	3.013	151.049
1.504	3.014	150.347
1.504	3.015	151.222
1.504	3.016	151.6
1.504	3.017	150.612
1.504	3.018	150.358
1.504	3.019	151.018
1.504	3.02	150.777
1.505	3	162.386
1.505	3.001	162.281
1.505	3.002	162.452
1.505	3.003	162.06
1.505	3.004	162.103
1.505	3.005	162.198
1.505	3.006	161.082
1.505	3.007	161.351
1.505	3.008	160.251
1.505	3.009	159.334
1.505	3.01	157.627
1.505	3.011	156.625
1.505	3.012	156.2
1.505	3.013	156.403
1.505	3.014	157.148
1.505	3.015	158.058
1.505	3.016	158.544
1.505	3.017	158.056
1.505	3.018	157.175
1.505	3.019	156.097
1.505	3.02	155.996
1.506	3	161.23
1.506	3.001	160.454
1.506	3.002	160.313
1.506	3.003	161.33
1.506	3.004	161.229
1.506	3.005	160.723
1.506	3.006	160.025
1.506	3.007	161.032
1.506	3.008	161.502
1.506	3.009	160.423
1.506	3.01	160.022
1.506	3.011	160.114
1.506	3.012	160.37
1.506	3.013	159.679
1.506	3.014	159.454
1.506	3.015	158.088
1.506	3.016	160.737
1.506	3.017	161.91
1.506	3.018	161.836
1.506	3.019	161.003
1.506	3.02	160.547
1.507	3	160.306
1.507	3.001	160.396
1.507	3.002	161.017
1.507	3.003	160.987
1.507	3.004	161.614
1.507	3.005	161.948
1.507	3.006	162.121
1.507	3.007	161.671
1.507	3.008	161.709
1.507	3.009	160.86
1.507	3.01	161.269
1.507	3.011	161.552
1.507	3.012	161.958
1.507	3.013	162.517
1.507	3.014	163.407
1.507	3.015	162.446
1.507	3.016	161.318
1.507	3.017	161.721
1.507	3.018	162.137
1.507	3.019	162.399
1.507	3.02	162.399
1.508	3	172.507
1.508	3.001	173.074
1.508	3.002	172.931
1.508	3.003	172.609
1.508	3.004	171.074
1.508	3.005	170.171
1.508	3.006	169.427
1.508	3.007	167.542
1.508	3.008	168.046
1.508	3.009	167.908
1.508	3.01	167.644
1.508	3.011	168.452
1.508	3.012	167.312
1.508	3.013	166.751
1.508	3.014	165.593
1.508	3.015	165.71
1.508	3.016	162.194
1.508	3.017	161.733
1.508	3.018	161.945
1.508	3.019	161.27
1.508	3.02	162.132
1.509	3	180.868
1.509	3.001	179.463
1.509	3.002	178.763
1.509	3.003	178.986
1.509	3.004	179.59
1.509	3.005	178.877
1.509	3.006	177.812
1.509	3.007	176.945
1.509	3.008	176.683
1.509	3.009	175.827
1.509	3.01	175.821
1.509	3.011	176.55
1.509	3.012	175.659
1.509	3.013	174.186
1.509	3.014	173.774
1.509	3.015	172.932
1.509	3.016	171.982
1.509	3.017	172.924
1.509	3.018	173.462
1.509	3.019	173.419
1.509	3.02	172.045
1.51	3	182.79
1.51	3.001	182.618
1.51	3.002	183.011
1.51	3.003	181.975
1.51	3.004	181.012
1.51	3.005	180.361
1.51	3.006	179.511
1.51	3.007	178.964
1.51	3.008	178.378
1.51	3.009	180.089
1.51	3.01	179.471
1.51	3.011	180.31
1.51	3.012	181.359
1.51	3.013	181.002
1.51	3.014	181.97
1.51	3.015	180.721
1.51	3.016	180.027
1.51	3.017	180.084
1.51	3.018	180.188
1.51	3.019	179.168
1.51	3.02	178.843
1.511	3	186.346
1.511	3.001	186.242
1.511	3.002	187.346
1.511	3.003	187.441
1.511	3.004	186.797
1.511	3.005	186.261
1.511	3.006	185.521
1.511	3.007	185.231
1.511	3.008	184.789
1.511	3.009	184.408
1.511	3.01	185.563
1.511	3.011	185.521
1.511	3.012	184.568
1.511	3.013	183.01
1.511	3.014	181.946
1.511	3.015	180.78
1.511	3.016	180.989
1.511	3.017	180.247
1.511	3.018	179.16
1.511	3.019	178.346
1.511	3.02	177.44
1.512	3	196.884
1.512	3.001	197.488
1.512	3.002	198.015
1.512	3.003	197.497
1.512	3.004	197.472
1.512	3.005	196.214
1.512	3.006	196.324
1.512	3.007	195.396
1.512	3.008	195.73
1.512	3.009	195.871
1.512	3.01	194.259
1.512	3.011	193.732
1.512	3.012	194.84
1.512	3.013	194.593
1.512	3.014	194.834
1.512	3.015	192.983
1.512	3.016	193.017
1.512	3.017	193.326
1.512	3.018	191.839
1.512	3.019	191.422
1.512	3.02	191.583
1.513	3	200.406
1.513	3.001	199.196
1.513	3.002	197.746
1.513	3.003	196.44
1.513	3.004	197.19
1.513	3.005	197.004
1.513	3.006	197.535
1.513	3.007	196.585
1.513	3.008	196.847
1.513	3.009	195.684
1.513	3.01	195.654
1.513	3.011	194.872
1.513	3.012	195.231
1.513	3.013	195.717
1.513	3.014	195.452
1.513	3.015	196.465
1.513	3.016	196.25
1.513	3.017	195.967
1.513	3.018	195.764
1.513	3.019	196.624
1.513	3.02	197.401
1.514	3	209.982
1.514	3.001	208.54
1.514	3.002	206.932
1.514	3.003	207.007
1.514	3.004	208.45
1.514	3.005	209.845
1.514	3.006	208.965
1.514	3.007	208.612
1.514	3.008	207.267
1.514	3.009	206.07
1.514	3.01	205.711
1.514	3.011	204.585
1.514	3.012	202.383
1.514	3.013	202.919
1.514	3.014	202.497
1.514	3.015	202.361
1.514	3.016	202.019
1.514	3.017	200.648
1.514	3.018	198.288
1.514	3.019	196.058
1.514	3.02	195.044
1.515	3	225.018
1.515	3.001	222.692
1.515	3.002	221.343
1.515	3.003	221.192
1.515	3.004	218.791
1.515	3.005	217.679
1.515	3.006	216.178
1.515	3.007	215.181
1.515	3.008	214.396
1.515	3.009	213.853
1.515	3.01	213.455
1.515	3.011	212.402
1.515	3.012	211.343
1.515	3.013	210.983
1.515	3.014	210.489
1.515	3.015	209.874
1.515	3.016	208.679
1.515	3.017	209.591
1.515	3.018	208.858
1.515	3.019	209.136
1.515	3.02	208
1.516	3	231.132
1.516	3.001	230.151
1.516	3.002	230.415
1.516	3.003	229.94
1.516	3.004	229.704
1.516	3.005	228.642
1.516	3.006	231.113
1.516	3.007	230.199
1.516	3.008	229.739
1.516	3.009	231.614
1.516	3.01	229.997
1.516	3.011	229.839
1.516	3.012	228.695
1.516	3.013	229.408
1.516	3.014	228.825
1.516	3.015	229.851
1.516	3.016	228.288
1.516	3.017	226.022
1.516	3.018	224.07
1.516	3.019	222.074
1.516	3.02	221.097
1.517	3	235.427
1.517	3.001	234.729
1.517	3.002	232.568
1.517	3.003	233.172
1.517	3.004	232.963
1.517	3.005	230.796
1.517	3.006	229.429
1.517	3.007	230.354
1.517	3.008	230.18
1.517	3.009	230.962
1.517	3.01	231.498
1.517	3.011	230.108
1.517	3.012	228.92
1.517	3.013	228.371
1.517	3.014	228.111
1.517	3.015	228.761
1.517	3.016	227.733
1.517	3.017	228.89
1.517	3.018	227.777
1.517	3.019	227.293
1.517	3.02	226.501
1.518	3	240.11
1.518	3.001	240.225
1.518	3.002	239.019
1.518	3.003	239.029
1.518	3.004	237.581
1.518	3.005	236.939
1.518	3.006	236.96
1.518	3.007	237.377
1.518	3.008	237.786
1.518	3.009	237.601
1.518	3.01	237.016
1.518	3.011	236.055
1.518	3.012	235.819
1.518	3.013	236.208
1.518	3.014	236.628
1.518	3.015	235.876
1.518	3.016	235.198
1.518	3.017	234.651
1.518	3.018	234.322
1.518	3.019	233.939
1.518	3.02	234.05
1.519	3	255.765
1.519	3.001	255.775
1.519	3.002	254.113
1.519	3.003	254.412
1.519	3.004	253.069
1.519	3.005	252.473
1.519	3.006	250.496
1.519	3.007	249.546
1.519	3.008	248.387
1.519	3.009	247.412
1.519	3.01	245.706
1.519	3.011	245.26
1.519	3.012	244.468
1.519	3.013	243.935
1.519	3.014	243.13
1.519	3.015	243.61
1.519	3.016	242.18
1.519	3.017	241.61
1.519	3.018	241.747
1.519	3.019	240.644
1.519	3.02	239.433
1.52	3	264.707
1.52	3.001	266.034
1.52	3.002	265.905
1.52	3.003	266.554
1.52	3.004	265.291
1.52	3.005	263.632
1.52	3.006	263.598
1.52	3.007	263.533
1.52	3.008	262.526
1.52	3.009	262.296
1.52	3.01	261.976
1.52	3.011	261.819
1.52	3.012	260.8
1.52	3.013	260.437
1.52	3.014	259.586
1.52	3.015	258.525
1.52	3.016	257.165
1.52	3.017	256.501
1.52	3.018	257.147
1.52	3.019	256.142
1.52	3.02	255.205
{1.503,3.008}
148.409	52
