-379.262	
-22202.7	
-15362.8	
-29619.9	
-29023.7	
-44494.1	
-23604.8	
-1210.53	
-13813.3	
-14229.3	
-542.572	
-36694.9	
-17269.4	
-21795.7	
-303.27	
-22927.2	
-30628.7	
-15123.1	
-1295.4	
-14726.7	
-12789.1	
-12478.5	
-15612	
-30612.2	
-47104.4	
-15663.9	
-16842.1	
-11800.8	
-22430.5	
-22490.8	
-16764.1	
-28693.7	
-24749.5	
-16505.7	
-14682.9	
-52825.6	
-13122.6	
-22718.4	
-30059	
-25958.9	
-13852	
-21829.6	
-19878.6	
-19924.8	
-13373.8	
-15567.8	
-12645	
-14422.5	
-21604	
-33663.5	
-36477.2	
-23817.4	
-20472.4	
-2365.56	
-15003.6	
-13477.7	
-11923.5	
-16724.4	
-16781.4	
-30403.6	
-18385.8	
-41635.2	
-29449.2	
-38121.5	
-34323.9	
-18787.9	
-18190.5	
-23003	
-19977.9	
-25999.7	
-14982.5	
-39003.5	
-15098.7	
-24671.8	
-13270.2	
-23453	
-29209.5	
-11285.2	
-28511.3	
-12616	
-15362.8	
-14204	
-12475.9	
-20977.2	
-19091.6	
-52669.4	
-19815.3	
-23312.1	
-23616	
-16458	
-24972.5	
-33638.1	
-43108.9	
-14016.9	
-22482.7	
-9188.75	
-13347.7	
-23563.5	
-19212.2	
-20922.8	
-26593.8	
-29695.5	
-23068.9	
-15384.6	
-14422.5	
-19588.9	
-7198.28	
-39284.2	
-13864.7	
-30828.5	
-21131.6	
-11711	
-23821.5	
-35842	
-15935.7	
-18020.9	
-20975.3	
-15669.2	
-47228.3	
-11761.8	
-30755.3	
-21753.4	
-22117.8	
-24618.4	
-22355.4	
-35274.6	
-23075.3	
-27394.3	
-12987.6	
-17619.1	
-32089.7	
-22155.1	
-30628.7	
-18005.1	
-24506.5	
-27703.8	
-1047.55	
-19975.6	
-49771.3	
-36751.6	
-20503.5	
-30380.8	
-896.722	
-24195.5	
-26805.9	
-731.974	
-18032.3	
-13261	
-36477.2	
-15844.5	
-20134.9	
-30075.6	
-31631.1	
-23577.8	
-29213.9	
-32316.9	
-882.441	
-28048.1	
-30846.9	
-19217.7	
-36419.1	
-14682.9	
-25456.6	
-24774.3	
-28070	
-18321	
-36893.9	
-21710.8	
-36086.8	
-968.081	
-22559.8	
-19977.9	
-1669.71	
-282.794	
-23538.8	
-12844	
-875.416	
-31445.3	
-18059	
-19803.1	
-21131.6	
-350.352	
-22601.9	
-24475.8	
-17061.7	
-38174.5	
-37620.9	
-3599.75	
-22490.8	
-26893.8	
-22806.6	
-27357.2	
-14229.3	
-23710.4	
-22251.4	
-59539.1	
-22202.7	
-21572.4	
-20560	
-23868.6	
-11301.9	
-12616	
-14077.3	
-27846	
-28611.2	
-15839.9	
-25319.9	
-14343.2	
-16255.8	
-27598.3	
-23312.1	
-13554.8	
-23768.6	
-8511.93	
-5619.19	
-12564.7	
-22608	
-13122.6	
-42725.5	
-34259.1	
-13676.9	
-19791.3	
-26114.4	
-16188.4	
-18571	
-23167.7	
-2895.1	
-30317.1	
-5261.05	
-32089.7	
-18600.1	
-26635.1	
-29023.7	
-29619.9	
-36694.9	
-32316.9	
-19512.8	
-31320.4	
-30357.8	
-16775.3	
-23958.9	
-17269.4	
-24506.5	
-37556	
-24265	
-30500.1	
-20466	
-19885.3	
-15922.7	
-13813.3	
-12552.3	
-32132.1	
-44494.1	
-22043.5	
-48992.1	
-30574.3	
-28640.1	
-16781.4	
-18744.2	
-30657.6	
-3868.08	
-55293.1	
-3124.03	
-27494.3	
-24964.9	
-17587.6	
-28192.5	
-38713.8	
-13554.6	
-19924.8	
-33194.2	
-32609.8	
-28048.1	
-14515.4	
-21625.5	
-14550.9	
-5178.58	
-33179.2	
-22585.6	
-24382.7	
-2640.69	
-28907.4	
-14726.7	
-31767	
-25958.9	
-27394.3	
-11451.8	
-26338.1	
-18190.5	
-29574.6	
-22538.4	
-19513.4	
-33663.5	
-31320.4	
-31854.9	
-12691.3	
-36086.8	
-14258	
-22927.2	
-33638.1	
-20788.8	
-29435.2	
-17632	
-23604.8	
-2061.98	
-15003.6	
-12789.1	
-20975.3	
-11711	
-49103.7	
-2407.13	
-24023.6	
-16767.1	
-30199.6	
-15706.8	
-17322.7	
-1252.99	
-41950.3	
-2003.98	
-16324	
-20472.4	
-30643.2	
-13270.2	
-34323.9	
-42578.8	
-30325.8	
-21613.8	
-27410.4	
-30501.4	
-13121.2	
-29209.5	
-20977.2	
-33714.2	
-23710.4	
-34064.5	
-13261	
-22911.4	
-11800.8	
-34323	
-14204	
-31445.3	
-43234.2	
-31854.8	
-1173.93	
-42775.5	
-19815.3	
-1697.52	
-2291.72	
-47104.4	
-21255.3	
-17033.3	
-35235.1	
-29669.4	
-27106.2	
-26926.3	
-21604	
-27144	
-12645	
-23372.4	
-20655.6	
-30574.3	
-22585.6	
-22987.7	
-16079	
-19975.6	
-14564.9	
-30612.2	
-41176.9	
-2450.91	
-36751.6	
-15718.6	
-23453	
-61252.5	
-18321	
-26707.5	
-19212.2	
-19917.2	
-24749.5	
-25456.6	
-11646.2	
-30755.3	
-52825.6	
-1607.63	
-19222.9	
-21795.7	
-22355.4	
-27494.3	
-16458	
-16324	
-26747.1	
-21255.8	
-35842	
-19091.6	
-37681.6	
-11923.5	
-20993	
-36685.8	
-23538.8	
-19588.9	
-18020.9	
-29449.2	
-27218.9	
-18571	
-13637.5	
-13637.5	
-15517.9	
-15786.8	
-41635.2	
-29695.5	
-21829.6	
-11285.2	
-2205.44	
-49103.7	
-17502.5	
-23821.5	
-22251.4	
-29213.9	
-2745.14	
-29533.9	
-15513.6	
-16407.5	
-24671.8	
-16129.1	
-1265.65	
-18744.2	
-2179.17	
-30075.6	
-13864.7	
-35274.6	
-14963.9	
-26338.1	
-28611.2	
-1225.49	
-1010.75	
-9188.75	
-16586.2	
-23868.6	
-22144.9	
-1234.26	
-14801.5	
-1010.84	
-14122.4	
-20503.5	
-37620.9	
-15844.5	
-17479.6	
-25204.2	
-15839.9	
-17059.8	
-17619.1	
-26750.6	
-7198.28	
-28263.6	
-24618.4	
-19513.4	
-24125.2	
-23003	
-26593.8	
-19589	
-15273.8	
-16054.6	
-21710.8	
-22226	
-20935.3	
-30828.5	
-22521.1	
-18293.8	
-11872.8	
-52669.4	
-13127.4	
-20560	
-982.066	
-14731.5	
-31345.3	
-15050.5	
-774.644	
-27598.3	
-26210.8	
-45616.3	
-23768.6	
-27941.8	
-30317.1	
-8511.93	
-18005.1	
-39284.2	
-24094.3	
-16994.9	
-473.723	
-15217.1	
-877.434	
-328.342	
-14168.5	
-19803.1	
-32505.3	
-19885.3	
-16944.7	
-33167.9	
-14122.4	
-33714.2	
-21523.8	
-14269.2	
-12987.6	
-19217.7	
-18600.1	
-25583.6	
-12247.7	
-16222.4	
-12028.3	
-25815.6	
-24930.1	
-37945.8	
-13955.7	
-16217.3	
-61252.5	
-21239.1	
-53157.3	
-17552.1	
-13676.9	
-24964.9	
-28907.4	
-23616	
-26805.9	
-14888.6	
-25693.9	
-14556	
-8354.57	
-30357.8	
-39298.9	
-14712.9	
-30657.6	
-21293.7	
-24173.9	
-38174.5	
-26893.8	
-19791.3	
-32558.5	
-12552.3	
-24774.3	
-23075.3	
-18032.3	
-18367.9	
-57162.9	
-24023.6	
-28192.5	
-26478.5	
-27846	
-17298	
-1669.71	
-33179.2	
-49771.3	
-30856.9	
-27424.3	
-16117.4	
-19102.3	
-15922.7	
-24475.8	
-36533.1	
-43211.5	
-18481.1	
-24525.1	
-20935.3	
-25179.1	
-15706.8	
-22117.8	
-17228.2	
-18927.2	
-32132.1	
-28089.3	
-16253.2	
-11778.6	
-21645.3	
-14550.9	
-16217.3	
-21512.8	
-18683.5	
-25390.1	
-17424	
-3091.09	
-45698.2	
-14515.4	
-34259.1	
-20466	
-10721.4	
-19512.8	
-24094.3	
-12168.8	
-22341.2	
-26693.6	
-14771.4	
-36057.6	
-34403.9	
-17569.8	
-32609.8	
-25713.6	
-26926.3	
-30103.7	
-22574	
-52523.1	
-38217.9	
-14564.9	
-16629.1	
-14077.3	
-24981.9	
-17145.9	
-12910.7	
-15023.1	
-17032	
-12949.1	
-34323	
-25319.9	
-30500.1	
-21572.4	
-31307.6	
-33332.9	
-34793.7	
-16407.5	
-14011.3	
-20383.2	
-21613.8	
-13540.7	
-59539.1	
-16154.2	
-22757.8	
-42578.8	
-34064.5	
-22359.2	
-34919.5	
-29900.9	
-22031.7	
-53157.3	
-15101.4	
-30643.2	
-16812.9	
-14712.9	
-18065.1	
-24496.9	
-31631.1	
-31854.9	
-32379.7	
-19510.3	
-30846.9	
-35583.3	
-28640.1	
-18450.7	
-16920	
-16082.1	
-14963.9	
-18404.5	
-31767	
-26747.1	
-16775.3	
-21688.6	
-29435.2	
-3599.75	
-24786	
-24204.3	
-14550.6	
-32502.1	
-16255.8	
-28900	
-26693.6	
-13701.4	
-25737.5	
-21625.5	
-21790.1	
-18473.6	
-24265	
-20655.6	
-38713.8	
-23292.8	
-35235.1	
-24382.7	
-13121.2	
-28964.5	
-27621.3	
-12068.4	
-18585	
-25204.2	
-16054.6	
-17587.6	
-5619.19	
-27941.8	
-27390.8	
-48147	
-12483.4	
-24460.9	
-57162.9	
-30501.4	
-11646.2	
-42775.5	
-27186.5	
-26114.4	
-45616.3	
-19222.9	
-33534.9	
-33167.9	
-16522.7	
-24330.4	
-37320.1	
-29171.3	
-40074.1	
-15273.8	
-23958.9	
-20974.8	
-30856.9	
-25043.8	
-17298	
-20930.9	
-3868.08	
-22903.9	
-24496.9	
-32558.5	
-15448.5	
-5261.05	
-15088.1	
-57815.2	
-15513.6	
-41059.7	
-26750.2	
-32928.2	
-15517.9	
-16138.8	
-18927.2	
-15050.5	
-21512.8	
-14322.1	
-18583.8	
-18644.6	
-21888.6	
-22911.4	
-24173.9	
-18272.4	
-12183.8	
-27872.9	
-16767.1	
-20488.6	
-17322.7	
-11513.8	
-16586.2	
-21269.2	
-34062.2	
-16128.4	
-48992.1	
-31854.8	
-25815.6	
-27089.7	
-39314.4	
-15709.3	
-14653.5	
-18758.6	
-32421.3	
-16079	
-23398.3	
-30199.6	
-30103.7	
-16708.2	
-27666.2	
-26610.5	
-32397.1	
-53402.1	
-22043.5	
-30915.2	
-15089.1	
-18011.6	
-14269.2	
-34403.9	
-17033.3	
-39298.9	
-17632	
-20788.8	
-33289.8	
-3124.03	
-36470.9	
-19589	
-13712.8	
-17145.9	
-15718.6	
-31504.1	
-23372.4	
-29243.6	
-14598.4	
-25033.7	
-34769.3	
-16209.5	
-17543.6	
-27041.8	
-18436.6	
-18294.5	
-26478.5	
-5178.58	
-32614.9	
-57638.5	
-24055.8	
-52523.1	
-10970.5	
-2640.69	
-24786	
-12168.8	
-34919.5	
-37945.8	
-48147	
-16606.3	
-33717.3	
-2061.98	
-18768.6	
-16002.9	
-16129.1	
-33194.2	
-14801.5	
-16994.9	
-31307.6	
-3564.72	
-15160.4	
-34945.3	
-16153.6	
-27180.4	
-12380.1	
-2407.13	
-10721.4	
-21255.3	
-32379.7	
-1252.99	
-20993	
-27132.2	
-22772.1	
-41176.9	
-37681.6	
-2003.98	
-12949.1	
-13289.1	
-1173.93	
-23343.8	
-11451.8	
-10904.9	
-13088.2	
-35529.2	
-29533.9	
-35162.5	
-53594.4	
-16222.4	
-21293.7	
-16235.7	
-29748.4	
-1697.52	
-16754.8	
-29772.8	
-28597.8	
-36533.1	
-63461.2	
-29677.2	
-27480.5	
-14731.5	
-41950.3	
-29443.4	
-11531.1	
-16995.8	
-14576.4	
-18912.6	
-19624.2	
-44748.7	
-22932	
-26750.6	
-26750.2	
-16259.9	
-12860.5	
-25737.5	
-27847.4	
-20633.7	
-18367.9	
-27106.2	
-27410.4	
-30338.8	
-17552.1	
-14168.5	
-29907.4	
-22189.4	
-57815.2	
-14062.3	
-25739.4	
-19483.5	
-22640.7	
-28086.2	
-39067.1	
-2291.72	
-27424.3	
-15786.8	
-31602	
-18065.1	
-26707.5	
-14177.2	
-36214.7	
-57638.5	
-31801.9	
-11872.8	
-31345.3	
-16147.9	
-26806.8	
-27186.5	
-36685.8	
-12247.7	
-25179.1	
-33534.9	
-41496.8	
-17479.6	
-18748.2	
-13540.7	
-12240.5	
-15732.7	
-22681.8	
-32865.6	
-50290.9	
-37206	
-33237.6	
-23700.6	
-34078	
-54520.5	
-17502.5	
-14322.1	
-34995.6	
-11911	
-29669.4	
-10313.6	
-33911.3	
-15101.4	
-27411.8	
-19851	
-16117.4	
-21605.4	
-14545.2	
-24055.8	
-22987.7	
-14590.1	
-17424	
-36073.8	
-9451.39	
-23672.2	
-36057.6	
-32288.8	
-12286.7	
-16944.7	
-19917.2	
-2450.91	
-21688.6	
-21255.8	
-27390.8	
-25693.9	
-34094.1	
-12228.7	
-17059.8	
-43234.2	
-1607.63	
-15886.6	
-24629.5	
-13357.8	
-34731.9	
-22226	
-2205.44	
-22169.3	
-24930.1	
-2745.14	
-28014.8	
-13704.6	
-30615.9	
-11522.3	
-23687.4	
-13955.7	
-11513.8	
-17874	
-32421.3	
-53402.1	
-12068.4	
-12555.9	
-32103.2	
-35350.5	
-25115.3	
-1265.65	
-47573.7	
-21944.8	
-42088.9	
-2179.17	
-52527.7	
-22144.9	
-19142.7	
-26806.8	
-1225.49	
-30347.9	
-24657.6	
-63461.2	
-17570.2	
-23665.7	
-18683.5	
-1010.75	
-27089.7	
-25390.1	
-28089.3	
-12024.3	
-32505.3	
-14771.4	
-22757.8	
-16435.1	
-13629.1	
-14556	
-49030	
-27144	
-1234.26	
-23665.7	
-32796.7	
-13868.2	
-16792.2	
-13127.4	
-1010.84	
-16522.7	
-23398.3	
-17657.3	
-13950.7	
-8354.57	
-30888.1	
-27621.3	
-33332.9	
-18205.4	
-14698.8	
-13493	
-29035.5	
-16807.3	
-13081.1	
-11110.6	
-27363.8	
-26610.5	
-20107.5	
-25583.6	
-39353.3	
-25360.3	
-15194.9	
-28900	
-16629.1	
-20696.1	
-13798.5	
-51315.2	
-23337.8	
-18436.6	
-28353.7	
-14562.9	
-9320.36	
-12910.7	
-30463.5	
-24125.2	
-9942.55	
-23661.4	
-30338.8	
-22055.8	
-43026.5	
-15217.1	
-27588.8	
-15863.5	
-30889.9	
-15637.6	
-27218.9	
-25713.6	
-17356	
-22521.1	
-24097.2	
-17032	
-45698.2	
-17228.2	
-982.066	
-16453.7	
-21239.1	
-774.644	
-30115.9	
-22761	
-53594.4	
-473.723	
-877.434	
-18644.6	
-14011.3	
-328.342	
-22903.9	
-23167.1	
-23103.2	
-22132.2	
-15160.4	
-14767.3	
-50940.7	
-30115.9	
-29171.3	
-14872.9	
-22727.2	
-20612.2	
-29900.9	
-29025.5	
-42763.8	
-56928	
-12028.3	
-13889.8	
-12183.8	
-22341.2	
-16920	
-19198.3	
-22359.2	
-28964.5	
-19102.3	
-16154.2	
-28263.6	
-32647.8	
-18002.3	
-20265.6	
-31504.1	
-10904.9	
-28995.5	
-13969.7	
-16355.9	
-18293.8	
-28995.5	
-11765.2	
-47972	
-13507.5	
-38217.9	
-22835.2	
-31089.6	
-33843.1	
-12985.4	
-14888.6	
-14826.8	
-13701.4	
-11531.1	
-21714.9	
-18404.5	
-15416.8	
-35624.2	
-14305.1	
-16606.3	
-22514.9	
-18294.5	
-27753.4	
-22031.7	
-25033.7	
-22574	
-18583.8	
-14764	
-31374.3	
-23292.8	
-19237.9	
-13135.5	
-49889.6	
-12240.5	
-39820.2	
-12483.4	
-19510.3	
-15971.9	
-27753.4	
-12616.8	
-54520.5	
-22074.7	
-18438.1	
-16153.6	
-35583.3	
-18047.8	
-26210.8	
-21523.8	
-36268.4	
-50290.9	
-23377.7	
-15887.4	
-13910	
-14798.8	
-28018.7	
-27180.4	
-21431.7	
-10871	
-29748.4	
-37247.9	
-25911.7	
-24330.4	
-16138.8	
-17393.7	
-11386	
-24460.9	
-20383.2	
-36011.3	
-34793.7	
-44729.1	
-31591.4	
-14653.5	
-12286.7	
-32546.8	
-13088.2	
-29243.6	
-11991.1	
-31073.2	
-13289.1	
-9620.15	
-24204.3	
-12730	
-40074.1	
-18585	
-31073.2	
-11184.2	
-23945.3	
-43211.5	
-18481.1	
-25385.7	
-20562.7	
-35162.5	
-24525.1	
-31596.8	
-13357.8	
-19771	
-24212.8	
-26235.9	
-18246.4	
-21790.1	
-48833.9	
-27657.7	
-14576.4	
-21488	
-16209.5	
-47573.7	
-21888.6	
-52527.7	
-31602	
-20633.7	
-28597.8	
-25043.8	
-19894.4	
-16025.4	
-15268.3	
-20762.4	
-37664.8	
-14062.3	
-11778.6	
-37320.1	
-14912	
-14598.4	
-21645.3	
-15088.1	
-13971.9	
-18790.5	
-12380.1	
-27822.8	
-3091.09	
-25739.4	
-26805.2	
-17874	
-29947	
-19894.4	
-20974.8	
-16253.2	
-11541.3	
-18758.6	
-25271.8	
-32865.6	
-18748.2	
-22681.8	
-34062.2	
-29300.3	
-34995.6	
-12191.1	
-27872.9	
-49572.9	
-13852.7	
-16754.8	
-16344.6	
-17569.8	
-14308.1	
-16147.9	
-41059.7	
-24981.9	
-15023.1	
-11911	
-49030	
-18903	
-18011.6	
-17657.3	
-20668.1	
-14483.4	
-23675.9	
-23716	
-14935.8	
-17402.5	
-21605.4	
-24473.9	
-27666.2	
-39314.4	
-25263	
-14037.1	
-29947	
-21269.2	
-18912.6	
-16812.9	
-44748.7	
-33289.8	
-10168.5	
-9451.39	
-34731.9	
-12188.5	
-26927.8	
-50940.7	
-24970.5	
-14590.1	
-30331.6	
-12860.5	
-9759.66	
-20488.6	
-15194.9	
-52089.9	
-16082.1	
-15518.5	
-32502.1	
-19483.5	
-12555.9	
-19454.3	
-30615.9	
-25115.3	
-23675.9	
-27041.8	
-18450.7	
-28341.2	
-27581.6	
-13698.4	
-26962.4	
-42763.8	
-16708.2	
-22236.8	
-30347.9	
-16077.9	
-16453.7	
-28719.4	
-26525	
-15732.7	
-45041.5	
-15886.6	
-18473.6	
-10771.5	
-16435.1	
-44202.4	
-45486.7	
-36470.9	
-13835	
-11522.3	
-27132.2	
-34945.3	
-17570.2	
-22189.4	
-14019.3	
-32614.9	
-26054.3	
-14550.6	
-13333.8	
-32928.2	
-13868.2	
-16514.7	
-19142.7	
-44202.4	
-13629.1	
-20930.9	
-25360.3	
-10752.5	
-12228.7	
-32397.1	
-22727.2	
-13081.1	
-26548.5	
-49889.6	
-15020.6	
-25913.9	
-29443.4	
-14709.6	
-14698.8	
-33717.3	
-18205.4	
-13704.6	
-47972	
-32796.7	
-27411.8	
-19510.2	
-14562.9	
-35529.2	
-16792.2	
-26509.6	
-23384.7	
-40467.2	
-43744.2	
-13798.5	
-18272.4	
-49087	
-16377.9	
-23391.1	
-23064.3	
-31944.8	
-22772.1	
-12024.3	
-22835.2	
-28086.2	
-20696.1	
-40467.2	
-29025.5	
-16807.3	
-17356	
-15863.5	
-24347.6	
-13863	
-24629.5	
-27480.5	
-15709.3	
-13493	
-15448.5	
-27588.8	
-29772.8	
-39067.1	
-34055	
-22055.8	
-48833.9	
-18002.3	
-26877.9	
-23876.9	
-30915.2	
-9320.36	
-13889.8	
-16128.4	
-22074.7	
-22932	
-17543.6	
-16198.9	
-23661.4	
-36073.8	
-34249	
-34055	
-27027.8	
-23167.1	
-24911.9	
-27847.4	
-20612.2	
-31801.9	
-15416.8	
-27363.8	
-15089.1	
-36834.3	
-20265.6	
-11765.2	
-37206	
-27389.8	
-26193	
-23377.7	
-18768.6	
-14826.8	
-44729.1	
-34769.3	
-21714.9	
-22640.7	
-10174.3	
-27707.6	
-23103.2	
-34667	
-23337.8	
-19198.3	
-36834.3	
-14130.9	
-36214.7	
-11184.2	
-10313.6	
-13135.5	
-25911.7	
-13712.8	
-28018.7	
-18438.1	
-23343.8	
-15971.9	
-23672.2	
-21652.8	
-33911.3	
-12616.8	
-25624.1	
-29677.2	
-15637.6	
-42088.9	
-10970.5	
-26362.5	
-49572.9	
-20749.1	
-34890.5	
-13969.7	
-16344.6	
-18047.8	
-35624.2	
-28014.8	
-16459.2	
-34078	
-24403.5	
-16002.9	
-20562.7	
-13910	
-23687.4	
-34667	
-3564.72	
-26235.9	
-23173.2	
-16355.9	
-30707.6	
-29907.4	
-18792.4	
-24657.6	
-22514.9	
-12730	
-9620.15	
-33067.1	
-18246.4	
-27581.6	
-35350.5	
-25697.8	
-19624.2	
-13950.7	
-45486.7	
-25271.8	
-22313	
-34890.5	
-37247.9	
-16235.7	
-18790.5	
-39353.3	
-15268.3	
-11110.6	
-28353.7	
-13835	
-21431.7	
-27884.3	
-36118.5	
-34094.1	
-16995.8	
-14483.4	
-29035.5	
-26927.8	
-26805.2	
-16025.4	
-9942.55	
-28651.6	
-14019.3	
-33237.6	
-11386	
-16259.9	
-31596.8	
-41496.8	
-21339.1	
-27301	
-14767.3	
-20668.1	
-22657.4	
-49087	
-33067.1	
-32103.2	
-14177.2	
-14037.1	
-26152.5	
-32277.5	
-16514.7	
-30889.9	
-13507.5	
-25385.7	
-21176.2	
-32647.8	
-26962.4	
-13863	
-14545.2	
-13971.9	
-32288.8	
-23700.6	
-37643.5	
-12188.5	
-14305.1	
-24970.5	
-25263	
-13852.7	
-19237.9	
-43026.5	
-22132.2	
-30888.1	
-26487	
-9759.66	
-31911.4	
-19851	
-15887.4	
-14798.8	
-36118.5	
-18903	
-23064.3	
-12985.4	
-25722.6	
-16198.9	
-22236.8	
-21406.6	
-23716	
-26548.5	
-28719.4	
-17393.7	
-22169.3	
-30463.5	
-24014.5	
-10752.5	
-17402.5	
-21339.1	
-33843.1	
-14764	
-51315.2	
-26877.9	
-32546.8	
-27389.8	
-21944.8	
-19454.3	
-24212.8	
-31944.8	
-10871	
-31089.6	
-14709.6	
-10174.3	
-19771	
-32277.5	
-20107.5	
-16077.9	
-11991.1	
-39820.2	
-24097.2	
-14935.8	
-23384.7	
-20762.4	
-14130.9	
-26509.6	
-24911.9	
-15020.6	
-31374.3	
-22761	
-31911.4	
-34249	
-14912	
-20749.1	
-21488	
-23876.9	
-27707.6	
-14872.9	
-24347.6	
-11541.3	
-31591.4	
-36268.4	
-12191.1	
-56928	
-52089.9	
-25722.6	
-14308.1	
-23173.2	
-27027.8	
-21652.8	
-27657.7	
-10168.5	
-24014.5	
-36011.3	
-18792.4	
-15518.5	
-26193	
-26362.5	
-45041.5	
-24473.9	
-22313	
-13698.4	
-23945.3	
-16459.2	
-25624.1	
-10771.5	
-30331.6	
-27884.3	
-30707.6	
-37664.8	
-13333.8	
-24403.5	
-43744.2	
-27301	
-25697.8	
-27822.8	
-28341.2	
-19510.2	
-26152.5	
-28651.6	
-16377.9	
-26525	
-29300.3	
-26487	
-22657.4	
-26054.3	
-21176.2	
-21406.6	
-25913.9	
-37643.5	
-23391.1	
