2014.74	
3263.85	
5753.29	
1843.96	
233.582	
46.4444	
-52.9098	
-52.3597	
-44.3215	
3263.61	
3361.76	
82.263	
5278.16	
761.618	
1151.87	
-191.641	
6532.85	
4014.87	
3128.84	
2109.52	
942.567	
3700.54	
9799.59	
5717.38	
3458.93	
2034.4	
3568.07	
5595.5	
6160.81	
5267.95	
6408.3	
1479.37	
2283.47	
6820.61	
6239.97	
2944.07	
2394.47	
2559.22	
2933.97	
4502.09	
5677.64	
2162.74	
3093.44	
5788.8	
2119.27	
6540.2	
3768.12	
3743.99	
2675.45	
2230.3	
9373.24	
1528.38	
5489.57	
5194.79	
6927.45	
3354.79	
3116.76	
6610.17	
3201.32	
4428.9	
1822.43	
4232.45	
3793.73	
2268.55	
6594.13	
5262.01	
6933.44	
866.636	
2103.24	
4264.12	
6368.21	
4008.95	
6791.92	
7563.55	
3877.76	
2558.68	
4205.83	
1897.88	
4009.31	
7243.49	
5588.01	
6488.6	
3467.53	
1573.83	
27.8788	
5548.98	
1870.15	
-191.641	
2675.45	
3768.12	
5677.64	
3568.07	
3995.18	
4591.19	
3201.32	
8626.84	
4773.97	
4667.75	
6488.6	
5262.01	
5707.06	
4232.45	
2394.47	
6791.92	
2103.24	
2933.97	
2405.86	
3794.5	
3024.26	
5753.29	
8469.86	
4275.53	
-52.3597	
1870.15	
6005.87	
3671.89	
8469.86	
1482.41	
2133.46	
2512.15	
4336.27	
7499.44	
6005.87	
3877.76	
7641.89	
6040.44	
4671.86	
6176.41	
4854.44	
3263.85	
2837.51	
7477.86	
7440.79	
4854.44	
-44.3215	
2741.54	
1528.38	
2405.86	
3024.26	
6594.13	
3467.53	
5707.06	
5796.31	
2287.02	
2395.1	
4131.04	
4214.03	
6176.41	
2802.39	
27.8788	
2741.54	
3143.11	
1973.08	
6393.16	
2827.22	
3232.37	
5325.53	
3416.46	
10655.9	
213.193	
5548.98	
1822.43	
4336.27	
3336.33	
82.263	
5018.72	
2802.39	
3700.54	
4777.18	
8626.84	
213.193	
2512.15	
4214.03	
4014.87	
3336.33	
-231.259	
863.408	
2287.02	
4085.51	
2606.72	
1644.09	
2526.89	
8944.73	
3085.97	
6279.48	
5829.2	
3203.15	
3403.95	
5463.38	
2230.3	
7926.2	
1391.63	
3232.37	
1115.73	
-1956.04	
1078.87	
2872.48	
5481.5	
6974.29	
4995.18	
4275.53	
5558.02	
2558.68	
4667.75	
5018.72	
1115.73	
2827.22	
3076.34	
3434.37	
2133.46	
4906.56	
-231.259	
3188.24	
1573.83	
2571.8	
2633.7	
123.562	
6279.48	
4906.56	
2283.47	
3434.37	
2395.1	
2564.37	
6820.61	
3403.95	
7641.89	
4286.74	
124.237	
629.456	
3786.47	
2465.57	
2633.7	
3772.9	
3436.93	
1482.41	
4777.18	
4738.23	
3593.65	
5226.72	
7243.49	
3156.7	
5379.22	
312.377	
2893.39	
2067.78	
2509.37	
2768.27	
2564.37	
863.408	
5410.53	
2621.24	
698.086	
4286.74	
1959.39	
3504.78	
4378.07	
2144.62	
4058.41	
3772.9	
4906.35	
-19.4432	
2364.58	
6540.2	
3611.4	
2768.27	
3436.93	
2571.8	
3438.93	
5796.31	
3085.97	
3080.28	
2021.09	
3143.11	
5788.8	
1843.43	
5394.6	
4976.33	
8944.73	
3150.85	
2860	
1391.63	
3314.54	
2403.84	
4477.25	
123.562	
4058.41	
1659.17	
3379.71	
5419.71	
472.239	
197.801	
124.237	
3489.52	
7440.79	
1843.43	
6040.44	
7788.45	
4092.36	
4914.75	
2233.45	
739.356	
4199.15	
2526.89	
4492.31	
4995.18	
6115.3	
5061.34	
6297.72	
2364.58	
1033.41	
5419.71	
4315.65	
5437.93	
4428.9	
4092.36	
2360.31	
2067.78	
5410.53	
-27.1592	
5835.76	
6330.01	
5244.94	
3156.7	
698.086	
3416.46	
5481.5	
4773.97	
6393.16	
7926.2	
4601.18	
3188.24	
5456.31	
4085.51	
6610.17	
5105.23	
2147.09	
2709.55	
472.239	
4175.89	
2207.51	
275.565	
5956.15	
1743.29	
3480.97	
3438.93	
167.698	
3094.99	
2275.29	
6226.32	
5288.93	
3280.5	
1579.02	
2580.13	
2382.4	
2134.18	
-206.213	
5498.16	
414.899	
5244.94	
4263.43	
4799.72	
4333.46	
3045.94	
-1971.24	
8544.36	
5829.2	
2860	
3786.47	
4738.23	
4671.86	
1644.09	
8033.09	
2021.09	
2326.72	
1981.88	
4279.14	
4315.65	
4218.83	
5875.94	
2205.63	
-97.2126	
10342.6	
4293.89	
4410.03	
2453.15	
4914.75	
8033.09	
3089.21	
2762.15	
4622.85	
4492.31	
2139.23	
3682.7	
5456.31	
7017.8	
3379.71	
2621.24	
3480.97	
7921.86	
3525.31	
2385.83	
5766.7	
6231.38	
896.094	
6886.53	
324.388	
7921.86	
7112	
22.1921	
3399.87	
3611.4	
4008.95	
1044.49	
6563.01	
4177.05	
7963.5	
1271.94	
1729.01	
4307.18	
3793.73	
1260.72	
8419.7	
2522.35	
5610.57	
4186.53	
-1956.04	
3586.87	
44.0726	
5754.19	
1382.9	
7403.7	
8419.7	
3085.44	
1033.41	
1973.08	
-586.491	
1959.39	
5558.02	
3504.78	
6974.29	
2095.53	
6115.3	
5900.43	
111.868	
-623.458	
7888.47	
7503.7	
7773.06	
4080.75	
537.561	
5733.56	
3994.32	
9366.98	
7209.21	
3134.6	
7772.56	
943.859	
3470.66	
2980.93	
4799.23	
1378.69	
4795.86	
2382.4	
3792.03	
4625.29	
2703.57	
3115.6	
2451.92	
2786.93	
5853.41	
4095.19	
913.105	
7679.92	
1551.86	
167.698	
2518.41	
-249.778	
3098.39	
1743.29	
8671.99	
4722.83	
5990.64	
2556.04	
1654.83	
1659.17	
4177.05	
4308.79	
5732.38	
4622.85	
2523.37	
5785.08	
2233.45	
7773.06	
60.7515	
6800.5	
3385	
3995.18	
2606.72	
4708.32	
6812.68	
2403.84	
3314.54	
7890.13	
4199.15	
5002.02	
4678.14	
2147.09	
3593.65	
6226.32	
5785.54	
300.014	
6991	
5379.22	
4596.14	
5588.68	
3463.03	
2396.03	
1540.6	
5588.01	
4845.45	
6304.8	
-69.2206	
7121.84	
2465.57	
2314.7	
995.67	
4276.51	
3476.69	
7621.5	
5267.64	
7445.98	
5986.01	
1293.56	
2558.25	
4591.49	
1107.04	
3463.66	
1728.87	
2015.94	
4279.35	
3416.97	
5875.94	
1078.87	
1579.02	
4378.07	
5437.93	
3098.39	
2360.31	
4906.35	
2326.72	
8139.24	
629.456	
2207.51	
4202.32	
3433.73	
4243.24	
4689.28	
2139.23	
2133.23	
4374.14	
10013.7	
6572.84	
3745.78	
7609.22	
1981.88	
7503.7	
324.388	
3299.21	
739.356	
4594.16	
3286.74	
6314.8	
3094.99	
2594.93	
2819.28	
3794.34	
2268.24	
4125.07	
1357.41	
7499.44	
4591.19	
4085.14	
5583.12	
5325.19	
2709.55	
1474.7	
2509.37	
2965.2	
6952.9	
4175.89	
3045.94	
2144.62	
312.377	
5766.7	
5498.16	
6991	
3489.52	
106.177	
2292.48	
2132.51	
2013.69	
1260.72	
6975.32	
4684.76	
5565.53	
4307.18	
4932.05	
9366.98	
7963.5	
0	
1818.42	
8092.14	
2275.29	
304.638	
-19.4432	
2742.64	
4149.42	
7241.72	
5054.47	
-206.213	
2453.15	
6330.01	
4477.25	
2205.63	
1382.9	
2762.15	
2837.51	
7374.66	
197.801	
5325.53	
-65.8232	
4263.43	
2052.67	
3791.69	
1687.95	
258.748	
5725.98	
3577.57	
4976.33	
2079.67	
-1971.24	
2980.93	
7788.45	
1729.01	
4795.86	
4324.21	
5525.04	
4095.19	
943.859	
3161.07	
2046.29	
-623.458	
7112	
5288.93	
-27.1592	
4410.03	
2095.53	
4601.18	
2523.37	
3308.94	
5280.45	
4293.89	
3432.35	
10655.9	
3203.15	
6886.53	
3525.31	
6297.72	
2703.57	
275.565	
1408.35	
414.899	
3325.37	
2161.93	
-97.2126	
22.1921	
44.0726	
5621.82	
3792.03	
899.458	
3115.6	
7702.45	
5733.56	
5230.97	
896.094	
3280.5	
4595.71	
1271.94	
4708.32	
3085.44	
1654.83	
3076.34	
5105.23	
1347.34	
5785.54	
4845.45	
300.014	
3134.6	
-249.778	
60.7515	
3385	
1044.49	
4333.46	
-69.2206	
5853.41	
111.868	
6563.01	
5463.38	
995.67	
5986.01	
-586.491	
5754.19	
2134.18	
537.561	
2893.39	
3089.21	
8544.36	
1551.86	
5267.64	
4625.29	
1378.69	
2558.25	
2451.92	
3416.97	
5588.68	
4218.83	
5226.72	
4243.24	
7888.47	
7772.56	
913.105	
3745.78	
7017.8	
5394.6	
2385.83	
4279.35	
6572.84	
5990.64	
2396.03	
1357.41	
4374.14	
2522.35	
6800.5	
4125.07	
5835.76	
3994.32	
3080.28	
10342.6	
3586.87	
4722.83	
5325.19	
4085.14	
106.177	
6314.8	
5002.02	
2015.94	
2580.13	
2132.51	
3794.34	
2819.28	
4684.76	
5900.43	
7445.98	
4279.14	
3399.87	
4276.51	
5061.34	
1818.42	
4149.42	
5565.53	
4080.75	
2013.69	
258.748	
2786.93	
2965.2	
7890.13	
1107.04	
7679.92	
2518.41	
6975.32	
2742.64	
304.638	
3791.69	
2046.29	
5054.47	
5956.15	
6231.38	
10013.7	
3463.03	
7403.7	
1687.95	
2556.04	
2052.67	
5525.04	
5725.98	
3476.69	
1728.87	
5785.08	
8139.24	
4799.72	
7209.21	
4186.53	
8092.14	
5583.12	
4678.14	
2268.24	
1293.56	
3308.94	
3325.37	
2292.48	
0	
3682.7	
-65.8232	
3161.07	
2133.23	
4596.14	
3286.74	
2314.7	
2594.93	
4799.23	
4932.05	
1408.35	
5610.57	
8671.99	
5621.82	
4324.21	
1474.7	
7374.66	
7702.45	
3470.66	
6952.9	
3433.73	
5732.38	
6812.68	
7621.5	
7241.72	
4595.71	
3577.57	
4308.79	
3432.35	
5230.97	
1347.34	
2079.67	
1540.6	
6304.8	
7121.84	
4594.16	
4591.49	
4689.28	
5280.45	
3463.66	
4202.32	
7609.22	
2161.93	
3299.21	
899.458	
