14.6565	347.104	653.479	293.194	15.8485	1.50761	-7.18946	67.7763	1.92074	
-537.995	-1157.83	-424.449	-453.936	-66.9227	-75.6159	-111.243	17.1296	-12.4079	
-501.585	-1905.41	-861.366	-749.376	-279.893	-185.424	-189.332	-29.1235	2.263	
40.8905	-1359.8	-1414.33	-124.063	-135.835	-137.923	-5.38589	19.1857	22.1924	
130.327	-1066.48	-1236.68	-8.20573	-127.855	-66.3308	7.35916	-32.521	11.7213	
-694.909	599.655	-678.631	514.891	-35.6935	-37.8246	-566.225	-341.964	140.458	
453.599	715.287	73.6396	178.299	-237.741	-92.1624	-67.3158	58.1488	34.6539	
-230.664	770.293	34.1367	241.397	8.45417	81.2558	-112.73	50.9349	8.55971	
-1103.26	-914.204	-756.412	-157.651	31.6828	116.982	-210.188	-16.0034	-4.23248	
-521.322	-899.55	-1133.53	-553.688	-128.647	72.5776	-175.986	-86.367	-2.59765	

123.986	101.404	166.593	79.7939	191.547	27.8332	15.7934	-39.1776	3.60253	
48.8003	274.137	-407.263	-74.0499	360.675	112.301	-100.861	-48.7514	-23.5705	
172.41	424.007	110	-66.952	324.391	119.277	-120.695	6.70463	-49.9854	
186.875	690.869	296.978	537.314	232.412	-48.988	24.7023	139.85	-19.6529	
14.482	616.627	86.7744	19.2048	-32.8386	-48.2072	4.86677	51.0776	9.35715	
2109.67	740.539	-587.29	-1054.17	-585.712	-418.257	-12.1001	5.6299	-42.0837	
432.97	1314.37	1042.97	237.081	1.6082	-25.0632	-9.76187	69.8577	0.689683	
-340.702	372.645	670.234	246.68	-3.95401	148.574	-63.3235	7.76704	21.5579	
45.5723	186.082	721.975	405.366	25.6004	170.298	-60.3625	96.9108	-10.2109	
-59.9817	37.1054	-347.502	-77.2412	-92.7861	-50.223	-133.355	5.23469	-8.07494	

-9.8591	525.034	-35.0859	421.742	337.653	-56.1385	49.2549	99.564	57.7638	
-534.357	-248.501	207.576	-62.3825	334.283	94.0887	53.9733	105.649	72.3593	
-497.786	-174.992	487.785	-3.25444	37.9155	35.1953	-30.1475	130.41	20.6294	
-235.621	215.38	285.643	163.77	-184.516	-24.3486	-124.125	110.392	-33.1568	
-262.008	573.308	85.3767	30.0062	69.9121	21.7117	-94.7022	14.0323	-10.1956	
-3312.35	-5669.29	-1286.85	-1465.9	173.15	117.902	-146.271	-327.358	39.2198	
-261.986	-690.845	-7.12158	-58.9105	195.777	103.84	59.2116	-49.5329	42.0462	
411.986	1227.98	267.641	25.6488	203.796	73.0024	13.4505	-16.9195	43.7177	
451.445	670.349	-210.958	-8.87698	-46.3697	49.7398	-50.4937	-106.907	61.4197	
160.281	-522.327	193.602	-244.075	-261.544	173.712	-64.3543	-176.584	12.8787	

-473.648	-1249.48	-533.395	-404.523	128.954	-18.1578	-30.2472	80.9458	1.65571	
-136.206	-106.723	145.063	-282.206	73.642	-44.2745	17.7527	75.1203	27.0565	
1152.4	1281.57	712.479	537.108	182.863	-14.9095	-15.9833	-15.0653	11.7287	
853.914	-46.7712	-311.342	291.184	8.37296	-48.9082	-65.8571	-32.111	-16.0605	
-620.787	-755.893	-673.227	-10.65	-236.397	-0.996181	5.68624	-15.5991	-15.4262	
-893.834	916.564	506.023	-115.32	368.961	281.492	208.013	141.03	-69.8967	
-582.883	-908.443	-654.601	-304.509	-5.0169	-76.5377	-159.901	-50.1782	-13.3148	
-105.422	174.573	-259.365	226.184	-133.984	-159.357	-155.582	-65.6091	13.0711	
-386.851	-59.9303	-760.632	-21.5641	-213.073	-324.152	-17.0812	-43.8738	30.6082	
-335.119	-271.341	-476.892	-166.045	-259.188	-182.516	67.2617	-60.4632	2.03706	

211.174	540.86	138.086	-37.7207	86.7173	52.0978	-5.05337	-47.5973	-31.2798	
1.32754	827.735	378.609	156.353	-59.9688	31.5056	-61.5868	-68.3005	-33.5625	
-77.3271	933.628	323.603	391.495	-238.268	163.567	109.545	-10.3554	1.49614	
-44.2673	40.474	148.181	116.39	-291.882	103.116	27.66	-19.1185	-7.35903	
-155.71	-1115.72	35.9348	-36.2325	-170.113	-174.228	-58.3179	-7.84065	-53.0485	
-933.858	-3354.74	-1399.16	-843.984	504.713	-463.094	-107.046	-111.226	-45.7993	
995.251	524.762	-446.277	-295.184	129.358	-58.4518	24.4282	48.2327	5.88068	
544.996	60.873	-490.802	126.97	112.835	-25.0058	-36.1825	35.2488	-1.4693	
273.875	879.976	-103.756	453.426	169.833	28.0612	117.762	11.4605	25.2857	
-157.595	-549.526	-268.302	201.447	-118.219	-17.4733	145.33	8.77324	32.5922	

666.89	573.215	608.701	418.217	13.517	70.6854	66.4103	38.5203	-5.47453	
419.231	914.813	862.67	387.577	56.1245	10.2973	-54.6599	12.404	35.6809	
105.158	-224.546	542.058	500.061	102.274	35.7765	40.5512	44.5254	36.9092	
-125.216	-931.082	-501.566	170.21	-47.9688	-166.675	-20.8792	-4.82683	-26.485	
-502.786	-227.224	-824.736	-91.5436	-104.928	-177.617	40.6994	-56.614	-17.9131	
-912.515	-1367.72	-1026.13	540.897	-248.337	318.11	265.103	-203.918	-101.891	
-215.591	-1323.17	-716.699	31.4827	-208.27	2.58926	100.224	-101.8	-16.7469	
-68.3521	-1033.43	-403.194	-144.86	-279.238	-182.462	5.18995	-125.269	9.54365	
-327.866	-951.631	-392.912	-239.639	-124.809	-235.767	-186.617	-139.115	50.1984	
66.4256	372.531	-58.9114	-379.788	98.7251	-90.0173	-183.701	-88.9343	67.6275	

-93.7829	807.133	553.387	376.095	-52.3726	103.777	-26.216	-39.5759	10.9918	
-27.2268	1384.63	746.445	287.123	-80.1514	105.328	-95.6619	-17.1261	-15.7916	
299.03	884.755	874.112	20.1396	42.5503	-78.7632	45.1094	16.6422	3.84785	
-234.978	677.755	945.182	97.3538	-66.9081	-14.8869	70.1857	-50.1949	8.4179	
216.964	1669.53	570.675	303.112	117.497	67.1301	-1.0143	-24.0182	14.4423	
-623.5	-2110.59	-850.866	293.376	784.774	43.9495	-81.486	-80.7845	-46.5933	
461.354	496.372	-9.43494	248.67	331.105	-57.1889	50.1524	36.944	1.88276	
500.265	20.4953	686.384	150.882	-14.657	14.5449	8.51883	-6.75057	13.7615	
843.348	1372.58	1035.36	247.162	-30.8006	73.8661	-27.6116	-36.0564	-0.331137	
183.398	1100.14	-137.486	-249.368	-27.0672	-5.92373	-62.0907	9.91338	-31.2788	

-18.0103	442.977	266.513	-189.812	-54.1169	141.431	131.281	34.1957	10.6435	
-688.833	-248.487	46.4104	-411.744	-129.995	-61.4287	93.7336	35.7971	-1.53419	
178.002	-299.484	-78.5149	-180.306	-54.7989	-161.725	-13.6051	61.1929	-8.56619	
179.199	-945.244	323.261	-228.502	-63.7566	12.7024	-179.492	-48.9089	37.9532	
-238.066	-1729.62	-446.772	-415.998	-183.01	35.9963	-122.011	-72.9149	-3.93068	
1652.33	2588.25	1222.2	1039.76	190.94	783.483	282.443	-185.551	8.25323	
-558.036	-1199.2	-351.926	-231.61	-112.425	58.9136	-52.0689	-19.0045	17.1311	
362.499	1301	1087.39	459.767	51.3033	205.062	95.4813	30.3005	33.5897	
668.915	889.218	755.607	474.007	59.2736	96.9431	105.838	96.4096	30.0922	
-414.949	-1235.41	-706.178	106.662	-94.3358	-85.7059	-29.3814	50.295	29.4087	

-157.487	209.443	-133.967	516.293	-137.135	-175.511	12.438	113.154	38.458	
469.26	-123.612	-968.719	474.85	6.13284	-73.8294	116.284	107.709	60.5071	
-294.55	-1120.52	-1023.53	-156.758	-79.3991	36.6421	90.9742	-34.6704	-29.1387	
-886.617	-668.883	-1184.95	-569.194	-457.202	-178.688	-195.98	-37.4449	-24.6378	
58.0654	615.041	-384.517	-529.012	-194.713	-24.4599	-304.603	8.39211	6.14622	
1769.68	-2903.59	1945.28	-504.719	-204.744	189.892	-325.244	-49.49	-14.9131	
-897.29	-2650.59	-1001.97	-45.1914	-41.5918	-255.371	-107.651	-203.969	17.8846	
-1433.31	-1101.02	-1411.81	-133.761	53.2837	-177.46	19.3181	-75.2418	63.5306	
-319.236	703.822	-445.455	-200.846	58.3731	71.4667	135.5	-39.4506	32.3079	
816.726	1551.81	1100.22	315.399	224.359	126.96	-5.15336	1.54244	-2.46281	

-709.619	-1116.92	-356.512	47.8819	-301.155	-90.9463	22.7878	-44.0711	15.3269	
-630.093	-684.961	-130.363	-7.33029	-151.101	-92.1643	54.7768	1.84711	-0.870655	
-143.234	-42.3807	36.3724	-60.5892	-60.4771	-9.40516	-4.18125	79.6999	-4.24209	
-256.918	-187.198	-563.486	-348.779	-80.7237	-33.5483	-46.7145	46.9836	-4.77357	
-202.169	253.114	-215.665	-165.414	-160.174	54.1934	-63.8408	51.3103	8.80956	
2112.19	2471.75	1523.46	192.738	337.853	546.705	155	81.0611	54.644	
-55.6932	105.807	434.965	-44.9584	137.223	21.8309	-24.7173	2.32869	-27.6014	
171.767	839.174	313.799	275.046	240.916	-14.762	20.1576	14.641	-31.9798	
311.865	-211.401	-146.187	233.834	107.026	-14.6112	-56.0498	21.1958	3.96508	
-20.7103	-331.419	-231.175	-222.865	172.136	-50.912	-17.9043	20.1059	-6.69712	

221.836	-2168.34	-1222.64	-127.194	-510.424	177.459	-223.909	-64.6003	-52.7667	
-470.015	-441.31	-469.412	464.228	-123.846	194.19	-184.004	-53.9347	-35.5434	
-449.068	366.362	-24.3011	336.223	-35.4346	-174.198	-43.2537	-130.002	19.2914	
-123.785	1591.02	-9.89667	298.86	158.456	-75.484	189.299	49.1952	27.8928	
-1229.62	-1682.51	-774.072	22.6539	-90.9831	-274.439	-149.949	-11.3532	17.008	
1927.67	-2097.98	-1754.08	243.397	250.89	70.1621	-188.632	-549.615	-149.471	
999.576	2455.28	376.001	447.179	-84.3205	188.115	20.1565	-28.9803	65.5398	
1009.16	2658.99	1876.38	489.731	78.0615	271.2	99.9929	21.9277	-30.6289	
709.012	1550.45	2302.22	870.765	264.392	407.618	-5.8275	20.9723	10.2047	
-701.163	196.308	1817.93	737.734	397.113	163.407	29.0181	41.9348	34.0978	

-563.281	344.164	-997.975	317.803	-383.845	-189.19	120.116	59.3279	18.7341	
516.604	257.815	141.542	264.103	-359.701	-122.03	-122.93	97.1207	38.3106	
2050.81	2904.92	1079.71	962.002	-179.2	-86.6198	-326.769	153.568	-20.7259	
296.993	1442.45	303.877	580.133	182.226	46.9016	-370.098	61.3865	-11.6831	
-1753.21	-392.116	20.309	-371.051	166.904	263.545	-180.969	42.2419	-22.6128	
388.126	4935.91	1369.67	-646.006	434.479	578.613	-117.012	-9.82043	-147.674	
13.8769	626.048	574.908	-249.686	226.965	304.962	-9.75015	-159.583	-37.4882	
-76.4	-100.499	211.29	90.863	76.3286	101.787	-93.6505	-89.3372	-56.6416	
-1553.25	-3027.78	-1278.29	93.2528	-204.699	168.119	-34.9135	20.8192	21.1239	
-347.673	-640.934	-262.013	-469.555	136.564	306.046	-110.801	29.2768	54.5709	

85.6593	2630.59	324.97	-231.861	257.054	250.778	85.8922	150.901	6.74215	
-860.779	-94.3812	-91.698	-599.415	102.362	-301.889	31.4621	124.425	6.53723	
-2000.16	-3817.29	-1412.94	-1558.11	3.60132	-470.517	-241.514	98.1565	7.75235	
-1275.63	-3161.07	-844.259	-1356.84	52.5752	-37.2703	-95.0948	157.015	-82.2852	
-1113.32	-2127.66	211.83	-586.75	-188.348	180.005	-7.04398	65.2266	-116.106	
-1685.17	-4664.45	-2447.05	-2457.69	-515.606	118.63	-1004.44	-134.722	-224.435	
-761.65	-1447.93	-1511.39	-318.049	102.836	-155.302	20.8878	-14.756	-6.68833	
-520.701	1175.48	-711.364	294.404	24.7961	-46.0638	66.5111	-58.9562	73.5251	
-99.2046	-10.8375	-791.508	-290.894	-292.473	-313.229	55.881	-156.078	23.2424	
786.139	-1364.55	-893.226	-21.4513	-168.49	-601.459	44.0929	-175.988	-26.9131	

830.373	1421.79	697.469	297.291	271.332	-105.915	263.755	-134.036	34.4324	
1370.23	2764.94	737.359	262.069	606.496	129.273	178.461	9.36612	30.6489	
410.817	2772.98	362.109	237.39	238.913	-292.396	-149.718	60.0681	-0.326387	
-1652.96	2306.47	1274.84	505.222	-200.828	-140.878	-272.613	-29.462	37.7252	
-997.084	1699.56	719.995	135.943	-357.035	53.872	-368.49	-113.948	30.1898	
-4992.5	-1678.2	-2083.5	653.364	-512.094	92.5069	-1553.42	-52.5555	169.878	
-1579.34	-1900.87	-1069.42	81.579	-721.663	-68.7963	-291.224	47.1111	89.6897	
-1405	-4047.45	-472.55	-374.743	-726.905	-386.017	-182.709	73.6221	86.6182	
-66.3869	-2318.92	-343.92	-261.944	-416.43	51.2511	-130.067	-70.8178	114.614	
-510.7	361.365	-598.697	-359.133	-323.041	477.866	-176.679	-17.4442	62.4309	

159.416	-362.145	-198.991	-342.066	-108.876	-0.3315	92.1409	-8.72689	11.4082	
-324.203	-6.7272	-744.937	-595.834	-205.094	-125.963	62.4629	-14.6126	-21.3211	
698.076	3255.37	1075.84	-175.485	134.793	197.886	42.7094	132.299	-29.917	
1904.95	1403.01	899.828	96.7024	290.103	214.373	294.291	148.922	-7.15907	
591.149	-660.053	122.618	256.541	-64.4339	76.8833	166.364	68.0911	26.4845	
3640.68	11437.3	4657.74	2305.75	1093.93	654.257	-11.5057	-46.2745	94.1978	
1408.69	2585.52	2093.14	361.666	412.127	74.7664	168.467	5.99845	31.8355	
596.22	935.725	-29.1138	330.966	-25.9806	41.1051	102.492	62.7066	-6.09764	
-152.889	-1420.25	-749.278	104.754	-256.188	55.8791	66.296	22.6839	13.0578	
750.478	-995.54	280.376	0.711417	248.412	-168.085	54.8338	-80.555	9.30057	

343.081	2189.92	1428.5	599.557	150.731	258.214	-41.7986	13.3107	-56.7526	
247.056	369.23	198.809	41.7418	-64.4283	117.862	-59.1264	8.91124	-65.5374	
-733.179	-2888.68	-1061.09	-437.801	-242.173	-3.28914	-85.2513	81.4523	-64.4235	
-303.707	-2652.8	-1516.73	-549.916	-122.551	91.768	-41.7255	48.5757	-102.157	
598.272	-1157.42	-132.46	-118.555	167.865	289.784	37.9207	28.0383	-34.9846	
-845.306	-1657.55	-1710.78	-1427.95	-787.987	-29.9924	123.084	-157.658	-154.201	
-429	1274.81	264.524	54.088	284.353	104.829	-28.2833	-29.7487	-15.992	
-700.482	-135.689	118.114	-215.177	71.5304	-0.167866	-69.4207	-84.5009	-13.5367	
10.1589	-1470.11	78.6931	-141.75	381.177	-69.3058	-122.889	10.1877	57.0937	
664.013	-539.258	-722.127	-210.664	538.843	-166.128	118.135	135.645	61.866	

-617.515	-1934.87	215.486	-127.422	-652.312	-61.6639	-64.859	-37.1876	-94.6381	
-653.587	-1708.04	-74.0082	-229.2	-373.482	51.8631	67.8621	-9.75025	-116.025	
-700.173	-1837.55	-80.4381	-45.4939	232.134	-14.1795	125.584	-27.2922	-64.3242	
598.585	-149.483	179.483	4.01536	296.764	17.9978	5.39124	13.3702	-12.9712	
977.855	159.572	-632.093	-154.74	23.63	-125.577	-174.781	-63.6324	-8.66875	
-4883.92	-4517.89	-6203.02	-1223.99	-1258.58	-268.714	-401.052	-299.774	-53.5626	
1028.75	-509.196	-630.943	278.729	-113.082	78.5451	159.476	111.781	-7.90396	
991.66	-1518.5	-166.309	726.327	-196.994	68.6981	-106.917	76.2115	-51.6951	
-106.335	429.256	153.352	423.034	31.7943	303.277	-95.7983	117.549	-30.0003	
317.986	2296.53	-547.351	-275.327	88.8038	302.643	71.7077	73.1783	15.4654	

40.328	1203.67	120.276	-110.465	353.793	-92.9587	21.9042	5.9685	67.9309	
-959.62	-1181.65	-181.747	-499.304	-153.924	81.0059	-36.1194	15.5896	31.4693	
-546.642	-405.008	208.964	299.558	-144.942	272.496	248.155	-31.0171	53.0912	
-683.096	-68.0451	-288.577	683.302	-69.4553	-47.4572	148.263	-79.2909	51.2869	
-414.684	1494.59	329.359	362.267	60.4879	0.586128	114.064	-52.5449	66.2612	
1507.59	-2522.35	-612.748	-1145.69	468.486	-331.328	-194.944	62.0923	-86.4222	
459.831	175.736	-389.24	-62.9578	210.803	-92.3406	151.213	95.8491	19.7557	
-13.4119	-22.0718	90.8587	191.962	227.801	114.471	26.2367	11.4819	43.1698	
226.149	275.009	1202.14	274.247	333.855	113.922	146.076	-34.0906	-32.6892	
268.278	-1819.46	480.378	-415.185	-149.788	101.013	-35.0545	23.7604	-114.487	

-185.669	-1251.02	-5.17868	226.441	269.703	-113.237	-146.563	-25.3122	-20.6266	
849.245	1485.88	1164.03	-318.795	-264.596	-162.209	-157.093	-39.3299	-31.625	
965.331	2485.85	191.042	-111.665	2.8333	47.9965	-11.0492	63.9589	-7.09437	
99.246	-1421.7	-1149.63	230.432	225.094	55.0008	31.3366	33.7389	17.2869	
-742.223	-2431.7	-1086.77	275.34	198.252	-38.6821	136.104	-27.2553	41.8163	
-3944.94	-7503.78	-3052.57	-125.995	-1262.25	-223.319	-116.289	187.093	-15.348	
-76.3485	-1844.84	-589.433	-477.959	-501.105	-96.0816	-76.834	-53.6483	-50.4339	
223.047	-324.166	283.12	-178.006	-47.376	-123.637	70.629	113.601	-19.872	
-1186.73	-455.51	-21.311	-366.557	-76.301	-304.218	176.118	56.8447	44.306	
-468.045	-482.516	-806.452	-914.214	-783.767	-284.993	28.5405	-90.1898	16.2464	

1265.52	1629.07	1096.38	-94.2948	-74.1288	93.7315	-186.757	67.8187	-16.9349	
1543.52	1308.65	1122.91	427.077	182.043	214.818	-126.236	65.9959	-0.55206	
486.411	-217.29	1558.05	73.0475	362.072	134.486	-166.643	114.093	-8.28412	
-542.796	-1369.41	760.95	-84.8608	23.4271	-131.331	-88.1954	160.627	27.001	
-133.554	-1152.83	-215.118	-64.7189	-63.5552	-123.873	-147.216	62.0175	5.18423	
-390.184	-220.155	-674.704	-248.346	757.269	198.985	-953.705	-312.302	-140.537	
63.243	501.4	-186.056	247.282	253.294	208.767	81.059	41.741	-46.4415	
1902.6	2879.68	1374.71	640.7	367.841	277.35	148.236	5.16264	20.2348	
1915.95	2871.46	1558.66	1167.65	118.538	111.717	242.706	-39.4895	51.9739	
1194.2	1268.21	311.864	1047.83	-302.436	22.0832	433.154	-64.2147	0.9908	

-311.39	-1688.2	-167.663	-188.512	-167.618	129.118	-46.3962	-47.5143	-0.820825	
-50.6363	-142.782	-85.5182	-28.9155	-160.752	-11.0999	-52.3199	-13.0299	22.8796	
470.366	603.297	-13.37	66.8798	43.8128	-32.1789	-95.6432	1.98245	29.8532	
67.2309	-96.8632	244.85	-104.884	118.896	131.529	-8.25013	-32.6646	-6.61719	
-114.806	-1132.15	-444.897	-286.664	28.7278	20.6597	-17.2024	6.90139	-56.6455	
1195.09	1407.7	-261.658	442.207	226.466	-289.473	222.266	11.3925	30.337	
1380.42	1761.61	1174.68	330.771	242.686	-21.8312	142.065	50.3282	0.666322	
837.413	1212.44	721.539	242.587	-71.4078	105.29	50.6031	9.14311	40.5547	
33.2668	-231.082	409.071	138.333	-225.459	93.5549	-26.5353	43.0958	22.8637	
513.719	958.386	448.267	248.981	58.4029	-52.4031	-46.2417	45.5489	9.6471	

338.061	1779.44	1022.42	461.583	430.477	61.6086	172.179	121.864	25.0325	
1024.62	2519.01	1181.13	-60.7413	159.938	-212.505	5.39559	151.794	53.1404	
1136.36	1667.57	773.982	-401.707	223.804	-94.9317	7.04035	186.426	93.2644	
1491.22	1045.69	725.707	328.633	230.736	-151.089	1.17472	150.795	38.1743	
968.382	318.787	663.323	422.335	355.048	-48.3938	-51.763	10.6071	-19.986	
-1008.57	-3396.66	701.153	-344.543	792.691	-97.5085	313.969	133.263	-92.3867	
203.464	-358.839	-656.838	-113.023	395.85	151.397	133.004	81.8233	-12.7862	
-255.124	-51.5626	-534.2	-460.973	366.527	157.559	60.319	118.219	20.2488	
-232.303	824.573	-756.48	-653.231	45.7535	54.6902	75.4008	65.4953	32.6824	
14.7735	399.125	-472.087	-591.933	-340.884	9.55767	-144.244	4.21829	-3.65806	

219.34	1304.29	-453.42	-247.538	-21.4875	129.587	-77.5167	8.90297	20.0847	
725.957	1955.36	-638.225	400.954	272.785	106.763	-71.9329	37.8202	47.476	
-753.823	943.872	749.97	555.781	-165.134	69.2014	-116.373	-17.7218	43.5541	
-106.149	707.926	212.986	367.73	-359.666	-177.722	-343.842	-99.9187	12.8689	
441.435	597.18	132.091	154.173	-118.548	-142.858	-171.215	-50.0906	27.6836	
1296.35	64.9583	-228.37	1023.58	368.589	395.112	331.244	415.55	196.89	
148.575	-1230.38	-324.16	-191.384	-192.684	-132.077	69.2957	85.3509	56.4904	
496.546	646.672	472.418	165.39	70.9009	-271.411	76.7894	30.6331	33.1703	
1002.78	1381.65	377.053	563.731	132.986	-431.719	26.3577	-9.69055	-11.9046	
846.024	602.199	313.588	258.558	219.956	-288.934	-46.8206	41.445	-5.26945	

-817.732	-143.238	-856.58	-251.453	-76.1243	51.6802	-77.1964	13.7753	19.1379	
44.745	1135.96	214.12	345.341	168.148	-34.6761	58.0719	6.09916	69.1461	
90.1309	753.727	232.993	604.101	221.871	32.5905	167.361	17.4279	23.1036	
526.845	1309.9	240.845	80.3836	161.001	-137.75	43.4303	93.1652	-13.7352	
1414.1	1221.49	1170.43	135.438	177.585	50.9931	-1.09089	165.76	40.6228	
-1273.3	-7668.88	-106.003	-1755.72	-767.774	-301.772	70.5568	236.367	50.8047	
1394.59	166.704	1906.88	224.899	140.674	387.94	119.48	-0.830078	56.5263	
548.976	600.211	807.512	355.022	58.3261	340.765	-26.441	-61.3448	47.4668	
-470.748	-472.33	-1140.13	-274.388	-122.202	-35.3925	-178.099	-89.5257	-38.1386	
307.33	-168.792	131.879	-69.5906	9.53319	-238.235	-112.129	-18.0715	5.12693	

204.157	481.139	208.797	-322.782	-193.817	-54.8756	155.7	30.3878	-22.474	
539.369	-1168.03	-470.518	85.1491	-182.091	-291.606	-22.7149	-58.7079	-1.76318	
292.305	-1615.53	23.9264	15.4177	103.108	-43.7821	-158.059	32.9035	-6.03997	
-327.673	-1475.33	-421.016	-817.014	311.62	43.8102	-237.489	-162.459	-38.7581	
-831.714	-1187.97	-717.23	-681.187	216.65	8.64894	-204.206	-119.87	-89.5011	
311.003	4721.04	3830.28	1514.75	873.3	379.783	-266.343	-324.219	-153.006	
459.13	697.857	-51.1766	-181.184	-117.424	-115.162	-76.7256	8.79958	21.1425	
-745.653	-937.463	-1386.73	-917.36	-238.612	-280.707	-29.4548	5.42232	23.9428	
-594.916	-1242.63	-775.686	-582.716	-75.3345	-172.604	14.0899	-76.1204	-6.99271	
-150.487	-1084.12	-302.886	54.1567	198.459	-38.4662	-150.376	-94.2773	33.8639	

