210778	
348847	
560758	
376814	
422100	
9439.07	
301222	
492715	
433319	
298709	
526864	
357888	
455415	
405635	
306474	
311462	
111851	
296135	
264870	
441384	
298200	
313227	
394721	
250129	
241955	
401957	
102190	
126939	
238941	
185831	
193999	
23114	
398469	
26960	
15274	
342642	
7185.84	
12874	
319099	
309702	
3137.09	
14824.1	
5935.25	
7832.96	
3229.69	
305519	
72138.8	
291143	
4444.94	
279239	
337164	
238130	
253409	
6395.25	
7180.27	
2618.76	
227992	
242147	
230121	
241537	
12480.2	
220193	
