-371.888	
451.027	
-194.964	
220.89	
243.596	
-67.5827	
756.104	
835.944	
471.363	
301.329	
503.018	
392.786	
131.175	
786.388	
702.433	
60.7206	
137.355	
747.072	
695.786	
535.523	
527.829	
-72.7323	
102.159	
-360.775	
-74.4717	
128.124	
-152.417	
37.0141	
132.602	
636.627	
-287.881	
-23.33	
412.619	
-53.7012	
95.269	
446.68	
61.8484	
-107.06	
-697.868	
706.33	
5.83831	
28.2484	
-23.6567	
-56.9131	
47.9534	
505.238	
491.97	
154.662	
19.284	
995.388	
-60.5951	
19.2703	
56.6203	
27.5556	
-18.0784	
13.431	
83.3233	
335.031	
36.2734	
-140.901	
-61.2134	
471.471	
