0.0462466
0.0464611
0.0466775
0.046896
0.0471165
0.0473391
0.0475638
0.0477907
0.0480197
0.0482509
0.0484844
0.0487201
0.0489582
0.0491986
0.0494413
0.0496865
0.0499341
0.0501842
0.0504368
0.0506919
0.0509497
0.0512101
0.0514732
0.0517389
0.0520075
0.0522788
0.052553
0.0528301
0.0531101
0.0533931
0.0536791
0.0539683
0.0542605
0.0545559
0.0548546
0.0551566
0.0554618
0.0557705
0.0560827
0.0563983
0.0567176
0.0570405
0.057367
0.0576974
0.0580315
0.0583696
0.0587116
0.0590576
0.0594077
0.0597621
0.0601206
0.0604835
0.0608509
0.0612226
0.061599
0.06198
0.0623658
0.0627564
0.0631519
0.0635525
0.0639581
0.064369
0.0647852
0.0652068
0.0656339
0.0660666
0.0665051
0.0669495
0.0673998
0.0678563
0.0683189
0.0687879
0.0692634
0.0697455
0.0702344
0.0707302
0.071233
0.071743
0.0722604
0.0727853
0.0733179
0.0738583
0.0744067
0.0749634
0.0755284
0.0761021
0.0766845
0.0772759
0.0778765
0.0784865
0.0791061
0.0797356
0.0803752
0.0810251
0.0816857
0.082357
0.0830396
0.0837335
0.0844391
0.0851567
0.0858866
0.0866292
0.0873847
0.0881534
0.0889359
0.0897323
0.0905431
0.0913688
0.0922096
0.093066
0.0939385
0.0948275
0.0957335
0.096657
0.0975984
0.0985584
0.0995375
0.100536
0.101555
0.102595
0.103656
0.10474
0.105846
0.106976
0.108131
0.10931
0.110516
0.111748
0.113009
0.114298
0.115617
0.116966
0.118348
0.119762
0.121211
0.122695
0.124216
0.125775
0.127374
0.129014
0.130697
0.132424
0.134198
0.13602
0.137891
0.139815
0.141794
0.143829
0.145924
0.14808
0.150302
0.15259
0.15495
0.157384
0.159895
0.162488
0.165167
0.167935
0.170797
0.173759
0.176825
0.180002
0.183295
0.18671
0.190255
0.193938
0.197765
0.201747
0.205893
0.210212
0.214717
0.219418
0.224331
0.229468
0.234846
0.240483
0.246396
0.252608
0.259141
0.266021
0.273276
0.280938
0.289042
0.297627
0.306738
0.316424
0.326743
0.337756
0.349539
0.362173
0.375754
0.390394
0.406221
0.423385
0.442064
0.462466
0.484844
0.509497
0.536791
0.567176
