9134.64	
19665.4	
8312.32	
5924.57	
10278.1	
11642.8	
7698.43	
11863.8	
4282.05	
5377.67	
5002.65	
4793.37	
8955.26	
14393	
15422.1	
5788.13	
6631.7	
3860.19	
13473.5	
9977.99	
12347	
7294.42	
2004.59	
4895.6	
9904.43	
16939.2	
11809.7	
8896.94	
11470.3	
18985.8	
6441.3	
10048.1	
15091	
7168.97	
9259.15	
5171.02	
5118.86	
15374	
6729.12	
18487.5	
8568.53	
12095.8	
8329.7	
5116.51	
15108.1	
13479.8	
593.598	
10746.1	
10006.1	
8599.69	
10462	
17163.2	
18073.2	
9593.93	
19473.6	
-321.87	
5937.67	
8312.47	
9864.79	
5493.73	
5345.18	
12036.8	
10754.6	
9987.4	
14967.7	
12842.1	
7112.23	
8723.56	
13046.8	
14012.6	
9361.95	
9763.05	
9423.26	
8048.55	
5292.63	
15761.8	
6205.52	
17442.8	
6756.94	
5027.38	
9304.72	
5521.27	
9363.13	
12358.8	
8103.95	
17016.1	
10815.8	
8621.31	
17398.4	
5196.2	
14513	
5020.31	
15831.6	
8251.87	
12365.7	
10190.1	
11987	
10958.7	
6097.22	
11100.2	
12310.6	
14006.3	
6469.52	
9758.97	
9424.9	
6260.89	
9679.03	
4533.58	
1787.88	
8615.06	
5799.8	
11109.7	
9703.33	
11369.7	
10695.2	
9192.54	
6739.13	
13886.7	
14727.9	
11366.8	
5072.51	
4032.36	
6389.57	
10117.7	
7272.86	
9249.14	
13884.9	
11331.8	
5338.39	
7636.31	
11004.5	
8216.45	
9275.99	
5578.59	
10396.4	
13363.5	
7026.26	
10821.7	
8940.28	
14031.4	
13374.8	
5364.42	
19398.5	
10352.1	
15898.3	
5745.34	
1159.09	
12162.5	
-22.9576	
5142.13	
3343.39	
3408.67	
1431.13	
4956.67	
9324.22	
356.511	
9497.22	
10953.5	
10197.7	
4570.09	
12921.7	
11018.2	
6089.87	
15022.8	
613.367	
16351.2	
13118.5	
15066.9	
2780.46	
7380.4	
563.336	
1993.96	
12693.7	
10557.3	
-96.2917	
10666	
6395.35	
169.687	
-73.6402	
8457.52	
8384.32	
13910.9	
6818.57	
9142.15	
356.709	
13043.9	
4141.36	
41.3634	
6638.54	
6297.66	
7122.32	
6467.05	
28726.6	
8365.7	
12972.6	
10666.5	
14320.7	
6806.65	
7815.08	
13548.1	
11536.8	
9391.86	
5691.12	
15297.9	
7526.72	
9420.28	
11324.9	
18108.8	
9647.82	
538.87	
16818.2	
205.173	
5909.31	
11493	
6915.41	
-57.9773	
5190.84	
16152.8	
16817.6	
22084.1	
4489.43	
13154.8	
8054.06	
7847.67	
8233.27	
9388.9	
10053.1	
6955.01	
14743.2	
4641.86	
5638.71	
8951.07	
5048.39	
3213.38	
5463.86	
6136.83	
12730.3	
21415	
12230.7	
20617.4	
16805.9	
8659.55	
9828.68	
11302.1	
15069.2	
14829	
10569.7	
10783.3	
12902.3	
15986.6	
8339.29	
8760.25	
5381.85	
3646.92	
15261.3	
4695.42	
12065.9	
19130.3	
11955.1	
12392.7	
5300.48	
16767.9	
10500.5	
20411	
14872.1	
21761.4	
6069.94	
4414.69	
1401.38	
6325.31	
11057.3	
21100.3	
5359.55	
9778.91	
17215.6	
13507.3	
28582.3	
1127.06	
15437.4	
7759.76	
4312.06	
13148.1	
9713.73	
17145.4	
14666.4	
18826.9	
9272.97	
6468.28	
11986.5	
-2484.65	
4629.22	
9819.54	
189.039	
3097.72	
16195	
7543.93	
2070.99	
6657.64	
15270.2	
16279.7	
8164.85	
5406.82	
7054.54	
4475.86	
13079.5	
12350.1	
13277.7	
5645.74	
6600.52	
900.075	
3730.32	
17081.8	
5474.42	
6916.11	
5582.17	
7351.96	
6370.18	
11720.7	
7634.47	
10588.6	
8124.99	
3382.95	
5248.98	
13897.3	
6343.82	
7943.7	
7728.78	
10175.8	
4127.73	
6246.48	
14983	
4380.48	
1318.92	
15577.6	
16001.5	
15006.8	
15472.6	
10239.8	
10637.9	
4654.71	
0	
5687.15	
-619.904	
12191.5	
10216.4	
8994.89	
5100.59	
14070.2	
10496.8	
5124.18	
4666.33	
11975.2	
9856.68	
11579	
12419.1	
4434.23	
11384.7	
5038.73	
6530.67	
13153.7	
7066.52	
3169.77	
8920.02	
20339.7	
5227.77	
10818	
4944.87	
5787.73	
3719.19	
13193.2	
4334	
3702.03	
4001.49	
4423.07	
20415.6	
5987.04	
9424.21	
20116.8	
16178	
19367.2	
14097.7	
10309.3	
8049.77	
22195.8	
18988	
716.252	
13527	
