-29191.2	
-39778.3	
-23878.9	
-14950.4	
-34612.7	
-29071.6	
-21004.5	
-34475.1	
-12855.1	
-34048.8	
-13697.3	
-19643.2	
-21074.5	
-39339	
-31921.6	
-24712.8	
-22411.7	
-18631.7	
-28287	
-37110.6	
-36658.8	
-15895.9	
-11769.2	
-20681.1	
-29396	
-43483.2	
-19487.9	
-22933.9	
-28176.8	
-33848.8	
-21701.6	
-40058.3	
-33235.3	
-13166.1	
-27290	
-22985.8	
-18240.8	
-41665.2	
-17830.8	
-45244.4	
-24868.6	
-24806.5	
-19823	
-16811	
-34169.1	
-26046.9	
-15925.2	
-39601.8	
-25736.6	
-16341.1	
-23734.9	
-31326.5	
-41816.9	
-22364.9	
-43564.5	
-2502.61	
-12294	
-20097.4	
-30914.4	
-15781.8	
-16118.8	
-25915.2	
-25650.9	
-21939.5	
-37030.8	
-29925	
-15822.4	
-30409.9	
-43556.4	
-38133.3	
-26177.9	
-21027.1	
-19420.3	
-28260	
-13726.5	
-38324.2	
-18049.5	
-46342.6	
-24664.9	
-13650.1	
-26242.1	
-25171.6	
-24740.8	
-23450.1	
-29032.2	
-37786.8	
-16980.9	
-28528.3	
-38499.1	
-22794.5	
-36907	
-27646	
-31391	
-18960	
-28062.2	
-22947.5	
-29544.8	
-25722.7	
-15470.5	
-24692.9	
-35913.1	
-41577.4	
-19721.7	
-31201.8	
-26498.4	
-15974.1	
-42797	
-16013.1	
-12788.2	
-32974.4	
-29445.6	
-31027	
-27585.4	
-22747.9	
-38009.9	
-27953	
-18738.3	
-24016.2	
-38716.9	
-19014.3	
-15761.2	
-22846.4	
-19347	
-36293.3	
-26510.8	
-27409.7	
-35039.5	
-26080.2	
-28381.4	
-26935.5	
-27172.7	
-25559.7	
-31411.9	
-18979	
-29687.8	
-36958.7	
-16686.6	
-25300	
-14919.2	
-40648.8	
-29408.8	
-20242.4	
-44915.2	
-31333.7	
-36731.4	
-14603.7	
-2031.89	
-26460.7	
-3554.14	
-22757.9	
-16411.7	
-13645.4	
-5706.54	
-14846.2	
-28231	
-3921.46	
-30434.6	
-26039.7	
-26092.8	
-17176.5	
-30020.2	
-31719.7	
-15066.6	
-35738.7	
-3305	
-54923.6	
-35801	
-39122.2	
-18653.5	
-18731.2	
-2265.32	
-19421.5	
-37545.4	
-26566.1	
-1319.38	
-30547.8	
-13957.7	
-1053.78	
-2567.84	
-19226.4	
-17715.6	
-32467.7	
-14496.7	
-26775.4	
-1684.06	
-25222.8	
-21547.4	
-2715.77	
-34667.8	
-16961.7	
-35880.6	
-20216.1	
-57122.6	
-27302.2	
-35662.4	
-30187.9	
-37860.4	
-19930.5	
-26776.4	
-50663	
-30928.9	
-26865.9	
-16135.7	
-34502.1	
-16343.3	
-21146.6	
-34117.7	
-43915.5	
-33050.5	
-1681.45	
-37606.1	
-1079.98	
-20324.6	
-31926.9	
-22518.9	
-1209.93	
-19593.7	
-28415.8	
-33931.1	
-60378.9	
-17411.9	
-33151.2	
-27607.9	
-23275.8	
-19292.4	
-24462.1	
-27828.1	
-22348.6	
-25365.1	
-14334.3	
-21869.9	
-25425.3	
-12618.9	
-17527.7	
-16533.9	
-17435	
-21617.4	
-60308.4	
-23506.9	
-36812.2	
-31916.3	
-26329.6	
-27058.5	
-27838.2	
-34813.5	
-30187.9	
-27011.7	
-19052.9	
-26480.2	
-35002.2	
-31093.1	
-22777	
-13521.9	
-18756	
-37295.4	
-12669.6	
-33250.8	
-60568.2	
-45631.7	
-25502.9	
-18438.8	
-31381.1	
-23261.7	
-50708.9	
-36434.4	
-64589.1	
-23779.9	
-12600.1	
-4178.2	
-19274.8	
-37999.5	
-52347.8	
-13935.5	
-21389.2	
-31571.5	
-43184.6	
-62762.3	
-14462.5	
-28423.2	
-19157.2	
-10814.4	
-32653.5	
-10997.9	
-40349.4	
-39468.9	
-52844.6	
-20192.4	
-13575.4	
-35980.3	
-13905	
-17179.9	
-34215	
-14159.4	
-17513.7	
-28926.9	
-17258.6	
-15561.5	
-15383.6	
-31251.1	
-35247.3	
-15728.8	
-19036.2	
-22090.6	
-14249.1	
-34874.7	
-28260.9	
-20959.8	
-13295	
-14475.8	
-2073.36	
-16021.2	
-38084.6	
-21420.1	
-14588.7	
-16354.8	
-25579.1	
-14049.4	
-30803.3	
-20383.1	
-16537.2	
-21283.2	
-14431.1	
-31244.5	
-36774.5	
-11179.7	
-14736.6	
-12872.2	
-28925.5	
-15927	
-14548.3	
-31055.1	
-16917.7	
-2483.08	
-35372.6	
-38046.3	
-33730.7	
-59068.2	
-27238.5	
-18000.8	
-14903.7	
0	
-17405.3	
-591.546	
-29390.3	
-29623.7	
-17043.1	
-16040.2	
-26669.8	
-36999.6	
-15619.9	
-19277.4	
-28947.4	
-28755.8	
-31621	
-25574.9	
-17345.1	
-36104	
-17436.8	
-19826.7	
-41511	
-14446.6	
-11811.1	
-28514.4	
-58181.5	
-10348.6	
-26351.6	
-18550.8	
-12750.2	
-10879.3	
-27047.3	
-15349.2	
-12972.7	
-10025.2	
-22703.3	
-60768.2	
-18609	
-29084.9	
-63981.5	
-46857.4	
-54155.6	
-50424.8	
-33003.8	
-11869	
-52861.6	
-43537.1	
-909.613	
-41389.3	
