ibin	iptbin	itheta	r0	V	sigma2	chi	Vn Errors
0	0	0	0.2183	0.0493	612.7017	0.4450	0.0045
0	0	1	0.2136	0.0504	612.7017	0.4548	0.0046
0	0	2	0.2138	0.0504	612.7017	0.4544	0.0046
0	0	3	0.2168	0.0497	612.7017	0.4482	0.0045
0	0	4	0.2224	0.0484	612.7017	0.4368	0.0044
0	0	5	0.2213	0.0486	612.7017	0.4390	0.0044
0	0	6	0.2230	0.0483	612.7017	0.4356	0.0044
0	0	7	0.2248	0.0479	612.7017	0.4322	0.0044
0	0	8	0.2585	0.0416	612.7017	0.3759	0.0038
0	0	9	0.2265	0.0475	612.7017	0.4290	0.0043
0	0	10	0.2235	0.0482	612.7017	0.4346	0.0044
0	0	11	0.2285	0.0471	612.7017	0.4252	0.0043
0	0	12	0.2130	0.0505	612.7017	0.4562	0.0046
0	0	13	0.2192	0.0491	612.7017	0.4432	0.0045
0	0	14	0.2300	0.0468	612.7017	0.4224	0.0043


ibin	iptbin	avgmult	avgpt	Vn mean	Vn mean Error
0	0	223.3797	0.9511	0.0483	0.0020

ibin	Nevent	totmultall	avgmultall	avgtrk
0	9018502.0000	2014550272.0000	223.3797	196.6573

