ibin	itheta	r0	V	sigma2	chi	Vn Errors
0	0	0.0704	0.0865	2280.1479	0.7159	0.0003
0	1	0.0706	0.0862	2280.1479	0.7134	0.0003
0	2	0.0702	0.0867	2280.1479	0.7173	0.0003
0	3	0.0699	0.0870	2280.1479	0.7204	0.0003
0	4	0.0701	0.0868	2280.1479	0.7185	0.0003
					1107.6507	1.0289

1	0	0.0765	0.0858	1969.3233	0.7084	0.0004
1	1	0.0767	0.0856	1969.3233	0.7067	0.0004
1	2	0.0770	0.0852	1969.3233	0.7038	0.0004
1	3	0.0766	0.0857	1969.3233	0.7075	0.0004
1	4	0.0763	0.0860	1969.3233	0.7103	0.0004
					984.0215	1.0007

2	0	0.0872	0.0832	1629.4081	0.6831	0.0003
2	1	0.0869	0.0835	1629.4081	0.6853	0.0003
2	2	0.0861	0.0843	1629.4081	0.6918	0.0003
2	3	0.0856	0.0847	1629.4081	0.6956	0.0003
2	4	0.0860	0.0844	1629.4081	0.6930	0.0003
					854.1785	0.9527

3	0	0.1040	0.0812	1217.3098	0.6626	0.0004
3	1	0.1033	0.0818	1217.3098	0.6672	0.0004
3	2	0.1028	0.0822	1217.3098	0.6708	0.0004
3	3	0.1031	0.0819	1217.3098	0.6685	0.0004
3	4	0.1036	0.0815	1217.3098	0.6652	0.0004
					675.9516	0.8949

4	0	0.1273	0.0785	885.4386	0.6351	0.0005
4	1	0.1261	0.0792	885.4386	0.6408	0.0005
4	2	0.1265	0.0789	885.4386	0.6387	0.0005
4	3	0.1267	0.0788	885.4386	0.6381	0.0005
4	4	0.1256	0.0795	885.4386	0.6436	0.0005
					523.6036	0.8313

5	0	0.1569	0.0768	626.4535	0.6123	0.0006
5	1	0.1595	0.0755	626.4535	0.6025	0.0006
5	2	0.1564	0.0770	626.4535	0.6143	0.0006
5	3	0.1574	0.0765	626.4535	0.6103	0.0006
5	4	0.1610	0.0748	626.4535	0.5968	0.0006
					395.4579	0.7643

6	0	0.2088	0.0714	426.3282	0.5578	0.0009
6	1	0.2024	0.0736	426.3282	0.5754	0.0010
6	2	0.2009	0.0742	426.3282	0.5797	0.0010
6	3	0.2030	0.0734	426.3282	0.5737	0.0010
6	4	0.2025	0.0736	426.3282	0.5752	0.0010
					286.6721	0.6980

7	0	0.2577	0.0707	301.1741	0.5377	0.0024
7	1	0.2800	0.0651	301.1741	0.4949	0.0023
7	2	0.2526	0.0722	301.1741	0.5486	0.0025
7	3	0.2655	0.0687	301.1741	0.5219	0.0024
7	4	0.2660	0.0686	301.1741	0.5210	0.0024
					218.2180	0.6166

8	0	0.3173	0.0702	216.5005	0.5151	0.0037
8	1	0.3306	0.0674	216.5005	0.4944	0.0035
8	2	0.3558	0.0626	216.5005	0.4594	0.0033
8	3	0.3213	0.0693	216.5005	0.5087	0.0036
8	4	0.3080	0.0723	216.5005	0.5306	0.0038
					162.0188	0.5799

9	0	0.4028	0.0711	147.3336	0.4918	0.0050
9	1	0.4144	0.0691	147.3336	0.4781	0.0049
9	2	0.4286	0.0668	147.3336	0.4623	0.0047
9	3	0.3950	0.0725	147.3336	0.5016	0.0051
9	4	0.4033	0.0710	147.3336	0.4913	0.0050
					112.6730	0.5546

10	0	0.4899	0.0740	104.9098	0.4793	0.0115
10	1	0.5333	0.0680	104.9098	0.4403	0.0105
10	2	0.5005	0.0724	104.9098	0.4691	0.0112
10	3	0.5138	0.0705	104.9098	0.4570	0.0109
10	4	0.4892	0.0741	104.9098	0.4799	0.0115
					82.2150	0.5254

ibin	avgmult	avgpt	avgeta	Vn mean	Vn mean Error
0	395.1779	0.8080	-0.0026	0.0866	0.0002

1	366.4834	0.8054	-0.0021	0.0857	0.0002

2	331.3366	0.8025	-0.0030	0.0840	0.0002

3	284.7070	0.7983	-0.0029	0.0817	0.0002

4	240.8850	0.7940	-0.0028	0.0790	0.0003

5	199.6619	0.7895	-0.0029	0.0761	0.0003

6	161.3097	0.7850	-0.0030	0.0733	0.0005

7	131.9005	0.7810	-0.0030	0.0691	0.0012

8	108.0041	0.7772	-0.0032	0.0683	0.0018

9	83.9981	0.7724	-0.0034	0.0701	0.0024

10	66.3450	0.7668	-0.0028	0.0718	0.0053

ibin	Nevent	totmultall	avgmultall	avgtrk
0	334955.0000	132366798.0000	395.1779	334.2599

1	240075.0000	87983503.0000	366.4834	309.4021

2	522843.0000	173237010.0000	331.3366	279.1329

3	588404.0000	167522767.0000	284.7070	239.0772

4	585712.0000	141089241.0000	240.8850	201.6032

5	677599.0000	135290694.0000	199.6619	166.5134

6	687063.0000	110829919.0000	161.3097	134.0530

7	539546.0000	71166406.0000	131.9005	109.2627

8	632410.0000	68302872.0000	108.0041	89.1946

9	778720.0000	65411038.0000	83.9981	69.1133

10	473917.0000	31442004.0000	66.3450	54.3802

