4996.24	
-3643.29	
-3377.53	
-2536.56	
6748.61	
-829.514	
-1864.34	
5213.6	
776.072	
-845.554	
436.674	
2045.82	
-1525.45	
-1369.05	
1134.25	
-3929.03	
2536.17	
-1939.26	
3204.56	
727.098	
3451.21	
-9487.08	
3855.09	
-1879.31	
2772.79	
-101.975	
5510.95	
413.519	
-3509.65	
-2092.26	
5630.71	
-6827.72	
-9919.01	
320.271	
978.971	
2283.77	
-4212.47	
-8238.06	
4114.69	
-255.455	
2337.05	
4684.78	
-3271.36	
-3247.61	
418.705	
-4115.98	
1605.25	
250.991	
3832.65	
4703	
2999.82	
-160.236	
-6257.2	
5834.88	
2998.98	
-439.779	
-5671.73	
-4797.44	
718.841	
391.219	
-255.558	
3380.54	
9432.97	
-908.523	
-1166.16	
6550.3	
6737.29	
-4229.45	
-284.276	
250.425	
3396.3	
2731.07	
-4240.85	
-2023.86	
1836.46	
2670.56	
-6603.62	
3853.04	
-7203.92	
1380.16	
1381.41	
-2658.26	
2143.42	
-6838.65	
-2055.93	
-690.488	
1647.39	
9719.71	
5479.04	
3450.46	
-5545.67	
1766.16	
-4588.22	
-8477.12	
-4908.78	
623.012	
-1886.71	
-3816.1	
-119.501	
1104.35	
-12797.4	
4798.87	
3976.93	
433.686	
-3165.26	
-2150.02	
-3357.15	
5884.72	
-7614.57	
2295.97	
-2010.83	
680.813	
4514.95	
1131.42	
-4343.36	
4722.37	
-766.383	
1109.24	
6723.12	
4749.64	
-1618.34	
634.551	
2274.96	
-1715.83	
-4908.78	
2997.53	
-936.206	
635.371	
-1017.86	
610.893	
-3278.97	
-5293.15	
1549.49	
5021.03	
843.795	
5518.61	
2412.06	
777.527	
292.847	
708.757	
1087.55	
-3811.79	
1859.32	
2609.55	
-1461.5	
-5896.22	
5205.87	
1099.75	
8643.17	
-4336.13	
4234.71	
2108.06	
875.709	
3445.61	
2877.61	
-639.756	
3483.38	
-2112.69	
3833.44	
1077.8	
503.986	
-348.791	
-4240.85	
-1199.91	
375.182	
6758.43	
1788.1	
2565.67	
-2924.74	
-2442.16	
-1847.27	
-3206.8	
-2557.6	
6283.48	
680.813	
-1454.74	
2038.43	
1132.9	
1470.87	
-3594.87	
-5849.75	
-3251.87	
-2675.99	
1147.4	
-2020.9	
-5868.64	
-2624.08	
-716.939	
-3260.56	
1442.54	
1647.15	
2204.53	
1864.69	
2519.7	
272.427	
-1739.75	
5014.04	
-1075.59	
4108.83	
-659.192	
-2930.56	
2894.72	
7256.89	
3354.67	
3681.07	
324.249	
-77.3774	
-4859.44	
141.357	
-5620.98	
-1412.31	
1386.54	
-494.514	
-2054.35	
679.532	
2603.79	
443.315	
8325.6	
-1050.85	
-3683.86	
1928.41	
-2410.15	
4593.78	
938.355	
1271.14	
-3406.79	
-558.223	
5.09183	
1461.29	
5749.54	
3594.47	
3371.64	
-4114.35	
-3803.94	
66.0426	
-2622.96	
4816.13	
6050.79	
4216.25	
-1973.41	
301.923	
341.08	
6103.81	
-3540.96	
-3104.01	
-4009.8	
-4328.9	
93.2405	
-2361.59	
-4091.19	
-1429.08	
1894.86	
-8723.02	
4597.28	
1182.41	
-1615.49	
401.925	
3681.07	
-2944.51	
136.711	
-7778.57	
-1817.2	
2970.17	
-2622.96	
-4582.61	
2293.91	
1477.02	
-2805.98	
1015.63	
5291.98	
313.234	
-106.616	
2204.7	
-5789.48	
3086.49	
235.125	
-5646.16	
1862.91	
-2843.61	
3635.79	
-1398.74	
-1570.99	
-2022.96	
1435.65	
630.736	
-384.419	
-1627.85	
1730.95	
4898.74	
-2820.26	
1647.45	
-826.982	
-462.474	
-4792.04	
-392.657	
-4000.85	
-94.5905	
-400.932	
2124.43	
3779.64	
