-298.205	
3286.77	
1965.89	
-1042.37	
291.741	
819.26	
170.852	
-1079.05	
2335.55	
5469.95	
3324.72	
445.126	
-891.833	
647.552	
1181.82	
2564.89	
2716.45	
1663.81	
2506.28	
1839.56	
296.746	
3211.68	
428.476	
-1851.18	
1310.02	
102.536	
-222.646	
-28.4579	
-4111.16	
7317.24	
-3038.69	
1424.67	
-774.039	
-276.763	
-40.6239	
-348.196	
3769.24	
-584.856	
3596.49	
-213.025	
3171.98	
-4454.64	
2544.68	
640.894	
3200.55	
-1957.48	
-254.486	
-6841.71	
3986.5	
756.156	
89.7903	
-3694.89	
-1172.46	
353.997	
-743.335	
3031.11	
-4452.84	
-306.955	
-259.856	
1689.84	
-3005.87	
-214.393	
730.083	
-867.804	
-2548.95	
1531.29	
2293.43	
2391.11	
1000.68	
4386.02	
2132.06	
-1066.66	
612.242	
1205.96	
-258.949	
1329.18	
1895.65	
904.564	
-301.813	
3198.93	
-3046.1	
3351.6	
-220.07	
2812.24	
-875.429	
-1207.89	
2105.74	
-1415.35	
-467.389	
7288.35	
2174.89	
2270.08	
3341.48	
862.264	
92.2188	
1329.9	
2321.55	
-2913.45	
1718.13	
809.489	
-767.322	
-2261.32	
453.043	
-411.71	
1836.45	
-2501.17	
-2336.24	
-780.516	
1197.93	
1896.27	
519.698	
497.356	
2677.07	
1687.64	
1179.35	
760.242	
-1747.82	
-2006.69	
-2489	
1621.56	
1212.68	
7034.9	
-1622.8	
526.149	
973.722	
2620.37	
3928.54	
-733.831	
-1318.75	
-47.6975	
4130.78	
2802.63	
-607.717	
-589.369	
2296.79	
-1665.51	
3124.26	
-424.376	
-172.113	
-3369.74	
4654.77	
1619.44	
61.2423	
3249.57	
-2354.97	
-1810.39	
-2107.36	
-853.89	
3061.27	
301.876	
1264.23	
-756.273	
-561.5	
118.276	
2118.54	
-4287.85	
-1159.61	
-171.866	
2519.89	
2842.22	
-1019.16	
2642.63	
4537.58	
-344.063	
-820.368	
2878.11	
3361.83	
-1667.34	
-3248.2	
-1083.96	
1848.7	
1532.8	
643.474	
-1973.05	
-6212.05	
1174.35	
-882.904	
4933.86	
1137.73	
628.495	
1321.52	
4834.09	
596.69	
3967.26	
-933.593	
205.035	
-2950.24	
4988.62	
-843.947	
749.667	
3289.7	
-495.005	
-4235.65	
-376.163	
-244.67	
-1938.75	
2315.78	
4080.47	
-1757.95	
535.076	
635.5	
-1083.98	
-1196.07	
1396.55	
1559.95	
2069.71	
-2523.85	
2033.7	
-3227.96	
1672.89	
2211.48	
-231.791	
2931.75	
806.051	
2783.43	
1826.89	
3382.43	
2159.94	
5020.92	
1084.47	
2071.1	
-907.661	
1470.64	
2617.93	
-349.2	
1175.48	
-433.367	
3900.17	
-1640.56	
-2605.87	
-684.258	
148.583	
-391.629	
1351.11	
1602.94	
-1608.92	
4063.71	
2262.07	
7500.52	
-523.74	
4347.35	
1074.39	
2591.07	
3277.06	
5329.64	
209.987	
2116.38	
115.129	
-772.677	
2147.55	
-1717.12	
1854.55	
2999.65	
-114.565	
2844.73	
1906.79	
1300.16	
699.394	
5041.04	
2598.92	
-2256.52	
3149.52	
640.537	
-161.606	
3616.8	
1045.37	
-2079.79	
422.035	
4250.6	
-2388.12	
-5682.9	
-980.223	
-807.335	
-2122.77	
4356.46	
-43.7187	
2427.72	
999.478	
3864.2	
6475.74	
4952.34	
6095.47	
323.056	
1038.06	
5078.59	
562.503	
3285.95	
-205.23	
-1131.1	
821.051	
5192.79	
2920.93	
-3481.51	
-2320.4	
-1113.23	
4166.05	
-1314.38	
471.893	
-236.464	
-1086.76	
-1019.88	
-651.827	
-2924.81	
282.746	
2263.56	
-31.0285	
-1554.43	
270.652	
-2821.05	
-1886.67	
-302.727	
2042.22	
-5105.24	
815.694	
-903.698	
-2431.18	
-5624.07	
-1366.12	
5351.47	
-356.809	
1435.55	
6074.3	
3284.99	
2292.13	
-1867.61	
897.777	
7180.14	
943.403	
4750.16	
4005.27	
1199.21	
-1489.94	
2759.02	
3703.37	
-1745.43	
-166.272	
-2625.77	
3737.12	
-589.818	
-5444.16	
2878.77	
-4021.24	
-176.538	
3174.69	
-989.45	
-839.374	
1727.01	
867.4	
-2917.7	
1508.49	
795.526	
1701.02	
4.44455	
-1073.96	
2005.89	
-799.71	
3.7908	
1834.22	
-224.556	
2598.64	
3096.59	
1205.86	
1893.8	
-574.21	
-2272.55	
2275.4	
1114.17	
-3406.49	
976.74	
2998.55	
-2328.88	
-2171.57	
-206.605	
1914.7	
1877.89	
308.289	
6062.34	
-2079.06	
1970.93	
4396.57	
-1242.04	
-1616.86	
-3661.76	
3075.72	
2183.48	
-3955.32	
3617.53	
-3387.67	
492.41	
3499.81	
2711.81	
-3568.86	
1068.28	
1424.03	
2859.52	
-2994.18	
1891.27	
5147.67	
4007.88	
-5.13384	
-165.673	
1361.28	
1629.15	
-1478.18	
-146.26	
1636.51	
-1403.34	
2246.25	
-537.857	
121.299	
-1169.42	
-737.06	
1553.5	
1595.64	
-5793.4	
1763.64	
77.258	
208.858	
985.505	
3693.28	
1927.07	
3517.06	
1819.32	
-581.417	
1353.61	
1438.56	
1031.08	
-2212.53	
2587.15	
-2861.05	
4119.99	
1684.38	
-918.09	
-1193.6	
1762.89	
-2877.16	
-839.907	
-2488.41	
-7104.39	
2528.11	
-941.742	
-68.4069	
-4853.12	
-3882.38	
-1364.63	
926.856	
1201.73	
1714.98	
493.375	
1780.13	
440.294	
-1175.69	
2355.16	
-991.734	
-871.477	
1855.73	
705.285	
-2438.95	
4160.63	
-726.975	
2949.99	
-1281.52	
1952.9	
-1484.54	
-1701.42	
-2863.95	
-3762.59	
-4613.64	
2067.75	
-9013.96	
-1896.85	
-7.04387	
1553.93	
3370.22	
3961.78	
-1214.91	
1549.07	
6555.54	
1958.22	
3170.28	
-1287.61	
675.369	
-1632.92	
1973.28	
-341.578	
290.06	
491.653	
474.042	
526.359	
-3533.41	
-135.292	
5957.45	
2862.57	
763.772	
-1236.69	
227.433	
-952.416	
-2653.19	
-5173.44	
1045.94	
1691.7	
-1022.58	
1830.47	
778.907	
3554.57	
-1581.76	
854.491	
-1880.16	
597.273	
595.642	
1780.28	
-1517.14	
1902.07	
308.965	
-2127.66	
4240.98	
274.933	
762.114	
3014.69	
-1010.72	
2409.45	
165.288	
-306.982	
-4122.92	
3721.38	
-384.436	
199.323	
-2379.76	
3123.4	
2027.01	
1467.76	
-372.891	
-3669.06	
-3206.14	
3612.18	
3211.82	
1016.05	
3818.4	
3215.76	
-303.133	
-214.374	
-2219.9	
-1652.18	
292.556	
-198.768	
-600.511	
2210.32	
1408.25	
-404.751	
-1201.35	
1947.92	
-2807.85	
1496.61	
769.43	
1162.4	
-1711.42	
-1389.38	
2317.84	
916.743	
2279.51	
162.365	
-35.1612	
-318.611	
5630.2	
1913.62	
2175.39	
1142.42	
4640.8	
2139.18	
-1355.12	
-3237.94	
-1069.73	
-3200.12	
3694.09	
943.704	
-455.296	
-4000.99	
2156.35	
2514.48	
2950.3	
1316.63	
-1695.3	
306.588	
5926.42	
1607.67	
5723.77	
2013.16	
-3790.23	
931.513	
-1532.81	
1001.42	
-2554.48	
-904.886	
-1838.16	
1323.05	
-1613.92	
4803.83	
1016.61	
1947.27	
3950.88	
2766.03	
-3240	
711.178	
5562.5	
-1390.48	
3745.81	
742.245	
-3192.61	
4300.3	
311.336	
821.082	
8484.38	
-1783.12	
1346.43	
6472.05	
-2112.13	
2510.84	
2288.59	
-1165.27	
813.773	
626.004	
-2348.45	
5187.31	
1202.21	
-1397.25	
-676.139	
-5039.8	
787.901	
415.732	
2786.57	
-3079.38	
6291.89	
5382.77	
-1217.19	
3900.39	
47.4795	
1385.51	
-1806.17	
2710.87	
6442.73	
-408.773	
3401.18	
-1186.95	
2059.14	
376.66	
-377.891	
2560.21	
-6019.44	
-2194.65	
262.855	
1078.77	
500.225	
2167.74	
1658.15	
-1960.42	
2466.29	
2246.09	
2142.1	
3815.99	
-470.736	
748.433	
3571.46	
485.677	
1844.06	
-1472.46	
61.4686	
3682.87	
2441.4	
-2047.23	
-1556.06	
-1282.48	
1136.18	
5344.2	
-4428.55	
207.991	
-902.299	
-1513.56	
-938.477	
3320.24	
-7365.3	
-2554.59	
554.36	
1802.77	
-1064.01	
-1704.93	
250.881	
-1300.48	
-1535.02	
4578.58	
-2289.57	
2395.48	
-1558.34	
-853.02	
1149.09	
2081.85	
-2883.51	
7877.55	
1445.06	
892.42	
365.709	
498.79	
-2966.07	
7338.32	
-6937.29	
4405.87	
5586.13	
3259.03	
-790.794	
1758.96	
-3424.26	
-3737.46	
3909.07	
4062.61	
-1200.56	
-492.848	
-998.654	
2540.34	
-2615.29	
3687.36	
422.099	
3436.64	
1217.54	
6979.62	
2078.8	
-2122.37	
767.569	
1179.14	
-2701.15	
-2759.19	
-1512.97	
-1579.27	
942.93	
4268.01	
-2296.78	
3906.92	
-2058.23	
-4029.79	
2819.87	
2129.68	
664.191	
-1386.17	
2574.64	
5914.26	
1737.65	
-2781.76	
-527.64	
-11033.7	
3650.17	
1586.12	
1282.22	
-968.788	
2170.83	
913.806	
469.503	
-303.456	
-485.271	
-2584.31	
810.393	
-281.341	
62.9006	
251.618	
10859.7	
-2860.58	
3600	
3093.23	
350.146	
-2077.33	
-4394.37	
1742.66	
1124.15	
-1161.53	
-299.731	
-622.089	
4907.11	
768.229	
-341.708	
4918.71	
-1086.45	
301.616	
2424.16	
2989.81	
237.69	
-4263.11	
443.81	
-2745.65	
3377.61	
639.756	
-535.9	
4581.82	
690.093	
1322.65	
-2359.39	
-1499.17	
4942.1	
-997.037	
4627.91	
-445.325	
357.274	
200.703	
-2210.11	
1884.64	
3580.91	
-5752.77	
516.843	
-7784.28	
-211.152	
2078.17	
-1155.78	
-1058.71	
1332.77	
1127.66	
-2431.94	
-1456.89	
-230.744	
-855.142	
6625.59	
-4031.55	
1560.74	
-2545.18	
981.97	
841.032	
-3200.96	
2638.57	
115.594	
2617.62	
-4424.12	
-2931.31	
1075.89	
2444.5	
5745.74	
-3842.76	
2356.62	
4153.69	
2919.3	
857.072	
3640.39	
1772.69	
1836.04	
-4238.32	
-6075.38	
-197.4	
475.896	
5603.11	
-477.3	
1418.57	
-487.487	
899.386	
4786.3	
1390.31	
4164.7	
679.71	
1037.71	
3806.97	
-2882.23	
16.1423	
-686.198	
-1261.42	
-1889.9	
2998.79	
-4076.42	
-5661.13	
