1883.02	5926.89	2833.29	-70.048	1391.7	1053.8	1159.61	132.494	136.304	
1485.3	-2447.88	-1302.67	-2567.99	-1651.66	-524.199	-175.034	331.956	0.635864	
-1900.58	-3467.71	-4142.13	-2830.28	-3162.59	-1709.67	-768.727	-88.8327	-77.5178	
-4946.86	-5875.69	-6352.07	-1028.23	-1510.07	-1715.96	-686.469	-200.946	180.531	
-8781.21	-13484.1	-11909.1	-1779.78	-1168.07	-1402.91	-2013.56	34.3363	151.181	
-3571.41	-5430.37	-4556.22	186.375	-2246.23	-354.784	-1650.09	-147.736	-8.59179	
-658.598	-2377.46	-2292.54	225.671	-2539.57	-581.126	-1142.62	-394.385	-4.19227	
1768.02	-1957.4	-2070.99	1069.71	-1935.35	-812.323	-575.973	-406.997	164.733	
-1904.8	-5243.88	-2103.29	410.455	-1269.37	-366.728	-161.097	-40.2387	369.01	
-7540.14	-10276.6	-3051.14	-1513.79	-513.879	138.211	43.1301	92.6973	360.912	
-8707.68	-10761.3	-3010.23	-1187.1	485.982	389.943	-122.441	-174.802	260.853	
-1720.49	-4150.36	478.741	2176.93	1430.45	470.951	-72.4606	-256.006	109.013	
2069.8	238.932	4011.24	2509.13	1642.14	604.162	115.256	-27.0687	24.6865	
-489.007	-2391.6	1110.6	80.8972	461.296	103.909	241.809	126.345	-52.068	
-2821.78	-7135.21	-2648.44	-508.914	-1300.15	-359.072	-166.005	111.147	-104.434	

2005.78	1226.92	-932.441	-5249.54	-4477.08	496.783	-102.517	-699.194	-236.562	
-3062.19	8601.82	2903.02	-450.802	-1986.38	518.887	64.4624	-418.448	-188.942	
1091.63	9484.24	8383.45	2504.94	482.098	203.705	704.803	-461.047	-10.5146	
1319.01	6707.93	5983.18	2797.5	311.53	-583.668	453.657	-51.7909	-54.9307	
793.76	10728.2	-22.6637	4293.12	784.835	-1091.17	-210.649	333.507	-351.375	
-595.11	4234.92	-3709.99	469.788	795.903	-656.21	-826.25	-123.09	-303.608	
-4296.38	-2260.95	-6704.38	-2205.75	121.315	-741.703	-823.899	-352.366	-241.783	
-4810.55	-5322.88	-5859.23	-116.729	68.8169	7.11437	-413.523	-220.667	-122.169	
-1548.26	-4943.71	-2319.55	909.707	66.0678	322.478	-662.255	-326.427	-135.635	
1004.1	740.315	1289.27	590.568	629.056	449.491	-944.799	-156.075	-217.653	
501.717	6312.53	3547.41	1220.73	1282.33	966.03	-927.227	-43.6819	-213.25	
112.416	3110.07	4274.17	2213.37	1548.66	1398.19	-474.82	58.1494	-287.733	
971.267	472.359	3119.55	2432.24	1815.21	944.193	386.057	319.332	-390.457	
140.131	808.192	-98.1868	1204.41	1600.37	-374.748	187.261	466.141	-426.493	
-2253.63	-808.973	-2018.38	838.179	1243.58	-1266.11	-517.778	343.056	-291.504	

-742.191	690.948	372.464	-103.927	344.393	-0.436097	-90.1958	-178.632	57.2154	
-1670.93	-1510.32	-43.1758	-73.4439	-108.86	-153.97	112.671	-96.0929	4.97819	
-1674.89	-2077.74	-578.694	163.028	-313.11	-110.84	280.027	-25.7961	-30.7454	
-2588.97	-2440.95	-786.233	41.647	-40.1554	-188.428	159.044	-75.4467	0.662807	
-4110.52	-3624.36	-366.902	-201.654	-113.037	-345.67	-179.603	-47.9913	21.7366	
-2897.03	-2535.45	214.622	-338.35	-228.49	-72.7992	-87.0035	4.06001	-6.81342	
-1865.6	-1466.78	904.453	-210.783	-28.9784	120.932	-4.65834	10.954	-58.5365	
-143.736	-177.709	989.672	-41.9529	87.7575	229.639	-1.31715	97.541	-22.3006	
372.189	17.7972	503.445	110.547	62.5833	170.524	66.3394	99.7794	22.42	
187.679	371.052	133.539	58.9025	26.6683	105.777	110.341	42.5142	49.3786	
568.852	879.511	52.5478	82.4671	-1.82288	150.425	163.322	55.6099	72.0052	
888.89	-125.462	-270.386	145.548	-17.1906	203.461	230.2	63.6592	40.527	
958.977	-1165.98	-597.595	53.7844	59.9856	46.4282	281.245	53.4598	-16.5563	
389.594	-1560.8	-809.124	-281.361	52.8586	-195.92	211.894	45.9485	-6.50184	
-530.931	-2520.77	-1209.47	-531.81	-190.327	-261.974	138.946	43.2655	0.276735	

7085.6	4493.47	2501.74	2075.28	4693.92	246.74	-459.12	-87.5305	87.9332	
-3625.65	-10566	-3728.9	-1317.42	932.131	-300.36	-1474.76	50.2058	-134.827	
-5488.52	-11868.5	-6341.42	-3326.04	-2233.02	494.376	-953.357	169.222	101.535	
-2161.85	-5149.12	-1976.37	-3049.63	-2524.38	1655.94	415.103	392.356	76.4671	
-7580.2	-13536.8	-52.882	-6023.25	-3058.08	1608.74	61.0112	783.294	19.6232	
-5435.95	-11163.3	-4568.78	-5458.45	-1063.54	646.401	-560.493	286.707	182.793	
1640.66	-1793.18	-2837.24	-3081.81	495.153	-292.471	-600.689	53.9102	-37.9451	
8855.52	9274.96	3920.21	1259.96	1658.84	-860.506	-520.815	18.5797	-270.539	
7626.35	7326.45	2059.66	1885.22	1105.02	-901.566	-1318.53	-31.833	-264.235	
4956.89	6362.09	-1636.98	808.966	584.315	-680.68	-1552.93	-168.26	-112.049	
-371.397	744.185	-4831.02	-1401.07	-75.5266	-651.333	-1168.43	-111.45	-25.3596	
-4444.84	-3033.49	-4084.56	-2308.16	508.479	-770.263	-903.023	365.955	-14.2547	
-3093.69	3105.1	2684.62	-2647.31	1053.51	-492.543	-62.7403	734.441	27.2878	
-1125.58	7581.45	5944.6	-1780.31	345.841	-95.1254	176.067	454.932	-4.18844	
-2124.5	4107.49	1367.35	-965.499	-1628.28	-120.558	161.087	142.405	-49.8363	

7971.13	18760.7	10230.8	5507.94	3174.74	-195.796	-1186.22	1360.46	241.019	
11181.5	13448.3	10570	2093.14	2365.65	90.7697	-680.439	1287.48	195.624	
6089.29	7437.84	8034.24	-1623.79	1241.79	33.162	-119.569	1242.56	556.818	
-1286.26	2592.95	-412.82	-1997.15	62.3995	276.138	-386.381	125.491	415.256	
-3135.37	-3403.28	-6179.54	-1651.96	-1104.19	396.921	-561.227	-899.338	95.9397	
2082.8	-2223.03	789.398	1724.05	147.588	231.24	103.237	-598.729	215.493	
-209.107	-6465.65	-1859.37	367.549	657.589	-276.376	-87.7765	-416.899	114.614	
1128.88	308.784	182.646	-697.731	2195.56	134.61	-114.63	-255.462	-26.5816	
2343.99	6399.05	3027.73	8.07081	2583.8	180.38	-505.6	-359.784	-97.8929	
3683.38	4234.67	471.485	294.589	1600.53	-82.8602	-936.481	-333.248	-86.5014	
4215.6	3184.13	-1383.7	-10.4298	496.035	-485.98	-865.901	-64.6775	105.983	
1149.38	6034.37	923.911	351.576	744.139	-101.352	-711.789	267.744	304.078	
-3074.7	3047.29	714.254	-195.972	475.886	701.078	-590.429	199.845	166.271	
-4113.48	-2456.75	-42.7984	-271.044	-816.359	829.015	-98.0939	-283.094	-64.3639	
-2639.46	-5796.43	-2306.54	-522.904	-1510.37	652.514	672.373	-649.229	-212.045	

4191.24	-11390.6	-7190.14	5315.68	-424.865	432.226	-239.339	-1114.16	-103.795	
12241.7	9017.24	1315.14	5274.92	21.4905	-491.987	1442.66	-632.449	269.825	
8415.16	9756.03	-1517.75	692.673	310.144	-2102.53	772.177	343.757	464.622	
2456.16	7520.97	-6122.93	-439.502	341.143	-1016.83	-572.443	-172.393	149.312	
3579.89	2626.42	-9493.53	1026.64	-909.733	591.679	-17.271	-723.435	21.0101	
7779.26	8843.49	2637.55	1073.08	-934.687	1889.1	851.34	64.1614	31.5332	
5314.18	9288.56	3427.76	-540.509	-1241.36	2291.31	1002.11	187.752	210.482	
2026.08	8572.82	2118.76	622.822	-1503.77	522.225	125.759	-94.9389	93.6386	
2054.62	7014.3	3077.07	2681.47	-1179.59	-1082.73	-825.977	-387.692	-250.546	
451.746	3310.24	-391.36	3329.72	-250.261	-1771.32	-997.604	-416.851	-429.711	
-921.996	3187.33	-3401.89	4742.92	1125.67	-1393.3	-378.241	-183.053	-357.006	
-6555.06	1949.81	-966.211	3707.27	1943.41	-594.89	422.78	71.1275	-200.686	
-9163.33	-3260.7	2532.92	1807.89	2742.8	15.4351	2.45554	107.409	-75.089	
-689.448	-884.287	5805.74	2115.96	2850.35	729.999	-319.342	78.9416	160.384	
5072.11	8064.61	8011.9	935.313	1783.01	1136.68	419.648	453.03	153.022	

-217.608	-3844.64	-2739.07	23.222	1017.78	807.988	-1195.92	-39.7704	-11.2836	
-7070.41	-9615.04	-11412.5	-1502.89	-1609.38	-875.87	-1311.72	620.081	438.299	
-165.978	-4283.91	-6813.66	-134.56	-1774.59	429.596	-1176.47	814.423	517.852	
4546.49	1583.93	4738.86	3309.34	-14.8432	1466.39	-456.985	474.925	287.137	
-273.086	-10473.1	7858.97	2043.47	762.344	2027.4	27.5442	145.869	269.113	
-4351.63	-10054.4	3068.28	-845.405	-469.429	1752.49	815.781	74.7724	212.139	
-9580.01	-11663.7	-4189.5	-4469.38	-1851.29	410.067	953.213	172.244	-0.366922	
-9048.55	-13613.4	-5504.38	-4939.08	-1138.72	-487.771	463.659	83.9126	-200.78	
-5017.72	-5625.8	-463.622	-958.505	359.295	162.865	143.837	-41.4367	-211.18	
-4651.47	2482.18	2090.55	1120.9	670.884	420.615	-424.143	135.851	-175.545	
-3570.43	6684.65	4300.53	1766.03	1418.19	525.147	-927.501	376.86	-276.079	
-1037.22	7252.35	5484.45	1156.96	2076.85	147.537	-636.851	228.097	-214.78	
-2416.69	1581.9	-3.01291	-353.617	894.355	-368.79	-312.175	27.6012	98.3383	
-4075.87	-3466.27	-3827.53	869.442	-536.995	-493.087	-482.026	171.018	95.7303	
-2123.58	-979.878	-1797.76	2002.63	-505.326	-609.486	-212.275	216.543	22.6267	

200.987	-81.4367	2132.75	-3150.68	-626.367	379.677	-1715.14	6.48562	462.74	
5216.29	8827.2	7002.43	2169.33	193.131	1465.28	-488.879	297.956	265.237	
3615.82	-1351.12	713.36	1183.82	226.239	1225.99	604.548	320.78	400.133	
2712.08	-861.312	-3765.13	-473.348	167.129	-255.683	377.875	-10.0132	86.6217	
2631.92	3436.85	-2967.79	774.258	-452.304	-437.426	701.443	-493.53	-4.56613	
303.372	4167.52	1549.22	626.714	345.896	380.634	525.359	103.933	-134.894	
1800.74	2865.71	3162.69	1549.48	1004.61	255.478	225.091	505.751	-264.036	
4796.6	6777.01	6694.97	2807.07	732.216	47.5512	-118.878	510.287	-246.946	
4916.74	6087.38	6942.18	2352.47	581.976	589.56	-357.102	466.833	-142.69	
869.241	2027.82	4704.86	1826.09	999.763	533.467	-614.086	278.831	-71.8733	
-2293.04	2764.26	4252.83	2623.36	1366.77	-45.1399	-498.499	106.606	57.9511	
-1718.83	5991.31	5495.2	3077.45	1396.44	-202.098	-85.3657	-139.73	52.2602	
-562.535	6995.85	5454.39	2227.86	76.7489	-513.82	460.226	-100.84	-45.8337	
-1263.72	7685.59	3681.07	951.426	-169.196	-88.3135	951.464	-45.6862	-36.2317	
1489.04	9360.93	3123.49	1786.17	623.436	636.32	1278.17	1.8824	-128.273	

-3802.27	-13257.4	-8092.69	-2339.7	-2967.57	101.107	-936.293	1085.6	265.816	
-3660.2	-3282.82	-8635.88	-2596.22	-3146.75	1042.11	-850.171	227.86	272.296	
-1195.3	13405.1	-8052.72	-976.396	-1632.71	2636.57	-335.564	-452.994	289.295	
-1330.48	17310.3	-6914.69	-891.887	-1811.29	1991.03	680.625	-530.409	135.502	
3460.67	25493.8	263.827	549.954	-1718.67	810.933	1267.92	-231.368	126.024	
822.405	9772.99	293.759	149.877	-561.384	-692.976	699.805	121.889	16.7223	
-4203.25	282.037	-2898.88	-197.767	-1249.63	-1084.67	270.005	-150.805	-239.448	
-1442.6	-87.9235	-3765.26	1826.24	-975.001	-47.6863	20.6701	-259.97	-379.571	
2185.12	1726.2	-3217.79	3395.95	-929.95	436.08	176.377	-119.331	-227.695	
-1084.06	-2220.37	-4672.42	1344.18	-1862.97	553.443	-447.703	-253.059	-120.024	
-6567.41	-7038.84	-6179.82	-1974.47	-2149.95	-89.7446	-1686.97	-536.363	-224.386	
-5195.62	-4511	-1304.4	-999.866	-188.32	-452.008	-1148.74	-390.813	-238.077	
703.633	1834.45	5047.27	2488.58	1581.29	193.736	238.985	-289.278	-57.2493	
1872.55	2573.81	3849.16	3048.88	1188.74	252.66	747.593	-482.117	42.274	
-466.957	1863.83	1207.77	1536.95	1054.87	32.4596	1059.99	-579.185	-12.1361	

5765.63	20727.9	4246.85	1664	3593.15	3407.66	1625.64	527.838	259.429	
-4815.81	-2051.93	-3244.39	-8505.9	-2016.78	-530.585	-33.9131	676.438	-71.621	
1283.42	5491.24	-6930.9	-1337.15	-2322.05	2798.99	539.234	52.5501	384.806	
2216.36	854.502	-5110.41	1450.92	-4910.76	1016.12	-1010.52	-130.868	-37.3435	
-2425.07	5390.09	-4577.35	-6455.33	-2212.7	-1042.24	-519.398	402.695	-156.601	
7416.75	6293.13	5556.95	4001.83	-451.438	512.06	-134.191	171.168	-112.121	
3601.29	5494.66	-2572.95	-3103.8	-968.251	-1682.12	-1203.71	606.528	92.4726	
531.663	-9123.93	2064.81	-1371.58	427.059	320.672	69.9653	149.847	-106.236	
-232.69	-7369.27	306.919	-3781.05	518.397	-543.131	-491.276	44.1	-3.83028	
2511.36	1273.81	-116.135	-2210.2	-17.6486	-623.108	-1158.17	517.402	143.958	
-19.3996	527.864	-333.899	-2150.51	-350.742	-610.993	-721.982	875.845	-27.0867	
106.497	2147.51	-2460.02	-4626.42	353.409	-489.717	-1753.8	-9.55985	302.541	
-6395.89	-10112.6	-6158.93	-2609.69	-2299	-984.654	-463.326	949.479	144.929	
-1694.55	-700.093	-5311.14	-3229.33	-576.683	-521.402	-1670.23	20.6108	54.8886	
-9375.16	-20237.9	-9644.68	-2559.37	-1786.25	-790.046	-57.3937	112.129	110.451	
-7621.12	-11943.4	-6623.43	39.2374	261.305	435.803	599.729	-136.681	-33.7753	
-7389.14	-1094.41	-3469.03	978.68	1002.11	1176.97	1133.34	134.747	-210.614	
127.197	581.682	-1854.67	-802.351	-844.202	-639.424	-1546.22	109.758	5.09944	
-5629.68	-2339.24	-5256.75	-2690.89	334.624	274.75	664.666	68.5252	-248.644	
-1492.94	-10420	-4797.25	-6486.97	-178.721	-1149.01	-373.615	-33.4997	-127.827	
2723.36	4854.77	833.04	602.92	-457.357	-674.21	-507.786	172.324	-180.661	
2901.63	-9497.59	-3516.68	-5628.54	-417.033	-852.847	-1131.75	-92.7536	-119.126	
2073.42	4424.01	449.649	-2.16128	268.307	-645.209	45.656	80.7555	-182.372	
5311.01	-1989.59	-680.16	-2268.94	-650.702	-324.154	-1017.37	-234.8	-209.231	
2966.5	7139.29	1711.15	1261.36	1493.38	-557.245	564.772	-61.555	57.5635	

3307.16	9110.07	997.345	1931.26	1704.84	-566.885	628.025	-241.725	193.48	
492.206	4246.34	-80.2773	593.979	706.574	-901.172	-62.4011	-422.55	-24.7279	
-2677.02	-2404.92	-248.904	-957.486	-607.842	-1053.32	-242.374	-652.586	-257.174	
-1979.35	-2337.58	-1157.19	-1027.09	-1155.9	-477.238	26.5346	-740.989	-240.857	
-1433.45	-2192.1	-2087.84	889.688	-650.741	-129.409	-297.071	-670.311	-20.7116	

-177.397	19321.9	9406.95	7033.33	4059.77	1762.33	-460.848	508.843	265.135	
1023.16	8692.18	1165.97	2568.45	2288.26	470.116	-852.41	-728.687	-25.3529	
869.493	-312.705	-6450.62	-1968.35	1589.32	-590.604	-28.8795	-1290.2	71.3068	
4657.93	2981.6	-2879.08	-128.599	2401.68	-181.626	634.016	-533.948	-3.84612	
1139.23	3576.11	-1979.54	1654.48	3020.29	-424.182	-165.606	86.7316	-164.094	
593.075	766.15	-557.1	1335.86	745.882	-20.3447	-104.425	94.4489	222.181	
4058.22	3577.71	1134.97	1267.15	416.769	3.09356	246.458	-60.3156	332.283	
7538.09	8357.87	4047.62	2315.07	1143.64	75.0769	1062.86	23.5519	242.369	
5682.11	9059.17	5096.64	2235.01	1697.41	89.0003	1793.56	30.4423	113.255	
1536.63	5558.16	2135.66	929.286	1421.4	417.836	1353.54	25.8162	48.5381	
-3649.18	-2560.16	-4337.11	-1798.31	760.061	723.824	117.1	51.4066	-24.1477	
-8503.58	-7390.89	-5567.82	-3389.36	711.314	695.873	-294.057	127.687	-106.747	
-6311.71	-4502.69	-1005.49	-1607.14	491.859	622.644	88.246	218.498	56.1567	
-12.0586	-468.473	908.715	-27.4847	37.3834	579.334	431.048	114.529	158.672	
4688.58	2139.73	1990.11	-426.481	-365.146	82.4596	746.471	-211.432	-13.1539	

7969.28	14971.5	5846.51	991.568	345.748	-624.679	9.72808	127.865	-342.085	
3788.17	17771.5	4300.48	638.108	608.332	-929.096	-1492.66	-26.1516	110.33	
4388.37	23558.7	11445.5	1465.64	266.792	-1086.73	-1427.9	-389.089	40.0075	
2623.26	15806.9	13756.2	166.897	-1097.79	-343.049	-436.356	-134.04	-448.74	
3190.3	8146.8	11157.2	-1764.67	-486.019	761.262	56.0106	134.088	-167.504	
5694.36	3156.38	1541.23	-1106.5	1585.03	-691.123	190.043	-367.597	105.757	
1338.66	-4474.07	-3437.9	-1472.56	2117.3	-2272.74	192.629	-813.315	118.873	
-3688.92	-11920.5	-6412.29	-2007.17	1457.33	-1503.62	-25.4959	-427.762	-86.5345	
-3561.16	-8759.37	-3545.63	1158.61	1069.88	140.24	305.157	231.247	0.690854	
1582.36	1170.58	1010.13	4183.61	386.174	835.755	820.973	504.704	181.421	
4854.39	1370.83	-2366.67	1224.63	-870.446	306.147	662.198	159.996	173.438	
5677.72	439.108	-3796.69	107.611	-672.231	-74.3871	1029.02	88.9837	314.023	
6700.42	7180.74	1271.55	163.753	221.901	331.846	1548.18	622.843	618.755	
2305.24	1763.08	2459.28	-3120.36	-396.669	98.7384	247.43	551.588	627.807	
-2413.37	-6351.28	1347.28	-4114.05	-926.333	174.927	-788.862	246.363	468.27	

-506.807	-12252.5	-6226.47	-2323.26	-1659.11	-290.336	-1054.47	-242.681	-266.276	
-924.342	-2440.01	-3438.46	-2376.8	-886.292	493.001	58.4028	57.807	67.6236	
271.149	1435.88	-2117.71	-2973.58	573.167	567.301	626.795	-79.8311	134.788	
2314.95	-1695.5	-1004.66	-3400.43	1111.61	1439.96	394.898	-154.529	-104.516	
7680.4	-8411.87	-2055.73	-2415.6	893.796	1018.75	-161.693	148.802	136.279	
7229.87	-4414.79	1404.22	1138.26	-227.141	1.20176	-265.607	-13.6932	443.934	
5072.1	-6779.55	-763.254	730.265	-1483.64	-365.26	-702.761	-190.25	388.868	
1779.49	-7389.75	-1295.02	189.793	-2079.64	-397.732	-865.632	-109.552	113.878	
-75.5365	-7109.61	-993.479	114.325	-1830.63	-194.962	-585.611	8.78624	-112.149	
489.357	-5819.02	-417.499	415.107	-1041.24	237.405	-256.402	-47.9894	-258.049	
2863.88	-1124.55	2933.74	2062.86	539.714	812.37	-2.11558	47.7404	-166.754	
1512.33	47.7901	3314.45	2731.42	619.631	613.443	251.851	-8.94881	-30.5298	
-1686.23	-4988.54	-1133.21	75.4337	-1238.48	-254.652	325.725	-208.469	-38.6081	
-2718.54	-7942.94	-3252.16	-3105.95	-2077.03	-788.305	-46.1374	-335.809	-45.2838	
-3286.78	-4329.92	-1361.83	-3086.45	-1358.39	-615.587	-54.7003	-367.013	40.6912	

11482.1	19246.5	9779.01	4119.46	2490.02	-952.36	943.581	-170.975	-40.5832	
12771.2	17566.6	13116.8	4868.47	3510.49	-159.953	-226.337	-435.954	-161.412	
17585.3	17556.9	10995.7	5502.76	2541.96	595.725	728.654	-937.115	-207.967	
10196.1	15959.6	4376.68	4157.33	1516.66	-226.703	1169.5	-654.719	-112.379	
-207.497	4316.41	-1067.27	1716.65	-998.712	-1005.94	616.793	-31.2222	71.5602	
-2165.79	-9717.44	-2584.47	-58.0122	-2590.36	-898.171	-61.984	186.632	30.6081	
1475.39	-8251.76	-828.1	-71.2131	-1835.05	-510.943	-753.112	17.8024	-105.832	
456.531	-10917.6	-321.095	-138.957	-1373.73	105.565	-808.161	-426.126	-134.011	
-2713.06	-10220.2	429.86	996.324	-1720.04	431.852	-335.068	-517.247	-23.8545	
904.771	-112.546	2131.61	2618.7	-942.467	805.601	-297.058	-366.417	-9.23758	
3646.82	6454.33	22.5192	2535.62	-200.866	291.659	219.438	-290.401	-197.609	
3048.59	9589.65	-2482.89	2329.73	54.6373	107.778	1090.31	-224.661	-325.412	
6521.51	10750.2	-638.663	1966.1	135.136	447.187	587.502	-103.569	-177.193	
3875.92	4467.19	544.821	-191.848	-512.013	90.7727	-430.66	-10.5984	-55.2869	
-3899.66	-4708.98	-2319.07	-2172.85	-1294.07	-128.933	-1208.42	-11.1881	-108.474	

9316.25	10713.2	6497.57	2059.66	3016.06	-596.183	676.847	779.345	38.9577	
6886	5907.62	5752.08	768.885	1323.52	-1229.21	616.409	438.861	275.888	
6962.71	5252.59	4374.49	2140.25	256.983	-1618.05	368.317	606.201	168.628	
2693.11	795.124	-239.686	1879.84	-248.937	-1350.52	216.225	476.928	4.20902	
3079.24	-4390.27	-612.448	2072.07	1409.84	-1274.82	1542.58	-49.0832	513.914	
2625.62	287.955	-308.935	590.375	1334.76	-1075.97	663.984	13.6404	293.635	
2422.25	7645.34	2503.17	130.004	901.542	-272.467	200.947	64.9294	244.483	
-441.807	11847.5	2949.24	-85.2557	379.806	267.606	461.66	-126.618	167.253	
27.9987	11914.6	2880.34	1423.98	336.991	520.705	582.736	-209.745	-4.10207	
2403.45	10467.9	2588.58	3095.11	509.781	671.98	690.46	-293.323	-11.4306	
3365.93	8855.04	670.912	2453.59	472.407	100.466	316.186	-431.357	51.2505	
2902.48	8260.04	612.289	948.15	510.64	-220.006	-458.97	-56.0242	124.204	
446.949	4260.56	603.752	-693.648	16.3212	45.6712	-1023.57	168.553	232.406	
-1896.77	-2339.29	-2000.73	-2152.39	-804.954	-61.0312	-850.546	-163.323	249.458	
-5189.85	-6122.29	-3953.14	-2290.67	-1300.22	-214.785	-533.82	-475.838	150.777	

-4777.04	-25.2047	-5998.03	-4865.75	197.51	-83.5933	2257.29	-371.656	-380.404	
-8780.87	-10788.5	-11680.7	-6556.79	-935.51	-180.805	1644.92	-368.584	-494.65	
-7951.84	-2956.28	-9071.31	-6626.23	-3062.48	-1670.21	-383.794	392.649	-330.068	
3465.3	18382.1	1688.33	-2468.62	266.387	-1085.57	-798.549	336.423	-97.0138	
589.085	14000.2	-2732.58	-1672.28	1518.25	718.566	34.6759	-1314.28	-43.2855	
-7381.57	-1425.3	-8715.88	-1489.93	-512.384	176.517	163.893	-719.281	-180.461	
-5560.11	3651.86	-8432.69	-517.522	-1273.1	-222.419	265.015	-180.932	-188.753	
-3344.4	3999.03	-4932.62	-442.865	-1636.94	98.9994	896.52	-150.945	-72.8396	
2991.02	10173.1	1041.61	1312.26	-1096.15	1110.67	1571.36	-165.594	-43.2351	
4531.36	7049.49	905.872	1410.35	-614.303	1937.49	1026.5	-53.899	-161.062	
-3635.57	-5676.73	-3260.83	-578.358	-1043.63	1125.1	-448.793	441.687	-321.667	
-9222.64	-8720.53	-4626.3	-1756.64	-974.125	-203.563	-1292.56	599.588	-403.281	
-2071.52	-5397.24	-1036.83	-3248.04	-600.685	764.284	-578.037	189.628	-218.31	
2748.19	-5121.17	2335.38	-1851.27	-771.496	2247.52	-170.345	-49.3812	77.0295	
1989.48	-2419.23	2160.92	875.621	-1010.83	1207.46	-617.881	-52.5371	232.816	

-12118	-11756	2002.86	-1342.44	-1204	-1319.08	67.9901	676.851	-430.771	
-10066	1690.82	1457.04	1925.75	861.595	-745.767	1057.33	20.7125	-241.725	
-3146.11	5276.56	-2744.19	2400.56	1119.9	-1613.38	2276.94	-583.698	-244.511	
-4021.59	-207.373	-3563.96	-488.834	-62.1775	-1943.21	2167.02	-1291.16	-151.28	
-3280.99	-1940.07	148.31	-771.961	-1275.92	-711.643	1387.6	-482.768	-319.633	
-499.466	-1534.95	-574.344	99.3501	-1201.41	-1142.19	974.409	155.563	-292.596	
1175.27	6489.62	4455.43	2744.36	724.575	289.477	1607.4	234.845	-69.0958	
-557.385	5754.62	4036.63	1869.39	-544.473	519.756	1431.49	-22.6624	16.297	
-3720.16	-1121.96	3546.43	-1527.5	-1069.03	-1020.07	385.81	-54.3468	173.935	
-3111.29	-1818.97	6611.99	-1831.89	740.267	-1372.08	-361.333	31.5583	275.32	
-3428.96	-1312.9	3513.85	-630.36	1130.96	-67.4629	-509.805	-16.7001	190.354	
-5238.03	-1672.63	-2174.82	115.098	706.204	1419.15	-954.162	-452.412	-54.2648	
-1511.79	-354.48	-2503.72	1536.91	845.82	1907.33	-788.483	-442.87	-254.157	
700.258	1745.39	-1205.04	2460.98	1779.07	1182.52	-44.8062	31.8969	-132.947	
1072.71	4432.58	-937.818	2237.64	2590.14	663.953	102.11	13.712	116.458	

-960.984	-2509.49	2430.9	-2368.26	584.735	-345.331	-353.392	-362.326	-171.534	
-5679.63	-10168	-1112.68	-2306.7	-1322.98	-443.216	-543.828	-145.629	-419.599	
-9231.41	-15280.6	-5072.23	-450.196	-429.013	-958.66	-467	3.96183	-472.182	
-4872.99	-9010.91	-6434.24	1254.07	226.587	-1166.81	-335.834	-174.199	-266.932	
-3899.67	-8505.39	-7762.28	1240.97	300.469	-1064.61	-213.993	76.9164	-71.6147	
-358.45	748.163	1066.45	2955.31	1510.58	165.766	129.693	-36.7729	-5.45342	
5743.77	3744.73	2837.89	3552.28	2105.48	645.63	406.325	-427.638	-56.9017	
5935.9	1228.81	63.7281	2574.47	1349.09	209.466	728.622	-332.574	-27.6222	
1436.04	-3251.79	-3748.12	241.536	-306.427	-614.715	441.223	-258.965	88.907	
351.677	-5798.24	-5205.76	-446.654	-1223.63	-460.485	-55.3147	-333.508	94.5303	
3587.58	-2380.29	-2786.61	1827.73	-533.902	222.024	-684.532	-207.6	-0.610592	
8333.24	4841.56	1754.71	4461.84	1148.2	494.865	-1123.38	-69.0947	-108.53	
6519.96	6222.23	3683.66	3520.23	1753.07	-133.914	-744.001	61.7552	-187.596	
2304.68	4943.98	2893.5	1374.99	979.551	-439.158	-158.344	110.91	-190.305	
1781.36	5287.69	1140.16	913.785	-133.857	-14.5096	222.488	97.9458	-68.6222	

-2275.73	-9786.84	5013.66	-5465.56	327.41	-205.599	1120.25	-815.095	197.284	
-3694	-11479.1	2278.55	-5289.43	-1379.13	432.763	1218.67	-208.677	98.2902	
-3504.49	-15155.3	-7992.02	-6376.53	-3242.68	308.805	-712.67	-798.858	122.243	
-6288.18	-15186.8	-11999.4	-2310.57	-4616.42	-1646.49	-1124.95	-1709.22	-119.486	
-2863.1	-3933.38	-1092.38	2328.53	-4517.38	-2127.49	400.683	-1819.46	-186.106	
9442.48	9167.03	10115.3	1988.33	-1593.18	-91.2666	475.05	-290.684	166.976	
7877.61	8846.53	7496.19	-926.631	-643.37	-848.32	545.105	485.87	35.2489	
-2717.2	1856.39	823.807	-1120.76	-572.596	-861.533	-265.123	549.352	-94.6193	
-3883.69	-4961.55	-4329.02	-451.494	-1405.61	-47.5218	-1190.06	200.242	-117.374	
2712.63	-3705.07	-2024.75	-16.9771	-1630.89	486.895	-956.653	115.503	-226.794	
3618.09	-1048.56	1121.93	-303.814	-1477.76	437.901	-605.598	233.965	-568.342	
-1558.6	-3045.32	714.435	-1073.43	-1511.43	251.595	-333.962	586.819	-509.109	
-1887.76	-3039.48	494.111	-1819.23	-1394.67	435.354	-165.951	836.32	-59.2783	
3766.32	4774.08	2372.29	559.712	78.3344	507.989	74.3815	931.688	251.352	
5381.16	7743.55	1840.07	2946.31	-237.631	271.131	-34.6382	760.975	154.07	

-3780.08	-3783.81	-4939.26	2458.27	754.364	1018.77	-101.103	-84.3349	-342.57	
-2142.94	-1613.93	1781.14	-1537.22	-1546.32	873.921	472.176	-105.355	-37.1269	
2820.18	-1054.54	5671.95	163.146	270.23	-621.599	240.419	-207.928	-379.679	
1471.61	-4510.16	44.8839	2055.98	2483.02	-791.048	-1223.96	-277.668	-233.232	
2304.54	-10368.2	-1222.7	2135.71	-95.4	-536.91	-338.145	233.499	220.835	
390.695	-15235.6	-3109.03	-902.384	-3080.89	-1811.51	340.482	292.21	216.883	
-1893.17	-10998.1	-3405.57	-1481.8	-3673.55	-2212.92	222.808	81.4003	195.603	
-1203.86	2259.51	974.539	955.465	-1673.65	-206.54	1301.04	625.154	271.965	
3407.12	9139.79	4665.05	1123.33	-817.757	979.362	1949.52	886.176	225.869	
3489.46	3077.45	-440.148	-2393.05	-1805.34	964.999	955.721	697.528	-30.7759	
-4228.87	-11210.9	-7668.27	-5425.64	-2536.61	338.56	199.637	524.952	-366.282	
-10794.9	-18764.8	-7232.79	-6501.79	-2374.04	-758.13	666.394	383.841	-240.422	
-7399.54	-12889.7	-1825.91	-6384.18	-2684.64	-1016.7	680.136	417.586	15.5446	
-1213.08	-7592.48	2147.28	-3840.43	-1155.02	-974.674	503.35	399.954	63.66	
316.362	-4334.9	3309.78	-2740.6	-172.943	-803.639	632.56	111.139	170.74	

-12194.6	-23340.1	-23636.9	-11623.2	-9088.49	-3995.04	-483.82	-1293.89	-585.652	
-11531.2	-23261.9	-16364.5	-9594.99	-5869.32	-2263.74	-1974.21	-1488.84	-565.492	
-7130.78	-12233.9	-340.286	-4711.63	-3336.51	-1900.99	-1915.61	-762.933	-415.817	
1680.95	-7877.5	2549.1	-2536.22	-2352.68	-1964.32	-1961.71	-905.424	-315.595	
3228.63	-18391.4	-1945.47	-5609.07	-3252.68	-2442.77	-2264.33	-919.3	-172.916	
4281.64	-11874.5	-2541.81	-3006.29	-1931.59	-715.17	-753.593	395.332	259.311	
2667.04	-10182.2	-3909.11	-2675.51	-1319.72	-788.328	-1768.88	796.802	364.269	
9.10141	-5481.54	-1213.25	-2694.08	-350.516	-708.156	-2758.05	664.971	235.572	
-1798.47	320.826	2333.47	-2455.04	1289.93	-284.722	-1539.36	417.854	152.242	
-2344.9	-815.047	2970.97	-3713.4	763.664	431.971	-519.246	48.1467	-50.3536	
-2248.67	-3199.69	547.174	-5592.83	-1043.97	492.746	-653.185	-32.8575	-438.731	
-909.759	-4792.1	-1687.55	-4189.9	-921.84	535.311	-604.184	-161.015	-574.428	
1928.07	-577.19	2049.35	414.441	598.636	1751.8	152.395	-222.215	-373.999	
-66.5525	-2032.52	3981.47	1229.42	1128.19	2433.43	-135.118	-143.541	-87.3881	
-3389.3	-7090.19	4136.46	1132.77	2162.31	2207.56	-915.258	20.345	-6.74768	

119.185	8468.96	1072.61	-406.854	-609.905	408.392	90.647	55.1642	256.16	
-1010.27	5523.16	3297.05	1006.08	-117.867	607.065	-27.2163	291.407	155.442	
-378.174	1196.32	3379.22	1874.05	727.437	237.286	-568.085	661.102	-171.28	
-1177.86	-1207.55	-985.493	1119.09	95.0358	-210.074	-500.658	505.1	-294.875	
-3314.81	-7194.96	-4249.9	1828.35	370.54	-541.049	-603.389	492.195	-349.388	
-1757.3	-2728.31	2257.54	1797.67	641.375	11.4642	-362.421	333.113	-213.852	
-79.2336	-1773.55	2959.48	644.425	-370.794	0.931615	-380.395	208.04	-284.027	
885.722	-1573.59	-1355.9	-1523.42	-1286.43	-740.535	-606.356	92.1088	-114.369	
3119.07	1378.02	-2144.6	-215.87	75.7373	-729.623	-93.5372	79.5421	84.1144	
3649.41	1851.09	-1332.03	1246.8	1259.53	-277.74	-6.63194	9.10608	124.031	
672.62	-2307.02	-2932.05	23.0155	208.778	-321.963	-305.844	-141.601	-89.6987	
-1475.02	-3726.73	-1339.15	687.745	-464.769	-593.922	130.495	38.7662	-199.788	
-2579.98	-5394.59	1868.84	1441.01	203.496	-774.85	538.535	280.925	-131.697	
-1140.81	-5087.37	2722.3	1110.23	687.714	-793.365	490.684	263.885	45.9121	
-63.1379	-4253.42	1416.87	1264.51	709.658	-672.287	427.179	81.4467	70.7026	

-3056.95	-20069.4	-3670.08	-821.501	-2847.77	55.5772	-2545.88	434.011	-355.237	
1459.47	-8557.07	-425.569	-3836.14	-1373.64	1082.3	-1578.84	636.191	240.515	
1213.69	4471.58	-2141.85	-5054.85	-1583.94	2278.63	-688.227	175.918	478.987	
-1909.74	8738.55	-1199.96	-3481.9	-2718.43	2367.61	-478.401	-127.696	381.699	
-8244.86	4031.4	-5808.98	-6169.71	-6117.44	188.07	-2545.45	-677.406	409.952	
1756.57	8749.91	-1857.84	-3699.37	-3680.66	-635.486	-2524.51	-722.111	91.7293	
6994.34	5764.1	-1300.27	-2877.42	-3036.28	401.063	-2118.02	-795.393	7.27843	
6105.78	2726	2497.02	-2667.85	-1140.6	453.723	-1409.28	-267.976	160.743	
1587.19	-3560.88	2153.5	-4185.62	-517.995	-890.538	-1338.48	-177.207	104.06	
464.883	-5808.39	-1969.65	-4183.21	-517.013	-794.799	-1470.18	-247.007	142.814	
-865.847	-5831.06	-6322.29	-3573.95	174.048	32.3528	-1158.2	-254.078	432.005	
-2838.92	-6494.32	-6253.55	-4031.3	2.86768	-901.606	-496.551	-431.467	264.389	
632.357	1133.78	-1501.44	-2813.58	-269.773	-1799.44	44.8467	-220.069	-128.178	
3101.54	7670.37	4610.28	-633.977	1105.04	-1405.3	161.513	10.7837	-168.707	
-890.21	4900.95	4688.23	-1820.17	1980.2	-1127.66	264.29	-183.137	-59.5426	

-253.795	-3726.11	-5573.77	-2676.54	-2986.57	-1064.72	-387.699	152.58	-553.732	
1806.48	15904.2	-2432.96	63.5547	-383.117	53.9918	1389.62	745.77	-713.29	
-5059.51	14222.8	-86.0351	-1434.02	-1334.4	641.83	1936.72	-132.608	-1001.99	
-4462.76	3266.31	1754.45	-204.251	399.687	628.556	2276.11	-14.9679	-824.9	
-8603.21	-14380	-3821.47	-500.189	2414.73	859.521	2258.65	399.984	-681.783	
-2722.45	-12201.8	-5600.93	-2140.49	-551.426	1008.29	749.498	-168.119	-393.241	
-237.941	-12053.8	-4906.81	-2293.72	-2264.97	435.167	-16.6092	-135.783	-94.603	
2036.04	-4413.06	-3542.14	-1592.34	-802.644	-537.928	-334.486	-58.7404	-31.6888	
5064.57	9408.84	-1169.11	159.137	1927.99	-395.779	125.422	116.645	50.8464	
2043.92	12159.2	1522.76	227.46	1089.93	-280.901	435.634	169.576	144.418	
-7510.23	1344.97	2416.23	276.395	-1110.82	-1137.04	884.325	133.17	200.67	
-11360.8	-3439.08	1739.08	1578.12	-687.194	-2258.4	860.232	245.719	329.935	
-9637.45	-3982.5	1081.99	2048	668.531	-2553.76	59.1509	124.261	408.113	
-9255.58	-10210.6	-2067.08	1791.66	1145.35	-2067.95	-291.339	302.725	283.778	
-5676.98	-5634.17	-902.763	3016.84	2039.39	-600.85	353.868	631.752	221.445	

999.523	-9011.83	-11992.8	-1630.93	-3257.56	-2197.87	1546.89	293.682	-114.933	
-4768.27	-3061.93	-10682	-2267.16	-4259.48	-2878.13	861.666	360.671	-446.957	
-6635.6	-6419.06	-7775.13	-2054.57	-3940.58	-2437.08	214.428	385.451	-769.822	
-7975.63	-18209.5	-9265.73	-1740.86	-1560.21	-2212.73	-517.409	-731.047	-884.634	
-9174.23	-22497.8	-14819.8	-2219.71	-1178.72	-2364.34	-1007.58	-1900.36	-1180.76	
-1636.17	-3726.33	-7021.75	-1929.61	-1638.61	-1014.55	-446.232	-930.624	-624.024	
1180.77	3697.6	-2722.4	-97.1734	-1781.17	-127.619	-585.255	-338.811	-479.091	
1438.33	6001.72	-21.755	649.251	-863.783	613.899	-269.146	-441.75	-370.709	
-3141.36	-1818.33	-1391.55	-976.62	-2.02551	456.373	87.7551	-809.125	-106.199	
-3230.72	-7036.73	408.77	293.451	861.784	373.776	766.513	-503.19	93.2682	
2117.09	-718.51	6369.63	3365.54	2247.38	527.936	1177.43	-53.5817	109.902	
2229.73	2554.01	6299	2782.67	1612.29	702.937	859.849	72.8572	-242.026	
-1055.8	2237.74	4164.66	1153.05	515.225	1471.08	771.298	350.582	-451.059	
-1907.68	5024.79	5619.8	1299.05	1412.36	1361.11	728.371	517.381	-353.797	
-1276.65	7123.35	7548.2	1728.31	1873.37	821.818	89.8456	453.959	-171.433	

6889.9	18030.4	9025.6	1501.48	-1898.05	-1220.76	-111.771	-2101.87	-107.269	
-2005.34	5586.9	4215.65	-937.346	-2659.46	-1216.25	-1447.1	-767.943	-28.1147	
-11451.2	-13465.1	-10197.1	-4344	-1769.96	-1763.63	-2206.83	-462.899	-410.404	
-10364.9	-12452.6	-10861.7	-3483.81	-1145.4	-987.111	-1227.61	-511.265	-739.062	
-10979.9	-16344.5	-7524.75	-2783.34	-3548.91	-232.482	-13.22	-114.619	-355.101	
1410.74	1572.2	2558.44	356.933	-175.523	-303.986	248.693	631.27	33.0354	
2933.01	10655.5	6103.66	307.329	1622.59	-294.906	171.462	547.608	24.5762	
1946.84	6910.7	2949.85	323.574	411.277	227.959	458.918	609.699	-94.6065	
981.418	-214.612	-778.894	284.07	-409.304	613.469	603.63	482.665	9.33397	
3083.94	6401.73	3016.23	599.485	1008.03	768.855	1218.19	348.068	249.51	
2941.76	9732.66	4850.82	-1428.95	-34.6769	374.428	1006.68	211.369	485.787	
3829.89	10956.2	2400.07	-1283.97	-1254.37	363.8	796.46	378.6	475.232	
4575.77	9926.38	2810.12	799.061	-1334.48	499.595	1529.31	834.019	225.484	
4651.61	6484.9	3826.92	1114.46	-583.257	1063.76	1500.36	967.103	-94.2786	
-976.537	-3765.14	-1429.16	-549.601	375.607	1067.48	670.45	1362.03	-174.404	

-20618.4	-19975.3	-4011.11	275.461	484.683	-624.818	332.246	-650.286	134.414	
3732.67	1701.76	9393.8	-151.071	2901.2	1337.71	1604.06	-142.282	-282.476	
12638.7	-8075.16	4493.74	-643.161	196.527	1387.81	1921.72	148.169	-228.59	
804.812	-24069.6	-2749.4	-715.535	-1271.4	-1510.26	343.972	85.2083	-323.92	
-7254.57	-18012.6	1950.51	1387.09	-264.605	-1791.62	-574.308	47.2929	-470.658	
-2984.43	-4357.38	-883.826	3304.64	-1465.04	-179.501	-1128.26	119.421	-149.409	
-4002.76	-7872.31	-5259.11	37.9095	-4656.4	-720.367	-745.215	-202.961	-195.695	
-11205.3	-17830	-12781.5	-7671.43	-5906.43	-579.139	-194.84	-625.17	-147.333	
-7109.58	-11620.5	-11506.8	-6345.46	-3930.49	1357.57	405.307	-45.2536	7.01175	
1484.24	-1527.67	-1685.69	-1832.93	-720.558	2540.55	610.117	396.778	145.75	
5660.08	3160.27	6260.35	274.14	1218.55	2031.81	659.216	461.577	105.682	
2769.47	7686.57	4024.8	1935.81	2781.76	1865.55	420.419	249.662	-207.789	
1689.78	9660.63	-169.519	2906.17	3644.94	1956.62	-491.412	-408.019	-276.822	
8937.56	17165.3	1802.73	3021.56	2410.39	308.017	-323.768	-784.987	-231.044	
17057.1	21320.4	5148.02	2181.21	1203.82	-574.41	782.458	-380.555	-277.991	

6635.22	24644.3	5414.11	1175.71	427.823	2599.07	684.474	100.216	149.806	
-1088.23	9539.15	-495.511	775.251	-1544.08	732.243	377.381	93.9326	-101.798	
-5865.96	-5484.72	-4206.41	-3232.45	-2900.53	-793.439	-804.801	-84.1777	-49.6012	
1499.54	5945.12	3585.8	510.946	-529.207	96.8308	-671.968	-311.908	-58.4735	
3417.27	13757.6	10070.6	4420.42	438.361	2066.07	926.033	122.843	-170.982	
-1268.22	6511.31	5960.71	3580.11	-1220.19	1737.36	433.004	96.7061	-136.827	
2439.53	5055.14	2236.12	2085.89	-2402.63	1248.79	567.903	329.045	-169.96	
592.37	-3578.79	-4283.83	-1409.76	-2637.73	406.99	-266.013	786.107	1.10036	
-4845.35	-10151.4	-7525.08	-2316.11	-2336.06	-391.946	-1266.66	379.423	187.163	
-7728.74	-8827.78	-7390.94	-1074.21	-2156.64	-794.665	-1334.47	-449.994	173.141	
-5555.01	-3673.12	-2818.61	1296.14	-1582.01	-765.957	-254.471	-614.092	161.61	
-500.463	744.433	159.707	2513.91	368.419	-465.671	772.488	-353.209	207.099	
663.559	-454.051	-2042.24	563.63	1300.82	-383.617	906.781	-60.3984	-10.295	
921.351	1266.62	-2508.6	1162.07	784.685	-116.258	1495.51	379.15	-120.819	
1325.92	-1742.85	-2955.47	2477.26	-9.00638	-234.856	1429.17	488.038	-33.0206	

6084.07	11248.1	9039.17	427.66	971.427	-53.5459	-679.848	49.1333	-1087	
3653.97	23188.2	13481.3	2071.26	1754.2	2058.32	1017.68	519.377	-457.152	
-5830.8	-17939.6	-4413.66	-663.458	-6265.72	491.695	-1683.67	-60.1538	-138.62	
-6299.3	13783.2	7883.65	-1567.71	2236.02	1036.75	934.795	1246.67	-32.4892	
-9800.72	-20816.3	-9701.95	-5393.7	-7783.54	-608.797	-1893.71	-548.582	-240.407	
-12928	1985.07	3215.59	-1988.73	1977.64	114.642	-82.8886	624.181	346.773	
-6819.64	-9869.91	-6182.46	-4968.51	-6181.26	-662.194	-1045.22	-545.887	29.5419	
-9123.6	-11837.4	-5235.73	-3394.8	-3342.25	-1080.54	-1579.93	497.714	317.42	
-8840.23	14224.6	11066.5	1040.39	2316.74	662.252	-344.751	614.838	522.352	
-16717.3	-27758.5	-11539.8	-7353.57	-3586.27	-2500.63	-1665.51	1409.78	46.2359	
-6044.08	1223.02	7327.23	-33.6871	665.594	-1121.54	462.65	710.91	322.505	
-5647.84	-10383.9	-4960.66	-3053.97	-2029.6	-1176.87	-686.544	956.229	-275.935	
-1808.87	-5651.41	5509.02	-1834.15	-218.278	-1597.83	-151.728	1314.73	76.1666	
-3727.04	-357.575	-199.228	-762.804	-917.239	-457.316	114.394	450.117	-357.177	
-5914.1	4953.78	2084.5	-538.036	-284.879	182.316	492.371	295.684	-244.886	
3403.28	-4658.51	95.0112	-915.292	160.638	-334.72	-68.0658	1225.39	-274.925	
1140.73	8392.6	4919.95	68.2639	711.22	903.947	334.957	272.468	56.4978	
2159.44	3240.96	3870.22	-926.76	1805.49	682.028	-154.686	-213.575	158.68	
7708.54	6050.74	3597.85	3390.17	2154.45	1399.66	1422.21	800.216	-346.249	
-3371.57	-6214.1	1789.69	-3212.3	1001.75	-78.5113	-516.948	-481.923	61.8197	
-3706.39	-7825.5	1801.58	-2664.36	-1115.41	-529.188	-133.593	-127.237	150.406	
10542.6	13682	7989.8	5087.96	2924.79	2084.63	2078.58	839.18	-290.65	
-1957.08	-1799.4	1510.28	-64.6964	-1026.6	-462.949	132.192	186.293	175.715	
-3664.91	-82.8019	-27.6334	115.203	-2.0471	-606.122	-491.743	-204.474	6.74743	
7978.53	11178.5	5041.73	1918.42	3093.36	769.794	855.222	892.882	-151.864	
-3074.09	3759.8	-984.497	-429.008	1060.33	-1226.19	-197.693	-275.889	48.0883	
2084	3731.13	-2997.11	-543.389	2861.44	-1222.55	-631.155	424.164	150.8	
1991.44	5429.06	-1508.79	940.511	1358	-564.491	-272.243	-214.044	351.512	
-6.44763	6726.7	1725.16	2461.9	-742.73	745.724	307.725	-110.991	179.593	

-1848.01	5659.95	104.199	3268.33	-1350.1	983.957	1169.55	306.8	321.453	

-10987.5	-12496.1	-3234.47	-1004.39	-303.01	912.048	1256.43	-37.571	417.384	
5469.26	4553.94	10001.6	1920.47	2301.82	1216.91	395.263	476.037	686.22	
6523.47	6787.03	13044.1	4241.11	1335.13	64.9128	333.218	982.712	293.043	
1163.46	9861.62	10707.9	6049.68	1913.61	-133.645	416.709	408.293	-215.86	
1447.07	14648.5	8550.7	5789.7	2469.77	723.891	-1475.4	-196.042	-684.303	
1214.04	7315.58	880.736	2406.74	-710.035	795.248	-1215.44	-149.519	-301.065	
6981.11	7250.72	2571.12	1718.18	-1294.65	838.191	-860.495	-96.3718	64.8697	
5996.2	1069.84	2896.89	1286.09	-597.279	878.827	-502.483	-164.605	181.788	
619.208	-6517.22	-121.635	-58.9612	-215.623	548.235	-274.307	-485.352	103.709	
884.079	-7602.79	-1590.92	-1441.64	-930.56	-677.079	-471.43	-658.702	113.767	
1984.85	-8098.45	-3283.8	-3226.98	-1604.29	-2748.97	-848.609	-505.49	98.6829	
2814.8	-3991.5	-2220.56	-3314.56	-756.214	-2605.86	-507.051	300.633	122.014	
3196.31	-42.7757	342.169	-3373.61	170.858	-915.612	132.934	822.519	196.884	
2676.17	1553.73	2028.24	-1991.09	233.968	125.09	407.228	686.831	183.923	
5595.83	5495.6	4560.63	450.06	552.071	407.035	64.7791	316.1	85.3297	

9782.77	27970.8	6140.22	6232.12	-6.85758	2596.23	1280.3	-255.048	-606.288	
4734.21	19789.8	5532.43	4345.14	-886.451	112.204	1120.74	-708.931	-318.434	
-14317.9	-1305.98	-8615.04	-1464.36	-2336.07	-1385.92	149.953	-741.209	46.9245	
-17176.3	-7444.64	-12666.9	-5315.11	-1932.44	-907.21	-927.622	-63.8329	159.993	
-14452.1	-13774.2	-10606.7	-4054.33	-660.905	-942.409	-2089.95	-163.062	496.793	
-4254.03	-12652.6	-7139.43	260.109	-257.665	-2273.73	-1496.68	-180.836	254.81	
3871.03	-2550.69	-609.384	3252.55	194.982	-2093.02	-587.957	-78.963	132.608	
3084.39	-4591.48	-3123.19	1411.08	-73.8591	-1461.33	-489.098	105.097	2.1368	
1395.99	-11530.5	-4572.21	-870.731	-302.903	-465.394	-769.955	345.15	-173.085	
2071.86	-9285.4	-28.3781	285.738	146.548	644.257	-898.64	670.285	-169.364	
3392.99	2452.22	5968.78	3381.18	82.0647	1622.89	-49.4316	810.155	-4.46237	
1910.35	6029.19	5202.98	1892.55	-49.2109	1654.09	917.305	670.772	186.255	
-2575.67	-1022.67	1412.74	-1440.42	864.676	441.001	-12.9835	488.007	191.051	
-3516.33	-3375.87	2929.32	-1737.08	488.393	-696.375	-860.173	332.69	140.499	
-3751.57	-7211.61	2057.29	-1478.72	-591.999	-1043.57	-688.587	326.244	229.919	

-7221.96	-28079.2	-20319.1	-6708.72	-3465.17	-4891.52	-1359.43	762.307	98.5119	
-1122.35	-1678.48	-8075.72	666.573	-543.379	-195.789	-2058.6	565.204	224.153	
250.114	9854.3	-4596.24	3565.62	938.624	555.405	-1772.67	-244.808	77.4175	
4095.63	-1001.9	-394.866	2296.91	-299.585	-958.376	-1224.36	-950.48	-106.25	
5431.94	-10653.3	5052.6	5491.23	-353.748	-3439.36	-2573.88	-1812.06	-112.959	
5297.11	836.506	7188.5	4328.92	2164.33	-1407.24	-181.835	-1469.17	-37.7554	
2298.02	-6357.52	-173.849	-302.969	2801.33	-385.594	942.827	-732.088	-46.2001	
3164.87	-8379.3	-4054.69	-1378.38	2467.15	254.678	925.139	-39.4692	-96.9128	
8421.9	3886.05	-315.204	1028.8	3293.56	1232.93	1213.71	223.262	-78.0474	
11323	15478	1494.78	1721.14	3673.71	2397.34	1545.08	225.072	-8.03612	
11078.5	18191.2	1107.95	2699	2618.99	2458.8	999.397	-81.2353	-45.3122	
6975.38	14832.2	956.478	6823.51	3790.66	2106.5	251.73	-127.392	-193.038	
1327.83	3584.75	-2422.3	6754.08	3761.79	1353.77	-171.817	350.519	-451.468	
-225.66	-95.693	-2243.84	5415.5	1709.33	1488.05	60.5815	332.653	-352.957	
1892.11	7401.09	5225.27	5451.86	1663.9	2482.75	201.923	-4.59332	-182.878	

738.338	17025.7	-438.205	1237.13	406.888	923.812	1418.66	2024	422.989	
3942.17	7682.23	2909.12	5813.19	-2150.6	881.284	981.452	1323.08	354.059	
15159.9	15211	9984.26	9666.25	-835.248	653.996	1869.73	498.092	387.879	
11796.6	13048.9	4823.5	6408.88	576.151	517.075	2504.04	329.47	344.165	
-6502.83	-4626.39	-4210.48	1409.83	348.411	-742.955	1099.92	-642.575	173.461	
-10135.5	-10416.8	-2729.01	-109.892	816.571	-1455.09	504.498	-870.503	59.6013	
-3212.2	-6575.65	2620.14	1006.38	586.35	-1084.64	1058.56	-444.495	185.79	
-378.527	-10169.4	-1578.23	-238.57	-1328.2	-1134.34	964.334	-206.232	165.855	
-129.262	-6777.92	-2762.2	-1754.56	-746.146	-1088.41	318.362	-15.2671	26.6018	
-1203.24	-4236.74	-706.409	-2401.48	-709.626	-201.584	-55.2027	456.36	-36.9627	
-5209.24	-8411.61	-1189.16	-1151.01	-2657.29	698.996	-292.456	329.15	-133.457	
-8500.65	-11677	-2562.79	-792.503	-3215.19	189.865	-1232.09	-214.981	-280.394	
-5999.59	-8549.54	-388.549	-1882.65	-546.887	-432.66	-1246.55	-170.058	-283.147	
-2476.94	-9801.83	-1104.58	-1580.38	471.656	-255.821	-461.296	-127.722	-151.625	
-513.59	-10557.3	-1081.55	614.34	-342.02	-70.7488	-366.78	-537.585	-191.695	

7012.65	18324.8	76.5737	5130.06	4950.44	1686.87	470.042	-2207.29	-47.8957	
9221.78	22106.7	11180.7	7262.43	3373.25	1209.75	555.93	-1326.87	-86.6831	
7601.23	22477.9	15499.3	4753.91	2424.6	-382.027	459.345	185.824	57.3352	
9150.31	15055.5	7992.82	1912.32	312.334	-1424.76	661.008	264.866	12.9264	
11337.1	6926.46	-2322.31	936.397	-103.362	-89.2292	594.964	-502.381	-12.1307	
5330.21	3301.68	-166.845	740.303	1058.16	587.954	93.9158	-274.034	-316.354	
695.07	5316.55	1779.58	455.027	1325.01	1194.75	233.441	-419.106	-521.239	
-1744.98	7985.09	4203.3	805.837	1203.01	1562.44	-338.149	-339.362	-330.338	
-4177.79	4720.71	3016.65	1882.23	949.896	729.293	-1110.97	-351.782	-86.9771	
-3792.65	3255.7	-1175.53	812.958	130.758	61.3125	-1176.17	-248.956	60.6109	
-4055.77	4315.58	-2146.16	-1190.79	-2369.89	316.395	-498.08	-144.693	120.09	
-6510.81	3988.85	-95.0813	-843.788	-4079.93	580.31	273.199	5.7663	289.822	
-4515.11	6259.66	2994.87	1558.85	-1418.8	482.66	563.653	200.038	319.264	
2647.07	11489.9	8957.53	3556.83	1161.63	560.721	639.13	368.104	192.168	
2083.16	5962.68	9036.52	2364.12	-58.3516	512.702	320.053	660.529	136.346	

-1318.46	-3219.51	-1245.3	-472.829	-434.016	-336.811	-223.264	-45.6641	-9.4043	
-618.255	-1537.11	123.351	-208.08	-368.935	-48.5187	-185.769	-14.5552	3.43439	
839.817	1819.9	1108.84	335.581	-125.625	291.764	-133.325	-62.5965	-1.4835	
1209.59	1535.86	271.141	340.048	69.3539	242.733	-90.6458	-115.459	-9.03198	
847.87	685.771	-186.21	945.478	300.276	288.856	21.0715	-96.5595	42.7992	
-769.332	-35.8003	-447.902	574.937	397.201	177.329	19.9708	66.8646	-13.3561	
-1088.87	-561.595	-1165.59	128.469	283.208	94.941	-44.8588	31.4008	-72.289	
-1052.99	-1374.28	-1837.56	-168.507	77.8349	-45.5303	-40.9772	-80.0445	-77.8119	
-49.1002	-1336.56	-1114.55	-24.1987	148.658	53.7326	-22.372	-56.2145	-81.7604	
1063.49	187.452	-172.83	59.2511	366.099	151.286	-27.5343	-4.43428	-111.509	
1298.6	1683.2	241.143	-87.8856	315.594	93.2781	-42.4613	15.8877	-119.047	
1281.13	1656.65	424.039	-60.4016	-66.8595	47.6753	-75.9086	30.0479	-55.2124	
702.194	-430.733	-334.504	109.068	-350.585	-42.6825	-174.423	19.4854	-21.2666	
-213.688	-2015.96	-976.238	-35.7827	-280.318	-149.168	-177.913	34.0985	-13.2388	
-77.6545	-311.464	-248.545	34.4689	27.5362	48.8209	6.56587	62.3041	2.80152	

-14150.5	-333.446	-5334.05	-3150.31	292.927	-943.729	1405.41	-312.83	664.159	
-6423.85	18218.1	2862.51	-214.598	4792.78	1803.65	1325.27	-329.123	908.617	
-4003.42	16742.6	-2603.5	-442.093	5086.82	3123.14	-1637.81	-244.712	530.282	
-9393.38	-8076.63	-8123.84	-1584.89	476.567	2443.55	-2719.63	-131.572	532.304	
-6308.52	-3533.94	-288.459	150.689	-824.073	1605	-1792.63	-30.0034	755.774	
-118.259	8286.46	5891.29	1834.4	-2150.23	909.474	-248.925	-149.369	119.071	
123.531	-6425.91	2193.06	-2333.54	-5986.45	476.867	-689.96	-127.802	-351.376	
-1350.62	-20317.3	719.347	-4344.51	-7052.09	-1.83243	-625.603	16.887	-538.192	
-3748.62	-10924.5	3056.77	-467.222	-4234.69	437.584	206.18	-69.9281	-125.462	
-5743.52	-4464.48	886.34	897.445	-1819.95	182.89	688.107	-404.132	395.801	
-585.045	1815.17	1996.75	401.125	553.668	-507.065	901.266	-127.042	448.205	
-583.366	7314.85	4050.69	669.26	1147.14	-1386.8	1020.16	1117.46	113.79	
-10599.7	-3635.4	-1243.58	213.371	-1288.36	-1633.15	495.293	1455.21	-292.433	
-6546.81	-4028.56	-515.884	1406.82	-549.989	-276.635	-15.6551	969.795	-206.851	
3580.78	2135.48	2195.63	3110.02	686.153	766.89	-252.362	358.981	-167.456	

7061.27	9626.17	-1587.86	560.828	2468.28	-767.136	97.6026	-90.7633	155.618	
7513.8	15737.6	-2682.46	4594.06	4624.44	-1654.33	844.024	343.201	-5.58115	
13250.7	15036.7	388.03	8213.98	6471.75	-1864.95	1629.3	503.135	-20.8248	
9985.31	-10009.9	-14.2494	3109.88	3021.54	-1971.95	1011.09	28.8829	0.919307	
7613.88	-9335.99	4674.81	636.274	231.76	-233.454	-289.285	158.151	226.221	
1463.57	4788.28	6766.84	1355.13	148.414	-7.72892	-64.3586	214.425	128.827	
-1217.73	4475.47	6606.96	990.576	273.184	-206.83	244.416	44.3085	-190.071	
-3364.58	-3864.07	3532.05	-1570.52	-511.557	-28.3708	-130.939	-77.715	-347.814	
-3500.38	-7746.78	1622.35	-5153.89	-823.401	-128.41	-1209.82	-270.583	-273.272	
-2158.58	-6011.27	1270.91	-5475.9	-220.671	-211.962	-1816.47	-511.211	-220.943	
-2030.9	-6159.28	-1560.83	-4497.99	-1224.58	-121.272	-1968.37	-352.088	-59.8257	
-1098.85	-2461.52	-4058.86	-2227.23	-1928.47	816.529	-1480.8	137.241	123.65	
1793.12	4117.62	-2056.93	748.702	-276.135	1679.11	-649.941	273.886	142.694	
641.571	2553.44	994.552	1289.97	1095.49	979.48	-432.251	240.816	136.832	
-4570.54	-5576.45	1022.58	50.7541	186.377	-1.58793	-97.6739	430.313	205.872	

452.264	-4563.16	2453.22	1531.28	723.179	1897.44	-4324.56	-495.064	-313.984	
-4037.56	-17950.3	-3252.43	493.247	-342.022	-777.205	-2264.6	-971.771	-286.177	
2080.68	-1693.92	-2368.88	1038.55	3264.62	-1332.81	-59.0736	-100.661	-151.784	
5150.14	7373.79	45.4001	-476.514	2688.48	-1035.3	927.454	633.939	-80.949	
-4073.79	-8503.17	-3236.12	-3291.55	328.179	-2160.21	-922.02	549.158	-138.019	
-3988.34	-6671.39	-2588.35	-166.477	121.825	-720.643	-629.476	423.416	21.561	
-1881.22	-4916.08	728.316	2058.78	462.624	25.4427	339.049	346.299	66.4478	
-3613.19	-6864.22	1220.33	1481.24	-589.747	-155.391	19.3741	79.3262	-147.774	
-2969.41	-279.82	3791.34	1274.65	-813.534	187.297	-121.682	67.9941	-237.472	
864.343	7047.49	4626.34	1374.13	-726.928	772.081	198.858	231.354	-78.7591	
3611.71	10475.7	2992.43	1937.35	-828.935	1671.04	977.628	310.628	144.565	
2888.57	3988.6	850.192	1564.89	-343.11	1349.81	1550.43	218.538	359.965	
3953.34	-4885.6	-519.255	500.559	-525.536	248.057	935.026	-52.147	351.99	
5214.76	-4168.58	-850.043	-260.305	-1594.13	-138.548	703.715	-304	211.677	
3041.68	-1046.89	-2142.6	-1079.19	-2230.1	-446.74	1809.57	-146.211	62.2749	

-9624.46	-13154	4276.44	3961.88	655.075	383.916	94.9554	-30.3988	-164.397	
-13166.4	-4529.59	9041.98	6222.9	-769.596	856.537	-2710.3	-418.558	65.1546	
-12659.4	-6288.26	2177.37	6857.91	-939.152	417.586	-3109.6	-891.134	224.607	
-6930.28	-10612.9	-8717.15	3634.92	-1614.47	378.403	-1479.77	-1236.45	-7.66329	
-6339.15	-14259.7	-17411	-2486.5	-1012.33	542.425	-478.39	-1004.34	-581.033	
2692.66	16051.5	2299.6	3445.06	4633.03	881.924	1911.84	514.79	-160.662	
743.004	13913.5	5405.23	3424.89	4624.96	1328	1567.85	1272.73	307.16	
-2796.85	-1225.67	-1874.66	-37.4045	956.704	565.087	464.551	1302.95	549.98	
-3800.89	-7178.26	-4393.17	-311.539	187.253	279.374	-286.536	724.473	355.578	
-2908.89	-4838.37	-1488.49	222.626	194.112	-241.771	-523.082	210.28	-23.1565	
-2464.33	1613.2	3660.36	-635.959	1444.2	-561.63	376.024	-154.788	-321.564	
209.761	11728.1	5655.31	-939.508	4271.95	-182.272	1418.46	-117.036	-302.984	
6427.43	16582.3	1310.09	2388.3	3755.03	-396.834	904.941	-132.343	66.5169	
10292.4	17299.5	3472.08	7092.74	2328.49	721.54	619.113	-302.71	297.603	
6889.01	10361.3	3592.53	4478.48	639.914	1042.91	480.875	-151.359	286.495	

-9240.67	-2815.13	-4995.5	-1720.7	675.547	2049.52	-1914.42	780.656	-585.761	
-7674.28	-4743.97	-5667.54	-2759.84	-165.501	1618.8	-339.494	647.119	-67.5094	
-8677.17	-15703.4	-5628.28	-2236.82	41.8524	411.909	1015.04	790.188	169.481	
-5040.36	-13588	-202.635	-1145.71	1114.36	970.584	1927.38	653.918	27.2902	
3579.2	7351.91	7533.66	3075.34	3059.95	3632.7	3161.45	842.862	155.514	
2638.37	10239.1	7027.94	1584.85	1787.16	2427.08	1029.57	831.224	167.739	
3089.94	11814.7	6130.08	978.138	1220.17	1281.6	522.702	792.09	238.824	
335.74	4295.36	-887.694	-424.517	-420.994	618.111	326.115	-189.945	192.043	
-6265.9	-8241.45	-5964.4	-2008.3	-1750.82	311.237	-267.71	-923.179	40.9639	
-6624.72	-11791	-4958.37	-1460.84	-2760.71	-474.291	-586.446	-753.765	34.2218	
-2325.18	-5706.64	-1191.16	159.565	-2453.01	-471.057	-509.566	-367.102	163.729	
990.115	-1134.87	4203.25	564.845	-1130.76	56.9398	-209.69	-75.1155	-80.5222	
1323.47	6553.69	9760.13	1487.21	869.416	50.7024	390.344	545.64	-354.405	
-5.11958	6582.83	9728.39	1972.9	1350.86	-191.818	446.103	567.152	-271.793	
1334.47	-1621.22	4260.06	347.896	-346.711	-645.721	494.775	-84.1697	62.9133	

-1707.46	-5057.95	2506.28	-3311.51	5076.64	232.252	-3304.52	-342.337	-862.19	
-11950.4	-12284.7	-9636.5	-7255.49	2178.87	-215.924	-2562.42	-484.987	-771.994	
-14596.2	-16262.4	-8752.99	-5217.18	-1062.27	-870.25	-1389.35	-59.182	-546.135	
-9691	-11743.8	-6740.54	-1068.88	-954.458	-1756.76	82.9956	-107.595	-288.735	
-11731	-11836.4	-7161.96	-753.227	-506.246	-2304.15	1468.29	-113.474	212.828	
-13534.5	-7356.84	-4988.65	-815.175	731.226	-820.629	964.354	639.392	303.206	
-11167.3	-5252.16	-2035.46	431.174	1262.17	-410.831	600.634	561.297	284.82	
-5606.49	-7663	-4032.17	-2051.38	-528.627	-644.676	551.976	-594.862	-138.167	
-3453.79	-10965.5	-7176.98	-3807.06	-2002.97	-799.081	235.096	-1064.5	-470.689	
-1856.47	-9957.22	-3811.8	-3241.84	-2397.87	-437.838	6.00972	-841.013	-601.822	
837.071	-6118.55	-72.585	-1541.46	-1401.49	-299.333	689.724	-51.224	-578.184	
6424.3	3452.84	1142.3	3256.01	1257.64	-81.1669	1714.27	155.593	-391.251	
6872.5	9150.81	3312	6915.02	2073.83	-441.598	1081.96	-173.645	-111.638	
-3995.17	114.212	-650.2	3931.43	1905.26	-1372.93	883.552	-246.739	21.2162	
-7768.56	-453.862	-4965.11	1471.01	365.055	-1165.13	1397.13	44.4745	57.1161	

6136.5	1069.2	-6061.64	2959.52	-2655.77	-124.921	-69.4335	-176.962	56.0652	
9994.14	10621.3	-1076.76	929.005	-1164.02	-353.155	-54.4067	-140.236	-51.9339	
8619.36	12030.6	1336.47	89.648	-391.937	34.1031	629.646	-162.656	-19.7255	
6930.52	7144.88	638.092	346.519	167.185	485.232	304.507	-294.238	110.955	
3290.15	329.131	-1977.73	974.562	794.44	850.288	-1080.11	-147.608	90.4234	
-1917.49	356.124	-3742.48	1690.93	50.8932	192.697	-462.931	-639.426	120.814	
-2651.66	-57.381	-3459.14	1298.96	-325.871	152.986	-144.787	-647.133	590.514	
-2131.02	-7744.69	-3957.53	542.298	-687.038	-733.019	530.065	-135.886	572.663	
1064.93	-6672.54	-1234.69	2166.48	-495.379	-890.82	470.069	44.5723	230.333	
2620.26	-2247.67	29.8634	3251.92	283.716	-245.304	-156.538	-230.056	83.1391	
994.048	-3743.93	-2019.51	3151.29	83.2306	503.115	-571.873	-180.348	65.1648	
1473.3	-588.92	-1703.33	5402.61	-267.464	700.346	-468.521	166.107	167.051	
2960.33	-142.474	-1731.49	4361.91	-1035.18	-160.698	-1161.34	69.5708	223.252	
970.567	-4170.4	-4162.48	14.9852	-1589.19	-984.655	-1553.63	-341.846	142.876	
-1911.47	-2223.86	-2073.01	-1340.93	-94.4587	-1091.21	-1200.95	-354.386	20.5926	

-7803.43	-5279.19	-1522.64	-564.306	-1005.75	150.059	715.088	328.924	225.698	
-4437.9	-4064.03	-377.876	-2130.12	-244.586	283.284	588.423	-27.5587	262.52	
-3258.61	-7239.32	297.465	-2548.11	-467.764	485.397	365.967	-147.252	65.6139	
-3827.9	-9231.98	-2632.11	-1564.41	-1268.93	338.97	-273.169	1.4776	-254.812	
-702.325	-132.397	517.963	2218.63	170.43	683.807	13.2823	140.932	-432.851	
746.828	2881.25	2073.81	1960.55	506.368	275.757	-154.307	-12.8276	-58.0859	
1768.42	-920.08	3071.63	948.279	458.681	159.683	31.0368	-29.5841	101.653	
2928.01	-1871.57	3788.18	349.568	745.728	188.309	534.64	79.173	73.0564	
2942.1	574.403	2924.08	-237.663	123.543	-225.586	303.295	-120.723	14.1669	
2122.05	1566.23	1236.54	-1146.81	-366.318	-246.88	123.9	-286.075	16.8201	
2085.85	3420.49	1199.24	-1739.99	-115.383	356.241	122.188	-159.556	-26.0588	
2641.99	6111.34	2395.65	-1352.31	343.311	626.951	68.426	-43.5907	-61.0642	
2027.64	4786.34	1036.29	-819.457	219.095	626.167	-5.66864	-19.4981	-118.097	
1436.17	-124.286	-2083.09	-1461.52	-492.731	491.068	-378.073	-97.9063	-94.7005	
3439.24	161.798	-1635.11	-497.75	-100.516	186.716	-449.787	-122.149	-1.03952	

5189.58	-247.362	8837.34	2692.09	-366.355	-1109.71	1841.64	-25.9313	-210.761	
-5504.78	-2392.86	1458.94	1040.84	-1554.66	285.668	1416.05	121.43	372.255	
-4879.96	9501.13	2452.21	4167.35	-1175.8	154.793	782.705	-722.186	-66.4443	
3201.66	15086.5	8349.87	4923.77	-779.233	-973.879	-264.821	-1119.47	-420.507	
6649.34	17857.6	15576	7170.53	742.892	-1384.02	-726.799	-1414.19	-617.661	
7822.1	9464.36	8374.34	1401.46	89.721	-1626.37	-559.064	-469.494	-80.1618	
10784.3	8023.34	5163.73	-20.4351	-1312.8	-1103.41	-866.139	-244.931	-97.9817	
5672.95	3442.84	-2582.56	-844.662	-1619.62	-389.655	-884.944	-546.244	-273.433	
3413.8	8446.02	-1495.52	627.176	1110.14	415.158	462.66	-334.189	-194.24	
3321.05	5624.38	-1345.75	1430.34	2726.22	1394.08	979.066	-367.565	-90.7602	
2454.37	-3706.97	-5604.97	1240.76	1019.63	1941.29	-274.339	-579.064	-159.645	
2628.85	-3320.02	-5499.44	3209.84	-664.963	1723.83	-1493.92	-307.536	-359.765	
976.114	-2783.22	-3194.95	3741.55	507.829	2038.3	-2035.46	-95.2884	-299.808	
-2150.25	-3318.75	-1967.84	1783.01	880.726	2227.37	-1682.51	26.3831	147.515	
-6181.66	-5832.44	-3957.14	-1035.31	-470.016	1616.71	-1506.89	-106.023	367.256	

16779.4	23033.5	4730.41	6602.93	1531.76	1307.84	-107.371	-427.551	-658.031	
20261.2	27743.6	8740.57	3233.63	2238.99	1639.69	360.849	98.9575	-393.903	
24202.8	25071.3	12086.2	1315.78	2244.24	2402.39	1248.88	818.927	74.9269	
16375.4	11717.1	8865.46	5274.38	878.491	1478.21	2746.91	1451.37	431.696	
4235.28	-1093.63	4973.72	7072.56	493.506	-72.9855	2299.68	317.903	68.8767	
-1164.79	-4283.84	4426.54	1976.04	1006.83	-217.838	428.194	-907.242	-117.447	
4249.15	-944.664	5580.61	-325.907	1150.32	-688.703	1046.47	-412.105	-132.341	
6962.43	-5295.59	-3599.4	-2994.82	1843.32	-679.109	1519.04	210.224	-157.784	
-1333.87	-16518.3	-15627.6	-4393.92	668.83	-396.722	378.059	315.886	-230.652	
-3624.72	-7953.44	-13612.1	-1802.88	-84.934	-270.842	-381.48	680.993	-73.8077	
-3731.58	1852.02	-7823.76	-1037.47	-1434.17	-793.917	-615.099	1067.51	18.4781	
-2171.65	-1103.95	-2205.73	-167.308	-933.278	-618.138	-250.884	977.622	45.171	
-492.029	-9994.1	1601.92	110.159	234.941	-378.402	52.7438	815.111	170.973	
-1259.64	-9087.22	2765	-521.141	-496.925	-414.051	143.559	637.812	205.674	
-2871.5	-1912.48	2693.86	-864.61	-819.349	-284.164	139.353	557.214	336.911	

2227.59	-837.448	-1200.85	-274.887	1793.81	-662.693	-327.014	739.629	507.111	
-1297.33	4836.18	196.776	2070.77	2073.72	298.981	-267.369	808.74	138.286	
2465.82	11526.2	3657.55	3483.79	774.233	1458.82	-736.68	827.579	-229.442	
9026.92	8869.46	6230.38	2425.78	-1679.48	925.458	-1666.93	385.884	34.2402	
19816.8	16844.3	14573.4	3696.95	-1877.51	1020.3	-2624.85	38.7298	50.3175	
11116.4	18884.7	11603.7	5438.94	-344.269	825.951	-910.082	-73.8417	163.982	
6879.27	21519.5	9767.78	4078.69	-577.739	881.19	76.8096	41.778	313.731	
4426.74	16449.5	9127.69	1040.4	294.162	646.874	943.446	474.886	144.075	
416.448	2490.8	5695.13	-1485.36	436.417	339.75	1464.63	776.402	-77.7566	
-1911.41	-5359.04	2059.92	-2852.31	-59.1088	98.5054	1117.88	694.758	-56.1434	
-2538.26	-5684.77	838.134	-2497.01	-388.425	2.00044	59.7345	466.435	139.5	
-2838.82	-5200.67	937.698	-385.385	-733.618	-70.5244	-266.127	276.375	459.303	
-5162.47	-7790.49	-1571.79	1412.48	-1342.3	76.2455	164.014	78.3124	488.143	
-6041.52	-4053.62	-1112.12	2846.57	-1327.08	609.326	621.354	-121.013	173.203	
-5003.31	-659.252	-290.072	2240.93	-2275.88	600.832	547.06	-471.866	-115.437	

-1018.81	9373.02	7347.2	4163.99	3872.29	2246.14	898.803	-90.0418	-349.514	
-9354.52	-7691.02	-4110.32	1716.36	457.33	-794.847	568.247	347.054	-123.531	
-5788.88	-1669.93	-2119.24	4831.23	473.641	-1108.18	1095.42	655.912	188.059	
-2005.67	4202.03	614.003	5338.23	1319.18	-47.6182	-96.3951	-25.1066	100.285	
-5078.96	-3191.41	-4305.05	704.132	-514.322	-872.554	-839.196	-580.075	127.907	
-4975.2	-8371.56	-4602.81	-2399.36	-2981.44	-1012.15	52.5663	-515.2	-227.769	
-5222.04	-11777.4	-5133	-3738.01	-2581.78	-563.566	1055.48	-300.776	-523.861	
31.9094	-5679.64	-1336.28	-1063.68	-689.561	596.346	1524.06	116.96	-352.591	
8597.34	6399.29	6795.7	3251.92	1266.41	799.801	1453.42	250.427	-152.571	
11956.7	13358.9	11366.1	4215.57	2007.02	848.397	1518.78	207.425	-10.7974	
6219.87	8368.67	8301.56	1861.68	1799.83	421.837	1018.45	-322.225	77.5682	
-54.9227	1989.29	3435.92	-57.0793	2474.18	-523.665	492.857	-781.121	96.4919	
79.7515	3817.79	2647.83	45.1127	2985.22	-270.625	466.186	-170.602	110.432	
-1042.02	7080.18	2692.93	-150.01	2078.98	356.612	790.206	182.755	-37.1294	
-134.123	1816.19	-76.8875	-1262.17	-370.99	-305.694	438.384	77.1132	-13.0488	

515.042	-5750.75	-2033.76	724.72	1382.8	-1993.65	-602.235	-391.257	289.72	
2313.3	258.775	4019.31	2988.58	564.447	-177.531	200.405	89.3234	226.312	
-4044.72	-4772.58	2834.67	4171.13	684.087	433.856	1523.45	321.243	129.618	
-7903.89	-12347.8	913.567	1677.31	651.571	-1338.36	1036.71	236.812	-37.3298	
-3860.68	-6702.09	5520.48	1454.59	2513.82	-2132.38	837.66	516.255	137.257	
1649.8	2093.94	2618.5	32.8856	2730.67	-353.882	277.791	779.204	56.2854	
2279.76	6874.41	2903.84	-1135.26	2323.61	-404.812	193.676	727.21	-107.04	
-534.071	2006.73	204.877	-2262.6	486.287	-716.013	-43.9277	58.0249	-192.281	
-533.673	-3359.83	-3624.5	-2723.52	-705.099	332.844	-633.198	-433.482	-54.8807	
1220.08	-1089.12	-3198.31	-1338.83	-23.6603	1330.4	-452.454	-614.46	185.471	
617.093	623.906	-460.824	601.68	297.489	1536.77	779.854	-515.99	368.217	
-1583.42	1033.6	866.02	-102.176	-345.458	1132.86	1357.37	-151.026	443.807	
996.448	4970.67	2142.24	821.827	-871.25	797.219	988.016	-277.749	168.89	
5131.57	3385.54	2056.95	2303.83	-823.326	406.028	439.291	-413.007	-80.9795	
4157.83	-449.844	1629.81	1631.52	-1084.68	609.038	206.471	-142.501	-117.885	

-19019.9	-19156	-9031.27	-4400.28	-2521.47	372.889	-249.717	-219.372	-192.872	
-4446.54	-17970.8	-10090.5	-4198.16	-3589.63	547.087	585.715	309.016	133.955	
-6487.02	-28892	-16023.8	-6551.87	-4561.98	102.393	779.971	94.6725	563.427	
-6216.13	-15772.1	-7026.66	-4561.63	-2173.3	691.306	-62.4217	-307.126	650.535	
4863.26	16180.2	5538.39	5657.36	568.072	2877.98	-52.645	-257.453	528.233	
2109.44	9549.59	1389.4	5131.93	1510.19	1910.72	-17.2087	-204.239	-144.699	
-751.737	-2843.49	-3151.61	-548.769	-1317.44	867.933	248.172	-438.007	-212.234	
1799.58	-2827.58	-939.312	-2953.54	-2921.65	-451.47	14.4806	-541.829	-65.5398	
2853.9	4228.73	3501.67	-521.176	-1663.73	-221.673	-142.828	-198.959	-19.3344	
-176.637	5316.76	1958.7	1214.61	85.625	-57.7893	-218.033	-84.8836	-7.24112	
-1904.38	7188.31	1690.31	3249.21	1561.02	1.19371	46.7261	-384.219	-101.585	
-1679.52	4465.08	4195.81	3141.52	534.307	287.1	433.014	-617.497	-38.8798	
-636.455	1202.69	5027.85	3000.33	-713.091	772.659	-29.2035	-518.74	-2.28816	
3567.92	-434.357	3693.69	2874.41	-347.975	957.607	-761.687	-528.425	-65.3934	
6306.29	692.186	1544.49	1745.15	497.759	480.712	-637.995	-395.893	-53.5371	

847.691	-6426.82	-2151.63	-578.806	1656.95	2524.12	464.486	353.255	-81.7804	
84.7843	-12895.7	-3656.4	-1780.25	2122.38	560.73	367.732	-470.49	-153.55	
-3740.5	-13929.6	-933.871	-161.754	721.495	1027.97	263.593	-500.46	156.025	
-4349.98	-2158.76	6079.34	2223.72	144.798	2450.98	1011.03	-116.274	261.796	
-3167.51	367.911	6165.68	-231.099	330.873	3318.09	862.665	-96.7002	608.98	
-3089.94	1786.79	3868.98	493.128	37.4552	1519.2	-303.648	-294.501	459.852	
-4967.46	6753.84	6560.89	1582.59	225.029	1109.05	330.157	-146.562	277.214	
566.743	9653.45	10263.9	2143.07	376.849	987.535	1270.34	103.482	128.571	
4301.99	6906.24	7014.12	128.089	89.0783	939.975	870.006	-31.7996	193.87	
3518.96	4689.7	3321.28	-1793.03	-425.766	1183.96	-69.3897	-45.2654	237.51	
1970.86	3850.76	1769.98	-1805.42	-633.496	1435.42	-326.027	-13.5125	59.9845	
-344.76	3153.58	431.788	721.177	-302.085	834.597	324.608	-309.354	-267.68	
1180.79	5279.41	3745.64	1828.12	145.359	355.763	1071.11	-485.542	-273.761	
6150.37	14382.7	8549.71	1643.66	903.671	870.629	1354.6	-377.323	-52.3666	
3514.9	13678.9	5451.65	801.147	276.226	330.816	870.893	-377.299	53.0934	

7088.23	5026.24	2847.17	3316.29	-1320.72	-90.7434	543.412	243.322	35.7306	
10526.5	-6370.92	-1787.3	-974.778	2154.39	-286.205	-1266.03	174.19	167.501	
6961.37	-19783.9	-4870.24	-5607.91	3864.19	-1543.74	-900.299	-779.852	232.984	
9559.41	-4326.37	7686.12	-609.411	3792.93	-822.216	1239.47	-1043.61	119.808	
9307.46	10548.3	13057.6	4259.6	3854.37	-0.172026	2868.08	-1394.49	348.82	
-2654.81	1767.17	1344.81	1314.07	1723.84	-216.244	1520.88	-429.385	182.36	
4102.46	15659.6	3077.5	6044.88	3224.56	680.895	1608.08	136.844	88.7888	
12529.4	24464.7	6870.16	9344.21	3366.43	1053.73	1515.63	-136.394	142.286	
6681.19	15153	7153.94	5678.05	1296.64	242.342	584.768	-694.689	105.285	
-933.311	3512.12	7518.2	2125.84	584.953	62.9038	-33.2634	-939.391	16.4865	
-4976.99	-6677.88	5951.7	-153.027	672.978	-649.776	47.6574	-454.24	-76.1902	
-4481.08	-5630.73	1513.95	259.709	951.359	-1651.86	816.727	311.255	84.8346	
1397.42	342.105	4065.19	2375.57	2279.88	-473.009	1359.38	101.784	312.21	
717.85	-4401.11	2745.08	-601.592	1437.02	490.884	572.857	-356.04	267.482	
-1403.16	-8274.07	-2258.48	-3851.55	787.406	456.516	-182.33	-400.738	63.8221	

3335.05	1998.69	-992.4	-2707.52	-854.61	406.854	-208.778	-347.235	-55.5702	
4378.6	8452.22	1590.81	-1088.1	-84.4721	1028.46	-299.668	179.995	29.8177	
-8010.8	-3182.81	-3809.22	-3258.64	-374.051	938.789	-547.451	168.36	278.782	
-9845.68	-1663.28	-6919.08	-3567.01	-169.409	462.934	-473.329	-74.6454	374.167	
-6209.78	4067.67	-8095.42	-3395.48	-1692.43	-888.73	-855.622	92.7535	240.689	
-2900.25	5973.98	-6880.89	-910.437	-1400.52	-1666.29	-854.18	-532.108	-109.517	
-5232.79	-93.8831	-8450.94	-1588.7	-1420.5	-1891.67	-785.572	-862.834	17.7499	
144.152	2517.17	-3754.24	-849.017	60.9442	-444.808	-395.187	-325.04	133.596	
2476.09	5744.72	-647.984	-616.395	1065.38	631.067	-221.305	-85.2351	-71.45	
706.132	7259.73	996.45	-200.031	1219.81	666.241	-202.794	-42.9219	-161.64	
-2356.38	7007.67	1804.87	167.24	637.153	215.399	-209.808	271.455	-54.7066	
-5004.36	1673.82	-2263.92	-1717.89	60.0708	-175.692	-487.463	400.549	-74.087	
-4323.53	-1090.79	-4374.94	-2364.18	-823.543	214.744	-358.782	174.675	-319.734	
-5129.29	-2786.53	-2870.41	-811.767	-1620.65	598.865	183.411	-109.919	-304.488	
-2212.06	1666.19	619.582	937.731	-420.396	836.689	621.582	158.817	6.08938	

5459.13	3215.93	-2145.15	-236.746	-19.8718	540.128	-169.204	629.983	-390.061	
2420.21	1376.76	736.003	554.066	-48.719	-601.273	-396.798	-71.8408	-214.706	
3020.44	-2821.2	2721.35	-197.555	-465.502	-595.967	-336.637	-441.144	-127.825	
3376.11	-4681.72	-2597.75	-1968.57	-615.663	-127.366	-666.981	-351.879	-202.035	
7600.83	7363.21	-5006.61	-1025.44	593.173	-388.132	-901.802	-158.115	-137.578	
7394.52	10765.1	-681.685	2029.91	1170.91	300.512	446.256	130.993	130.831	
4756.86	8329.47	48.9072	329.843	927.642	963.441	827.636	157.515	34.0093	
-302.988	3718.23	596.865	-1379.75	119.026	699.714	27.0595	40.0349	-361.383	
-2604.25	-348.233	1883.74	-463.953	-111.409	-15.1078	-381.774	-215.855	-405.167	
-4012.43	-3071.83	729.18	63.5439	-5.13598	-515.235	-492.091	-449.519	-196.82	
-3477.05	-3554.35	-1380	340.901	-63.9634	-382.244	-329.57	-188.983	-128.536	
-1660.36	-2231.21	-2644.21	599.867	-596.552	-10.1897	-102.413	55.2871	-279.742	
-3191.15	-5512.19	-3487.38	-652.166	-1895.54	-127.435	-557.981	-83.0296	-250.396	
-2395.8	-7589.07	-3350.1	-1116.2	-1579.24	-345.709	-667.638	-161.391	-66.6242	
-1202.72	-3805.03	-1651	-170.017	-138.427	-358.434	-331.295	-306.481	99.6253	

10388.9	9360.92	8827.48	2042.82	1247.76	4065.21	1375.14	825.82	696.464	
14183.9	16231.1	9945.71	2293.55	199.903	2629.85	941.419	521.326	523.69	
13496.1	8284.56	7874.79	2163.13	-545.213	1650.14	441.139	370.524	252.476	
9513	823.559	4257.24	40.4729	-1038.17	2461.82	624.31	578.329	-46.58	
3360.48	-4297.64	-2669.22	-6499.84	-1425.22	1469	463.607	613.526	-314.599	
-4074.21	-8662.55	-10910.6	-6541.22	-1597.57	-381.08	-660.832	-10.9883	137.11	
-2217.03	-2459.8	-10081.8	-4239.77	-1016.27	-570.075	-628.362	-582.382	362.898	
6775.48	7344.35	-484.368	226.237	31.2616	-170.75	-157.722	-282.078	402.78	
8579.25	4571.65	4991.68	1136.92	259.276	-163.331	184.752	294.839	226.744	
5804.53	1050.16	4196.86	772.21	-312.805	-433.187	407.152	337.176	306.062	
2199.85	351.513	917.105	1301.6	-1329.05	-701.097	-328.402	-98.4943	382.593	
636.276	1887.85	-968.671	3411.51	-1219.4	99.468	-1024.02	-366.564	155.857	
2690.54	-2235.61	-1529.16	2658.54	-1175.79	1004.62	-772.72	-522.929	-244.807	
2093.26	-7798.55	-3465.25	-601.123	-1885.04	1154.08	-561.499	-544.81	-336.644	
-3244.67	-5363.88	-5227.22	-1990.71	-1653.09	-278.091	-827.959	-359.299	-304.227	

2028.7	-12834	-3108.51	2399.9	1461.51	951.434	951.525	-504.968	302.962	
6907.71	792.563	3159.62	860.624	2098.26	200.855	-598.251	-200.848	390.906	
6920.53	6636.24	1297.92	263.805	1583.9	1120.5	-704.945	318.75	179.252	
3599.66	4671.38	-5048.93	2843.39	-148.09	1183.32	-1050.48	-0.49984	-106.937	
3538.9	2312.52	-5649.29	5057.72	-1639.24	747.837	-1620.09	-133.497	42.9245	
6573.08	8146.92	4499.26	3803.4	425.047	480.95	-160.955	-1.65084	96.4729	
4010.24	6341.29	4387.79	3018.67	486.623	-323.951	471.563	9.99489	163.211	
-533.282	2041.94	2939.99	2696.76	-599.849	-597.461	375.031	-99.5629	252.42	
1602.16	4742.3	4565.66	2374.15	-503.039	-2.40286	361.721	-91.5007	355.448	
2618.6	3714.58	4192.48	1374.7	300.67	334.634	1056.11	-65.6053	250.081	
-1141.92	-2975.26	-668.303	-732.188	1467.44	636.76	1289.84	208.243	51.5037	
-6775.28	-9306.97	-6282.64	-2805.92	2112.1	-86.268	230.764	510.08	-33.3624	
-5474.8	-9427.32	-6130.67	-2311.17	725.894	-194.239	-312.902	364.637	42.9085	
699.315	-1226.86	-925.163	-672.911	-257.6	642.059	-245.157	236.478	83.6751	
1919.46	10037.5	4215.38	302.542	62.2169	664.751	-539.026	267.029	-75.5227	

-7174.65	-5700.38	-8695.3	-5304.05	748.386	-2752.18	502.533	-745.898	-864.259	
3028.41	9936.84	-1785.82	3185.37	-672.135	-876.714	620.413	-221.717	-467.716	
19246.5	27431.5	9186.36	7409.29	-1120.62	1408.36	1229.29	-260.845	-66.6749	
14670.3	21076.4	8410.48	5253.54	1016.73	1118.64	878.897	-82.8818	-24.7097	
4555.94	11501.2	5494.25	3407.78	2095.67	-1105.4	278.549	-106.515	-321.746	
3265.05	2586.89	3922.36	3502.78	1712.53	-627.346	819.489	182.339	-90.0862	
277.911	4395.6	3693.78	2986.5	1809.19	-705.91	771.865	164.838	-108.76	
331.379	9047.13	3556.77	2780.79	2218.87	-201.585	-17.7223	290.515	-257.764	
-3704.97	1506.96	430.657	1048.72	1435.16	500.97	-353.979	362.969	-357.217	
-6644.01	-8290.08	-3713.3	-782.275	237.581	197.203	229.331	147.839	-114.217	
-105.48	-3178.98	-2665.94	-274.554	202.576	314.464	360.109	-26.7405	297.546	
3982.18	549.57	-3642.35	-842.713	-117.529	-88.041	-1293.9	-241.695	316.158	
2822.86	1060.93	-2523.12	-892.311	-517.926	-244.4	-1688.67	12.9497	161.602	
-598.764	1599.81	550.365	-166.591	-511.39	200.686	-599.479	201.612	115.816	
-3796.93	480.171	744.497	786.587	-949.977	590.799	-455.371	234.656	263.504	

-5501.94	-4857.65	-1917.93	1351.48	-3525.25	-1514.88	888.801	435.547	-216.03	
-7190.29	-12785.6	-4381.85	-851.887	-2353.7	-718.692	1226.02	38.6955	-28.7522	
-5468.94	-10193.6	-4534.17	-2149.25	-450.349	1438.93	1283.19	-517.384	-68.3823	
2621.63	3788.31	-1278.15	-554.451	171.389	1988.15	1358.46	-455.596	-109.147	
8730.28	8595.74	-1643.51	-389.843	-1311.68	1626.32	1223.72	27.7714	-249.164	
5686.3	12783.8	-1960.16	486.824	-520.116	975.812	244.157	154.266	68.6547	
684.645	8121.21	-3121.24	1346.54	391.171	379.471	-355.829	181.036	191.403	
-2489.02	-501.715	-2913.11	1711.67	1537.96	-858.107	-557.254	237.22	60.688	
-3478.25	-3514.98	-1455.03	501.1	1285.21	-652.495	-322.009	-75.4273	-164.734	
-2048.03	1216.11	1803.09	540.973	848.074	-326.882	116.209	-202.851	-288.734	
473.267	6921.04	4859.52	1155.67	127.595	-488.213	56.6761	-249.211	-165.789	
-889.599	3515.65	4085.24	1275.86	-514.081	-774.579	-744.813	-151.593	-77.5883	
-1326.77	-109.813	2460.18	1530.5	472.673	-499.874	-581.49	-64.2049	-165.49	
-1501.5	-331.612	12.091	730.042	1283.6	-8.58396	-291.008	-179.132	-79.6814	
9.85195	-135.308	-35.7433	-756.248	1741.78	405.554	-461.417	-371.096	118.531	

13978.3	15617.8	3244.58	3168.01	1486.12	-225.622	290.052	-6.97598	-699.203	
9613.73	17193.9	2673.27	4251.02	1148.18	225.89	-42.2405	22.1194	-505.026	
4599.93	9729.97	-1911.95	2934.98	-106.954	-526.035	437.283	-669.037	-483.726	
4642	3362	-1578.38	3462.7	545.544	-1024.47	558.03	-579.57	-401.999	
7477.44	9948.64	-844.517	3722.79	2762.09	-1147.99	1421.39	94.0531	-336.438	
-75.4641	-2421.96	-5099.63	-1533.16	1664.61	-1696.35	519.867	93.3501	-115.053	
-5017.2	-12875.1	-6386.34	-2070.91	-228.303	-2031.18	-259.389	277.954	-69.0319	
-2303.76	-7501.18	-2801.93	-371.41	368.63	-1797.11	-499.772	310.394	-73.0155	
2509.43	2451	-1820.2	1895.01	1992.12	-1087.22	364.749	-4.7127	51.2447	
2311.48	5177.25	-1988.18	1613.34	1633.56	-485.053	953.871	-168.674	129.039	
-382.017	787.095	-1568.04	-879.342	390.061	20.3505	771.763	-68.4798	23.0018	
365.178	-2752.16	-2178.67	-1477	-553.182	-261.572	-395.628	36.2222	-164.733	
1158.87	338.145	-2257.61	333.905	-355.245	-512.731	-879.905	212.594	-72.473	
-2050.96	2575.17	-1865.45	572.295	206.146	-107.108	-566.892	552.406	53.0442	
-6088.04	2021.44	-1106.91	337.06	-320.197	213.646	-387.833	342.735	218.76	

10114.1	2581.48	8132.65	4403.65	3663.45	2263.47	1960.66	-549.616	153.867	
11315.4	2141.96	8937.15	1451.74	1439.37	1916.45	881.076	91.4581	192.779	
5450.47	3522.15	8961.86	983.754	966.645	1437.52	-234.974	498.126	39.343	
-1656.63	837.621	2683	1388.47	1062.47	513.405	-310.771	444.32	-118.858	
1626.51	-152.164	-3407.16	1972.82	404.898	-445.208	-571.182	276.271	-239.627	
1374.94	1776.71	-408.34	295.967	258.205	-835.867	-376.728	150.832	-101.327	
-2773	-2852.76	1675.04	-1629.92	-731.344	-738.475	-680.76	74.1262	-84.6507	
975.323	-3625.87	4582.43	-1118.75	-807.88	-606.064	-164.315	302.221	-239.775	
6499.9	1640.16	5772.65	-197.775	-179.478	-310.416	100.779	225.379	-244.694	
5499.89	3861.76	3287.24	-320.72	585.215	496.787	133.341	111.612	-240.489	
2222.2	446.818	1275.46	203.618	1759.11	867.886	480.243	39.131	-148.932	
2338.16	-5346.57	1028.3	2244.19	1741.75	417.858	389.177	220.412	102.209	
7160.17	-158.576	3834.15	4417.58	1311	404.105	627.268	497.462	116.219	
4028.54	-168.774	4146.9	2851.76	454.779	470.405	782.766	436.834	-140.068	
-1012.75	-3639.45	1216.53	-234.61	-1026.75	-542.405	-23.2928	580.208	-195.137	

-2504.99	-16103.4	-233.616	-5444.25	-2130.07	215.873	-850.264	258.64	-417.935	
-538.689	-13162	1136.71	-1137.23	-1815.85	175.47	-1201.04	453.241	-386.947	
-2036.21	-2903.13	4688.93	1927.41	-609.929	-11.376	-395.034	-433.884	-248.771	
-8498.1	-5310.77	-1122.34	-458.099	150.954	-668.555	30.1589	-778.875	-11.3983	
-8609.88	-9696.71	-2240.96	-2161.2	-291.126	-655.874	567.348	303.032	89.6622	
1891.36	451.431	3987.25	928.8	-235.131	581.845	174.346	639.047	30.438	
6049.26	4174.24	4096.04	2245.87	581.784	774.286	-8.62832	448.612	-80.7997	
1302.73	-432.521	-1476.25	2032.15	993.288	725.509	-233.184	304.914	56.7305	
-1421.61	-2596.54	-4596.23	818.714	432.157	765.649	-374.503	-142.821	178.17	
622.032	518.916	-2931.52	1867.91	-22.7202	1299.98	-99.9157	-341.092	148.304	
1223.95	-697.081	-1457.28	3155.22	12.3265	1146.19	-492.725	-119.64	18.9482	
874.788	-833.702	-1877.56	2555.39	632.869	54.9298	-672.903	181.783	118.354	
-2524.68	-7866.02	-5135.58	940.412	951.404	-252.356	-505.829	-232.935	181.743	
-3766.88	-7206.01	-5467.83	1330.09	1069.97	57.9675	-71.7782	-528.918	299.271	
-2565.41	331.672	-3068.02	2518.14	1249.36	291.8	174.269	-560.603	299.934	

-980.073	-6173.74	-4253.18	-8418.59	-1194.29	956.616	-297.285	-1035.54	503.113	
-2798.09	-6952.79	-3186.96	-2204.37	1679.6	2515.68	1198.81	-547.742	506.159	
-9438.64	-12156.2	-5106.21	2832.01	2295.78	911.205	1489.33	115.247	160.077	
-2789.58	-1771	-5031.03	3709.08	2191.22	921.273	1471.66	-519.603	-15.6353	
-953.393	1811.62	-7770.47	-1233.65	965.735	1697	1235.51	-1102.22	-469.511	
-4607.3	6234.61	968.183	-2755.87	-532.958	442.181	172.867	-446.641	-305.115	
-7998.24	2586	383.285	-2762.41	-2200.41	-575.055	-885.993	10.9819	-89.2204	
-5984.78	-6154.05	-4926.04	-3291.96	-2102.12	-685.57	-1161.76	71.5249	222.515	
-2998.37	-7602.6	-4306.49	-1756.35	-1036.92	-55.0156	-662.554	-219.523	299.608	
-2550.98	-4471.74	-331.62	562.677	-753.787	842.673	-5.10844	-237.685	324.469	
-3648.74	1165.47	3659.79	193.54	84.1093	1456.05	636.736	-290.781	333.15	
-4423.3	3615.26	5336.74	-167.096	1094.28	635.594	292.294	-49.3873	55.321	
-4040.16	1680.97	4453.97	1588.36	1400.99	-185.595	-174.118	322.457	-109.805	
-2259.79	-434.64	239.074	3663.4	1283.56	420.459	-388.72	170.64	6.82932	
2939.95	4284.32	731.347	5920.48	1720.76	923.281	90.0996	324.031	-59.7736	

-1660.43	5933.78	1570.9	2793.56	1616.91	-140.809	-1411.15	-674.823	28.8483	
3255.4	8527.09	2727.91	4899.2	2890.34	941.014	4.14087	-505.933	246.144	
2934.43	5174.73	3594.33	3206.27	1315.42	1174.43	-127.611	-1213.33	266.08	
-3861.06	-8192.66	-2857.75	-358.052	-1844.77	309.971	-1030.77	-1278.15	150.689	
-9930.79	-20776.3	-8673.58	-4644.32	-4282.94	-1896.03	-1793.9	-593.391	-6.04955	
-2061.98	-6189.08	145.26	-1615.13	-1471.56	-632.347	-756.659	-129.696	-198.817	
3246.38	3715.52	4836.48	2019.45	1162.38	121.008	-547.417	-457.818	-310.934	
810.322	1120.82	2007.17	2470.16	1625.65	447.268	-949.736	-662.911	-252.709	
-4319.47	-2045.68	279.346	977.291	979.696	710.119	-1114.92	-321.979	-95.768	
-2117.23	3756.39	3192.4	957.791	701.4	890.587	-753.187	225.062	68.9906	
-842.923	5076.52	4594.06	714.795	663.596	364.956	-155.813	697.906	119.624	
-2584.7	1069.2	4758.84	951.335	589.092	-566.153	-52.8634	672.66	-27.1165	
-4922.7	-5317.41	-705.81	-547.461	-594.163	-1090.74	43.1141	40.3705	-2.7165	
-5247.71	-10183.7	-6441.25	-3094.48	-1230.35	-1158.05	815.576	-288.509	144.998	
-3736.77	-10980.2	-6600.36	-3227.14	-1213.72	-1240.2	1078.97	46.6729	103.776	

12406.6	16088.4	9659.7	4574.75	2072.47	2069.23	670.97	661.495	15.3026	
8691.32	10133.2	3782.96	-2489.44	1301.44	558.76	1055.49	556.182	-142.966	
14010	17815.9	351.992	-4697.08	3178.15	477.17	2217.2	229.846	-300.338	
13638.4	16761.3	-2940.7	-3152.41	1762.73	313.003	1996.29	588.591	111.441	
7835.87	14183.4	-539.617	-3487.38	-1142.32	-202.602	800.545	1188.61	463.349	
9.25607	5653.94	2526.69	-1550.39	-978.188	283.253	231.245	567.829	49.6158	
568.856	2649.79	4176.83	-1491.03	36.8428	486.811	831.868	292.633	70.0707	
1673.35	-1634.87	3837.46	-2655.98	1212.21	219.688	1003.14	108.319	426.706	
3539.16	505.039	3158.75	-2387.13	1767.62	178.164	569.691	-168.721	252.907	
2184.12	-2366.7	1869.06	-2247.47	604.794	92.8951	-171.944	-162.504	-48.8244	
-1848.82	-8761.02	-801.209	-1947.8	-1100.72	-722.64	-987.343	-98.1221	-213.235	
739.952	-4734.95	-1057.68	-103.13	-1716.67	-1234.61	-148.193	-295.07	-444.515	
2869.93	-2144.17	-2931.56	353.842	-1729.59	-1207.53	355.309	-285.723	-377.116	
97.8453	-2066.6	-4832.84	-502.562	-1521.95	-1443	-49.8654	-101.417	-101.379	
-659.571	-2644.13	-2970.62	-1652.2	-586.881	-1065.26	101.224	-53.1601	58.5022	

-15366.3	-42723.3	-10844.6	-7169.81	-1943.66	-538.264	-2695.06	-557.117	-615.224	
-5970.82	-16531.4	799.311	-3796.41	-2929.37	2057.9	-1467.1	517.098	-489.746	
-4326.4	-8368.46	1298.33	-2583.29	-2192.69	2950.29	285.852	290.617	-214.459	
-3939.52	2656.66	2925.77	64.7427	207.466	1441.57	1543.45	-564.233	238.881	
-4283.05	6622.91	981.839	-1075.48	-1974.24	1307.79	1846.08	-672.611	422.478	
1008.23	5317.63	626.015	-190.941	-3536.23	1120.19	804.065	19.724	177.329	
-643.258	-3191.21	-5224.87	-1371.74	-3196.16	859.494	-356.555	-234.222	-1.36548	
-975.668	-7583.99	-11212.1	-2223.95	-1526.86	209.783	-331.347	-702.415	-129.314	
-3182.19	-5049.25	-11721.7	-2962.86	-810.66	-70.1768	710.876	-951.82	-99.2639	
-2837.31	2408.65	-5645.23	-893.464	-697.991	302.282	1357.24	-612.565	19.5246	
-1278.08	9267.62	2132.26	1829.43	-116.333	721.379	1521.46	44.94	59.0887	
-4320.12	5177.98	827.877	1907.53	203.582	544.24	1129.21	242.661	-15.599	
-4685.21	6675.61	-1777.16	2013.6	-406.838	751.827	646.291	290.053	-3.22414	
-1280.75	17543.7	2031.39	2751.14	-897.622	1379.17	881.139	491.305	156.172	
2688.57	21892.1	4967.68	3127.67	-560.677	1251.61	1427.85	612.979	269.562	

-1098.3	5883.29	-1170.86	512.002	-1528.11	949.719	730.324	-97.0582	-20.6342	
11539	17571.9	5632.37	5416.76	2745.3	1604.98	385.948	85.1377	-296	
13810	15628.9	6486.36	6157.84	5246.37	1476.5	139.597	-350.87	-178.077	
7610.33	9910.94	5756.84	6180.11	3188.35	64.7802	-298.407	-475.194	-49.2468	
6034.22	6969.64	2686.28	8403.65	1527.33	306.604	-249.587	-508.891	171.474	
5.45311	-5804.78	-4328.76	2290.06	1264.77	-95.363	316.149	-293.391	161.493	
2627.55	-1467.25	-3103.85	23.7852	1281.02	763.771	436.409	-221.402	277.177	
4712.48	2665.79	-1504.53	-197.229	409.883	385.61	550.259	-89.2969	109.943	
5145.91	-848.841	-2163.1	277.577	842.41	-542.452	607.95	87.5971	44.6596	
6685.8	2103.59	-814.756	365.28	1125.23	-430.256	1066.66	144.506	152.105	
5597.11	7153.36	1951.31	-844.1	237.767	-9.24326	1533.96	113.053	187.066	
-591.87	-1066.09	101.838	-2984.94	-1793.28	-20.7642	882.41	-428.338	71.2255	
-3324.73	-4949.27	-2000.07	-3510.53	-2264.43	-815.424	-36.2483	-591.739	-56.4773	
-729.566	601.221	847.235	-593.718	-876.924	-1116.05	-345.887	-138.866	-115.046	
1974.44	4299.14	4823.91	1663.04	734.299	-739.017	-322.628	81.9329	-129.13	

4804.69	16617.3	9589.05	-3865.61	2165.46	2376.82	618.035	598.887	502.399	
-8056.38	-5996.26	-4631.24	-3315.44	-1343.92	742.146	1216.22	-34.6498	928.267	
-5353.16	-14801.1	-8830.77	-1771	-4046.91	707.487	2655.41	-235.701	1513.32	
1023.34	-6182.75	-3591.55	-2008.49	-3247.88	2291.11	3302.8	-280.902	1153.43	
-4672.74	-4567.16	-7408.97	-4652.48	-5679.48	3107.87	2538.19	-487.181	950.723	
-5260.25	1465.64	-134.511	-1203.51	-3074.37	1223.88	21.0819	-201.768	299.067	
-8421.32	-1829.82	2411.37	-692.936	-2333.78	-502.919	-1031.94	217.794	-226.082	
-3697.08	-4858.28	2501.41	1061.19	-614.126	-1367.04	-634.394	351.215	-534.949	
5011.16	4963.45	3949.2	4212.31	1340.83	-855.109	334.912	141.892	-383.288	
588.817	3670.03	-471.446	3234.67	1581.8	-295.841	-60.1473	212.452	-173.808	
-6366.8	-619.36	-3931.35	2068.79	1085.11	87.8955	-285.15	150.54	-126.077	
-4846.05	4397.06	-1049.76	925.285	831.811	-198.948	-115.862	-74.3077	-180.195	
-2328.49	7684.15	-411.579	-2210.84	493.648	-1698.49	-938.995	-94.2857	-255.57	
-1730.63	-1965.47	-3268.3	-2461.98	780.174	-2515.59	-765.96	-286.836	-346.533	
-4567.36	-14853.1	-7459.87	-666.057	340.681	-2251.43	-42.22	-332.354	-346.178	

17440.2	4818.59	9786.36	4730.01	5630.2	3488.45	725.862	478.055	-592.251	
-3584.43	-11215.3	-92.2755	452.07	2662.26	1854.75	-64.5941	71.6753	-907.743	
-12717.6	-6344.63	-1261.92	-418.668	-971.928	-1143.11	-793.938	188.141	-848.725	
1554.17	13627.9	3295.76	4538.05	379.279	-1147.1	-925.909	81.1585	-342.289	
10196.3	6000.61	1494.43	4708.91	-782.524	178.007	-1726.63	-454.078	163.579	
2390.67	-818.013	-818.761	514.523	-1008.14	146.717	-1204.9	-433.362	79.4863	
2036.83	2546.01	-92.5749	-1125.85	757.497	986.351	-1612.17	-487.364	19.4956	
-942.526	1686.68	1317.27	-3328.78	1165.59	1169.07	-1963.09	-564.135	20.4857	
-3379.95	-105.866	2189.14	-4403.13	1123.77	577.325	-981.878	-334.488	8.42808	
-5058.12	-4166.29	154.651	-3954.71	830.144	-496.078	-176.554	155.583	-114.296	
-267.881	940.06	435.493	-172.155	654.211	-1018.92	277.735	845.356	-138.422	
5514.36	3175.07	3468.3	1183.52	-1114.57	-1021.54	-264.052	824.902	-142.489	
5188.51	-6709.88	2826.72	-1393.32	-2503.29	-862.001	-777.746	128.663	-351.816	
3871.1	-5864.13	1783.31	-1536.32	-1082.82	-551.85	-605.053	-85.0634	-341.507	
-3050.26	-1188.15	-2469.52	-868.557	-1194.39	-952.591	-690.257	-175.312	-88.1028	

-477.966	6844.3	3559.23	2020.37	5800.83	-1173.52	3096.58	-487.635	-570.751	
-7311.51	-8867.6	-10133.8	-2803.43	1765.51	876.98	-426.514	445.103	-411.702	
-1603.04	-3235.96	-10115.7	-4346.65	-889.491	506.593	-1265.38	997.734	-182.223	
-3160.38	-1482.72	-3829.37	-4027.42	222.769	-880.078	150.56	505.489	-62.7418	
-5031.33	6255.52	7462.09	1036.17	1762.82	-277.277	2970.6	873.697	-44.871	
-5816.22	4579.25	7140.83	4031.61	2381.53	260.948	2444.16	581.246	-127.557	
-3299.66	1786.29	3877.65	2625.57	2198.61	452.166	1147.95	-194.33	-147.531	
4944.39	2924.07	4413.61	-1.96468	1059.76	646.848	465.533	-238.801	58.03	
9641.17	6930.12	6968.77	1021.96	501.518	441.351	413.5	102.742	205.467	
5851.49	-53.847	1311.39	569.708	-657.587	-36.5721	432.345	145.265	220.594	
-2558.79	-5071.99	-7411.55	-939.911	-1775.24	-434.461	1009.83	464.982	193.318	
-4318.48	-4535.96	-6707.74	-811.48	-1083.64	-42.349	1223.39	559.859	74.8709	
-2217.15	-7272.44	-4961.9	-841.558	-903.859	1407.76	1053.5	309.876	68.4122	
-1236.51	-4291.3	-1844.05	412.378	-1800.42	2329.16	591.304	316.82	252.454	
-1391.81	-6787.21	-1534.82	-287.063	-3664.45	1636.67	-1038.26	304.45	369.432	

1935.99	6598.05	-2405.39	1780.06	690.285	-1467.15	1136.03	444.249	123.909	
4276.32	12419.7	399.164	-575.908	3071.6	-535.477	-333.33	411.025	-202.206	
3410.3	8671.21	-1374.93	-1727.39	3133.67	250.531	-259.283	219.615	-160.575	
2201.82	2037.96	-656.611	1291.23	1887.68	257.863	41.9389	434.856	-68.4198	
1504.25	-6240.38	-386.401	385.919	212.552	-991.396	-852.613	389.634	-140.543	
1873.69	-4722.23	-1785.48	-337.549	-729.189	-728.388	-1005.73	-79.8879	58.2451	
1862.49	-1199.96	-2356.46	-1533.76	827.567	-713.083	142.633	-173.347	107.237	
2329.27	4806.88	1074.92	947.843	1942.96	-240.468	860.952	-46.5801	209.285	
1400.84	6539.51	2341.2	2226.39	1267.12	504.972	446.517	-150.054	258.622	
-1745.65	-27.7898	-1120.39	-23.3408	788.61	253.501	-434.14	-376.037	118.684	
-921.414	-3932.27	-2687.94	-1015.81	711.657	211.091	-885.899	-324.613	42.4077	
2756.16	2655.59	1995.13	1981.85	848.289	1071.7	-219.478	12.3902	68.6523	
3006.48	9216.62	5702.87	3097.78	783.125	905.961	697.295	-62.5492	110.357	
1486.23	5414.73	2218.43	49.5464	310.024	-576.437	149.081	-249.239	26.4223	
1104.04	2239.99	1461.26	-1046.13	281.503	-471.297	-346.996	-193.825	-52.1846	

7180.28	4449.04	-686.596	1169.67	802.506	297.437	-120.821	251.861	-40.654	
1689.81	-1463.28	-7104.82	724.302	-87.612	1.58592	622.582	679.819	170.621	
-8379.03	-15553.4	-14905.2	-5379.82	-2774.01	-686.032	-397.655	628.662	199.103	
-13013.5	-14445.7	-10226.2	-5834.91	-3472.07	-371.089	-71.4936	150.737	59.7691	
-8542.02	3729.66	-1213.68	-2467.37	-1280.31	1798.77	402.124	-64.153	-7.17341	
-846.204	8913.11	1765.88	1110.95	855.107	1325.7	-93.3763	-98.5553	114.45	
897.54	5778.77	963.511	1517.12	613.595	709.819	-471.067	52.6316	226.395	
-1833.07	2450.48	-1925.89	1398.23	125.097	357.965	-633.854	62.5131	289.539	
-2374.57	3800.08	1828.7	1342.29	675.113	390.68	-385.27	15.3894	288.747	
-2678.14	-16.3627	3318.51	1197.84	787.463	189.687	-303.694	171.025	203.611	
-3095.22	752.608	2710.44	1544.23	531.148	225.123	270.483	463.807	113.724	
-1205.55	6126.55	4387.21	2110.31	52.767	784.037	555.432	273.512	27.0335	
1276.37	3759.09	3596.55	1197.43	-499.137	106.073	-502.483	-327.6	104.899	
-1730.65	-2251.06	1249.75	-1234.34	-857.18	-1148.61	-820.172	-421.102	45.1471	
-4548.22	-4641.15	518.275	-2032.84	-1083.79	-1026.84	-121.368	-248.3	59.8648	

-176.482	-859.32	-804.892	-931.747	-133.497	-50.3964	-334.004	19.0566	90.7517	
476.494	172.172	202.09	-172.339	118.956	165.412	27.2576	68.9297	53.2817	
83.4904	994.155	875.874	444.258	197.115	387.84	241.596	144.938	-35.7158	
-707.106	635.221	447.367	770.459	-45.6382	306.19	125.161	151.81	-91.276	
156.711	1378.85	944.909	1059.34	-477.955	147.407	87.6142	122.682	-88.445	
-139.65	985.426	473.1	320.632	-193.845	-129.559	172.706	56.2798	-17.9653	
-246.621	1527.99	798.54	378.196	191.425	-54.7835	213.324	66.3501	-16.7338	
-524.426	649.366	677.751	399.081	354.894	30.2473	160.358	45.6643	-37.331	
-281.233	-651.588	-24.3594	-139.844	43.4385	37.1914	99.7324	-15.6417	-35.3227	
-182.109	-1619.32	-719.619	-826.034	-205.902	4.0722	45.0596	-28.0543	6.83571	
-122.849	-1717.07	-526.25	-867.19	-156.956	-102.136	39.8109	-11.9993	56.0201	
-127.8	-961.971	-177.127	-393.099	-2.10194	-201.09	17.659	-45.4177	54.2505	
-479.698	-344.645	-720.394	-280.234	-49.865	-113.922	-108.866	-129.63	33.4777	
-700.147	-486.264	-945.673	-92.9413	-222.127	19.5547	-111.656	-154.515	15.2706	
-406.363	198.988	-344.11	512.798	17.913	82.8227	103.628	-86.6589	-15.2457	

856.331	4276.44	-1847.08	-2209.7	3309.54	356.823	416.811	-148.826	-554.439	
3506.91	10890	1103.26	841.507	3662.99	686.417	479.513	44.2226	-654.537	
2499.3	15533.8	1735.76	2842.66	2818.27	1852.88	436.826	533.965	-464.855	
-3617.39	2625.52	1459.9	927.343	-27.3524	1136.59	-512.437	296.613	42.9555	
-12136.3	-18593.1	-3472.23	-4041.67	-2950.94	-986.376	-2760.54	-175.945	230.182	
-8244.87	-13971.4	-7117.99	-2356.32	-1773.17	-949.471	-2472.82	-480.425	-49.4409	
-5600.14	-9927.93	-10748.9	-1962.42	-1319.89	-837.677	-1907.13	-679.974	-187.662	
555.684	538.827	-2533.97	817.345	-712.6	109.314	-132.508	-545.539	-287.366	
1046.79	1237.53	1484.39	1884.03	-444.161	688.238	323.049	-362.975	-294.636	
1632.37	-3160.43	-2016.4	931.738	-1215.14	507.164	112.064	-259.028	-266.652	
2505.04	-5508	-5219.65	-384.86	-2072.94	-128.046	51.16	-91.9108	-248.429	
216.644	-7157.79	-4239.43	-1175.85	-1776.94	-1190.83	245.26	124.901	-246.582	
-4025.53	-5802.62	-1476.06	-1295.99	-777.827	-1681.61	552.119	245.032	-159.066	
-5726.04	-1984.35	954.131	-301.227	459.308	-1019.91	655.519	281.849	98.7017	
-3794.89	-754.674	1635.77	973.064	-148.444	-347.668	396.634	206.214	182.952	

5773.47	9920.38	-1708.02	-3968.25	-1600.3	681.352	738.302	-303.785	137.49	
-5954.99	-8532.73	-9529.55	-5452	-1621.22	-1596.63	352.665	-417.532	-101.457	
-3615.81	5106.95	-1650.67	-711.21	426.652	-1539.4	1021.32	-688.463	-13.6732	
5732.17	11466.8	2369.35	3881.74	1719.48	106.47	2212.76	-30.6117	-56.2169	
12540.9	4066.25	3749.11	6925.67	2548.84	1281.23	2788.86	26.7313	34.7078	
4088.08	5391.7	4222.41	4511.73	2285.75	737.667	624.494	17.6441	125.599	
982.353	7250.58	702.939	1609.99	1522.2	-204.541	-115.435	310.982	303.408	
-445.322	17438.1	1955.89	1750.01	1879.62	-568.789	668.253	670.07	416.833	
883.954	24091	7084.3	3734.78	2892.85	162.465	1545.21	110.766	120.388	
1155.89	18241.8	9937.94	4122.23	2769.8	592.427	1639.77	-648.83	-232.241	
3222.83	15680.1	13148.3	4384.76	2429.35	272.737	1148.05	-716.121	-252.891	
10647.3	23658.3	16858.4	5494.76	2529.13	-657.776	1022.68	40.4657	-33.4071	
11312.6	23809.1	11291.1	3871.26	1636.63	-1304.16	1154.27	635.82	85.1144	
439.452	8681.89	2057.43	452.801	404.828	-1049.96	791.065	708.059	82.5532	
-7073.99	-10538.7	-3702.15	-1360.9	-651.734	-1156.72	-202.974	365.287	-40.8966	

