ibin	iptbin	itheta	r0	V	sigma2	chi	Vn Errors
0	0	0	0.2067	0.0444	782.5124	0.4159	0.0037
0	0	1	0.2009	0.0457	782.5124	0.4279	0.0038
0	0	2	0.2012	0.0456	782.5124	0.4272	0.0038
0	0	3	0.1962	0.0467	782.5124	0.4381	0.0039
0	0	4	0.2035	0.0451	782.5124	0.4225	0.0037
0	0	5	0.1871	0.0490	782.5124	0.4595	0.0041
0	0	6	0.1870	0.0490	782.5124	0.4596	0.0041
0	0	7	0.1851	0.0496	782.5124	0.4645	0.0041
0	0	8	0.1803	0.0509	782.5124	0.4768	0.0042
0	0	9	0.1796	0.0511	782.5124	0.4787	0.0042
0	0	10	0.1832	0.0501	782.5124	0.4693	0.0042
0	0	11	0.1846	0.0497	782.5124	0.4656	0.0041
0	0	12	0.1842	0.0498	782.5124	0.4667	0.0041
0	0	13	0.1825	0.0503	782.5124	0.4710	0.0042
0	0	14	0.1826	0.0502	782.5124	0.4707	0.0042


ibin	iptbin	avgmult	avgpt	Vn mean	Vn mean Error
0	0	262.1597	0.9547	0.0485	0.0019

ibin	Nevent	totmultall	avgmultall	avgtrk
0	3146070.0000	824772772.0000	262.1597	231.4951

