ibin	iptbin	itheta	r0	V	sigma2	chi	Vn Errors
0	0	0	0.1263	0.0624	1469.5233	0.4968	0.0154
0	0	1	0.1442	0.0546	1469.5233	0.4351	0.0135
0	0	2	0.1357	0.0580	1469.5233	0.4623	0.0144
0	0	3	0.1339	0.0588	1469.5233	0.4686	0.0146
0	0	4	0.1277	0.0617	1469.5233	0.4912	0.0153
0	0	5	0.1347	0.0585	1469.5233	0.4657	0.0145
0	0	6	0.1434	0.0549	1469.5233	0.4373	0.0136
0	0	7	0.1257	0.0626	1469.5233	0.4991	0.0155
0	0	8	0.1261	0.0625	1469.5233	0.4976	0.0155
0	0	9	0.1549	0.0508	1469.5233	0.4050	0.0126


ibin	iptbin	avgmult	avgpt	Vn mean	Vn mean Error
0	0	305.4230	0.9598	0.0585	0.0068

ibin	Nevent	totmultall	avgmultall	avgtrk
0	177473.0000	54204328.0000	305.4230	270.5330

