ibin	iptbin	itheta	r0	V	sigma2	chi	Vn Errors
0	0	0	0.1917	0.0340	1420.9258	0.3328	0.0112
0	0	1	0.1998	0.0326	1420.9258	0.3192	0.0107
0	0	2	0.1417	0.0460	1420.9258	0.4501	0.0152
0	0	3	0.1392	0.0468	1420.9258	0.4583	0.0154
0	0	4	0.1440	0.0452	1420.9258	0.4430	0.0149
0	0	5	0.1555	0.0419	1420.9258	0.4104	0.0138
0	0	6	0.1454	0.0448	1420.9258	0.4388	0.0148
0	0	7	0.1586	0.0411	1420.9258	0.4022	0.0135
0	0	8	0.1875	0.0347	1420.9258	0.3402	0.0115
0	0	9	0.1533	0.0425	1420.9258	0.4162	0.0140
					1192.3084	0.4379


ibin	iptbin	avgmult	avgpt	Vn mean	Vn mean Error
0	0	369.1586	0.8949	0.0410	0.0059

ibin	Nevent	totmultall	avgmultall	avgtrk
0	10453920.0000	3859154811.0000	369.1586	162.0914

