228
72.7588	0.402732	129.031	0.717661	55.9781	1.21658	24.7763	1.71739	11.3202	2.2166	5.19298	2.72351	4.29386	3.39873	1.24561	4.42098	0.364035	5.47625	61715

69531

367
303
213
73.4469	0.402812	128.883	0.716538	56.8093	1.21479	24.4496	1.71999	11.2943	2.21807	5.50954	2.72098	3.85286	3.38189	1.18801	4.42253	0.326975	5.40699	99492

112214

73.165	0.402109	128.627	0.716754	56.033	1.21609	25.0759	1.71856	11.2145	2.21926	5.47195	2.72147	4.18812	3.41138	1.17822	4.39951	0.442244	5.38031	82040

92535

220
564
506
73.7981	0.401904	127.254	0.718007	56.7512	1.21368	25.4038	1.71346	11.3474	2.21785	5.0892	2.71531	4.34272	3.39958	1.18779	4.4282	0.441315	5.43631	57621

65096

335
74.1364	0.40239	128.777	0.716808	56.5364	1.21531	24.8773	1.71379	10.8864	2.21796	5.38182	2.71396	4.06364	3.37265	1.18182	4.39658	0.363636	5.42801	59677
73.6082	0.401662	129.101	0.716841	55.9699	1.2164	24.8901	1.71737	11.0585	2.21726	5.18794	2.71311	4.02128	3.39627	1.15248	4.42429	0.37234	5.40386	152363
73.6067	0.401688	128.14	0.717854	56.2312	1.21542	25.002	1.71724	11.2115	2.21977	5.51383	2.7203	4.06522	3.39861	1.11067	4.41138	0.353755	5.41049	136710

299


67365

73.8299	0.40178	129.104	0.716442	56.3612	1.21669	24.8627	1.71604	11.3522	2.21678	5.53134	2.71787	4.08657	3.40168	1.05373	4.41018	0.426866	5.39379	90875
172224

154449

73.6756	0.403146	128.569	0.717638	55.7559	1.21643	24.612	1.71732	11.4783	2.21557	5.51839	2.72215	4.1505	3.38799	1.28094	4.40878	0.337793	5.38262	81025


91308

7
102714

71.7143	0.398592	130	0.718909	59.5714	1.21295	23.4286	1.71212	11.8571	2.22221	4.85714	2.71118	3.85714	3.42057	1.57143	4.25607	0.428571	5.67029	1904

2151
226

72.5044	0.402004	128.792	0.716753	56.2035	1.21714	24.8628	1.7157	11.4558	2.21493	5.61062	2.7134	4.08407	3.38417	1.20354	4.40424	0.389381	5.42452	61194

68954

426
301
541
300
433
72.8028	0.402367	128.127	0.715916	56.0399	1.21617	24.7113	1.71734	11.5399	2.21921	5.32864	2.72145	4.02582	3.39047	1.20657	4.40766	0.396714	5.40809	114950

129580

73.7874	0.401824	128.668	0.716643	56.402	1.21655	24.2093	1.71722	11.3488	2.21941	5.36545	2.72765	3.87375	3.38495	1.04319	4.4115	0.428571	5.45419	81230

91843

364
455
73.4307	0.401925	127.745	0.717435	56.1146	1.21457	25.1405	1.71633	11.1978	2.21911	5.39926	2.72196	4.03512	3.39038	1.20333	4.4235	0.410351	5.42808	145945

164830

203
74.06	0.402323	128.663	0.716868	56.2286	1.21596	24.5935	1.71794	11.3072	2.21586	5.16397	2.72505	3.88222	3.38985	1.1224	4.44854	0.438799	5.44235	116989

132264

72.94	0.402349	127.75	0.718273	56.8267	1.21715	25.08	1.71638	11.5733	2.2185	5.42333	2.71785	4.16333	3.39564	1.18333	4.39425	0.396667	5.41475	81329

91601

72.9286	0.401672	129.231	0.716548	56.3187	1.21582	25.1511	1.71748	11.2253	2.22011	5.58242	2.72435	3.97253	3.39306	1.18132	4.41403	0.346154	5.44876	98710

73.0484	0.402	128.903	0.717187	56.3121	1.21536	25.2703	1.71461	11.1956	2.21907	5.42637	2.72347	3.99121	3.39282	1.09011	4.40955	0.358242	5.46177	123177
74.2759	0.402227	129.32	0.717272	55.7685	1.21477	24.1773	1.71617	11.202	2.21997	5.23645	2.7226	4.34975	3.39306	1.05911	4.40753	0.463054	5.40119	54942


111361
62088

139046


314
519
73.1465	0.40187	128.497	0.716597	56.4586	1.21714	25.3408	1.71805	11.2548	2.21892	5.31529	2.71892	3.79936	3.40158	1.13057	4.42566	0.407643	5.48494	84922

95880

73.6975	0.402539	128.197	0.717047	56.0559	1.21669	24.8382	1.71761	11.5125	2.21651	5.36802	2.72256	4.05202	3.3912	1.14258	4.41097	0.429672	5.43057	140422

396
190
401
158447

319
404
797
73.3485	0.4024	128.611	0.716832	56.6793	1.21558	24.7449	1.71988	11.2576	2.21487	5.37374	2.71949	4.02525	3.37921	1.16919	4.40728	0.424242	5.41306	107221

121031

72.7263	0.40205	128.084	0.718771	56.7947	1.21528	25.0737	1.71459	11.2842	2.21949	5.46316	2.72031	3.88947	3.39165	1.24211	4.37901	0.442105	5.40987	51390

323
57950

73.798	0.401223	129.743	0.718365	55.6559	1.21654	24.4838	1.71649	11.1496	2.21981	5.43641	2.71783	3.92768	3.40566	1.14963	4.41535	0.396509	5.38752	108388

122602

73.9122	0.402707	129.386	0.715369	56.1881	1.21642	24.2194	1.71695	11.1129	2.22054	5.3511	2.72534	3.9279	3.39115	1.19122	4.41013	0.373041	5.41832	86420

97506

73.146	0.401579	129.859	0.717121	56.0495	1.21647	24.6386	1.71642	11.0767	2.22164	5.24752	2.72179	3.92327	3.38847	1.21535	4.38676	0.376238	5.44302	109330
73.6286	0.401897	128.861	0.716974	55.9172	1.21579	24.8482	1.71747	11.4216	2.21829	5.31619	2.71802	4.03513	3.39653	1.12171	4.40216	0.417817	5.42274	215592

243537

72.3963	0.402008	128.087	0.71736	56.1424	1.2149	25.5542	1.71633	11.3994	2.21885	5.31579	2.71969	4.10526	3.38985	1.17957	4.39417	0.365325	5.42797	87270

123435


98368

261
474
179
73.7318	0.40175	128.605	0.717134	56.3831	1.21655	24.6935	1.71708	11.364	2.21816	5.31418	2.72805	3.76628	3.39185	1.15326	4.41234	0.367816	5.47069	70570

79704

73.0675	0.4022	129.084	0.717646	55.9451	1.215	24.9304	1.71805	11.1603	2.21614	5.30591	2.71667	3.98523	3.38296	1.13291	4.40711	0.417722	5.4062	128193

144584

72.1844	0.402521	127.704	0.71667	56.257	1.21786	24.7263	1.71563	11.7877	2.21878	5.6257	2.71579	4.30726	3.39406	1.17318	4.3952	0.374302	5.41104	48349

54441

568
299
73.0702	0.402296	128.522	0.715996	56.2174	1.21339	25.0769	1.71543	11.6756	2.21604	5.42475	2.71857	4.02007	3.40043	1.19398	4.42504	0.404682	5.42465	81055

91376

73.456	0.402041	129.331	0.716799	56.6849	1.21487	24.9049	1.71645	11.1884	2.2185	5.23415	2.71928	3.89261	3.38759	1.03345	4.4036	0.360915	5.39972	153945

325
173857

394
262
182
73.9262	0.401862	128.332	0.716675	56.1169	1.21453	25.2062	1.71681	11.7292	2.22477	5.53538	2.72105	4.03385	3.39538	1.27692	4.39325	0.415385	5.42534	88161

99636

370
753
74.4467	0.401969	128.883	0.71656	56.5051	1.2158	24.9797	1.71629	11.2386	2.21786	5.45939	2.71996	3.80964	3.39573	1.07107	4.40636	0.378173	5.42016	106906

120868

73.9656	0.401883	129.863	0.714823	55.5344	1.21395	24.8435	1.71466	11.374	2.22007	5.02672	2.72253	3.93893	3.38721	1.05725	4.38758	0.370229	5.42847	70900

80165

390
74.3242	0.402275	129.527	0.715457	55.8407	1.21336	23.8407	1.72092	11.2088	2.21834	5.0989	2.70927	3.41758	3.3724	1.09341	4.41871	0.307692	5.43132	49031

55448

301
73.6811	0.401923	129.643	0.716785	56.6054	1.21632	24.8541	1.71535	11.2162	2.21689	5.50811	2.71392	3.83514	3.40986	1.17027	4.40898	0.37027	5.41886	100608

113547

74.2815	0.40173	128.997	0.717092	56.0837	1.21583	24.9203	1.71603	11.2497	2.22043	5.27623	2.71566	3.92829	3.38772	1.10624	4.40427	0.416999	5.39115	203853
537

230614
114

73.9897	0.401684	128.926	0.717095	56.0667	1.21583	24.3128	1.71478	11.2897	2.21558	5.28974	2.7204	3.98205	3.3949	1.1641	4.43016	0.387179	5.3959	105218

119109

256
73.4485	0.401529	128.824	0.71598	55.8239	1.21569	24.4983	1.71636	11.4153	2.21808	5.51827	2.71446	4.03322	3.39604	1.21595	4.42642	0.431894	5.47433	81331

91868

170
73.5382	0.402158	128.879	0.71696	56.0466	1.21572	24.7039	1.71762	11.6648	2.21994	5.37244	2.71658	3.93482	3.39534	1.1676	4.40398	0.417132	5.39555	145446

71.4298	0.403197	127.044	0.71651	56.7544	1.21313	25.9035	1.72299	11.5	2.21499	5.65789	2.72145	4.35088	3.38097	1.09649	4.42857	0.464912	5.50722	30894

164174

34679

73.3906	0.401906	128.387	0.717996	57.0156	1.21856	25.0898	1.7172	11.8398	2.22157	5.41016	2.72035	4.07812	3.39226	1.17578	4.37238	0.425781	5.43479	69599

71.8471	0.401725	129.741	0.715506	57.7824	1.2149	24.7059	1.71768	11.4471	2.21858	4.92941	2.71203	3.82941	3.38514	1.17647	4.38679	0.435294	5.42438	46129
78544


52002

395
72.1949	0.402205	128.63	0.716814	56.3089	1.21606	24.8759	1.71635	11.8152	2.21446	5.52152	2.71594	4.06076	3.38686	1.08861	4.41294	0.412658	5.4348	106914

120439

281
303
74.2349	0.401895	128.758	0.718229	56.8114	1.21581	24.694	1.71909	11.363	2.21451	5.11032	2.71524	3.88612	3.40347	1.13879	4.41591	0.423488	5.48576	76166

86104

73.0066	0.401401	129.026	0.71699	55.9901	1.21432	25.033	1.72003	11.5941	2.21528	5.44884	2.71747	3.81848	3.40457	1.26403	4.40123	0.372937	5.43159	81953

92583

358
73.8408	0.40223	127.872	0.716979	55.8771	1.21461	24.7709	1.7161	11.0503	2.21834	5.26536	2.72534	4.00279	3.38874	1.10894	4.397	0.399441	5.43289	96424
493

108899

74.0406	0.401636	128.761	0.716508	56.5193	1.21637	24.645	1.71631	11.2069	2.21719	5.19675	2.71492	3.88844	3.3793	1.16227	4.41136	0.296146	5.46073	133211

353
439
150718

315
74.2011	0.402169	128.17	0.717464	55.7649	1.21593	24.7535	1.71862	11.272	2.21761	5.30312	2.72268	3.86686	3.38357	1.09632	4.38917	0.342776	5.38828	95114

107584

290
72.9567	0.401973	127.677	0.717009	56.7289	1.21668	25.1321	1.71536	11.369	2.21871	5.43964	2.72195	4.18223	3.39503	1.11162	4.41635	0.453303	5.41201	118683

73.3143	0.402186	128.654	0.717342	55.2984	1.21499	24.6571	1.71867	11.2635	2.21747	5.46984	2.7194	3.72381	3.38372	1.03492	4.4056	0.434921	5.44118	84810

95713

133917
360
73.6966	0.402184	128.521	0.717618	56.2276	1.21675	24.7172	1.71463	11.1345	2.22008	5.41034	2.71865	4.16897	3.37533	1.08276	4.42155	0.382759	5.44037	78485

88549


321
259
136
248
74.05	0.40192	128.742	0.716481	55.9583	1.21605	25.0056	1.71644	11.1028	2.21947	5.34167	2.71905	3.88889	3.38337	1.11389	4.38223	0.416667	5.41424	97368

110023

508
73.7601	0.402393	127.829	0.71705	56.2461	1.21776	25.1402	1.71876	11.2461	2.22137	5.45483	2.71429	3.93458	3.38562	1.30841	4.42175	0.373832	5.45774	86881

97999

72.7876	0.402561	128.456	0.715632	56.6409	1.21712	24.6602	1.71694	11.1892	2.2221	5.25869	2.7182	4.05405	3.40188	1.21236	4.39198	0.436293	5.46566	69953

78916

73.5956	0.402322	129.485	0.716395	55.1691	1.21693	24.9338	1.71689	11.5294	2.21339	5.14706	2.71859	3.73529	3.38875	1.125	4.39176	0.389706	5.41213	36749

41495

73.8952	0.402248	129.032	0.7158	55.6492	1.21652	25.0081	1.71807	11.3024	2.22217	5.2379	2.7068	3.95161	3.39382	1.16532	4.43059	0.443548	5.40248	67133

75810

73.3465	0.402268	128.766	0.717308	56.2913	1.21645	24.439	1.71469	11.187	2.21723	5.34449	2.7185	4.00984	3.39473	1.15354	4.37872	0.438976	5.42714	137317

154928

100
406
14
552
720
73.22	0.402841	128.81	0.717188	55.01	1.21141	24.47	1.72009	11.33	2.21664	5.32	2.71038	4.14	3.39233	1.25	4.44075	0.39	5.46164	26961

30394

73.33	0.402555	128.229	0.716038	56.4631	1.21706	24.5837	1.71632	11.4138	2.21931	5.11823	2.72218	3.98276	3.39458	1.11084	4.41149	0.35468	5.44053	109573

123662

278
73.7857	0.402219	132	0.715904	57.2857	1.21314	23.5714	1.71865	11.2143	2.23262	5.21429	2.72612	3.42857	3.4082	1.14286	4.32453	0.428571	5.3996	3827

4313

144
73.7319	0.401867	129.341	0.716629	56.1395	1.21508	24.5018	1.71868	11.4221	2.2167	5.22645	2.72017	3.94928	3.38013	1.19746	4.39621	0.440217	5.42677	149460

74.3403	0.40176	128.383	0.717165	56.2	1.21477	24.7667	1.71814	11.4181	2.22079	5.18472	2.72107	3.89583	3.38535	1.15278	4.41345	0.359722	5.40656	194561
73.7122	0.402487	128.335	0.717677	56.3849	1.21741	24.8597	1.71901	11.1583	2.21717	5.05396	2.7146	4.01439	3.40148	1.07554	4.41079	0.345324	5.43112	75093
168884



74.2153	0.401485	129.84	0.717736	55.7569	1.21744	24.0833	1.71596	11.5694	2.22255	5.02083	2.72363	3.99306	3.40305	1.11806	4.39005	0.444444	5.37504	38923
220105

84773


44070

393
74.1094	0.402155	128.794	0.716559	55.8168	1.21436	24.3308	1.71653	11.374	2.22015	5.14758	2.71516	4.04071	3.38746	1.1145	4.42244	0.356234	5.45251	105997

119898

645
73.9814	0.40162	128.898	0.71683	56.1767	1.21617	24.8605	1.71486	11.4434	2.21754	5.28682	2.72017	3.86667	3.38872	1.2093	4.40369	0.392248	5.41347	174639

197444

239
73.113	0.402045	128.728	0.716066	56.205	1.21572	25.0711	1.71583	11.2762	2.21996	5.11297	2.72076	3.89121	3.3896	1.159	4.40803	0.393305	5.40251	64607

72883

321
359
693
73.1371	0.40293	128.393	0.718379	55.8536	1.21446	24.6854	1.7179	11.6293	2.21405	5.27103	2.71836	3.919	3.39627	1.11526	4.39992	0.420561	5.41008	86659

97720

73.546	0.402314	128.284	0.717504	55.7744	1.21699	24.5292	1.71922	11.8579	2.2182	5.2312	2.72663	4.039	3.39191	1.19499	4.43021	0.367688	5.41192	96945

109432

624
72.6494	0.402029	128.417	0.71712	56.1717	1.21452	25.176	1.71805	11.2698	2.21877	5.28571	2.71753	3.99134	3.38214	1.20202	4.41286	0.412698	5.43575	187230

211071

73.6218	0.401882	128.308	0.717852	56.0288	1.21683	25.2837	1.71773	11.1074	2.21506	5.39263	2.72457	4.00801	3.38147	1.20192	4.42477	0.399038	5.43822	168745

190539

393
73.799	0.402059	129.046	0.71675	56.3893	1.21452	24.6794	1.71791	11.3868	2.21519	5.24936	2.72053	3.86514	3.40018	1.12977	4.39221	0.394402	5.46231	106468

120234

307
73.8306	0.401968	128.407	0.717059	56.2215	1.21446	24.8534	1.71433	11.202	2.21707	5.18567	2.71929	3.98371	3.39842	1.08469	4.38677	0.394137	5.38504	82926

93685

637
72.9419	0.401864	128.719	0.717919	55.9639	1.21644	25.0063	1.7175	11.4176	2.21787	5.18053	2.72112	4.08163	3.3812	1.13658	4.4015	0.390895	5.4613	172072

194182

367
73.2507	0.401574	127.414	0.717201	55.9973	1.21638	25.0708	1.71438	11.3815	2.22099	5.37057	2.72392	4.20436	3.40592	1.21798	4.39436	0.433243	5.40336	98899
265

111693

73.1208	0.402413	128.728	0.717747	56.3472	1.21627	24.9849	1.71766	11.3811	2.22144	5.34717	2.71751	3.95472	3.40191	1.04151	4.42354	0.283019	5.43605	71735

80875

348
72.8333	0.402191	127.569	0.717235	57.0862	1.21403	24.9282	1.71703	11.0603	2.21758	5.31322	2.72465	4.16667	3.39689	1.15517	4.42993	0.353448	5.44051	93921

105954

556
74.0504	0.402462	129.426	0.71703	55.75	1.21584	25.0342	1.71794	11.1924	2.21639	5.30576	2.72115	3.93525	3.38923	1.10791	4.40291	0.366906	5.44138	150756

170230

322
72.8789	0.401501	128.528	0.716484	56.2143	1.21416	24.9907	1.71717	11.2671	2.21783	5.42236	2.72058	4.12422	3.38239	1.21739	4.43191	0.419255	5.41157	87013

98230

491
530
295
73.8102	0.402427	128.586	0.716549	56.5085	1.21586	24.6475	1.72042	11.4576	2.21633	5.48475	2.72632	4.11186	3.39305	1.15593	4.41519	0.4	5.40345	80033

90318

761
73.8004	0.402469	128.487	0.716763	55.9226	1.21573	24.7047	1.71585	11.3523	2.22037	5.30143	2.71596	3.81263	3.39242	1.13238	4.43165	0.386965	5.45028	132618

74.0679	0.401709	128.911	0.716878	55.9868	1.21608	24.5887	1.71742	11.2925	2.21761	5.2434	2.71293	3.76226	3.40578	1.20189	4.39792	0.418868	5.45264	143200
73.2286	0.4023	128.096	0.717104	56.2352	1.21541	25.1813	1.71665	11.2917	2.21923	5.3548	2.71686	3.78844	3.39294	1.12221	4.40816	0.403417	5.42862	205542

231878

149706


161901

359
74.8552	0.402217	129.577	0.717051	56.0334	1.21631	24.8997	1.71551	11.2507	2.2168	5.23677	2.71606	3.64624	3.40015	1.18384	4.41409	0.381616	5.45751	97479

110236

540
73.6019	0.402109	128.404	0.717471	56.013	1.2145	25.2407	1.7183	11.587	2.2205	5.27407	2.72217	3.90556	3.3931	1.18333	4.41052	0.435185	5.4271	146166

165048

526
73.4163	0.402162	128.087	0.716548	56.4278	1.21682	25.0589	1.71708	11.3175	2.22098	5.4924	2.72095	4.03232	3.39682	1.11977	4.38863	0.393536	5.45413	142365

160612

700
12
73.6457	0.402052	128.897	0.717588	55.6414	1.21524	24.7629	1.71616	11.4286	2.2168	5.29571	2.71533	3.84286	3.39271	1.12	4.39782	0.422857	5.38193	189059

213540

444
76.3333	0.40241	127.5	0.718394	58.8333	1.21494	25.0833	1.71636	10.5	2.1992	5	2.7336	2.75	3.39241	1.75	4.47556	0.333333	5.40507	3270
73.4009	0.402342	128.009	0.717686	56.955	1.21705	24.8896	1.71895	11.2995	2.21675	5.28604	2.72543	3.90991	3.39147	1.15541	4.39902	0.337838	5.43633	120066

695

135528

3697

74.7281	0.402063	129.465	0.717745	55.859	1.21645	24.5065	1.71608	11.177	2.21782	5.30216	2.7215	3.96835	3.39278	1.10647	4.40418	0.376978	5.3924	188437

213010

301
486
617
72.5183	0.402456	128.535	0.717633	56.3688	1.21613	24.4585	1.71581	11.588	2.22078	5.29236	2.71551	4.18605	3.38024	1.18605	4.41475	0.431894	5.41799	81405

73.3004	0.401975	127.636	0.717806	56.4733	1.21455	24.8971	1.71547	11.6831	2.22014	5.45267	2.71636	4.06379	3.40789	1.12963	4.39991	0.458848	5.45362	131389

73.3323	0.40206	128.611	0.717409	55.8136	1.21692	25.1361	1.71734	11.5154	2.2187	5.42464	2.71511	3.96272	3.39023	1.16856	4.41066	0.401945	5.43312	166922

148276

91674

188411

620
73.5403	0.402122	128.776	0.716749	56.3419	1.21535	24.7758	1.7173	11.3145	2.22008	5.33871	2.71942	3.90484	3.3929	1.20323	4.39844	0.425806	5.42378	167843

189485

523
74.3346	0.402626	129.055	0.717648	56.0497	1.21437	24.8413	1.71796	11.413	2.21836	5.41109	2.71813	3.82409	3.40243	1.08222	4.43042	0.414914	5.44113	141966

160261

584
74.1969	0.401979	128.872	0.717462	55.8887	1.21512	24.6627	1.71576	11.6798	2.2192	5.5	2.71971	4.05137	3.40018	1.17466	4.39099	0.419521	5.40384	158300

178964

267
74.0899	0.402326	127.521	0.716974	56.7753	1.21543	25.176	1.71413	11.2697	2.21764	5.07865	2.72151	3.9176	3.38772	1.16854	4.39765	0.367041	5.43601	72144

81532

307
72.7818	0.402175	127.906	0.717786	56.43	1.21624	25.0521	1.71524	11.5603	2.21967	5.25081	2.72072	3.95765	3.38418	1.20847	4.39639	0.436482	5.43625	82922

93507

507
73.7199	0.401766	129.566	0.716675	56.3136	1.2153	24.1243	1.71708	11.4122	2.21937	5.22091	2.7177	3.93294	3.40454	1.07692	4.4109	0.368836	5.43164	137166

155008

536
74.1362	0.402317	129.185	0.717493	56.0131	1.21561	25.0485	1.7155	11.4291	2.21964	5.27612	2.71946	3.91791	3.39168	1.22575	4.39408	0.408582	5.43848	145497

164359

487
73.1314	0.401854	129.341	0.716383	56.2238	1.2151	24.8275	1.71872	11.2238	2.2185	5.37166	2.72207	4.09035	3.40152	1.10472	4.42241	0.410678	5.39972	131967

148888

88
72.8636	0.402406	127.398	0.718487	56.5227	1.21458	24.0682	1.71314	10.7841	2.21687	4.88636	2.7141	3.93182	3.41344	1.22727	4.41158	0.431818	5.37779	23552

26586

538
483
256
308
74.2063	0.40217	128.23	0.716702	56.0818	1.21519	25.0669	1.71763	11.5669	2.21721	5.30112	2.71561	3.90706	3.39334	1.13011	4.3895	0.457249	5.40038	145697

164600

73.7019	0.402143	129.056	0.717152	55.8447	1.21457	25.0518	1.71673	11.2795	2.21439	5.14286	2.72397	3.95445	3.39975	1.147	4.40406	0.380952	5.41532	130700

147585

470
71.9805	0.401836	129.477	0.71755	57.1133	1.2149	24.4609	1.71931	11.5781	2.21942	5.20312	2.71869	3.99609	3.40052	1.21484	4.42171	0.40625	5.44942	69398

78190

74.0649	0.402195	128.442	0.716728	56.3604	1.2157	24.7078	1.71673	11.7338	2.21916	5.30844	2.72214	3.91558	3.39748	1.13636	4.41759	0.386364	5.43806	83478
73.3213	0.402593	128.509	0.717624	55.8553	1.21586	24.6043	1.71875	11.334	2.21694	5.09362	2.71962	4.1234	3.39561	1.08085	4.38459	0.402128	5.43811	126866

94265


143032

464
467
73.1918	0.402039	128.209	0.716791	55.7543	1.21616	25.1336	1.7178	11.5323	2.21801	5.36207	2.72509	4.02586	3.39427	1.19612	4.39475	0.405172	5.42878	125333

141432

73.2741	0.402062	129.173	0.717067	56.0728	1.21627	25.1991	1.71872	10.8458	2.21985	5.21413	2.72136	4.0257	3.38698	1.15418	4.40259	0.428266	5.43182	126307

142616

148
72.5068	0.402059	129.385	0.716045	57.3176	1.2156	24.3243	1.7163	11.2635	2.22284	5.60135	2.73276	4.16892	3.40398	1.02027	4.39889	0.391892	5.43205	40192

45285

292
283
365
72.4212	0.402181	129.353	0.715773	56.6027	1.21492	24.7945	1.71655	11.1575	2.21894	5.30822	2.71258	4.03082	3.39312	1.22603	4.42866	0.39726	5.45434	79120

89145

72.9152	0.402049	129.438	0.717726	55.8516	1.21557	24.9611	1.71813	11.3852	2.22358	5.15194	2.71972	3.99293	3.39521	1.23322	4.4246	0.353357	5.42537	76627

86395

73.8822	0.402123	129.477	0.71749	55.5233	1.21511	24.7315	1.71615	11.5233	2.21513	5.38904	2.72135	3.93699	3.39535	1.10685	4.40547	0.40274	5.42926	98861

111680

506
73.7945	0.402276	128.364	0.717509	56.4941	1.216	24.6581	1.71692	11.251	2.21488	5.42885	2.71547	3.98617	3.38015	1.02964	4.41795	0.432806	5.40394	136817

154552

418
73.311	0.40248	128.888	0.71686	56.3134	1.21471	24.8254	1.71406	11.2273	2.21895	5.23445	2.72552	3.98325	3.39499	1.1244	4.38612	0.38756	5.46788	113098

127613

138
73.9783	0.40232	128.225	0.71562	55.7899	1.21562	24.8623	1.71886	11.2536	2.21554	5.73913	2.72594	4.01449	3.39339	1.2971	4.38722	0.347826	5.35255	37310

42160

277
442
273
74.3574	0.402373	130.538	0.717679	55.491	1.21595	24.2816	1.71456	10.7545	2.21884	5.20939	2.717	3.80505	3.38523	1.10108	4.4368	0.361011	5.41944	74986

84734

73.6493	0.402027	129.527	0.715598	55.9887	1.21646	24.6878	1.71921	11.19	2.21675	5.39593	2.72408	3.91176	3.3973	1.14706	4.40686	0.414027	5.44378	119704

63
73.5458	0.402438	129.216	0.717678	55.7802	1.21552	24.7253	1.71764	11.2601	2.21765	5.11355	2.7268	3.90842	3.38664	1.19414	4.37886	0.40293	5.4098	73850

83305

135213

399
71.9365	0.404046	128.27	0.716924	55.9524	1.21479	25.2063	1.71801	11.6667	2.20632	4.98413	2.71609	3.66667	3.37109	1.26984	4.43028	0.222222	5.35511	17016

19100

73.2882	0.402058	128.642	0.716535	56.4637	1.21611	25.0401	1.7177	11.0852	2.22278	5.40351	2.71254	3.93734	3.39112	1.19549	4.38834	0.423559	5.38245	107945

121886

273
74.2454	0.401716	128.498	0.717745	55.707	1.21497	24.8095	1.71683	11.6154	2.22117	5.1978	2.71524	3.95971	3.38154	1.17949	4.38542	0.347985	5.41572	73680

83418

0
-nan	-nan	-nan	-nan	-nan	-nan	-nan	-nan	-nan	-nan	-nan	-nan	-nan	-nan	-nan	-nan	-nan	-nan	0

0

371
73.7278	0.402707	128.736	0.718211	55.8032	1.21739	24.6577	1.71558	11.6038	2.21683	5.54447	2.71929	3.98652	3.38597	1.14016	4.39396	0.428571	5.38998	100470

113388

13
70.6154	0.402895	132	0.710779	53.7692	1.20965	23.6923	1.72229	10.3077	2.20462	5.30769	2.72819	4.76923	3.36248	1.76923	4.44623	0.384615	5.61558	3511

3934

252
72.119	0.402601	127.782	0.71713	56.5437	1.2173	25.0079	1.7204	11.5516	2.22004	5.5754	2.72157	4.09524	3.37925	1.11905	4.39603	0.47619	5.42087	68120

76676

251
73.4143	0.401248	129.426	0.717451	55.9084	1.21735	24.8287	1.71613	11.2231	2.21126	5.251	2.71683	4.00398	3.38293	1.28287	4.39538	0.426295	5.41171	67968

76747

247
73.6802	0.402419	128.591	0.716411	56.2794	1.2165	24.6437	1.71623	11.3279	2.2184	5.35628	2.72042	3.76923	3.39551	1.20243	4.43545	0.368421	5.52423	66860

75389

352
393
72.8295	0.401521	128.676	0.716207	56.2756	1.21589	24.7244	1.71484	11.2273	2.21635	5.44318	2.71521	3.92898	3.38602	1.09375	4.38863	0.366477	5.41642	94959

107207

72.9975	0.401882	129.374	0.717433	55.7786	1.2163	24.7557	1.71843	11.3232	2.21734	5.3257	2.72246	4.05598	3.39298	1.11705	4.44045	0.40458	5.41401	106242

119917

424
73.8561	0.401765	129.139	0.717996	56.0519	1.21611	24.8349	1.71655	11.3019	2.21846	5.24057	2.72156	3.92217	3.38881	1.125	4.4011	0.389151	5.42077	114739

129685

227
71.9604	0.402004	127.498	0.715875	55.8414	1.216	25.2775	1.71848	11.5771	2.21759	5.55066	2.71922	4.32599	3.39333	1.19824	4.44159	0.422907	5.43315	61151

68929

254
72.8346	0.402087	128.283	0.717992	56.3071	1.21718	25.4055	1.71569	11.6142	2.21822	5.53937	2.72686	4	3.38292	1.05118	4.40015	0.374016	5.41278	68761

77574

253
73.3715	0.402174	128.372	0.71784	56.3083	1.21699	24	1.71542	11.1225	2.21779	5.34783	2.71977	3.87352	3.38415	1.12648	4.4203	0.383399	5.42279	68065

76888

15
71.9333	0.40204	131	0.714074	55.2	1.21594	24.3333	1.70476	11.6667	2.20446	5.46667	2.73434	3.4	3.36877	1	4.3856	0.333333	5.1619	4054

4565

214
73.972	0.401867	129.593	0.715526	56.0701	1.21473	24.6121	1.71764	11.5748	2.21818	5.30841	2.71975	3.8271	3.3987	1.04206	4.4104	0.392523	5.38426	58061

65568

202
73.8663	0.402556	128.743	0.718033	55.4851	1.21759	24.5743	1.71816	11.3317	2.21781	5.4604	2.72008	3.9703	3.39642	1.0198	4.42326	0.425743	5.46319	54533

61585

13
76.3846	0.401818	128.308	0.716865	57.5385	1.20975	24.8462	1.7026	11.1538	2.2042	5	2.71435	3.53846	3.40299	0.923077	4.17449	0.307692	5.29584	3525

4004

204
72.7794	0.402162	127.25	0.71607	56.7451	1.21531	24.5539	1.71903	11	2.21709	5.86275	2.71396	3.97059	3.38592	1.17157	4.4062	0.5	5.44737	54987

61982

224
73.5357	0.402968	128.862	0.715439	56.3929	1.21488	24.6071	1.72073	11.4911	2.21702	5.35268	2.72473	3.79464	3.39225	1.19643	4.42916	0.361607	5.34214	60740

68453

213
74.5681	0.402167	128.009	0.717946	55.4507	1.21738	24.723	1.71614	11.2254	2.21505	5.41315	2.71733	4.20657	3.40357	1.1831	4.41085	0.502347	5.44839	57499

65025

208
72.3942	0.401121	129.851	0.717245	55.6779	1.21558	24.5769	1.72226	11.3702	2.2187	5.59135	2.72501	4.125	3.39304	1.10096	4.38377	0.427885	5.40091	56231

63464

186
75.0591	0.402382	127.876	0.716827	55.6452	1.21541	24.586	1.71892	11.6667	2.21718	5.29032	2.72725	3.74731	3.40468	1.08602	4.38148	0.387097	5.43357	50165

56794

179
73.1006	0.402742	128.832	0.717234	55.7877	1.21375	24.4637	1.71473	11.162	2.21504	5.27933	2.72216	3.80447	3.38586	1.10615	4.37937	0.407821	5.42067	48252

54406

189
73.5714	0.402037	129.169	0.717579	56.3386	1.21591	25.2857	1.72118	10.9259	2.21851	5.44444	2.72315	3.72487	3.40112	0.978836	4.40078	0.37037	5.39141	51139

57798

177
73.1243	0.402265	128.452	0.717878	56.5593	1.21646	24.8079	1.71831	11.6215	2.21785	5.60452	2.72261	4.0791	3.41162	1.0565	4.37429	0.440678	5.35282	47989

54117

162
73.8148	0.401859	127.864	0.717526	55.821	1.21826	25.0309	1.71693	11.3395	2.22426	5.40741	2.71612	4.06173	3.39071	1.09877	4.38398	0.444444	5.39285	43712

49391

