ibin	iptbin	itheta	r0	V	sigma2	chi	Vn Errors
0	0	0	0.0823	0.0493	3091.1375	0.5257	0.0075
0	0	1	0.0854	0.0475	3091.1375	0.5062	0.0073
0	0	2	0.0908	0.0447	3091.1375	0.4762	0.0068
0	0	3	0.0886	0.0458	3091.1375	0.4882	0.0070
0	0	4	0.0880	0.0461	3091.1375	0.4915	0.0071
0	0	5	0.0932	0.0435	3091.1375	0.4640	0.0067
0	0	6	0.0918	0.0442	3091.1375	0.4710	0.0068
0	0	7	0.0965	0.0420	3091.1375	0.4481	0.0064


ibin	iptbin	avgmult	avgpt	Vn mean	Vn mean Error
0	0	592.6543	0.9259	0.0454	0.0033

ibin	Nevent	totmultall	avgmultall	avgtrk
0	175727.0000	104145361.0000	592.6543	270.5330

