-605.061	
-4223.69	
-4149.45	
-6486.57	
-2851.99	
-2662.19	
-3737.89	
-2189.62	
-4909.22	
-5729.81	
-3466.26	
-4056.24	
-6866.5	
253.513	
-5915.36	
-3225.78	
-2248.27	
-3385.95	
-879.552	
-10029.5	
-6723.03	
-1910.32	
-4617.27	
-2590.11	
-1648.47	
-1676.42	
-6809.5	
-6081.42	
-6446.57	
-9110.79	
-2301.81	
-2779.64	
-5286.35	
-3822.74	
-6793.89	
-4834	
-4344.44	
-8331.34	
-2659.21	
-9049.26	
-2542.02	
-2396.26	
-8320.67	
-2840.69	
-9267.35	
-1245.17	
-8551.44	
-4016.44	
-5387.22	
-2254.11	
-4057.42	
-9618.83	
-4110.68	
-6210.02	
-5092.25	
-7287.32	
-7963.66	
-6291.98	
-5063.94	
-5025.44	
-4735.4	
-3815.32	
-345.146	
-7033.63	
-7221.63	
-9144.42	
-2782.92	
-5952.89	
-2555.79	
-6738.96	
-2906.56	
-8712.05	
-7449.74	
-9588.09	
-3804.13	
-7352.45	
-5449.08	
-5768.9	
-6766.15	
-5340.07	
-2513.45	
-3421.89	
-1643.73	
-10970.7	
-2974.3	
-3004.87	
-7649.13	
-4894.53	
-3407.84	
-6171.39	
-7341.06	
-8102.25	
-1313.31	
-883.974	
-6874.48	
-4743.88	
-4494.84	
-9143.37	
-1121.58	
-4434.84	
-10230.5	
-9130.06	
-10087.7	
-6983.99	
-3866.75	
-2670.27	
-6117.16	
-3878.09	
-5520.85	
-1157.66	
-4551.45	
-7201.54	
-7894.03	
-6865.02	
-2895.96	
-12345.1	
-3887.9	
-1709.33	
-6109.35	
-11348.2	
-4467.13	
-4940.37	
-6441.98	
-9588.34	
-4756.78	
-10218.5	
-4549.99	
-5862.19	
-2377.88	
-2520.34	
-1335.64	
-5051.17	
-5761.26	
-5767.82	
-4045.31	
-1125.5	
-1450.75	
-3978.25	
-3955.64	
-8324.86	
-2432.44	
-3342.99	
-1405.95	
-2984.66	
-4625.85	
-4832.96	
-5000.93	
-7767.2	
-5177.52	
-2337.17	
-1280	
-3529.95	
-1935.44	
-9502.51	
-3992.89	
-9530.78	
-5571.48	
-6525.97	
-2209.13	
-14054.5	
-5720.48	
-2642.46	
-8129.39	
-5937.73	
-4275.85	
-5064.63	
-8308.78	
-2386.26	
-1189.69	
-6144.88	
-4171.82	
-7298.77	
-7214.02	
-7476.87	
-2879.74	
-3707.48	
-5632.1	
-6759.67	
-8446.01	
-5720.41	
-2904.26	
-4280.71	
-7078.22	
-5377.79	
-8485.84	
-3914.14	
-3226.98	
-5232.23	
-5121.71	
-3612.83	
-5283.95	
-6373.17	
-2157.12	
-5937.99	
-12632.1	
-3962.11	
-2228.56	
-4661.2	
-3329.7	
-1981.24	
-4694.31	
-7839.23	
-3033.23	
-3615.68	
-3103.92	
-282.691	
-9047.31	
-8968.76	
-3254.84	
-6878.85	
-5886.77	
-6279.73	
-5240.1	
-4208	
-2907.54	
-5307.42	
-10635.4	
-3254.7	
-3405.03	
-7493.51	
-10025.3	
-5405.78	
-5997.59	
115.733	
-6929.36	
-3623.03	
-5179.24	
-3711.65	
-4670.69	
-3756.19	
-11047.6	
-4839.92	
-9023.11	
-1609.72	
-8726.69	
-4950.83	
-6103.83	
-9069.16	
-4431.13	
-8205.09	
-1343.96	
-1865.16	
-2220.79	
-7507.52	
-3449.58	
-1188.81	
-2452.39	
-6648.51	
-4036.6	
-4783.53	
-5419.73	
-10143.6	
-10669.9	
-4488.75	
-3432.73	
-8369.15	
-4502.86	
-6450.45	
-5594.57	
-3887.24	
-4180.06	
-6038.38	
-5991.67	
-6871.05	
-4961.71	
-7917.84	
-7235.79	
-4221.76	
-4841.72	
-10262.6	
-2971.16	
-1810.97	
-5921.4	
-8102.56	
-5469.13	
-3287.45	
-6398.07	
-6424.17	
-6038.98	
-3593.69	
-4105.03	
-4707.8	
-10182.2	
-4708.6	
-4628.83	
-6248.34	
-2609.62	
-7097.71	
-11026.5	
-2890.28	
-10452.8	
-3904.71	
-4894.58	
-6879.99	
-7890.09	
-6074.06	
-2610.06	
-8272.22	
-11818.2	
-10168.9	
-2079.93	
-4981.01	
-4136.46	
-1600.81	
-7502.97	
-2422.2	
-7822.78	
-3938.54	
-3763.75	
-5430.98	
-1449.72	
-826.19	
-7122.39	
-5713.43	
-2484.64	
-5416.46	
-4431.59	
-9294.82	
-1836.25	
-3515.77	
-4322.49	
-4824.76	
-3096.37	
-3715.82	
-5796.3	
-8992.81	
-3911.84	
-2707.32	
-9473.83	
-3040.51	
-8991.82	
-8685.5	
-2800.3	
-7113.55	
-3586	
-10826.3	
-4252.25	
-3862.05	
-1734.14	
-2732.68	
-2387.88	
-5163.83	
-10758.7	
-3830.29	
-2410.85	
-3487.79	
-2716.41	
135.548	
-6273.56	
-5164.65	
-1543.74	
-5367.95	
-9784.3	
-3538.18	
-2377.81	
-4943	
-5284.36	
-5604.36	
-5223.81	
-3054.95	
-5060.47	
-10392	
-7098.13	
-3732.05	
-1956.18	
-6396.16	
-5314.93	
-3241.07	
-3395.58	
-8307.49	
-1742.18	
-4422.6	
-2973.48	
-3292.48	
-2536.67	
-8318.12	
-7104.05	
-8617.01	
-7496.19	
-3172.91	
-4676.83	
-4911.04	
-5862.08	
-5231.57	
-2847.55	
-3704.24	
-8603.08	
-2988.25	
-4558.31	
-3057.78	
-2950.45	
-4229.67	
-7551.7	
-2640.95	
-4578.22	
-2870.03	
-6267.06	
-4426.18	
-3326.29	
-4319.64	
-4273.7	
-11254.4	
-7301.14	
-10267.7	
-3062.64	
-3660.17	
-7289.08	
-5557.28	
-6367.72	
-3500.03	
-4252.26	
-5527.37	
-5705.04	
-6592.92	
-8006.39	
-5289	
-2841.23	
-840.222	
-7600.14	
-8930.11	
-3756.58	
-2777.46	
-4537.29	
-4421.25	
-10144.4	
-612.809	
-8126.39	
-8082.25	
-2483.73	
-2933.73	
-7888.97	
-4400.16	
-3366.26	
-2500.66	
-3394.59	
-8452.26	
-4104.65	
-2337.5	
-3785.8	
-8231.5	
-3755.24	
-11370.1	
-4150.82	
-5957.62	
-366.274	
-9743.93	
-6624.67	
-6143.26	
-1886.94	
-3435.59	
-3770.12	
-4150.97	
-3773.64	
-2680.93	
-2431.22	
-4275.96	
-5034.21	
-1757.2	
-7152.89	
-8878.26	
-3282.54	
-3660.55	
-6576.8	
-15310.3	
-8187.01	
-7519.23	
-2898.51	
-4881.75	
-3381.26	
-6221.01	
-6099.45	
-6763.61	
-1092.59	
-1615.43	
-3997.47	
-4043.32	
-4570.66	
-7126.56	
-2944.33	
-9237.92	
-1714.29	
-4726.11	
-2770.37	
-3711.07	
-5256.67	
-6073.19	
-7103.11	
-6396	
-4560.83	
-1246.02	
-2158.08	
-8279.11	
-5512.22	
-9950.22	
-5209.18	
-1709.09	
-11020.2	
-6383.79	
-4678.41	
-5007.68	
-2298.37	
-7901.3	
-6726.78	
-3560.72	
-2953.8	
-149.941	
-6879.39	
-4949.92	
-6327.31	
-3595.06	
-8580.88	
-6456.35	
-4002.24	
-14057.6	
-9778.64	
-4238.45	
-6110.3	
-5352.88	
-3509.26	
-4494.42	
-7189.54	
-11533	
-6652.5	
-6540.66	
-1953.67	
-4547.07	
-1007.82	
-4041.16	
-326.976	
-6237.83	
-7122.4	
-4960.27	
-6345.84	
-5898.42	
-4004.95	
-6980.08	
-5136.28	
-2967.45	
-8135.31	
-5520.35	
-8325.75	
-7532.69	
-873.209	
-2720.19	
-2561.55	
-5118.52	
-2407.16	
-5199.28	
-6034.71	
-7676.68	
-1846.28	
-9483.23	
-5045.23	
-1131.08	
-6005.9	
-4654.98	
-2797.66	
-8450.28	
-6933.11	
-7367.78	
-7203.86	
-9203.32	
-6796.8	
-5292.81	
-4739.28	
-3865.34	
-6453.6	
-3544.7	
-9749.4	
-6552.43	
-2317.6	
-5592.16	
-8532.19	
-2891.42	
-7192.87	
-6142.23	
-3412.78	
-6379.24	
-10331.9	
-4100.89	
-4391.46	
-3500.92	
-4534.95	
-8261.19	
-9635.49	
-10164.3	
-11146.7	
-1427.42	
-4049.14	
-3663.94	
-4657.53	
-3759.42	
-6437.43	
-5350.78	
-5204.37	
-801.418	
-2009.27	
-8808.34	
-6402.6	
-4761.34	
-921.465	
-4111.73	
-8471.83	
-11960.6	
-1949.4	
-4880.15	
-3436.26	
-7852.76	
-4491.74	
-5207.94	
-2434.33	
-7326.26	
-5544.16	
-8677.85	
-5824.94	
-4924.29	
-8737.63	
-4635.6	
-8374.66	
-5985.67	
-5781.49	
-4783.3	
-2865	
-3557.61	
-2687.7	
-6451.05	
-7441.73	
-3570.04	
-5672.65	
-2971.76	
-7120.94	
-6790.61	
989.023	
-2270.67	
-8323.11	
-2654.96	
-6367.37	
-9012.11	
-9398.04	
-6370.86	
-5519.07	
-3317.56	
-11212.3	
-5664.9	
-2723.71	
-3753.49	
-4453.09	
-4464.02	
-3709.01	
-7105.7	
-6848.87	
-7778.8	
-2247.59	
-6710	
-4666.7	
-9083.26	
-692.056	
-6863.76	
-5440.53	
-262.635	
-4816.15	
-2713.77	
-8188.44	
-8493.21	
-9611.22	
-9153.5	
-4259.08	
-2791.59	
-3092.62	
-4941.87	
-6392.2	
-4388.94	
-4002.28	
-8509.64	
-4214.21	
-2390.88	
-1785.25	
-3167.9	
-4578.61	
-4466.38	
-8744.1	
-11402.4	
-3687.01	
-2953.65	
-5790.46	
-7895.36	
-4100.8	
-4270.88	
-4025.48	
-10196.6	
-3497.08	
-7227.35	
-9856.41	
-8396.13	
-1897.95	
-11098.2	
-5977.23	
-3582.64	
-7074.15	
-3341.75	
-4242.77	
-2794.72	
-793.365	
-10193	
-3479.3	
-5871.79	
-4035.79	
-5427.39	
-1391.59	
-3256.18	
-1708.43	
-5538.15	
-4117.59	
-2617.69	
-1602.47	
-2818.03	
-3359.87	
-7874.74	
-2394.84	
-7755.56	
-3973.16	
-1804.01	
-8428.92	
-2887.48	
-4326.87	
-7870.78	
-3180.38	
-9742.19	
-648.488	
-8530.25	
-1921.88	
-7893.17	
-3972.05	
-3678.66	
-2104.22	
-2972.1	
-2583.56	
-4915.47	
-6761.94	
-6849.48	
-4084.72	
-7052.69	
-5744.34	
-3426.85	
-5754.41	
-6664.88	
-3016.69	
-7693.32	
-6522.36	
-9589.99	
-4400.81	
-5662.1	
-3512.27	
-3734.82	
-1906.15	
-9987.52	
-6777.91	
-3086.95	
-8833.39	
-15277.2	
-4708.45	
-9438.17	
-3816.1	
-7906.99	
-1342.76	
-4232.4	
-1760.45	
-4363.1	
-3948.45	
-4340.52	
-4357.83	
-7305.07	
-3965.84	
-2883.11	
-3443.28	
-1732.95	
-2609.4	
-4241.86	
-11366.3	
-6166.37	
-7699.24	
-866.037	
-4496.58	
-12877.6	
-6968.37	
-1874.68	
-3622.81	
-4111.64	
-2746.46	
-3512.18	
-3612.76	
-8633.35	
-1860.01	
-2642.23	
-1254.35	
-5485.34	
-3473.86	
-4097.38	
-3643.99	
-3789.52	
-3950.52	
-5334.91	
-7891.71	
-1721.1	
-8836.61	
-11365.1	
-5427.9	
-3753.68	
-2633.26	
-10178.8	
-8206.89	
-869.282	
-2601.53	
-8641.29	
-6236.45	
-1776.17	
-6040.85	
-2027.71	
-7813.03	
-5311.05	
-4203.98	
-3787.27	
-2644.32	
-12143.7	
-3282.11	
-887.542	
-7486.77	
-5775.21	
-11951.2	
-4118.97	
-3887.29	
-6561.81	
-11163.5	
-1239.51	
-10088.1	
-2215.66	
-3480.6	
-2276.63	
-7843.57	
-8828.4	
-2511.54	
-5919.05	
-3635.16	
-1562.04	
-6237.68	
-1513.96	
-3140.61	
-4378.97	
-235.398	
-5124.12	
-6337.29	
-9522.83	
-7447.2	
-4667.32	
-7696.4	
-3391.44	
-4053.55	
-568.754	
-4137.9	
-6059.52	
-4304.07	
-5581.73	
-2959.44	
-2661.55	
-3361.75	
-8881.38	
-6696.97	
-7261.31	
-2266.79	
-7184.86	
-3704.16	
-2716.53	
-6919.43	
-2284.31	
-5267.53	
-3736.69	
-3458.71	
-9423.4	
-8261.64	
-3983.12	
-2575.83	
-782.642	
-5497.13	
-5984.58	
-4493.35	
-4100.68	
-7879.4	
-3757.83	
-5959.08	
-7917.77	
