-10026.3	
-8421.3	
-8995.56	
-8676.46	
-7373.87	
-10541.3	
-9607.73	
-10927.8	
-16803.8	
-11387.1	
-11360.4	
-15259.9	
-19046.8	
-8755.85	
-13890.7	
-16777.2	
-11476.3	
-9961.93	
-14243	
-23274.2	
-25658.1	
-6263.97	
-16522	
-11199	
-9176.58	
-7990.97	
-19357.8	
-8649.5	
-15085.9	
-31881	
-12132.6	
-10816.6	
-10637.9	
-14524.4	
-24600.6	
-9858.84	
-12987.5	
-26926.3	
-7593.24	
-17377	
-8023.2	
-10799.2	
-10577.5	
-9435.14	
-14450.6	
-15115.1	
-25377.2	
-22722.8	
-8825.58	
-14712.8	
-6957.87	
-24814.3	
-17674.1	
-15888.9	
-15184.2	
-18992.4	
-24772.6	
-12618.2	
-6683.41	
-17634.6	
-13750.1	
-9095.65	
-8256.33	
-14132.5	
-12157.2	
-27184.8	
-11390.9	
-11944.9	
-8314.94	
-17865.9	
-9270.54	
-26621	
-19439.7	
-29194.8	
-15878.2	
-26181.4	
-20359	
-12603.2	
-17451	
-17768.2	
-13398.2	
-16424.3	
-7234.81	
-26799.5	
-10400.8	
-12464.9	
-16151.8	
-10220.6	
-10532.2	
-16863.5	
-25251.5	
-27947.2	
-8925.93	
-13685	
-16210.3	
-13964.6	
-11401.4	
-20022.7	
-9433.72	
-15367.7	
-25125.7	
-27472.3	
-18673.7	
-25155.6	
-11462	
-11231.7	
-18229.4	
-13974.8	
-8540.35	
-9565.92	
-13411	
-24942.8	
-17516.9	
-15677.7	
-13212	
-29585.7	
-14099	
-9525.8	
-25305.2	
-25523.4	
-19626.1	
-14798.2	
-18637.5	
-32781.1	
-24818.1	
-20581.6	
-15119.8	
-9531.56	
-10687.1	
-9365.34	
-4819.99	
-14970.1	
-20882.2	
-16303.6	
-14105.1	
-11534.2	
-7888.72	
-11468.8	
-16530.7	
-20765.1	
-7495.88	
-8998.67	
-7510.25	
-9804.36	
-21233	
-16745	
-11436.9	
-24283.2	
-14804.6	
-19411.8	
-8154.52	
-10787.8	
-12659.2	
-26625.4	
-12682.8	
-24536.9	
-17072	
-20381.8	
-11718.5	
-31103.3	
-26856.1	
-12601.6	
-22077	
-12229.7	
-24172.9	
-15543.2	
-18786.2	
-7037.88	
-8651.18	
-19220.7	
-11099.7	
-17114	
-29160.4	
-16330.2	
-7382.78	
-11211	
-12911.3	
-15537.1	
-15227.8	
-16229.6	
-10940.8	
-13415.2	
-24832.9	
-29041.5	
-26518.5	
-9924.14	
-16687	
-16918.5	
-9827.6	
-10982.5	
-23619.5	
-17361.5	
-10517.1	
-20544.3	
-22604.9	
-10802.9	
-14256.9	
-20432.9	
-10562.1	
-8539.96	
-17586.6	
-19657.2	
-7566.85	
-14350.8	
-9082.73	
-9158.54	
-21808.2	
-23217.8	
-8032.12	
-23063.9	
-16593.2	
-20214	
-23825.3	
-12042.1	
-9266.21	
-9708.09	
-25880.8	
-7481.85	
-8626.37	
-25995.3	
-26717.8	
-7323.12	
-18589.3	
-2791.06	
-13778.5	
-22661.4	
-22823.9	
-5522.09	
-15539.3	
-11300	
-29890.6	
-18810.3	
-24758	
-6797.53	
-19992	
-7551.67	
-13670.6	
-18969.2	
-6819.62	
-25266.9	
-8836.62	
-15745.7	
-10528.6	
-17721.2	
-14641.1	
-8102.55	
-8122.69	
-24074.8	
-10384	
-12743.6	
-20188.1	
-28940.1	
-21027.6	
-7470.32	
-13293	
-25731.7	
-11047	
-15431.3	
-14747	
-28223.7	
-11825.1	
-10603.6	
-24049.1	
-21242.4	
-13360.7	
-26140.6	
-20660.5	
-8565.24	
-12712.7	
-16949.2	
-11562.6	
-16536.7	
-12909.6	
-21788.7	
-15850.7	
-12059.1	
-25938.2	
-17901.7	
-12384.5	
-7605.11	
-11677	
-13736.7	
-23790.3	
-22329.8	
-18075.2	
-17492.3	
-10781.5	
-22632.7	
-21046.2	
-8165.91	
-26324.8	
-13769.4	
-8936.98	
-14964.3	
-18118.4	
-22086.8	
-5896.15	
-21831	
-31307.4	
-25848.4	
-6990.37	
-7545.76	
-11247.8	
-11544.9	
-24168	
-18043.6	
-20056.5	
-11209	
-17458.7	
-13285.3	
-7049.25	
-7026.23	
-15932.6	
-9578.78	
-9360.41	
-13378.5	
-12192.5	
-19313	
-10904.7	
-8770.39	
-31441.8	
-7939.07	
-10636.2	
-10823.5	
-9326.15	
-20547	
-11911.7	
-7467.64	
-18916.7	
-6417.41	
-24985.2	
-29527.9	
-7361.74	
-10164.1	
-11732.3	
-26653.6	
-9139.5	
-18561.3	
-8926.73	
-9004.55	
-7623.65	
-23527.4	
-22303	
-23712.6	
-7261.92	
-12312.8	
-9363.93	
-5730.06	
-14700.8	
-23170.6	
-10933.1	
-12329	
-33911.3	
-5610.79	
-8428.42	
-12903.2	
-26612	
-27775	
-12637	
-10007.1	
-23856.1	
-31764.3	
-19404.1	
-13425.5	
-13464.7	
-13148.5	
-22513.2	
-10686.2	
-20370.8	
-21181.1	
-12573.6	
-12950.3	
-8506.48	
-11616.2	
-12503.4	
-22131.8	
-21054.2	
-24550.6	
-18905.3	
-11497.8	
-21573.3	
-12456.1	
-15793.8	
-10705.8	
-11415.1	
-9888.69	
-17013.6	
-13099.6	
-14250.8	
-10838	
-10676.7	
-13446.7	
-21353.5	
-8347.2	
-14173.7	
-8459.72	
-20510.3	
-19361.9	
-8495.87	
-15351	
-22281.6	
-32154.3	
-30373.5	
-24377.5	
-9527.65	
-14425.3	
-36543.3	
-12835.2	
-19107.9	
-18199.4	
-16124	
-25179.2	
-19002.8	
-18032.6	
-20431.2	
-12584.8	
-9427.24	
-8250.22	
-19897.9	
-23859.5	
-20819.9	
-8311.55	
-12456.2	
-15065.1	
-27024.5	
-9298.41	
-15439.3	
-20569.7	
-9867.44	
-10824.6	
-16695.4	
-17921.6	
-14242.1	
-7370.34	
-16915	
-22021.3	
-13580.3	
-16408.6	
-10921.5	
-28320.9	
-10677.9	
-31353.3	
-8951.23	
-21535.2	
-8936.04	
-32887.8	
-23063.2	
-26102.2	
-12443.8	
-9918.34	
-19751.5	
-21598.7	
-6258.76	
-16049.2	
-14098	
-12778.2	
-19544.3	
-10475.6	
-31189.3	
-24470.7	
-7080.99	
-11121.3	
-15043.7	
-25366.8	
-19029.9	
-17693.3	
-20412.3	
-17065.5	
-28255	
-20795.3	
-17466.3	
-19203.1	
-6128.37	
-11086.5	
-21400.5	
-10910.8	
-19160	
-29779.1	
-8016.15	
-30463.8	
-8840.94	
-9312.95	
-10794.5	
-10014.8	
-18018.6	
-18395.3	
-24072.7	
-11606.6	
-14446.2	
-9647.36	
-13055	
-27010	
-18555.2	
-25895.1	
-7505.64	
-7894.01	
-19098.7	
-22987.1	
-10322.4	
-8210.51	
-10083.2	
-15965.1	
-16071.1	
-11719.5	
-12225.1	
-7154.87	
-16261.3	
-18378.8	
-24364.6	
-13239	
-24096.7	
-15095.2	
-9480.31	
-25234.7	
-26466.9	
-7186.7	
-21073.9	
-12053.5	
-14028.4	
-20712.1	
-27811.8	
-22974	
-16735.2	
-8496.88	
-9307.78	
-26926.7	
-7952.93	
-23196.3	
-10956.6	
-23039.8	
-17953	
-12479.8	
-13114.7	
-18962.3	
-13682	
-21682.8	
-12836.5	
-9556.84	
-24063	
-15247	
-27922.8	
-25263.3	
-13405.6	
-14370.3	
-10944.6	
-22946.8	
-15690.6	
-13615.3	
-11960.8	
-21636.9	
-9265.13	
-21154.2	
-12203	
-9325.78	
-9285.5	
-10984.7	
-12159.2	
-24621.6	
-25184.3	
-31867.9	
-27036.7	
-23502.5	
-16070.7	
-14900.5	
-17379.4	
-25694.2	
-15979	
-11165.8	
-15843.4	
-14131.8	
-12778.3	
-17231.4	
-19480	
-15560	
-19045.4	
-12875.3	
-10761.6	
-25925.5	
-22418.1	
-13396.8	
-12159.6	
-8196.49	
-27835.1	
-16961.6	
-26769.6	
-19300.2	
-25517.8	
-7571.32	
-20374.5	
-21574	
-16035.5	
-16725.8	
-21971.7	
-14564.8	
-17737.2	
-9032.23	
-8640.64	
-27934.9	
-15124.8	
-9804.44	
-10117.5	
-14947.9	
-15647.3	
-35893	
-7487.48	
-20179.6	
-18976.3	
-15620.7	
-13308.6	
-11636.2	
-13858.4	
-22238.4	
-13371.6	
-21033.6	
-18064.2	
-15606.6	
-20683.9	
-12961.5	
-16925.9	
-14404.6	
-20239.5	
-10259.1	
-8082.56	
-6880.59	
-5945.88	
-23907	
-20631.8	
-10570.1	
-20235.5	
-9484.61	
-22773.5	
-14753.6	
-7516.41	
-10442.8	
-19516	
-11086	
-16091.1	
-36151.8	
-21937.7	
-20572.1	
-18963.7	
-9596.2	
-27011.3	
-20135	
-5905.4	
-10341.3	
-18425.8	
-11404.9	
-20147.4	
-11631.1	
-21617.7	
-20867.5	
-13600.8	
-11910.8	
-17781.4	
-16617.3	
-9247.16	
-16811.7	
-24019.6	
-7460.09	
-14648.4	
-11250.9	
-23807.7	
-13946.7	
-19781	
-15530.9	
-14638.8	
-7501.59	
-10461.4	
-11415.3	
-14697.6	
-8686.59	
-10214.3	
-28778.2	
-13080.1	
-7512.61	
-8623.13	
-8868.47	
-7614.85	
-10436.1	
-23184	
-27922.1	
-14530.8	
-10521.4	
-26559.5	
-14431.7	
-9794.08	
-14368.3	
-11230	
-24872.3	
-18562.5	
-16909.1	
-25926.8	
-20275.4	
-7928.54	
-29326.4	
-19744	
-12911.5	
-27616.9	
-12131.1	
-8645.04	
-6090.26	
-6600.66	
-30898.2	
-13111.4	
-26947.2	
-7045.43	
-20470	
-7937.91	
-10453.2	
-9106.17	
-20362.6	
-11828.5	
-8321.73	
-5431.62	
-9702.26	
-11576.9	
-18453.6	
-10857.3	
-24508.2	
-9672.91	
-8394.03	
-20405.8	
-8657.6	
-6772.15	
-28468.7	
-18686.3	
-34471.4	
-5617.65	
-22888.8	
-6615.95	
-18451.1	
-12240.8	
-7121.72	
-7444.32	
-12525.2	
-7973.09	
-7703.54	
-21233.4	
-25521.3	
-12230.3	
-25404.7	
-20927.6	
-7370.37	
-7856.65	
-17370.6	
-8843.66	
-32603.8	
-20683.5	
-19963.9	
-13047.6	
-10242.5	
-14348.1	
-8143.64	
-12311.3	
-24736.3	
-18850	
-7688.61	
-25725.5	
-27994.4	
-6727.15	
-21405.5	
-16326.4	
-20834.5	
-8964.72	
-9041.47	
-8604.27	
-14591.4	
-14014.6	
-11540.5	
-7134.45	
-22353.2	
-12395.4	
-10527.8	
-16044.4	
-10289.9	
-10422.9	
-11207	
-28652.4	
-22122.1	
-22179.1	
-9006.99	
-22025.4	
-26471.5	
-19586.4	
-8909.16	
-9323.2	
-11964.9	
-10511.2	
-11729.5	
-11127.1	
-24372.9	
-11995.4	
-8735.82	
-9491.67	
-14298.5	
-12402.9	
-11766.5	
-17266.4	
-25371.7	
-9317.28	
-9082.62	
-19435.7	
-17831.8	
-24705.9	
-24447.1	
-15272.5	
-8258.44	
-10648.1	
-27165.7	
-26704.8	
-7670.27	
-15812.7	
-21425.6	
-12768.3	
-9371.12	
-16309	
-8313.27	
-13805.8	
-24444.7	
-25798.5	
-6704.31	
-6088.4	
-21033.3	
-15365.7	
-12788	
-31304	
-21446.4	
-24907.3	
-13846.3	
-7242.16	
-22551.6	
-34250.2	
-9590.46	
-24048.5	
-10180.5	
-16967.8	
-7378.3	
-23041.2	
-25095.2	
-14709.9	
-20315.1	
-8964.55	
-7401.6	
-25000.5	
-11531.5	
-9551.65	
-13671.6	
-7414.06	
-22269	
-15509.9	
-21595	
-17283.4	
-13678.6	
-29915.8	
-10771.9	
-28268.5	
-9997.25	
-22819.4	
-22359.9	
-8151.12	
-16000.4	
-7075.86	
-8182.5	
-11548.2	
-28532.9	
-19031.3	
-22585.6	
-7108.09	
-19159	
-17619.5	
-9039.78	
-16105.1	
-7007.02	
-19312.1	
-11080.8	
-8574.61	
-20936.4	
-20411.4	
-15456.1	
-6524.62	
-10377.6	
-19567.6	
-19930.9	
-10718.7	
-21320.7	
-18612	
-17658.4	
-11802.5	
-12221.3	
