4.18	0.44	532.265
4.18	0.441	509.339
4.18	0.442	534.066
4.18	0.443	532.83
4.18	0.444	544.618
4.18	0.445	568.767
4.18	0.446	543.586
4.18	0.447	525.312
4.18	0.448	527.297
4.18	0.449	532.428
4.18	0.45	547.336
4.18	0.451	547.225
4.18	0.452	532.386
4.18	0.453	546.136
4.18	0.454	556.105
4.18	0.455	561.555
4.18	0.456	563.363
4.18	0.457	573.081
4.18	0.458	582.148
4.18	0.459	594.707
4.18	0.46	614.953
4.181	0.44	545.963
4.181	0.441	505.361
4.181	0.442	525.767
4.181	0.443	536.587
4.181	0.444	532.07
4.181	0.445	563.296
4.181	0.446	554.099
4.181	0.447	532.665
4.181	0.448	523.845
4.181	0.449	529.885
4.181	0.45	531.649
4.181	0.451	546.808
4.181	0.452	531.295
4.181	0.453	540.015
4.181	0.454	540.041
4.181	0.455	553.649
4.181	0.456	551.477
4.181	0.457	577.095
4.181	0.458	575.966
4.181	0.459	603.431
4.181	0.46	612.331
4.182	0.44	544.431
4.182	0.441	503.019
4.182	0.442	511.37
4.182	0.443	538.54
4.182	0.444	535.518
4.182	0.445	542.796
4.182	0.446	568.825
4.182	0.447	543.457
4.182	0.448	532.475
4.182	0.449	524.136
4.182	0.45	531.563
4.182	0.451	547.883
4.182	0.452	534.083
4.182	0.453	537.344
4.182	0.454	531.917
4.182	0.455	555.853
4.182	0.456	558.323
4.182	0.457	568.458
4.182	0.458	570.946
4.182	0.459	585.286
4.182	0.46	600.403
4.183	0.44	543.372
4.183	0.441	512.215
4.183	0.442	512.384
4.183	0.443	539.452
4.183	0.444	521.572
4.183	0.445	536.106
4.183	0.446	570.4
4.183	0.447	540.392
4.183	0.448	527.601
4.183	0.449	527.093
4.183	0.45	525.96
4.183	0.451	535.049
4.183	0.452	539.615
4.183	0.453	529.684
4.183	0.454	539.46
4.183	0.455	547.306
4.183	0.456	558.613
4.183	0.457	565.491
4.183	0.458	567.372
4.183	0.459	569.946
4.183	0.46	584.766
4.184	0.44	540.282
4.184	0.441	526.277
4.184	0.442	509.244
4.184	0.443	525.658
4.184	0.444	521.943
4.184	0.445	528.202
4.184	0.446	555.859
4.184	0.447	543.937
4.184	0.448	521.324
4.184	0.449	521.222
4.184	0.45	534.786
4.184	0.451	540.44
4.184	0.452	545.825
4.184	0.453	528.739
4.184	0.454	554.735
4.184	0.455	550.819
4.184	0.456	554.39
4.184	0.457	561.107
4.184	0.458	568.766
4.184	0.459	574.066
4.184	0.46	597.163
4.185	0.44	536.037
4.185	0.441	542.138
4.185	0.442	515.995
4.185	0.443	526.119
4.185	0.444	542.071
4.185	0.445	524.328
4.185	0.446	544.65
4.185	0.447	552.326
4.185	0.448	528.525
4.185	0.449	520.866
4.185	0.45	527.902
4.185	0.451	533.795
4.185	0.452	548.458
4.185	0.453	534.128
4.185	0.454	539.454
4.185	0.455	540.647
4.185	0.456	552.706
4.185	0.457	554.99
4.185	0.458	565.848
4.185	0.459	571.899
4.185	0.46	582.468
4.186	0.44	538.183
4.186	0.441	542.496
4.186	0.442	510.385
4.186	0.443	523.48
4.186	0.444	535.121
4.186	0.445	521.749
4.186	0.446	532.77
4.186	0.447	565.426
4.186	0.448	531.95
4.186	0.449	525.606
4.186	0.45	523.834
4.186	0.451	522.15
4.186	0.452	542.101
4.186	0.453	521.064
4.186	0.454	533.52
4.186	0.455	536.493
4.186	0.456	553.57
4.186	0.457	547.061
4.186	0.458	563.607
4.186	0.459	565.129
4.186	0.46	565.649
4.187	0.44	531.701
4.187	0.441	540.4
4.187	0.442	515.288
4.187	0.443	517.131
4.187	0.444	540.532
4.187	0.445	520.545
4.187	0.446	517.727
4.187	0.447	564.317
4.187	0.448	552.718
4.187	0.449	526.17
4.187	0.45	525.13
4.187	0.451	525.359
4.187	0.452	534.469
4.187	0.453	531.91
4.187	0.454	529.34
4.187	0.455	549.196
4.187	0.456	557.8
4.187	0.457	546.277
4.187	0.458	569.629
4.187	0.459	563.206
4.187	0.46	564.435
4.188	0.44	533.852
4.188	0.441	546.666
4.188	0.442	521.479
4.188	0.443	518.066
4.188	0.444	534.663
4.188	0.445	532.517
4.188	0.446	521.401
4.188	0.447	549.271
4.188	0.448	543.908
4.188	0.449	529.826
4.188	0.45	526.556
4.188	0.451	534.753
4.188	0.452	537.353
4.188	0.453	534.424
4.188	0.454	529.675
4.188	0.455	541.579
4.188	0.456	559.407
4.188	0.457	554.221
4.188	0.458	560.586
4.188	0.459	566.218
4.188	0.46	565.648
4.189	0.44	530.669
4.189	0.441	529.312
4.189	0.442	522.324
4.189	0.443	511.36
4.189	0.444	526.824
4.189	0.445	526.854
4.189	0.446	528.241
4.189	0.447	541.051
4.189	0.448	555.304
4.189	0.449	530.405
4.189	0.45	520.213
4.189	0.451	527.648
4.189	0.452	536.233
4.189	0.453	544.413
4.189	0.454	525.703
4.189	0.455	538.446
4.189	0.456	552.193
4.189	0.457	551.917
4.189	0.458	554.735
4.189	0.459	568.129
4.189	0.46	572.755
4.19	0.44	546.097
4.19	0.441	543.237
4.19	0.442	531.548
4.19	0.443	517.195
4.19	0.444	524.973
4.19	0.445	535.001
4.19	0.446	529.718
4.19	0.447	521.132
4.19	0.448	562.099
4.19	0.449	533.797
4.19	0.45	520.386
4.19	0.451	530.461
4.19	0.452	515.67
4.19	0.453	544.854
4.19	0.454	527.466
4.19	0.455	536.21
4.19	0.456	543.795
4.19	0.457	559.637
4.19	0.458	548.184
4.19	0.459	575.303
4.19	0.46	565.33
4.191	0.44	559.8
4.191	0.441	544.436
4.191	0.442	539.476
4.191	0.443	504.999
4.191	0.444	522.993
4.191	0.445	538.08
4.191	0.446	524.007
4.191	0.447	522.069
4.191	0.448	553.025
4.191	0.449	545.949
4.191	0.45	529.126
4.191	0.451	516.31
4.191	0.452	530.124
4.191	0.453	531.433
4.191	0.454	528.439
4.191	0.455	524.174
4.191	0.456	548.943
4.191	0.457	568.711
4.191	0.458	545.738
4.191	0.459	559.322
4.191	0.46	552.803
4.192	0.44	561.001
4.192	0.441	538.043
4.192	0.442	544.529
4.192	0.443	508.994
4.192	0.444	514.75
4.192	0.445	546.963
4.192	0.446	518.224
4.192	0.447	523.244
4.192	0.448	544.484
4.192	0.449	549.054
4.192	0.45	532.265
4.192	0.451	522.153
4.192	0.452	541.912
4.192	0.453	530.694
4.192	0.454	524.282
4.192	0.455	521.736
4.192	0.456	539.229
4.192	0.457	557.664
4.192	0.458	546.395
4.192	0.459	560.13
4.192	0.46	567.124
4.193	0.44	560.434
4.193	0.441	532.731
4.193	0.442	539.769
4.193	0.443	523.434
4.193	0.444	506.892
4.193	0.445	539.012
4.193	0.446	523.598
4.193	0.447	527.694
4.193	0.448	534.334
4.193	0.449	557.914
4.193	0.45	527.041
4.193	0.451	518.241
4.193	0.452	527.658
4.193	0.453	531.189
4.193	0.454	542.961
4.193	0.455	527.327
4.193	0.456	530.76
4.193	0.457	558.041
4.193	0.458	552.657
4.193	0.459	554.955
4.193	0.46	561.696
4.194	0.44	562.75
4.194	0.441	545.076
4.194	0.442	538.644
4.194	0.443	534.386
4.194	0.444	509.437
4.194	0.445	521.83
4.194	0.446	532.462
4.194	0.447	527.988
4.194	0.448	519.95
4.194	0.449	555.428
4.194	0.45	532.923
4.194	0.451	523.448
4.194	0.452	527.662
4.194	0.453	526.235
4.194	0.454	545.287
4.194	0.455	521.781
4.194	0.456	540.25
4.194	0.457	539.934
4.194	0.458	567.665
4.194	0.459	546.077
4.194	0.46	561.205
4.195	0.44	556.727
4.195	0.441	558.179
4.195	0.442	540.339
4.195	0.443	538.244
4.195	0.444	516.847
4.195	0.445	520.467
4.195	0.446	550.013
4.195	0.447	527.307
4.195	0.448	523.061
4.195	0.449	548.619
4.195	0.45	536.982
4.195	0.451	533.932
4.195	0.452	520.213
4.195	0.453	527.08
4.195	0.454	539.684
4.195	0.455	523.555
4.195	0.456	530.795
4.195	0.457	543.912
4.195	0.458	573.211
4.195	0.459	553.775
4.195	0.46	561.051
4.196	0.44	552.504
4.196	0.441	579.127
4.196	0.442	546.487
4.196	0.443	541.964
4.196	0.444	511.998
4.196	0.445	509.448
4.196	0.446	541.053
4.196	0.447	520.82
4.196	0.448	523.267
4.196	0.449	539.723
4.196	0.45	549.296
4.196	0.451	525.308
4.196	0.452	524.188
4.196	0.453	535.467
4.196	0.454	530.779
4.196	0.455	524.802
4.196	0.456	519.614
4.196	0.457	535.028
4.196	0.458	562.924
4.196	0.459	552.025
4.196	0.46	567.559
4.197	0.44	565.139
4.197	0.441	566.457
4.197	0.442	542.682
4.197	0.443	549.127
4.197	0.444	527.678
4.197	0.445	504.352
4.197	0.446	540.168
4.197	0.447	516.06
4.197	0.448	535.108
4.197	0.449	536.162
4.197	0.45	550.224
4.197	0.451	539.096
4.197	0.452	529.03
4.197	0.453	539.237
4.197	0.454	533.11
4.197	0.455	539.183
4.197	0.456	516.671
4.197	0.457	529.654
4.197	0.458	555.019
4.197	0.459	556.579
4.197	0.46	561.037
4.198	0.44	565.01
4.198	0.441	567.789
4.198	0.442	546.165
4.198	0.443	549.295
4.198	0.444	527.867
4.198	0.445	507.286
4.198	0.446	512.46
4.198	0.447	531.05
4.198	0.448	530.014
4.198	0.449	532.593
4.198	0.45	549.34
4.198	0.451	540.597
4.198	0.452	527.42
4.198	0.453	531.275
4.198	0.454	523.054
4.198	0.455	535.498
4.198	0.456	524.193
4.198	0.457	524.16
4.198	0.458	548.49
4.198	0.459	562.342
4.198	0.46	550.829
4.199	0.44	563.375
4.199	0.441	567.742
4.199	0.442	562.002
4.199	0.443	542.692
4.199	0.444	539.055
4.199	0.445	514.693
4.199	0.446	509.023
4.199	0.447	535.558
4.199	0.448	518.814
4.199	0.449	526.914
4.199	0.45	549.218
4.199	0.451	536.485
4.199	0.452	530.495
4.199	0.453	527.388
4.199	0.454	523.431
4.199	0.455	544.107
4.199	0.456	520.589
4.199	0.457	523.716
4.199	0.458	540.386
4.199	0.459	570.974
4.199	0.46	551.565
{4.182,0.441}
503.019	177
