18424
39.1364	0.400344	63.6248	0.714589	26.5064	1.21391	11.3848	1.71505	5.04543	2.21737	2.35394	2.72032	1.76965	3.39317	0.522796	4.40813	0.187473	5.42329	2.4197e+06

2.7734e+06

29150
39.0844	0.400367	63.7426	0.714907	26.5038	1.21426	11.3597	1.7161	5.0764	2.21722	2.35904	2.71928	1.75482	3.39368	0.517667	4.40831	0.177461	5.41714	3.83001e+06

4.38929e+06

19765
39.0871	0.400291	63.741	0.714842	26.5554	1.21386	11.3017	1.71582	5.07822	2.21703	2.36438	2.71895	1.75932	3.39556	0.518846	4.41186	0.176322	5.42758	2.59693e+06

2.97626e+06

28130
39.1454	0.400352	63.708	0.714642	26.4792	1.21419	11.3396	1.71583	5.0658	2.21789	2.36075	2.71978	1.76843	3.39342	0.516673	4.40354	0.177284	5.42718	3.69506e+06

4.23528e+06

21540
39.1919	0.400192	63.7135	0.714708	26.5128	1.21443	11.3734	1.71626	5.05427	2.21791	2.37558	2.7202	1.76119	3.39214	0.51611	4.41028	0.181894	5.42018	2.8301e+06

3.24566e+06

27672
39.0676	0.400275	63.6734	0.714796	26.4872	1.21443	11.3612	1.71578	5.06064	2.21715	2.36011	2.72079	1.76008	3.39277	0.514853	4.41255	0.178448	5.42616	3.63272e+06

4.16363e+06

24778
39.1511	0.400214	63.7529	0.714689	26.4916	1.21425	11.3274	1.7159	5.07898	2.21716	2.35955	2.71876	1.75926	3.39049	0.511825	4.40681	0.180725	5.42164	3.25474e+06

3.7319e+06

26716
39.0669	0.400305	63.6306	0.714614	26.5466	1.21419	11.3734	1.71604	5.09062	2.21778	2.3721	2.71935	1.76561	3.39516	0.517068	4.41031	0.178657	5.42647	3.50951e+06

4.02187e+06

25056
39.1514	0.400248	63.7008	0.714862	26.5489	1.21418	11.3623	1.71627	5.05643	2.21758	2.36275	2.71958	1.76852	3.39426	0.508381	4.40676	0.181194	5.42018	3.29272e+06

3.77445e+06

23754
39.1495	0.400179	63.7595	0.714443	26.5446	1.21426	11.3188	1.71602	5.05974	2.2178	2.36023	2.71947	1.7653	3.39456	0.51183	4.41286	0.184306	5.42218	3.12078e+06

3.57863e+06

25739
39.1228	0.400414	63.6601	0.714967	26.5467	1.21412	11.3527	1.71625	5.05342	2.21817	2.35918	2.71916	1.75372	3.39512	0.510587	4.40903	0.180854	5.41921	3.38127e+06

3.87475e+06

33924
39.1069	0.400348	63.7217	0.714805	26.5214	1.21428	11.3299	1.7159	5.05191	2.21687	2.36319	2.71951	1.76061	3.39278	0.514444	4.40987	0.181022	5.41765	4.45652e+06

5.1073e+06

47422
39.0338	0.400296	63.7183	0.714723	26.527	1.21429	11.3548	1.71611	5.07256	2.2183	2.36987	2.71914	1.76469	3.39293	0.515499	4.40914	0.180212	5.42639	6.22996e+06

7.13875e+06

10273
39.0957	0.400334	63.6262	0.715083	26.5367	1.2147	11.3295	1.71595	5.0953	2.21789	2.35452	2.72112	1.76034	3.39158	0.530225	4.408	0.17765	5.42262	1.34907e+06

1.54615e+06

32009
39.0678	0.40026	63.668	0.71464	26.5052	1.21435	11.3828	1.71645	5.08038	2.21752	2.37839	2.71929	1.763	3.3916	0.516136	4.40786	0.18273	5.42342	4.20406e+06

4.81878e+06

45534
39.0482	0.400362	63.7295	0.714767	26.5367	1.21442	11.3503	1.7159	5.06999	2.21729	2.35391	2.71905	1.77351	3.39257	0.514517	4.4103	0.179382	5.42354	5.9838e+06

6.85542e+06

30370
39.1305	0.400299	63.7209	0.714564	26.5196	1.21423	11.3653	1.71607	5.07353	2.21802	2.37399	2.72033	1.75077	3.39311	0.516694	4.40222	0.180375	5.4195	3.99099e+06

4.57468e+06

28391
39.0948	0.400319	63.6363	0.714696	26.532	1.21427	11.3423	1.7162	5.06618	2.21712	2.35631	2.7191	1.77539	3.39295	0.52654	4.40469	0.180973	5.41932	3.72782e+06

4.27315e+06

27682
39.1795	0.400343	63.7265	0.714853	26.5029	1.21447	11.3506	1.71563	5.06824	2.21809	2.35677	2.71892	1.7688	3.39377	0.515786	4.40699	0.184344	5.42876	3.63809e+06

4.17039e+06

9586
39.1856	0.400127	63.7304	0.714498	26.503	1.21402	11.3767	1.71622	5.09243	2.21683	2.35604	2.72013	1.77655	3.39099	0.510849	4.40502	0.184018	5.41615	1.25963e+06

1.44476e+06

44413
39.047	0.400317	63.7024	0.714884	26.5561	1.21439	11.367	1.71629	5.08054	2.21812	2.35859	2.71914	1.76725	3.39346	0.50841	4.41162	0.182784	5.42333	5.83594e+06

6.68727e+06

12813
39.188	0.400283	63.6641	0.714835	26.5344	1.21432	11.3614	1.71587	5.1056	2.21782	2.37048	2.71851	1.75049	3.3928	0.506439	4.40836	0.179973	5.4229	1.68364e+06

1.93042e+06

10659
39.2115	0.400166	63.805	0.714881	26.3972	1.21427	11.2684	1.71569	5.07881	2.21841	2.32733	2.71953	1.75692	3.39177	0.517497	4.40654	0.174125	5.42534	1.39887e+06

1.60457e+06

9649
39.1017	0.400297	63.6416	0.7147	26.5451	1.2144	11.3906	1.71721	5.08146	2.21874	2.37962	2.72031	1.78537	3.39044	0.510208	4.41281	0.190486	5.43053	1.26833e+06

1.45339e+06

20715
39.1195	0.400295	63.7152	0.71461	26.5222	1.21415	11.3234	1.71621	5.07227	2.21798	2.38064	2.71994	1.75752	3.39354	0.51663	4.40123	0.183152	5.42542	2.72174e+06

3.11948e+06

10221
39.0749	0.400314	63.7142	0.71466	26.4936	1.21464	11.3095	1.7162	5.02211	2.21772	2.36327	2.7191	1.73985	3.3942	0.521573	4.40705	0.180315	5.43003	1.34157e+06

1.53744e+06

11454
39.1382	0.40011	63.6864	0.714529	26.477	1.2144	11.3559	1.71657	5.05334	2.21759	2.3659	2.71821	1.75947	3.39635	0.507421	4.40077	0.186747	5.42827	1.50349e+06

1.72418e+06

12753
39.0769	0.400214	63.7823	0.714712	26.4376	1.21436	11.3329	1.71604	5.05065	2.21778	2.35513	2.72066	1.75684	3.39122	0.522936	4.4092	0.18678	5.42502	1.67421e+06

1.91935e+06

10974
39.2306	0.400228	63.7357	0.714589	26.5195	1.21391	11.3401	1.71584	5.09395	2.21713	2.36924	2.71951	1.76399	3.39214	0.507017	4.4055	0.174868	5.41813	1.44242e+06

1.65417e+06

10377
39.2171	0.400295	63.6331	0.714706	26.5459	1.21458	11.3261	1.71602	5.08712	2.21865	2.35935	2.71794	1.74636	3.39135	0.5252	4.40764	0.180013	5.41764	1.36321e+06

1.56299e+06

10425
39.1995	0.400287	63.7675	0.714392	26.4193	1.21452	11.3342	1.71595	5.0658	2.21721	2.36336	2.72029	1.7199	3.38981	0.501679	4.41321	0.177362	5.42833	1.36884e+06

1.56947e+06

11385
39.1605	0.40019	63.6766	0.714895	26.5793	1.21477	11.2947	1.71536	5.0823	2.21747	2.39376	2.71821	1.76548	3.39415	0.522617	4.4126	0.179359	5.43198	1.49574e+06

1.7152e+06

13079
39.1249	0.400324	63.8566	0.714564	26.5386	1.21462	11.3072	1.71603	5.02515	2.21754	2.37533	2.71795	1.75587	3.39486	0.516859	4.41508	0.181207	5.42137	1.71975e+06

1.97077e+06

13707
39.1789	0.400348	63.8512	0.714565	26.5399	1.21432	11.334	1.71614	5.03553	2.21673	2.35726	2.71976	1.72737	3.39566	0.517473	4.40051	0.174509	5.41655	1.80213e+06

2.06587e+06

16221
39.07	0.400351	63.7201	0.714634	26.5772	1.21465	11.3755	1.71575	5.0868	2.21744	2.36145	2.71921	1.75045	3.39376	0.516614	4.40915	0.173294	5.42901	2.13234e+06

2.44339e+06

11676
39.04	0.400342	63.6584	0.714547	26.5081	1.21404	11.3535	1.71638	5.08051	2.21661	2.36768	2.72018	1.74024	3.38874	0.516872	4.40692	0.182083	5.43276	1.53322e+06

1.75662e+06

21655
39.0193	0.400232	63.7408	0.714826	26.5027	1.21437	11.3678	1.71545	5.06262	2.21782	2.3504	2.7197	1.77146	3.39128	0.520434	4.41384	0.181344	5.42251	2.8441e+06

3.25944e+06

16525
39.159	0.400421	63.6885	0.714757	26.5122	1.21419	11.3587	1.71615	5.10862	2.21838	2.35104	2.72006	1.77416	3.39291	0.510257	4.41054	0.184387	5.42128	2.17194e+06

2.48944e+06

8449
39.0991	0.400275	63.615	0.714897	26.5747	1.21391	11.361	1.71549	5.06794	2.21781	2.36667	2.72073	1.77074	3.39313	0.514617	4.41502	0.176589	5.41778	1.10972e+06

1.27197e+06

22785
39.1183	0.400349	63.7998	0.714659	26.5212	1.21403	11.2963	1.71578	5.05104	2.21769	2.33676	2.71991	1.74431	3.39031	0.509195	4.40398	0.18104	5.42645	2.99328e+06

3.43046e+06

0
-nan	-nan	-nan	-nan	-nan	-nan	-nan	-nan	-nan	-nan	-nan	-nan	-nan	-nan	-nan	-nan	-nan	-nan	0

0

787
39.0584	0.400017	64.0127	0.714501	26.3621	1.21385	11.4524	1.71677	5.05845	2.21708	2.41169	2.71965	1.67853	3.3902	0.479034	4.40529	0.172808	5.40882	103305

118590

29838
39.1347	0.400324	63.7523	0.714573	26.5106	1.2144	11.3723	1.71605	5.06797	2.21742	2.36762	2.71957	1.75055	3.39217	0.51297	4.40551	0.18463	5.41941	3.92176e+06

4.4952e+06

19395
39.1332	0.400226	63.7368	0.714602	26.5369	1.21427	11.3228	1.71623	5.06981	2.21778	2.38206	2.71914	1.74303	3.39334	0.503068	4.40647	0.182367	5.42076	2.54803e+06

2.92108e+06

13140
39.1481	0.400275	63.8167	0.714517	26.4422	1.21411	11.3639	1.71566	5.01811	2.21739	2.33874	2.71841	1.73858	3.39624	0.505403	4.40518	0.176941	5.42853	1.72556e+06

1.97821e+06

28451
39.0403	0.400363	63.751	0.714918	26.5045	1.21439	11.3671	1.71595	5.07852	2.21811	2.37647	2.71938	1.75073	3.39293	0.516291	4.41039	0.182524	5.42322	3.73893e+06

4.28379e+06

19211
39.2621	0.400264	63.7855	0.714609	26.5138	1.21426	11.3684	1.71588	5.07563	2.21783	2.36781	2.71962	1.74254	3.39375	0.498464	4.4026	0.183749	5.43273	2.52632e+06

2.89698e+06

27409
39.084	0.400244	63.697	0.714678	26.5526	1.21445	11.3655	1.71595	5.05378	2.21754	2.36419	2.71887	1.75001	3.39196	0.52293	4.40681	0.185705	5.4187	3.60073e+06

4.12713e+06

26435
39.1208	0.400282	63.6873	0.714886	26.5022	1.21424	11.3344	1.71598	5.06813	2.21748	2.37742	2.71915	1.76845	3.39204	0.522111	4.40753	0.180745	5.41818	3.47204e+06

3.98009e+06

25202
39.1534	0.400248	63.7185	0.714546	26.5636	1.21422	11.3901	1.71573	5.0667	2.21783	2.34251	2.71927	1.75589	3.39245	0.519483	4.40744	0.181017	5.42357	3.31261e+06

3.79772e+06

