4.93117e+06	
9.39665e+06	
9.53261e+06	
3.93183e+06	
3.45314e+06	
3.40001e+06	
1.21687e+07	
2.97012e+06	
3.40728e+06	
5.31364e+06	
1.13466e+07	
6.77884e+06	
1.06348e+07	
6.41112e+06	
1.02214e+07	
8.70246e+06	
2.71222e+06	
9.86445e+06	
8.69364e+06	
9.47632e+06	
8.85368e+06	
9.07303e+06	
1.18521e+07	
8.69246e+06	
1.1262e+07	
8.3401e+06	
3.45809e+06	
1.0822e+07	
5.02531e+06	
3.91488e+06	
3.68776e+06	
1.03083e+07	
3.37823e+06	
3.80908e+06	
9.90374e+06	
4.10567e+06	
4.71982e+06	
9.39549e+06	
6.30008e+06	
4.57981e+06	
3.55967e+06	
5.36981e+06	
3.11491e+06	
2.67525e+06	
6.19444e+06	
3.4048e+06	
4.75704e+06	
