-7561.31	
-9683.8	
-8860.94	
-10925.4	
-7876.39	
-8687.28	
-9676.15	
-8512.28	
-11722.5	
-12148.3	
-18536	
-15867.5	
-15054.9	
-16968	
-19031.2	
-33263.4	
-26283.8	
-39792.3	
-29590.5	
-8416.4	
-9039.61	
-10269.6	
-8324.67	
-15709.4	
-12480.1	
-12899.8	
-17324.2	
-12880	
-15125.1	
-10790.7	
-7116.22	
-8511.38	
-10428.4	
-20246.4	
-19196.9	
-19323.3	
-13689.1	
-23755.1	
-21277.5	
-8726.08	
-10052.9	
-13694.8	
-11213.4	
-15285.3	
-13760	
-22558.7	
-7432.25	
-15733.2	
-26187.1	
-7605.03	
-6613.2	
-32838.1	
-17021.2	
-7654.26	
-17375.9	
-15515.9	
-11969	
-21729.6	
-20941	
-13801.9	
-14772.5	
-17262	
-15172.6	
-17518.3	
-20787.6	
-22112.1	
-8347.35	
-28679.9	
-9394.12	
-12814.1	
-11922.3	
-8906.49	
-15590.5	
-14011.6	
-13242.1	
-11379.8	
-17255.5	
-14544.1	
-15975.9	
-12064.5	
-10246	
-7212.28	
-18921.8	
-22400.1	
-18331.6	
-18672.9	
-11344.5	
-11775.5	
-17632.3	
-22264.7	
-7838.87	
-25794.2	
-11685	
-15660.4	
-11609.8	
-18601.5	
-15313.2	
-15210.2	
-26809	
-25472	
-25983.5	
-12863.3	
-15316.8	
-14889.3	
-15205.6	
-13010.2	
-14940.4	
-17827.4	
-22093.9	
-13838	
-19319.6	
-18678	
-20019	
-28250.4	
-26755.9	
-22389.6	
-15825.7	
-14009.4	
-20878.6	
-7666.07	
-28656.8	
-17585.1	
-12700.7	
-12828.6	
-9742.06	
-13525.8	
-19000.1	
-17559.4	
-26252	
-22493.5	
-13705.7	
-18099.3	
-16772.2	
-13195.1	
-9624.56	
-25313	
-11758.7	
-6782.85	
-17365.8	
-21699.5	
-24784	
-26848.7	
-15555.2	
-12838.4	
-16570.2	
-11056.8	
-7383	
-28282.1	
-12723.1	
-19600.9	
-21198.2	
-19066	
-16664.5	
-21443.6	
-29402.1	
-33874.1	
-29561.8	
-20968.7	
-8772.49	
-24132.7	
-13425.6	
-13847.1	
-14280.2	
-17129.2	
-14459.6	
-18184.9	
-21650.2	
-13249.9	
-12467.5	
-20881	
-25063.9	
-17995.7	
-26628.3	
-29520.8	
-23735	
-16113.4	
-12579.2	
-15350.3	
-16537.5	
-10835.4	
-11770.5	
-20623.7	
-25557.5	
-20000	
-14187.1	
-30043.4	
-23334.8	
-13857.5	
-22366.7	
-12806.1	
-30621.5	
-12363.2	
-10371.4	
-21126.6	
-26350.6	
-16865.9	
-38659.7	
-17990.2	
-28937	
-10209.8	
-29495.3	
-18828.4	
-19888.8	
-9753.81	
-12020.9	
-26281	
-22377.4	
-9660.37	
-16066.8	
-19466.5	
-14476.9	
-30281.8	
-13519.4	
-14574.6	
-9678.99	
-11429.2	
-20353.2	
-21069.6	
-25214.2	
-29303.6	
-18374.5	
-8456.09	
-14563	
-11965.2	
-25207	
-24571.3	
-9329.97	
-21832.4	
-18784.2	
-24964.3	
-12610.2	
-15177.9	
-12070.2	
-14307.9	
-15607.6	
-30176	
-25924.1	
-24338.7	
-2912.02	
-27532.3	
-26999.8	
-11429.1	
-7062.23	
-24697.5	
-9337.63	
-13291.6	
-14338.3	
-9171.52	
-10744.3	
-8532.15	
-17754.5	
-17086.9	
-15315	
-5630.04	
-9987.84	
-26910.1	
-8380.3	
-7377.03	
-20316.5	
-13040.8	
-19307.2	
-14121.1	
-31585.6	
-11731.4	
-13194.5	
-21372.6	
-28949.4	
-8525.26	
-21565.4	
-22479.2	
-10759.3	
-29231.6	
-11016	
-11488.1	
-26858.8	
-20739	
-19859.4	
-35626.6	
-17880.6	
-20846.2	
-23861	
-9019.92	
-9874.39	
-8227.08	
-9942.56	
-11721.1	
-11162.4	
-8330.45	
-10251.6	
-12339.6	
-16492	
-23403	
-12830	
-8280.74	
-9453.79	
-20914	
-27560.6	
-19490.8	
-11110.3	
-9749.08	
-24318.6	
-14631.5	
-17904.9	
-13965.5	
-24178.7	
-28350	
-5432.27	
-12398.9	
-9845.07	
-7064.72	
-7405.68	
-11811.5	
-12144.9	
-18724.1	
-11661.5	
-20189.1	
-8449.62	
-32004.5	
-9751.27	
-18002	
-16668.6	
-17224.6	
-28156.1	
-10707.9	
-5176.11	
-8373.97	
-23234.5	
-18435.2	
-9330.52	
-15623.4	
-8865.1	
-9550.72	
-7800.94	
0	
-11061.1	
-592.99	
-9355.55	
-12596.6	
-11532.6	
-16077.8	
-8320.99	
-12115.1	
-26011.3	
-10713.3	
-10440.9	
-11782.2	
-8655.56	
-11539.3	
-8709.88	
-30640.8	
-18207.8	
-14164.2	
-10553.2	
-6980.21	
-11502.2	
-21487.1	
-8431.39	
-9195.77	
-13190.4	
-9450.83	
-13319.4	
-7302.08	
-5640.48	
-33995.4	
-7257.42	
-13028.2	
-7340.73	
-11973.5	
-8149.61	
-9923.87	
-10627.1	
-17708.6	
-6211.28	
-12559.9	
-7697.32	
-20218.3	
-10328.9	
-10058.7	
-6919.2	
-9647.32	
-6974.71	
-7516.22	
-8082.96	
-29212.2	
-26932.2	
-8437.16	
-10367	
-11748.1	
-11591.6	
-12358.5	
-29400.5	
-11446.4	
-10313	
-11121.6	
-8176.81	
-26731.3	
-11262.9	
-12244.4	
-3606.38	
-20533.7	
-12932.4	
-13585.9	
-14422.3	
-9161.02	
-16859.4	
-28336.4	
-27784.5	
-11643.9	
-12304	
-16927.7	
-34597.6	
-19284.1	
-9746.96	
-19229.5	
-29164.1	
-7842.7	
-19393.3	
-13516.3	
-32124.5	
-27369.4	
-6570.74	
-24706.6	
-19330.8	
-22723.7	
-18058.3	
-26979.8	
-22610.8	
-13186.5	
-23561.1	
-26957.1	
-28773	
-25808	
-14918.7	
-11131.4	
-13253.7	
-8318.62	
-30807.7	
-22296.5	
-10385.7	
-20585.6	
-14581.4	
-20552.2	
-23407.1	
-25972.9	
-29514.8	
-23283.6	
-22267.8	
-15053.8	
-6822.79	
-26433.5	
-24114.3	
-28140.9	
-9822.65	
-34624.2	
-16553.1	
-21429.3	
-17497.8	
-9569.79	
-13547.8	
-29992.6	
-19208.4	
-13905.4	
