ibin	iptbin	itheta	r0	V	sigma2	chi	Vn Errors
0	0	0	0.2853	0.0560	338.2865	0.4583	0.0343
0	0	1	0.2861	0.0558	338.2865	0.4570	0.0342
0	0	2	0.3032	0.0527	338.2865	0.4312	0.0323
0	0	3	0.4258	0.0375	338.2865	0.3070	0.0230
0	0	4	0.3430	0.0466	338.2865	0.3812	0.0285
0	0	5	0.3145	0.0508	338.2865	0.4158	0.0311
0	0	6	0.3026	0.0528	338.2865	0.4320	0.0323
0	0	7	0.3069	0.0521	338.2865	0.4261	0.0319
0	0	8	0.3861	0.0414	338.2865	0.3387	0.0253
0	0	9	0.4096	0.0390	338.2865	0.3192	0.0239
0	0	10	0.5031	0.0318	338.2865	0.2599	0.0194
0	0	11	0.3608	0.0443	338.2865	0.3624	0.0271
0	0	12	0.3386	0.0472	338.2865	0.3862	0.0289
0	0	13	0.3125	0.0511	338.2865	0.4184	0.0313
0	0	14	0.2947	0.0542	338.2865	0.4437	0.0332


ibin	iptbin	avgmult	avgpt	Vn mean	Vn mean Error
0	0	150.5499	0.9280	0.0475	0.0125

ibin	Nevent	totmultall	avgmultall	avgtrk
0	9312790.0000	1402039714.0000	150.5499	131.3419

