ibin	itheta	r0	V	sigma2	chi	Vn Errors
0	0	0.2069	0.0668	429.5008	0.5609	0.0110
0	1	0.1761	0.0784	429.5008	0.6590	0.0130
0	2	0.2220	0.0622	429.5008	0.5228	0.0103
0	3	0.1905	0.0725	429.5008	0.6091	0.0120
0	4	0.2171	0.0636	429.5008	0.5345	0.0105
					286.3780	0.7069

1	0	0.2050	0.0683	420.9605	0.5717	0.0113
1	1	0.1990	0.0704	420.9605	0.5891	0.0116
1	2	0.2053	0.0682	420.9605	0.5708	0.0113
1	3	0.2352	0.0595	420.9605	0.4984	0.0098
1	4	0.1982	0.0707	420.9605	0.5915	0.0117
					286.9070	0.6835

2	0	0.2107	0.0678	407.4453	0.5654	0.0116
2	1	0.2123	0.0673	407.4453	0.5612	0.0115
2	2	0.2462	0.0580	407.4453	0.4840	0.0099
2	3	0.2134	0.0669	407.4453	0.5582	0.0114
2	4	0.2046	0.0698	407.4453	0.5824	0.0119
					284.0803	0.6590

3	0	0.2253	0.0643	401.3550	0.5328	0.0101
3	1	0.2155	0.0672	401.3550	0.5570	0.0106
3	2	0.2172	0.0667	401.3550	0.5527	0.0105
3	3	0.2203	0.0657	401.3550	0.5448	0.0103
3	4	0.2247	0.0644	401.3550	0.5342	0.0101
					282.4615	0.6488

4	0	0.2188	0.0673	397.3756	0.5513	0.0086
4	1	0.2183	0.0675	397.3756	0.5527	0.0087
4	2	0.2208	0.0667	397.3756	0.5464	0.0086
4	3	0.2328	0.0633	397.3756	0.5182	0.0081
4	4	0.2184	0.0675	397.3756	0.5524	0.0087
					279.6948	0.6487

5	0	0.2356	0.0637	388.1140	0.5182	0.0251
5	1	0.2495	0.0601	388.1140	0.4893	0.0237
5	2	0.2641	0.0568	388.1140	0.4621	0.0224
5	3	0.2675	0.0561	388.1140	0.4563	0.0221
5	4	0.2490	0.0602	388.1140	0.4903	0.0237
					297.4850	0.5520

6	0	0.2219	0.0688	377.0224	0.5582	0.0103
6	1	0.2438	0.0626	377.0224	0.5079	0.0094
6	2	0.2408	0.0634	377.0224	0.5144	0.0095
6	3	0.2801	0.0545	377.0224	0.4422	0.0082
6	4	0.2209	0.0691	377.0224	0.5606	0.0103
					276.3799	0.6034

7	0	0.2407	0.0646	367.2822	0.5213	0.0141
7	1	0.2930	0.0531	367.2822	0.4282	0.0115
7	2	0.2416	0.0644	367.2822	0.5193	0.0140
7	3	0.2434	0.0639	367.2822	0.5156	0.0139
7	4	0.2645	0.0588	367.2822	0.4745	0.0128
					278.4548	0.5648

ibin	avgmult	avgpt	avgeta	Vn mean	Vn mean Error
0	174.1054	0.7400	0.0504	0.0687	0.0059

1	171.7169	0.7377	0.0450	0.0674	0.0057

2	168.4486	0.7377	0.0506	0.0659	0.0057

3	166.0614	0.7359	0.0532	0.0657	0.0052

4	163.2054	0.7339	0.0492	0.0665	0.0043

5	160.3665	0.7335	0.0517	0.0594	0.0113

6	157.4760	0.7318	0.0538	0.0637	0.0047

7	154.5518	0.7304	0.0509	0.0610	0.0064

ibin	Nevent	totmultall	avgmultall	avgtrk
0	3833.0000	667346.0000	174.1054	296.8620

1	5725.0000	983079.0000	171.7169	291.8496

2	8552.0000	1440572.0000	168.4486	286.8426

3	12471.0000	2070952.0000	166.0614	281.8434

4	18812.0000	3070220.0000	163.2054	276.8602

5	27389.0000	4392279.0000	160.3665	271.8307

6	40262.0000	6340299.0000	157.4760	266.8475

7	58683.0000	9069563.0000	154.5518	261.8478

