9.51E-01	2.70E-02	2.90E+00		9.30E-02	2.44E+00		8.00E-02	2.09E+00		6.90E-02
8.47E-01	2.40E-02	2.65E+00		8.50E-02	2.24E+00		7.30E-02	1.87E+00		6.20E-02
7.08E-01	2.00E-02	2.28E+00		7.30E-02	1.91E+00		6.30E-02	1.60E+00		5.30E-02
6.06E-01	1.80E-02	2.00E+00		6.60E-02	1.66E+00		5.50E-02	1.41E+00		4.80E-02
5.05E-01	1.50E-02	1.68E+00		5.70E-02	1.43E+00		4.90E-02	1.16E+00		4.10E-02
4.23E-01	1.30E-02	1.46E+00		5.10E-02	1.22E+00		4.30E-02	9.85E-01		3.60E-02
3.30E-01	1.00E-02	1.16E+00		4.20E-02	9.51E-01		3.50E-02	7.92E-01		3.00E-02
2.71E-01	8.80E-03	9.72E-01		3.70E-02	7.96E-01		3.10E-02	6.55E-01		2.60E-02
2.04E-01	6.70E-03	7.42E-01		2.90E-02	6.09E-01		2.50E-02	5.07E-01		2.10E-02
1.68E-01	5.80E-03	6.05E-01		2.50E-02	5.08E-01		2.20E-02	4.21E-01		1.90E-02
1.25E-01	4.40E-03	4.55E-01		2.00E-02	3.77E-01		1.70E-02	3.02E-01		1.40E-02
9.38E-02	3.40E-03	3.51E-01		1.60E-02	2.76E-01		1.40E-02	2.29E-01		1.20E-02
7.50E-02	2.80E-03	2.85E-01		1.40E-02	2.28E-01		1.20E-02	1.79E-01		1.00E-02
5.37E-02	2.10E-03	1.99E-01		1.10E-02	1.61E-01		9.30E-03	1.36E-01		8.20E-03
3.71E-02	9.40E-04	1.35E-01		5.00E-03	1.12E-01		4.40E-03	9.18E-02		3.80E-03
2.15E-02	5.90E-04	7.69E-02		3.50E-03	6.73E-02		3.20E-03	5.39E-02		2.70E-03
1.21E-02	4.20E-04	4.39E-02		2.50E-03	3.67E-02		2.20E-03	3.05E-02		2.00E-03
7.26E-03	2.80E-04	2.44E-02		1.80E-03	2.27E-02		1.70E-03	1.78E-02		1.50E-03
4.17E-03	1.90E-04	1.54E-02		1.40E-03	1.16E-02		1.20E-03	1.04E-02		1.10E-03
1.70E-03	8.30E-05	5.98E-03		5.50E-04	5.17E-03		5.00E-04	4.04E-03		4.30E-04
5.79E-04	4.40E-05	2.05E-03		3.10E-04	1.68E-03		2.80E-04	1.45E-03		2.50E-04
2.21E-04	2.70E-05	8.96E-04		2.20E-04	7.04E-04		1.90E-04	4.70E-04		1.50E-04

1.76E+00	6.00E-02	1.37E+00		4.40E-02	9.68E-01		3.20E-02	6.31E-01		2.20E-02
1.59E+00	5.40E-02	1.24E+00		4.00E-02	8.52E-01		2.90E-02	5.39E-01		1.90E-02
1.34E+00	4.60E-02	1.02E+00		3.30E-02	7.06E-01		2.40E-02	4.33E-01		1.60E-02
1.16E+00	4.10E-02	8.90E-01		2.90E-02	5.79E-01		2.00E-02	3.60E-01		1.40E-02
9.75E-01	3.50E-02	7.41E-01		2.50E-02	4.83E-01		1.70E-02	2.96E-01		1.20E-02
8.38E-01	3.10E-02	6.27E-01		2.20E-02	3.93E-01		1.50E-02	2.33E-01		9.70E-03
6.47E-01	2.50E-02	4.83E-01		1.80E-02	3.09E-01		1.20E-02	1.77E-01		7.90E-03
5.35E-01	2.20E-02	3.93E-01		1.50E-02	2.46E-01		1.00E-02	1.40E-01		6.70E-03
4.04E-01	1.80E-02	2.90E-01		1.20E-02	1.89E-01		8.30E-03	1.05E-01		5.40E-03
3.33E-01	1.60E-02	2.42E-01		1.00E-02	1.49E-01		7.10E-03	8.39E-02		4.70E-03
2.60E-01	1.30E-02	1.80E-01		8.10E-03	1.10E-01		5.60E-03	6.02E-02		3.70E-03
1.86E-01	1.00E-02	1.36E-01		6.60E-03	8.52E-02		4.70E-03	4.64E-02		3.10E-03
1.51E-01	8.90E-03	1.08E-01		5.70E-03	6.68E-02		4.00E-03	3.64E-02		2.70E-03
1.06E-01	6.90E-03	7.98E-02		4.50E-03	4.72E-02		3.20E-03	2.53E-02		2.10E-03
7.41E-02	3.30E-03	5.63E-02		2.10E-03	3.32E-02		1.50E-03	1.82E-02		1.00E-03
4.46E-02	2.40E-03	3.19E-02		1.50E-03	1.96E-02		1.10E-03	9.61E-03		7.20E-04
2.52E-02	1.70E-03	1.79E-02		1.10E-03	1.07E-02		7.80E-04	5.83E-03		5.50E-04
1.55E-02	1.30E-03	1.08E-02		8.00E-04	6.78E-03		6.10E-04	3.73E-03		4.40E-04
8.35E-03	9.50E-04	6.05E-03		5.80E-04	4.10E-03		4.70E-04	2.20E-03		3.30E-04
3.51E-03	3.90E-04	2.54E-03		2.40E-04	1.64E-03		1.90E-04	8.36E-04		1.30E-04
1.18E-03	2.20E-04	8.20E-04		1.30E-04	5.66E-04		1.10E-04	3.25E-04		7.80E-05
4.64E-04	1.40E-04	3.07E-04		8.30E-05	1.93E-04		6.40E-05	1.07E-04		4.70E-05

3.82E-01	1.50E-02	2.04E-01		9.70E-03	9.09E-02		5.90E-03	4.96E-02		4.20E-03
3.25E-01	1.30E-02	1.65E-01		8.10E-03	7.04E-02		4.90E-03	3.79E-02		3.40E-03
2.60E-01	1.10E-02	1.27E-01		6.50E-03	5.41E-02		4.00E-03	2.62E-02		2.70E-03
2.08E-01	9.10E-03	1.00E-01		5.50E-03	4.11E-02		3.30E-03	2.06E-02		2.30E-03
1.61E-01	7.50E-03	7.43E-02		4.50E-03	3.14E-02		2.80E-03	1.54E-02		1.90E-03
1.24E-01	6.20E-03	5.88E-02		3.80E-03	2.40E-02		2.30E-03	8.08E-03		1.30E-03
9.20E-02	5.00E-03	3.98E-02		3.00E-03	1.68E-02		1.90E-03	6.94E-03		1.20E-03
7.34E-02	4.40E-03	3.41E-02		2.70E-03	1.21E-02		1.60E-03	5.84E-03		1.10E-03
4.98E-02	3.30E-03	2.41E-02		2.20E-03	9.02E-03		1.30E-03	3.61E-03		8.10E-04
4.43E-02	3.10E-03	1.69E-02		1.80E-03	6.98E-03		1.10E-03	2.19E-03		6.30E-04
3.29E-02	2.60E-03	1.30E-02		1.50E-03	4.57E-03		9.00E-04	1.36E-03		4.80E-04
2.37E-02	2.10E-03	9.76E-03		1.30E-03	3.81E-03		8.00E-04	1.40E-03		4.80E-04
1.80E-02	1.80E-03	7.16E-03		1.10E-03	2.56E-03		6.60E-04	8.09E-04		3.70E-04
1.24E-02	1.40E-03	5.34E-03		9.10E-04	2.04E-03		5.70E-04	8.46E-04		3.60E-04
9.33E-03	7.20E-04	3.47E-03		4.20E-04	1.34E-03		2.70E-04	4.08E-04		1.50E-04
4.86E-03	5.00E-04	2.28E-03		3.40E-04	6.06E-04		1.80E-04	2.88E-04		1.20E-04
3.01E-03	3.90E-04	9.91E-04		2.20E-04	3.91E-04		1.40E-04	2.19E-04		1.00E-04
1.66E-03	2.90E-04	6.31E-04		1.70E-04	2.37E-04		1.10E-04	1.12E-04		7.40E-05
1.03E-03	2.20E-04	4.62E-04		1.50E-04	1.06E-04		7.30E-05	3.22E-05		4.00E-05
4.01E-04	8.70E-05	1.66E-04		5.50E-05	6.73E-05		3.60E-05	2.02E-05		2.00E-05
1.45E-04	5.20E-05	5.72E-05		3.20E-05	2.13E-05		1.90E-05	2.89E-06		7.70E-06
4.94E-05	3.20E-05	2.40E-05		2.20E-05	1.02E-05		1.50E-05	2.43E-06		6.70E-06
											
1.17E-01	4.80E-03												
9.26E-02	3.90E-03												
7.01E-02	3.10E-03												
5.48E-02	2.60E-03												
4.10E-02	2.10E-03												
3.09E-02	1.70E-03												
2.16E-02	1.30E-03												
1.77E-02	1.20E-03												
1.25E-02	9.40E-04												
8.85E-03	7.80E-04												
6.42E-03	6.30E-04												
5.08E-03	5.50E-04												
3.58E-03	4.60E-04												
2.79E-03	3.90E-04												
1.77E-03	1.80E-04												
1.08E-03	1.40E-04												
5.42E-04	9.50E-05												
3.32E-04	7.40E-05												
2.04E-04	5.80E-05												
8.58E-05	2.30E-05												
2.76E-05	1.30E-05												
1.24E-05	9.10E-06												
