0 0.36215 0.0169959 0.000105806 0.0186025 0.0153892
1 0.612634 0.0274202 0.000142779 0.0291423 0.0256981
2 0.862894 0.0373922 0.000194245 0.039348 0.0354364
3 1.11314 0.0462346 0.000261545 0.048302 0.0441673
4 1.36295 0.055339 0.000352648 0.0581963 0.0524817
5 1.61267 0.0627287 0.000481697 0.0655912 0.0598663
6 1.86247 0.0683054 0.000658218 0.0713838 0.0652271
7 2.19977 0.075724 0.000728144 0.0796636 0.0717844
8 2.70287 0.0778868 0.00134219 0.0819389 0.0738346
9 3.34613 0.0777315 0.00201779 0.0817756 0.0736875

0 0.363685 0.0298107 9.03561e-05 0.0313579 0.0282635
1 0.613046 0.0491524 0.000119375 0.0510494 0.0472553
2 0.862991 0.0669039 0.000161341 0.0692675 0.0645404
3 1.11335 0.0831539 0.000216438 0.0859519 0.0803559
4 1.36311 0.0981141 0.000290775 0.101132 0.0950961
5 1.61288 0.111433 0.000395437 0.115364 0.107503
6 1.86295 0.123612 0.000537255 0.126931 0.120292
7 2.20062 0.135217 0.000590712 0.140321 0.130113
8 2.70339 0.143976 0.00107461 0.149411 0.138541
9 3.34261 0.139373 0.00160709 0.144634 0.134112

0 0.364727 0.0413482 0.000103039 0.0429257 0.0397707
1 0.613192 0.0681018 0.000134505 0.0702281 0.0659754
2 0.863085 0.092432 0.000181114 0.0949846 0.0898794
3 1.11338 0.11367 0.000242718 0.116909 0.11043
4 1.36327 0.133053 0.000325714 0.136794 0.129313
5 1.61283 0.150188 0.000442023 0.154325 0.146052
6 1.86272 0.164879 0.000598777 0.169446 0.160311
7 2.20132 0.178979 0.00065372 0.18539 0.172569
8 2.7044 0.187914 0.0011793 0.194645 0.181184
9 3.34423 0.183739 0.00174014 0.19032 0.177158

0 0.365228 0.049085 0.000130777 0.0508357 0.0473344
1 0.61321 0.0814801 0.000169935 0.0840197 0.0789406
2 0.863005 0.109918 0.000229005 0.113175 0.10666
3 1.11322 0.135116 0.000307425 0.138826 0.131406
4 1.36294 0.156499 0.000413164 0.160955 0.152042
5 1.61281 0.176096 0.00056109 0.181054 0.171137
6 1.86288 0.192277 0.000759255 0.197536 0.187017
7 2.20187 0.206038 0.000825389 0.21373 0.198347
8 2.70437 0.214231 0.00147417 0.222228 0.206234
9 3.34521 0.208307 0.00215653 0.216083 0.200531

0 0.365365 0.0529655 0.000184312 0.0553061 0.0506248
1 0.613108 0.0889087 0.000240157 0.092051 0.0857664
2 0.86279 0.119992 0.000325007 0.123806 0.116178
3 1.11299 0.147327 0.000438916 0.151762 0.142893
4 1.3629 0.170525 0.00059241 0.175906 0.165144
5 1.61281 0.191597 0.000806002 0.197505 0.18569
6 1.86304 0.208442 0.00109073 0.214452 0.202432
7 2.20269 0.218 0.00118332 0.226454 0.209546
8 2.70579 0.22765 0.00210381 0.236479 0.218822
9 3.3496 0.222221 0.00302196 0.230838 0.213603

0 0.365247 0.0535787 0.000299071 0.0570175 0.0501399
1 0.612792 0.0917667 0.000393356 0.0961962 0.0873372
2 0.862457 0.124355 0.000537378 0.129755 0.118955
3 1.11272 0.153979 0.000731235 0.160142 0.147817
4 1.36257 0.17449 0.000992541 0.181858 0.167122
5 1.6125 0.196687 0.00135507 0.203368 0.190007
6 1.86329 0.212261 0.00183659 0.218521 0.206002
7 2.20348 0.217823 0.00199019 0.227032 0.208614
8 2.7062 0.222631 0.00349384 0.232044 0.213219
9 3.35187 0.228267 0.00497424 0.237918 0.218617
