-1351.37	
1258.59	
-1586.28	
-1680.26	
-2801.81	
2275.43	
-2786.29	
583.535	
-1741.4	
-1465.67	
3489.5	
1735.77	
-1436.54	
-1489.94	
-3957.93	
707.383	
-331.958	
-1638.24	
-3292.89	
-2043.46	
-5994.63	
-33.9277	
-4318.76	
504.855	
4963.51	
-3952.13	
2947.35	
1947.2	
-329.782	
3976.26	
2895.57	
-695.621	
-2273.17	
877.643	
-1727.35	
4230.5	
-2458.08	
-114.274	
3750.64	
-300.552	
-4128.8	
663.389	
-539.469	
-1020.36	
-1228.16	
-4628.38	
1796.89	
-1838.79	
3813.09	
584.565	
1863.21	
2624.14	
1463.03	
-719.172	
2247.28	
-3851.08	
467.861	
-409.093	
3172.07	
-2379.07	
-809.271	
76.9268	
1729.04	
3085.44	
-1886.67	
2624.14	
785.468	
-2277.1	
1393.75	
990.353	
1041.99	
-3111.51	
-566.393	
3159.39	
1571.06	
4218.64	
-3177.69	
-375.108	
-220.305	
-1314.38	
-27.6655	
-1165.74	
1334.38	
-2224.47	
-47.5302	
-2740.97	
-854.991	
-565.474	
-1720.67	
-6738.3	
-2397.75	
-845.823	
-298.749	
1047.69	
745.407	
-2303.73	
3427.64	
5628.06	
-485.263	
-1706.38	
2461.96	
-3453.91	
-2270.43	
-1586.28	
1258.59	
1065.3	
-1607.98	
-1351.37	
-320.313	
-2676.66	
-712.579	
850.203	
-627.733	
-4953.51	
1308.78	
-2019.2	
-1741.4	
-3639.81	
-5994.63	
-4318.76	
-914.889	
1091.41	
255.608	
579.298	
-464.925	
-1308.4	
242.317	
-1436.54	
-2063.14	
-318.281	
1279.76	
290.426	
2599.32	
-2782.85	
831.101	
2345.46	
-1739.26	
1479.75	
1453.1	
-2897.9	
726.207	
5877.21	
-1975.53	
2939.38	
3221.93	
2275.43	
-1518.98	
707.383	
583.535	
1462.52	
2142.16	
1429.77	
1463.42	
-1680.26	
-3791.38	
-3292.89	
4963.51	
603.755	
-3775.31	
-2359.4	
1359.95	
-33.9277	
-329.782	
2624.14	
3813.09	
642.323	
288.095	
-2714.7	
-30.7185	
2655.36	
5029.8	
-2786.29	
2947.35	
-3957.93	
-2928.92	
-3952.13	
524.701	
2957.86	
-2971.54	
-752.555	
-7154.89	
-941.53	
-959.782	
-1818.06	
-1489.94	
-802.378	
5029.8	
-1683.04	
3512.61	
1331.24	
-1702.84	
1667.89	
2057.31	
1473.87	
1925.21	
187.924	
-992.294	
-2801.81	
1159.86	
-6297.72	
1938.79	
-1683.04	
-1067.61	
1153.44	
-3242.94	
-1178.87	
2624.14	
-1886.67	
-1793.8	
-2043.46	
-2237.36	
-2458.08	
4004.24	
1310.06	
-2971.54	
-990.191	
3489.5	
1796.89	
4081.17	
-3851.08	
-2465.47	
1463.03	
586.084	
-593.332	
1863.21	
-153.783	
-2668.97	
3533.3	
-539.469	
1947.2	
2377.58	
1735.77	
-983.145	
-409.093	
3172.07	
663.514	
3976.14	
-78.128	
-169.14	
-2045.8	
245.005	
-1465.67	
-2761.51	
3535.36	
-1057.94	
2528.21	
217.081	
545.566	
907.581	
-3779.11	
-295.968	
-2818.66	
-3006.65	
-1187.08	
-47.5302	
-1314.38	
584.565	
-2079.05	
76.9268	
-1715.35	
785.468	
1393.75	
-566.393	
-5492.17	
-20.4394	
-1638.24	
3085.44	
1125.37	
1729.04	
-1073.31	
-7288.9	
-2041.63	
-516.456	
1512.47	
2046.72	
573.779	
1020.99	
-1327.75	
9.2621	
-331.958	
4111.59	
-626.444	
-3177.69	
-155.635	
-719.172	
1041.99	
504.855	
2530.6	
2258.34	
-1981.67	
990.353	
2649.73	
-3453.91	
3427.64	
-2100.61	
-1255.15	
-298.749	
-565.474	
1413.22	
2158.76	
2673.04	
-3129.06	
-6248.74	
2461.96	
327.584	
-4128.8	
-220.305	
4218.64	
-2224.47	
3090.84	
-2272.75	
3052.54	
3252.31	
466.692	
-300.552	
3915.66	
-2634.82	
-60.7144	
1992.61	
-2646.78	
-1607.98	
-2277.1	
3842.79	
-2740.97	
467.861	
424.839	
-1022.73	
1885.53	
-467.4	
-2679.14	
-464.925	
1145.11	
-2676.66	
-2782.85	
2075.02	
-60.7144	
-845.823	
-3189.5	
1201.35	
3280.71	
-2379.07	
745.407	
579.298	
-6738.3	
1796.05	
-318.281	
1065.3	
-2555.25	
1878.31	
-579.108	
3500.47	
1408.85	
4819.87	
52.8478	
-788.711	
-3189.5	
123.895	
-845.614	
-1597.63	
566.776	
-3231.56	
-1256.69	
-978.856	
2345.46	
-1077.86	
-809.271	
-2475.48	
-320.313	
-854.991	
2599.32	
-1978.14	
1742.73	
-1296.08	
-2897.9	
-375.108	
-575.637	
1091.41	
2305.74	
3159.39	
290.426	
-978.856	
-3775.31	
-1729.6	
1429.77	
255.608	
1519.71	
1689.39	
-1706.38	
-1975.53	
2385.7	
-883.678	
2026.43	
99.0998	
-2303.73	
-1739.26	
1359.95	
1463.42	
642.323	
-27.6655	
1479.75	
5029.8	
-1720.67	
2142.16	
-2270.43	
-752.555	
242.317	
5877.21	
524.701	
-2971.54	
1938.79	
1279.76	
5029.8	
5628.06	
288.095	
1462.52	
-959.782	
2957.86	
-1702.84	
1047.69	
831.101	
726.207	
-2714.7	
2057.31	
1159.86	
-2928.92	
-3242.94	
-6297.72	
1667.89	
-1308.4	
-153.783	
1473.87	
-914.889	
3221.93	
603.755	
-2359.4	
-2237.36	
3512.61	
-2971.54	
-1683.04	
-593.332	
586.084	
2377.58	
1453.1	
-990.191	
907.581	
-1178.87	
-169.14	
-992.294	
-2045.8	
-1793.8	
-2063.14	
-1683.04	
-941.53	
545.566	
245.005	
2655.36	
3535.36	
-3791.38	
-983.145	
-3779.11	
-20.4394	
4081.17	
9.2621	
-2041.63	
-2818.66	
573.779	
1925.21	
-7154.89	
663.514	
-1715.35	
-2465.47	
2939.38	
-802.378	
2530.6	
-1057.94	
327.584	
-2079.05	
-1073.31	
1331.24	
1153.44	
2673.04	
1020.99	
-2100.61	
-626.444	
-2761.51	
-1187.08	
-516.456	
4111.59	
-30.7185	
-1067.61	
-1022.73	
3533.3	
1413.22	
3052.54	
-467.4	
1310.06	
2649.73	
3915.66	
-5492.17	
3090.84	
-6248.74	
-1327.75	
-2668.97	
-1255.15	
-579.108	
-1818.06	
217.081	
3252.31	
1408.85	
-2679.14	
1885.53	
-78.128	
-3189.5	
1992.61	
-60.7144	
-155.635	
2528.21	
-3129.06	
424.839	
3842.79	
123.895	
-7288.9	
187.924	
-1256.69	
-788.711	
4819.87	
-3006.65	
-3189.5	
2158.76	
-60.7144	
1125.37	
-2646.78	
-1296.08	
2258.34	
1201.35	
-1597.63	
4004.24	
2075.02	
1742.73	
-3231.56	
-2634.82	
1878.31	
-2555.25	
1512.47	
-978.856	
-2272.75	
1796.05	
52.8478	
1519.71	
3500.47	
-2475.48	
-575.637	
1689.39	
3976.14	
-845.614	
-1981.67	
-978.856	
-883.678	
566.776	
-1729.6	
-295.968	
-1077.86	
466.692	
2026.43	
99.0998	
2385.7	
-1978.14	
2046.72	
2305.74	
1145.11	
3280.71	
