ibin	itheta	r0	V	sigma2	chi	Vn Errors
0	0	0.3384	0.0652	226.8565	0.4719	0.0082
0	1	0.3716	0.0594	226.8565	0.4297	0.0075
0	2	0.3344	0.0660	226.8565	0.4775	0.0083
0	3	0.3184	0.0693	226.8565	0.5014	0.0088
0	4	0.3441	0.0642	226.8565	0.4639	0.0081
					176.9832	0.5308

1	0	0.3418	0.0663	219.0498	0.4753	0.0150
1	1	0.3529	0.0643	219.0498	0.4605	0.0146
1	2	0.4212	0.0538	219.0498	0.3858	0.0122
1	3	0.3680	0.0616	219.0498	0.4416	0.0140
1	4	0.3527	0.0643	219.0498	0.4607	0.0146
					175.7162	0.4966

2	0	0.3539	0.0659	210.6895	0.4681	0.0062
2	1	0.3661	0.0637	210.6895	0.4525	0.0060
2	2	0.3572	0.0653	210.6895	0.4638	0.0061
2	3	0.3441	0.0678	210.6895	0.4815	0.0064
2	4	0.3457	0.0674	210.6895	0.4792	0.0063
					164.3382	0.5311

3	0	0.3744	0.0641	202.4037	0.4514	0.0076
3	1	0.3536	0.0678	202.4037	0.4780	0.0080
3	2	0.3763	0.0638	202.4037	0.4492	0.0075
3	3	0.3789	0.0633	202.4037	0.4462	0.0075
3	4	0.3694	0.0650	202.4037	0.4576	0.0077
					160.2256	0.5131

4	0	0.3741	0.0660	194.6029	0.4608	0.0106
4	1	0.3746	0.0659	194.6029	0.4602	0.0106
4	2	0.4129	0.0598	194.6029	0.4175	0.0096
4	3	0.3962	0.0624	194.6029	0.4351	0.0100
4	4	0.3915	0.0631	194.6029	0.4403	0.0101
					156.4531	0.4938

5	0	0.3871	0.0658	186.7351	0.4546	0.0181
5	1	0.4555	0.0559	186.7351	0.3863	0.0154
5	2	0.3950	0.0645	186.7351	0.4455	0.0177
5	3	0.3939	0.0646	186.7351	0.4467	0.0178
5	4	0.4539	0.0561	186.7351	0.3877	0.0154
					153.1354	0.4684

6	0	0.4111	0.0638	179.1495	0.4371	0.0088
6	1	0.4365	0.0601	179.1495	0.4117	0.0083
6	2	0.3978	0.0660	179.1495	0.4517	0.0091
6	3	0.4022	0.0652	179.1495	0.4467	0.0090
6	4	0.3927	0.0668	179.1495	0.4575	0.0092
					144.3180	0.4913

ibin	avgmult	avgpt	avgeta	Vn mean	Vn mean Error
0	108.9273	0.7070	0.0720	0.0648	0.0039

1	106.0576	0.7055	0.0707	0.0621	0.0066

2	103.1474	0.7039	0.0684	0.0660	0.0030

3	100.2325	0.7021	0.0682	0.0648	0.0036

4	97.3368	0.7005	0.0660	0.0635	0.0048

5	94.4497	0.6988	0.0647	0.0614	0.0079

6	91.6466	0.6970	0.0631	0.0644	0.0042

ibin	Nevent	totmultall	avgmultall	avgtrk
0	575758.0000	62715777.0000	108.9273	181.8805

1	772836.0000	81965095.0000	106.0576	176.8843

2	1029805.0000	106221740.0000	103.1474	171.8838

3	1357522.0000	136067851.0000	100.2325	166.8905

4	1769050.0000	172193699.0000	97.3368	161.8992

5	2242559.0000	211808922.0000	94.4497	156.9120

6	2706390.0000	248031505.0000	91.6466	151.9412

