-342.207	
-2723.1	
-2746.63	
-1213.2	
2058.22	
794.054	
-6452.35	
-2064.45	
50.9954	
2199.36	
-2484.17	
-3820.18	
-1382.46	
-3342.41	
-1040.79	
-2643	
-3486.3	
134.802	
169.313	
-6909.32	
-4816.61	
-3535.74	
-5045.28	
-1922.1	
-3188.33	
-2939.12	
-3000.92	
-82.7159	
2558.56	
3169.92	
-4562.94	
-6369.38	
-982.291	
-1043.47	
-1604.74	
-855.46	
1533.47	
-7419.27	
2621.87	
-706.332	
-5253.27	
-5984.96	
-690.215	
-1348.03	
-2633.84	
-8168.6	
-2523.24	
-676.909	
-65.5689	
-2611.76	
-2233.99	
-3749.17	
58.4017	
-3651.04	
-4407.71	
160.034	
-6003.87	
637.879	
-298.763	
-1973.55	
-2961.76	
784.355	
-7607.88	
-4530.3	
-5266.95	
-1808.68	
-1871.17	
-6120.12	
-1420.15	
-3016.06	
-3001.33	
-2615.73	
-1233.13	
-3960.81	
-5339.32	
-11093	
-3393.32	
-1608.54	
1440.51	
-292.929	
-4351.79	
-1079.9	
-781.223	
-251.505	
-6135.47	
-544.261	
-1566.56	
1771.01	
2517.37	
-2432.64	
-3149.22	
-1965.89	
1200.49	
-3295.68	
-1020.05	
-3616.09	
-5528.85	
-2735.64	
48.9627	
-1682.65	
524.023	
-1439.99	
-1658.55	
-2718.36	
-2849.76	
-2021.37	
234.889	
-3332.26	
-499.113	
-1667.31	
-1323.41	
-6300.05	
-4139.26	
-9273.52	
-2532.88	
1092.21	
1633.88	
-5668.73	
-3972.63	
-1390.82	
-6121.36	
-2892.68	
-3427.58	
-4885.3	
-154.353	
-841.412	
-2175.92	
-8154.11	
-4299.07	
-642.685	
-6201.29	
-6428.27	
636.867	
-3076.37	
729.289	
-2725.2	
1484.62	
-4073.92	
-1036.41	
-2330.82	
-2553.79	
-4195.9	
-2171.95	
-2411.11	
-4510.05	
-10688.4	
-1909.34	
-936.772	
-2443.19	
-7121.03	
17.4091	
-3904.83	
-406.257	
-4634.42	
-174.049	
-1265.27	
-219.758	
-2708.67	
2541.65	
-3608.94	
-3224.65	
-24.488	
-1869.61	
4025.37	
2008.05	
-4076.38	
57.931	
493.318	
-6201.58	
1062.79	
-629.655	
-10045	
-5538.67	
-169.014	
282.107	
-2060.74	
-3246.9	
-189.126	
-3298.42	
-1964.76	
1581.99	
-6453.67	
-2789.27	
624.319	
-1454.06	
-2067.04	
-1911.61	
-6064.06	
-962.728	
-3092.31	
-2136.4	
-3642.48	
201.721	
-9378.75	
-3791.28	
-1797.65	
-5609.31	
-1430.78	
-372.403	
-4419.38	
-1199.85	
246.616	
-4381.28	
1581.96	
-8204.47	
-1799.64	
-3644.96	
-1539.23	
-393.991	
-261.627	
-1571.77	
785.675	
-435.86	
-5662.1	
-184.82	
149.346	
-1669.32	
-1156.97	
-7661.93	
-3895.16	
685.401	
-1184.88	
-6660.31	
-795.711	
-2038.97	
197.839	
-2684.24	
-1919.51	
-4044.68	
1059.75	
-993.103	
-2734.37	
1051.77	
672.033	
-3679.98	
669.528	
-4649.86	
-4357.33	
1549.7	
-2487.76	
-7237	
-2757.95	
-3396.66	
-2752.89	
1472.71	
-4787.48	
-227.542	
-2147.99	
-5301.21	
1029.94	
16.9915	
-3068.35	
-1493.47	
-2309.09	
2221.74	
-1385.75	
732.014	
-3234.38	
-4270.2	
-431.447	
-3628.37	
-1720.57	
160.168	
-952.839	
-6056.27	
-3673.84	
-2871.07	
-3293.9	
-2297.3	
1570.58	
-562.406	
-1239.85	
-21.5778	
711.767	
619.068	
-3532.3	
-6156.9	
-564.132	
-2401.55	
-3201.65	
817.407	
-8547.63	
-4761.27	
-3167.09	
-4967.02	
-2683.33	
1934.11	
-4147.37	
-4016.62	
1065.92	
1599.03	
-143.794	
-1681.51	
-651.822	
1339.73	
-577.867	
810.412	
-6517.6	
-4847.1	
255.793	
-2604.33	
-2207.82	
-4057.68	
294.862	
-3841.54	
-5703.02	
-2135.77	
-441.874	
-4924.21	
-3969.42	
-7216.06	
-3398.62	
-6833.82	
-8270.96	
215.846	
-2748.32	
-2214.79	
-2171.19	
-3125.72	
-1578.82	
-1388.93	
-4305.51	
-5137.75	
-2371.05	
-3463.99	
-1257.31	
-5833.4	
24.9121	
-1878.29	
-5810.94	
-2218.08	
-484.312	
1107.56	
-2988.08	
-1236.47	
-6006.56	
-2289.16	
-1904.84	
-6716.1	
-2895.58	
-1634.57	
-6513.75	
-4781.35	
-423.829	
-1137.42	
2714.82	
-3465.61	
1628.1	
-4002.81	
-479.134	
911.16	
-2211.41	
-2559.14	
618.036	
161.279	
-1222.4	
-5193.27	
-6115.4	
-6072.42	
-475.597	
-3194.45	
120.419	
2216.54	
1132.17	
-2949.74	
-2228.38	
-6966.5	
-5505.75	
-605.988	
-1457.93	
-89.1739	
-1854.17	
-9422.99	
-2119.72	
-4310.29	
-1596.75	
-5740.35	
1772.36	
-1110.85	
-5705.36	
-2330.07	
-5449.42	
-1070.28	
-4625.73	
-2733.8	
-2145.03	
-60.4053	
-3369.73	
1231.2	
-234.467	
-1910.49	
-1328.76	
1042.84	
-5461.01	
-3454.49	
-264.723	
-4390.49	
-4422.78	
-4069.08	
3014.09	
-609.729	
-6825.22	
-2476.88	
-5696.97	
-1539.52	
-2371.56	
-7313.38	
2439.62	
-2132.32	
-2718.94	
2183.83	
-3486.71	
-4515.87	
-157.976	
-967.682	
-2211.02	
595.4	
-2322.4	
-4139.31	
-1446.51	
2297.71	
-794.556	
3090.73	
238.432	
1116.99	
-3549.71	
-2651.57	
-2354.47	
1503.75	
-4351.13	
-273.425	
-4266.19	
-4950.91	
-395.84	
-2944.86	
2654.41	
-4936.69	
-4580.66	
-7026.21	
-5150.02	
-3098.47	
2412.71	
-2153.26	
29.3333	
-299.432	
-6491.69	
-1848.75	
-5450.27	
828.947	
-2759.99	
-4355.18	
754.87	
-1564.66	
9.97714	
2002.92	
-1145.05	
-2992.8	
-2188.94	
-3920.73	
-2278.04	
363.756	
-2622.59	
-2368.93	
-1752.68	
742.081	
-3112.95	
763.632	
-6893.65	
-379.74	
643.957	
-210.896	
-1586.62	
-408.987	
-975.706	
-1915.78	
-2600.58	
-2391.72	
-1999.39	
1264.89	
-3261.45	
-2450.78	
-2101.25	
-4107.84	
-5817.34	
-3472.93	
-572.102	
-2210.19	
-3234	
-4040.37	
-2980.15	
3121.65	
-3031.87	
-1248.56	
-967.963	
-32.5752	
-525.813	
535.549	
461.969	
691.032	
-1755.02	
723.789	
-1783.13	
-8356.21	
773.822	
-1575.53	
237.654	
-4619.14	
-3866.89	
-610.25	
-2868.39	
-1834.93	
-4181.02	
-4207.04	
-2249.71	
55.4037	
-1518.74	
-1997.9	
-4712.66	
1247.34	
-3709.39	
63.866	
-4945.1	
-4097.6	
-1066.8	
-3508.67	
-1597.71	
-4072.03	
-3099.04	
1176.4	
-3031.64	
-1284.88	
-6026.4	
-1605.85	
-1781.07	
-3961.93	
-3304.92	
-2506.33	
-2043.74	
-4844.84	
-6027.32	
-3606.92	
3453.2	
242.912	
-3022.74	
-3912.91	
-1724.59	
-9651.63	
-645.017	
-2042.45	
-603.357	
-2281.4	
-1019.81	
-1250.8	
-3699.13	
-936.173	
-2351.87	
-4063.84	
1258.29	
1075.43	
-1931.06	
-3468.43	
2246.17	
207.162	
-3595.08	
-687.237	
-4991.93	
-4177.73	
-1730.36	
2536.77	
-1451.84	
-1535.03	
-9044.76	
-3127.62	
-475.935	
-6433.35	
-3236.06	
-5896.26	
-2226.69	
-1618.07	
1694.43	
-2511.28	
-2775	
-5035.24	
-1691.26	
-5193.05	
-4934.71	
-3830.79	
160.034	
-3326.88	
-3959.38	
-2514.84	
1221.05	
-5390.03	
-2734.41	
-4601.03	
-4612.8	
-2702.69	
1787.15	
-887.235	
-4642.24	
-710.324	
1317.22	
-2615.73	
-9494.55	
-2709.75	
-775.825	
-1701.34	
-319.375	
-568.865	
-8731.49	
-681.499	
-321.935	
-1480.9	
-3433.67	
-243.326	
-1762.41	
-292.929	
-7927.15	
1638.26	
2285.09	
-7381.54	
-4391.82	
-85.037	
-446.833	
-1329.65	
-1011.78	
-6428.09	
-4223.75	
-2068.28	
-2052.85	
956.364	
-360.207	
-5214.45	
-1555.64	
-2516.98	
-1965.89	
-3665.39	
-1085.74	
-9842.05	
507.68	
2682.85	
-4316.63	
-2261.48	
-2067.93	
-3884.4	
-7266.61	
-7930.14	
-4299.07	
-2854.9	
-2607.24	
-1488.46	
-2410.81	
1165.38	
-971.683	
-3622.15	
6168.76	
-1503.98	
-1004.66	
-1222.21	
3032.91	
-534.682	
2497.6	
-556.962	
-3203.21	
-1296.91	
-6624.15	
-1158.16	
-2197.06	
-1408.36	
-5046.6	
-2805.94	
-174.049	
-279.554	
-4714.77	
-2560.95	
-2488.65	
-2141.08	
-7885.31	
-4611.14	
663.283	
-2828.24	
477.847	
-1430.78	
-3021.74	
-2573.48	
-3288.92	
-5218.16	
-2685.39	
-969.268	
-3681.57	
-366.748	
555.531	
81.4267	
1213.4	
-5242.47	
-2713.68	
-4796.67	
-1582.49	
729.066	
-1758.62	
-1662.45	
-4348.17	
779.259	
-2049.44	
-4428.59	
-4819.59	
-7237	
-3874.78	
-1937.94	
-4631.96	
-2581.28	
-2931.51	
-4487.13	
-3440.89	
-4433.22	
-2479.59	
-4751.27	
-2510.54	
-480.238	
-1037.81	
-2147.99	
-4469.12	
-3059.5	
-2148.03	
-3203.48	
-1685.88	
-5784.21	
-1834.9	
2435.52	
247.918	
1903.35	
-1702.37	
605.858	
-4912.73	
1718.24	
-1412.36	
-193.19	
1750.01	
-1782.74	
1489.06	
-4286.31	
-801.008	
-1603.72	
-3881.74	
-1017.32	
-4138.1	
-1253.01	
-1522.39	
1405.49	
-2339.69	
-1603.46	
-1865.51	
-1176.77	
-247.563	
2039.22	
-3700.28	
-1591.93	
-93.1728	
-1348.18	
-6137.83	
-3811.72	
-3728.29	
-4808.54	
-6268.34	
-1778.67	
1198.69	
-2245.62	
928.668	
-910.573	
-1781.76	
-2463.19	
1336.6	
-1447.58	
200.96	
1786.97	
461.055	
-2150.43	
-4938.17	
1369.99	
-5189.72	
-3144.55	
-3380.83	
-1497.16	
-3428.22	
-1840.18	
-8865.59	
-4602.56	
-2673.3	
-3051.22	
-2359.39	
-68.9352	
443.739	
565.735	
-5630.34	
-2344.28	
-2862.69	
30.421	
-728.205	
-3410.56	
-7049.42	
-5243.61	
652.745	
-2611.76	
-337.409	
-1371.48	
-5407	
-2051.2	
-1423.18	
-2410.77	
-3582.7	
1280.54	
-6168.19	
1827.3	
-3393.32	
2982.75	
-4987.28	
-1317.44	
-187.441	
879.745	
70.4558	
-15572.6	
1649.86	
-544.261	
-4607.41	
-11.5801	
-1422.61	
-4265.45	
-4102.14	
1200.49	
-6736.71	
-1460.95	
787.221	
-5300.83	
-1603.03	
-2235.2	
637.879	
-1023.58	
-4537.23	
-1255.52	
-1362.16	
-2943.21	
-2389.05	
-1512.1	
-1608.54	
-6733.01	
-3174.57	
900.016	
-1368.26	
-6300.05	
-2233.99	
-875.016	
-3410.52	
-993.878	
-116.728	
484.113	
847.372	
-4351.79	
-928.466	
-5472.29	
-3149.22	
-2686.48	
-4565.94	
-686.56	
-11093	
-4073.92	
1337.14	
311.974	
-80.4949	
2183.57	
-2165.91	
-689.55	
-1265.27	
-3880.78	
-1871.17	
-211.574	
-2387.51	
-150.829	
-6428.27	
-3591.64	
-65.5689	
-2096.28	
-2708.67	
1082.03	
-4372.63	
-781.223	
-169.014	
-2553.79	
-1891.55	
-3315.33	
784.355	
-2030.34	
926.585	
-5609.31	
-1439.99	
-3877.58	
-1671.61	
-249.253	
541.337	
-261.627	
-4272.85	
319.617	
-3246.9	
-499.113	
-4419.38	
181.051	
1472.71	
-2309.09	
163.683	
-1426.88	
-5668.73	
-4407.71	
-3525.2	
-2597.05	
-251.505	
-1433.15	
2221.74	
-4546.08	
-3749.17	
-1020.05	
1647.27	
149.346	
1484.62	
-6833.82	
-1422.47	
-1909.34	
-3483.39	
-3296.62	
-2371.05	
-1079.9	
-3016.06	
735.647	
16.9915	
-5137.75	
-541.726	
-1571.77	
-2037.01	
-7607.88	
-143.794	
-1036.41	
-406.257	
-2432.64	
-5540.24	
-755.924	
-1236.47	
-6735.18	
-372.403	
-1566.56	
17.4091	
-2895.58	
405.605	
-2684.24	
-544.87	
672.033	
-1658.55	
-5703.02	
-1869.61	
-1502.41	
-4781.35	
729.289	
1549.7	
-2748.32	
-936.772	
2242.69	
-1385.75	
-6135.47	
-3989.15	
-1222.4	
-3904.83	
-184.82	
-9273.52	
493.318	
-1388.93	
-431.447	
-4016.62	
1633.88	
-21.5778	
-3628.37	
-3194.45	
-3642.48	
-6201.58	
-2988.08	
-10688.4	
1570.58	
-5740.35	
-1904.84	
-4195.9	
1339.73	
-6453.67	
-479.134	
-1199.85	
-5193.27	
-2734.37	
-4924.21	
-1669.32	
-1854.17	
-1878.29	
-227.542	
-4625.73	
-1720.57	
-2559.14	
1231.2	
-2214.79	
-6966.5	
-4422.78	
-5696.97	
-5705.36	
-2218.08	
-423.829	
