0.968	0.347	123.548
0.968	0.348	121.476
0.968	0.349	120.701
0.968	0.35	121.781
0.968	0.351	124.668
0.968	0.352	135.344
0.968	0.353	148.873
0.968	0.354	161.643
0.968	0.355	178.72
0.968	0.356	199.522
0.968	0.357	219.684
0.968	0.358	246.376
0.968	0.359	278.969
0.968	0.36	314.333
0.968	0.361	350.007
0.968	0.362	381.131
0.968	0.363	418.065
0.968	0.364	440.875
0.968	0.365	481.354
0.968	0.366	525.322
0.968	0.367	558.741
0.969	0.347	122.265
0.969	0.348	127.82
0.969	0.349	126.554
0.969	0.35	121.848
0.969	0.351	119.252
0.969	0.352	126.046
0.969	0.353	139.814
0.969	0.354	152.634
0.969	0.355	164.27
0.969	0.356	181.423
0.969	0.357	202.721
0.969	0.358	223.559
0.969	0.359	247.258
0.969	0.36	282.873
0.969	0.361	318.345
0.969	0.362	349.679
0.969	0.363	387.99
0.969	0.364	422.187
0.969	0.365	448.175
0.969	0.366	485.513
0.969	0.367	527.112
0.97	0.347	118.985
0.97	0.348	121.001
0.97	0.349	128.097
0.97	0.35	120.388
0.97	0.351	121.966
0.97	0.352	116.907
0.97	0.353	129.48
0.97	0.354	140.07
0.97	0.355	154.185
0.97	0.356	166.027
0.97	0.357	185.176
0.97	0.358	205.407
0.97	0.359	227.678
0.97	0.36	252.116
0.97	0.361	286.269
0.97	0.362	323.625
0.97	0.363	356.589
0.97	0.364	391.103
0.97	0.365	420.016
0.97	0.366	452.926
0.97	0.367	492.311
0.971	0.347	129.938
0.971	0.348	120.347
0.971	0.349	121.945
0.971	0.35	122.796
0.971	0.351	119.126
0.971	0.352	120.254
0.971	0.353	118.468
0.971	0.354	130.133
0.971	0.355	143.317
0.971	0.356	152.663
0.971	0.357	166.675
0.971	0.358	187.183
0.971	0.359	207.515
0.971	0.36	232.441
0.971	0.361	258.024
0.971	0.362	291.001
0.971	0.363	325.948
0.971	0.364	360.612
0.971	0.365	397.891
0.971	0.366	418.923
0.971	0.367	455.783
0.972	0.347	130.778
0.972	0.348	127.878
0.972	0.349	120.255
0.972	0.35	129.078
0.972	0.351	124.626
0.972	0.352	120.038
0.972	0.353	114.371
0.972	0.354	122.021
0.972	0.355	132.75
0.972	0.356	143.93
0.972	0.357	154.226
0.972	0.358	169.349
0.972	0.359	188.672
0.972	0.36	210.399
0.972	0.361	233.132
0.972	0.362	261.181
0.972	0.363	297.801
0.972	0.364	331.408
0.972	0.365	366.534
0.972	0.366	397.44
0.972	0.367	422.155
0.973	0.347	142.684
0.973	0.348	132.123
0.973	0.349	124.538
0.973	0.35	120.721
0.973	0.351	127.586
0.973	0.352	123.143
0.973	0.353	118.554
0.973	0.354	113.311
0.973	0.355	123.713
0.973	0.356	132.861
0.973	0.357	144.419
0.973	0.358	156.689
0.973	0.359	170.249
0.973	0.36	189.925
0.973	0.361	214.292
0.973	0.362	236.246
0.973	0.363	262.12
0.973	0.364	300.093
0.973	0.365	335.941
0.973	0.366	369.818
0.973	0.367	398.86
0.974	0.347	141.994
0.974	0.348	135.096
0.974	0.349	131.552
0.974	0.35	119.43
0.974	0.351	118.034
0.974	0.352	124.096
0.974	0.353	121.767
0.974	0.354	116.31
0.974	0.355	115.849
0.974	0.356	123.831
0.974	0.357	138.121
0.974	0.358	145.404
0.974	0.359	158.538
0.974	0.36	173.867
0.974	0.361	192.58
0.974	0.362	221.128
0.974	0.363	238.803
0.974	0.364	267.693
0.974	0.365	302.791
0.974	0.366	339.843
0.974	0.367	370.435
0.975	0.347	153.574
0.975	0.348	139.291
0.975	0.349	128.702
0.975	0.35	126.622
0.975	0.351	117.235
0.975	0.352	122.139
0.975	0.353	122.654
0.975	0.354	119.085
0.975	0.355	112.091
0.975	0.356	116.306
0.975	0.357	127.139
0.975	0.358	139.552
0.975	0.359	147.374
0.975	0.36	160.36
0.975	0.361	176.463
0.975	0.362	195.428
0.975	0.363	220.555
0.975	0.364	242.035
0.975	0.365	274.802
0.975	0.366	305.257
0.975	0.367	348.683
0.976	0.347	171.307
0.976	0.348	148.002
0.976	0.349	137.035
0.976	0.35	132.572
0.976	0.351	125.417
0.976	0.352	126.513
0.976	0.353	121.205
0.976	0.354	119.763
0.976	0.355	117.315
0.976	0.356	112.644
0.976	0.357	120.181
0.976	0.358	127.648
0.976	0.359	138.415
0.976	0.36	148.175
0.976	0.361	163.616
0.976	0.362	180.657
0.976	0.363	201.228
0.976	0.364	224.743
0.976	0.365	245.035
0.976	0.366	279.724
0.976	0.367	311.646
0.977	0.347	174.561
0.977	0.348	166.363
0.977	0.349	144.448
0.977	0.35	136.902
0.977	0.351	131.656
0.977	0.352	120.015
0.977	0.353	125.112
0.977	0.354	124.92
0.977	0.355	120.09
0.977	0.356	113.532
0.977	0.357	113.355
0.977	0.358	124.964
0.977	0.359	133.66
0.977	0.36	138.472
0.977	0.361	154.021
0.977	0.362	166.176
0.977	0.363	183.727
0.977	0.364	205.509
0.977	0.365	229.363
0.977	0.366	251.275
0.977	0.367	280.739
0.978	0.347	188.401
0.978	0.348	173.733
0.978	0.349	164.314
0.978	0.35	144.182
0.978	0.351	133.405
0.978	0.352	128.957
0.978	0.353	121.692
0.978	0.354	124.657
0.978	0.355	122.468
0.978	0.356	123.35
0.978	0.357	108.137
0.978	0.358	112.834
0.978	0.359	122.98
0.978	0.36	131.629
0.978	0.361	138.461
0.978	0.362	153.756
0.978	0.363	169.648
0.978	0.364	185.115
0.978	0.365	208.498
0.978	0.366	230.267
0.978	0.367	256.628
0.979	0.347	201.562
0.979	0.348	183.592
0.979	0.349	167.977
0.979	0.35	155.017
0.979	0.351	133.548
0.979	0.352	131.784
0.979	0.353	124.371
0.979	0.354	122.463
0.979	0.355	122.567
0.979	0.356	118.675
0.979	0.357	126.366
0.979	0.358	112.833
0.979	0.359	116.934
0.979	0.36	125.628
0.979	0.361	128.56
0.979	0.362	140.3
0.979	0.363	155.154
0.979	0.364	171.146
0.979	0.365	188.394
0.979	0.366	214.042
0.979	0.367	233.14
0.98	0.347	233.51
0.98	0.348	204.46
0.98	0.349	177.613
0.98	0.35	168.502
0.98	0.351	146.062
0.98	0.352	134.759
0.98	0.353	131.058
0.98	0.354	119.422
0.98	0.355	126.855
0.98	0.356	119.119
0.98	0.357	116.861
0.98	0.358	114.961
0.98	0.359	111.949
0.98	0.36	120.665
0.98	0.361	131.485
0.98	0.362	129.949
0.98	0.363	142.207
0.98	0.364	159.144
0.98	0.365	172.75
0.98	0.366	192.154
0.98	0.367	215.857
0.981	0.347	253.231
0.981	0.348	223.47
0.981	0.349	193.619
0.981	0.35	179.087
0.981	0.351	164.684
0.981	0.352	143.962
0.981	0.353	138.015
0.981	0.354	131.683
0.981	0.355	118.462
0.981	0.356	126.135
0.981	0.357	121.867
0.981	0.358	115.008
0.981	0.359	111.189
0.981	0.36	111.6
0.981	0.361	121.23
0.981	0.362	130.514
0.981	0.363	131.78
0.981	0.364	144.014
0.981	0.365	162.652
0.981	0.366	177.284
0.981	0.367	196.973
0.982	0.347	271.281
0.982	0.348	247.1
0.982	0.349	217.251
0.982	0.35	188.519
0.982	0.351	178.794
0.982	0.352	158.369
0.982	0.353	138.688
0.982	0.354	136.676
0.982	0.355	123.907
0.982	0.356	121.69
0.982	0.357	121.97
0.982	0.358	122.802
0.982	0.359	117.755
0.982	0.36	113.669
0.982	0.361	114.051
0.982	0.362	123.71
0.982	0.363	128.974
0.982	0.364	135.421
0.982	0.365	144.453
0.982	0.366	164.875
0.982	0.367	178.482
0.983	0.347	291.428
0.983	0.348	265.103
0.983	0.349	241.506
0.983	0.35	211.063
0.983	0.351	185.053
0.983	0.352	172.928
0.983	0.353	151.632
0.983	0.354	138.294
0.983	0.355	133.419
0.983	0.356	118.227
0.983	0.357	119.357
0.983	0.358	123.369
0.983	0.359	118.274
0.983	0.36	117.118
0.983	0.361	110.627
0.983	0.362	117.307
0.983	0.363	125.452
0.983	0.364	127.618
0.983	0.365	137.259
0.983	0.366	150.01
0.983	0.367	167.277
0.984	0.347	316.746
0.984	0.348	288.611
0.984	0.349	261.213
0.984	0.35	233.671
0.984	0.351	205.268
0.984	0.352	184.385
0.984	0.353	168.492
0.984	0.354	144.133
0.984	0.355	139.954
0.984	0.356	135.236
0.984	0.357	116.812
0.984	0.358	121.863
0.984	0.359	119.875
0.984	0.36	116.659
0.984	0.361	112.206
0.984	0.362	109.297
0.984	0.363	119.03
0.984	0.364	123.288
0.984	0.365	130.338
0.984	0.366	138.468
0.984	0.367	153.529
0.985	0.347	341.35
0.985	0.348	309.167
0.985	0.349	281.314
0.985	0.35	259.607
0.985	0.351	228.781
0.985	0.352	195.413
0.985	0.353	181.39
0.985	0.354	161.975
0.985	0.355	140.753
0.985	0.356	140.771
0.985	0.357	127.264
0.985	0.358	123.751
0.985	0.359	123.779
0.985	0.36	119.536
0.985	0.361	111.987
0.985	0.362	115.641
0.985	0.363	112.093
0.985	0.364	120.962
0.985	0.365	123.939
0.985	0.366	132.309
0.985	0.367	140.693
0.986	0.347	361.029
0.986	0.348	336.464
0.986	0.349	306.337
0.986	0.35	266.847
0.986	0.351	254.18
0.986	0.352	220.288
0.986	0.353	194.729
0.986	0.354	175.117
0.986	0.355	159.033
0.986	0.356	147.148
0.986	0.357	140.764
0.986	0.358	122.137
0.986	0.359	122.718
0.986	0.36	117.221
0.986	0.361	118.003
0.986	0.362	111.97
0.986	0.363	110.023
0.986	0.364	113.477
0.986	0.365	116.873
0.986	0.366	127.571
0.986	0.367	130.485
0.987	0.347	382.373
0.987	0.348	361.014
0.987	0.349	330.545
0.987	0.35	302.121
0.987	0.351	265.562
0.987	0.352	247.94
0.987	0.353	214.882
0.987	0.354	192.251
0.987	0.355	176.731
0.987	0.356	151.421
0.987	0.357	145.02
0.987	0.358	135.362
0.987	0.359	122.688
0.987	0.36	119.568
0.987	0.361	117.509
0.987	0.362	116.42
0.987	0.363	108.612
0.987	0.364	109.482
0.987	0.365	116.37
0.987	0.366	118.88
0.987	0.367	126.716
0.988	0.347	408.305
0.988	0.348	373.874
0.988	0.349	354.304
0.988	0.35	323.429
0.988	0.351	294.809
0.988	0.352	265.789
0.988	0.353	242.628
0.988	0.354	207.621
0.988	0.355	186.767
0.988	0.356	168.467
0.988	0.357	146.647
0.988	0.358	142.665
0.988	0.359	133.362
0.988	0.36	125.194
0.988	0.361	120.113
0.988	0.362	114.439
0.988	0.363	109.926
0.988	0.364	109.984
0.988	0.365	110.803
0.988	0.366	113.073
0.988	0.367	118.608
{0.978,0.357}
108.137	57
