1.4	3.9	56.9452
1.4	3.901	56.79
1.4	3.902	56.6312
1.4	3.903	56.8358
1.4	3.904	57.0256
1.4	3.905	57.4099
1.4	3.906	57.5492
1.4	3.907	57.1863
1.4	3.908	56.8415
1.4	3.909	56.6619
1.4	3.91	56.7808
1.4	3.911	56.656
1.4	3.912	57.0533
1.4	3.913	56.4878
1.4	3.914	57.0813
1.4	3.915	56.9737
1.4	3.916	57.3316
1.4	3.917	58.0809
1.4	3.918	59.3234
1.4	3.919	59.3313
1.4	3.92	59.2304
1.401	3.9	61.875
1.401	3.901	61.109
1.401	3.902	60.6737
1.401	3.903	60.4454
1.401	3.904	59.9417
1.401	3.905	59.6986
1.401	3.906	59.6433
1.401	3.907	58.8796
1.401	3.908	58.872
1.401	3.909	58.9159
1.401	3.91	58.2887
1.401	3.911	58.1539
1.401	3.912	57.9706
1.401	3.913	57.2991
1.401	3.914	57.6074
1.401	3.915	58.9286
1.401	3.916	58.6986
1.401	3.917	59.1886
1.401	3.918	59.2966
1.401	3.919	59.446
1.401	3.92	59.4332
1.402	3.9	64.2356
1.402	3.901	63.6429
1.402	3.902	63.4315
1.402	3.903	62.9374
1.402	3.904	63.4503
1.402	3.905	63.6686
1.402	3.906	63.8214
1.402	3.907	64.1629
1.402	3.908	64.2165
1.402	3.909	64.5084
1.402	3.91	63.3796
1.402	3.911	62.8673
1.402	3.912	63.12
1.402	3.913	63.971
1.402	3.914	63.398
1.402	3.915	63.0213
1.402	3.916	63.574
1.402	3.917	63.5784
1.402	3.918	63.6108
1.402	3.919	63.3741
1.402	3.92	63.0404
1.403	3.9	68.5339
1.403	3.901	69.2003
1.403	3.902	69.5625
1.403	3.903	69.9111
1.403	3.904	69.4988
1.403	3.905	69.864
1.403	3.906	69.6988
1.403	3.907	69.3612
1.403	3.908	70.019
1.403	3.909	70.1241
1.403	3.91	70.2544
1.403	3.911	69.8587
1.403	3.912	69.1035
1.403	3.913	69.0995
1.403	3.914	68.0485
1.403	3.915	67.7118
1.403	3.916	66.556
1.403	3.917	66.5682
1.403	3.918	66.1955
1.403	3.919	66.5227
1.403	3.92	66.0572
1.404	3.9	78.7272
1.404	3.901	78.9305
1.404	3.902	78.6043
1.404	3.903	77.653
1.404	3.904	78.3051
1.404	3.905	78.7893
1.404	3.906	78.8228
1.404	3.907	78.7929
1.404	3.908	78.4241
1.404	3.909	77.7201
1.404	3.91	78.1451
1.404	3.911	76.8831
1.404	3.912	77.3045
1.404	3.913	75.2396
1.404	3.914	75.4607
1.404	3.915	75.1122
1.404	3.916	75.4559
1.404	3.917	75.261
1.404	3.918	74.93
1.404	3.919	74.5025
1.404	3.92	73.2472
1.405	3.9	76.1545
1.405	3.901	76.0725
1.405	3.902	75.874
1.405	3.903	76.5192
1.405	3.904	76.4631
1.405	3.905	76.8258
1.405	3.906	76.6722
1.405	3.907	76.9866
1.405	3.908	76.4309
1.405	3.909	76.8185
1.405	3.91	76.1113
1.405	3.911	75.8608
1.405	3.912	76.1364
1.405	3.913	75.8095
1.405	3.914	75.8164
1.405	3.915	76.7137
1.405	3.916	76.0586
1.405	3.917	76.1406
1.405	3.918	76.403
1.405	3.919	76.7308
1.405	3.92	76.776
1.406	3.9	83.4506
1.406	3.901	83.4462
1.406	3.902	83.4397
1.406	3.903	83.9631
1.406	3.904	83.6901
1.406	3.905	83.3677
1.406	3.906	82.8299
1.406	3.907	82.9903
1.406	3.908	82.5018
1.406	3.909	82.5558
1.406	3.91	82.0523
1.406	3.911	82.1905
1.406	3.912	81.77
1.406	3.913	82.3632
1.406	3.914	81.6355
1.406	3.915	80.8324
1.406	3.916	80.4758
1.406	3.917	80.0283
1.406	3.918	79.5199
1.406	3.919	78.9932
1.406	3.92	78.3654
1.407	3.9	92.8975
1.407	3.901	92.3524
1.407	3.902	92.1404
1.407	3.903	93.1371
1.407	3.904	92.1627
1.407	3.905	91.2337
1.407	3.906	90.7935
1.407	3.907	91.0611
1.407	3.908	91.2621
1.407	3.909	91.4162
1.407	3.91	91.6857
1.407	3.911	91.7616
1.407	3.912	90.8332
1.407	3.913	90.7095
1.407	3.914	90.623
1.407	3.915	89.6856
1.407	3.916	89.4422
1.407	3.917	88.004
1.407	3.918	87.5181
1.407	3.919	87.2954
1.407	3.92	86.8897
1.408	3.9	107.05
1.408	3.901	106.512
1.408	3.902	106.04
1.408	3.903	105.287
1.408	3.904	105.298
1.408	3.905	105.344
1.408	3.906	105.438
1.408	3.907	104.79
1.408	3.908	104.373
1.408	3.909	104.75
1.408	3.91	103.492
1.408	3.911	102.993
1.408	3.912	103.207
1.408	3.913	103.009
1.408	3.914	101.82
1.408	3.915	101.335
1.408	3.916	101.143
1.408	3.917	100.802
1.408	3.918	100.407
1.408	3.919	100.143
1.408	3.92	99.3502
1.409	3.9	115.149
1.409	3.901	115.022
1.409	3.902	115.457
1.409	3.903	115.696
1.409	3.904	115.098
1.409	3.905	113.937
1.409	3.906	113.195
1.409	3.907	112.641
1.409	3.908	112.405
1.409	3.909	112.442
1.409	3.91	112.174
1.409	3.911	111.673
1.409	3.912	111.843
1.409	3.913	111.028
1.409	3.914	112.132
1.409	3.915	111.886
1.409	3.916	112.33
1.409	3.917	112.875
1.409	3.918	112.752
1.409	3.919	112.245
1.409	3.92	112.657
1.41	3.9	122.316
1.41	3.901	122.171
1.41	3.902	121.832
1.41	3.903	121.824
1.41	3.904	121.11
1.41	3.905	121.545
1.41	3.906	120.421
1.41	3.907	120.671
1.41	3.908	120.914
1.41	3.909	120.956
1.41	3.91	120.162
1.41	3.911	120.865
1.41	3.912	120.411
1.41	3.913	120.195
1.41	3.914	120.884
1.41	3.915	120.959
1.41	3.916	120.628
1.41	3.917	120.869
1.41	3.918	121.332
1.41	3.919	121.084
1.41	3.92	120.823
1.411	3.9	136.202
1.411	3.901	135.966
1.411	3.902	135.063
1.411	3.903	133.635
1.411	3.904	133.48
1.411	3.905	133.174
1.411	3.906	132.18
1.411	3.907	131.006
1.411	3.908	131.249
1.411	3.909	131.043
1.411	3.91	131.122
1.411	3.911	130.179
1.411	3.912	129.343
1.411	3.913	128.835
1.411	3.914	128.51
1.411	3.915	128.55
1.411	3.916	127.86
1.411	3.917	126.982
1.411	3.918	126.603
1.411	3.919	126.366
1.411	3.92	126.844
1.412	3.9	142.081
1.412	3.901	140.589
1.412	3.902	139.94
1.412	3.903	140.2
1.412	3.904	142.22
1.412	3.905	142.107
1.412	3.906	142.476
1.412	3.907	142.248
1.412	3.908	142.18
1.412	3.909	141.417
1.412	3.91	141.637
1.412	3.911	141.55
1.412	3.912	141.054
1.412	3.913	139.578
1.412	3.914	139.342
1.412	3.915	139.073
1.412	3.916	138.759
1.412	3.917	138.2
1.412	3.918	138.146
1.412	3.919	137.664
1.412	3.92	136.988
1.413	3.9	150.945
1.413	3.901	151.31
1.413	3.902	149.943
1.413	3.903	149.093
1.413	3.904	149.021
1.413	3.905	149.227
1.413	3.906	148.717
1.413	3.907	147.824
1.413	3.908	147.399
1.413	3.909	147.147
1.413	3.91	148.067
1.413	3.911	147.097
1.413	3.912	146.751
1.413	3.913	146.175
1.413	3.914	146.432
1.413	3.915	145.548
1.413	3.916	145.221
1.413	3.917	145.252
1.413	3.918	144.986
1.413	3.919	145.123
1.413	3.92	144.658
1.414	3.9	160.751
1.414	3.901	159.288
1.414	3.902	158.847
1.414	3.903	159.051
1.414	3.904	158.841
1.414	3.905	159.274
1.414	3.906	159.568
1.414	3.907	159.415
1.414	3.908	159.509
1.414	3.909	159.453
1.414	3.91	159.186
1.414	3.911	158.108
1.414	3.912	157.363
1.414	3.913	156.659
1.414	3.914	156.854
1.414	3.915	155.905
1.414	3.916	156.225
1.414	3.917	156.721
1.414	3.918	155.264
1.414	3.919	154.495
1.414	3.92	155.122
1.415	3.9	168.45
1.415	3.901	168.626
1.415	3.902	169.775
1.415	3.903	169.994
1.415	3.904	169.333
1.415	3.905	169.038
1.415	3.906	169.639
1.415	3.907	169.851
1.415	3.908	169.842
1.415	3.909	168.634
1.415	3.91	168.55
1.415	3.911	167.755
1.415	3.912	167.107
1.415	3.913	166.397
1.415	3.914	165.598
1.415	3.915	164.641
1.415	3.916	164.427
1.415	3.917	164.076
1.415	3.918	163.514
1.415	3.919	162.78
1.415	3.92	162.171
1.416	3.9	180.167
1.416	3.901	180.208
1.416	3.902	179.735
1.416	3.903	178.858
1.416	3.904	178.277
1.416	3.905	177.474
1.416	3.906	177.004
1.416	3.907	177.905
1.416	3.908	176.992
1.416	3.909	175.926
1.416	3.91	175.91
1.416	3.911	175.625
1.416	3.912	176.22
1.416	3.913	175.466
1.416	3.914	175.177
1.416	3.915	174.581
1.416	3.916	175.107
1.416	3.917	175.428
1.416	3.918	174.981
1.416	3.919	175.128
1.416	3.92	175.146
1.417	3.9	195.254
1.417	3.901	195.759
1.417	3.902	196.043
1.417	3.903	195.381
1.417	3.904	195.794
1.417	3.905	195.553
1.417	3.906	195.482
1.417	3.907	195.027
1.417	3.908	193.529
1.417	3.909	192.956
1.417	3.91	192.871
1.417	3.911	192.194
1.417	3.912	191.248
1.417	3.913	190.755
1.417	3.914	190.367
1.417	3.915	190.099
1.417	3.916	189.339
1.417	3.917	188.906
1.417	3.918	188.839
1.417	3.919	187.867
1.417	3.92	187.026
1.418	3.9	207.963
1.418	3.901	207.113
1.418	3.902	207.017
1.418	3.903	207.751
1.418	3.904	206.479
1.418	3.905	206.046
1.418	3.906	205.464
1.418	3.907	204.373
1.418	3.908	203.649
1.418	3.909	203.691
1.418	3.91	202.772
1.418	3.911	201.455
1.418	3.912	200.867
1.418	3.913	201.322
1.418	3.914	201.009
1.418	3.915	200.462
1.418	3.916	200.553
1.418	3.917	200.41
1.418	3.918	200.518
1.418	3.919	200.243
1.418	3.92	200.936
1.419	3.9	217.002
1.419	3.901	217.325
1.419	3.902	218.157
1.419	3.903	217.533
1.419	3.904	217.256
1.419	3.905	217.287
1.419	3.906	217.802
1.419	3.907	217.639
1.419	3.908	217.47
1.419	3.909	217.31
1.419	3.91	217.332
1.419	3.911	216.904
1.419	3.912	216.771
1.419	3.913	215.932
1.419	3.914	215.642
1.419	3.915	215.092
1.419	3.916	215.263
1.419	3.917	214.824
1.419	3.918	214.692
1.419	3.919	214.293
1.419	3.92	213.922
1.42	3.9	228.61
1.42	3.901	229.043
1.42	3.902	228.177
1.42	3.903	227.007
1.42	3.904	226.754
1.42	3.905	226.808
1.42	3.906	226.676
1.42	3.907	226.463
1.42	3.908	226.692
1.42	3.909	226.888
1.42	3.91	227.283
1.42	3.911	227.261
1.42	3.912	226.866
1.42	3.913	226.427
1.42	3.914	225.507
1.42	3.915	227.101
1.42	3.916	225.481
1.42	3.917	224.547
1.42	3.918	224.874
1.42	3.919	225.578
1.42	3.92	224.622
{1.4,3.913}
56.4878	52
