1.5	3.5	118.577
1.5	3.501	119.424
1.5	3.502	119.414
1.5	3.503	118.958
1.5	3.504	118.654
1.5	3.505	117.785
1.5	3.506	116.721
1.5	3.507	116.183
1.5	3.508	115.421
1.5	3.509	114.217
1.5	3.51	113.427
1.5	3.511	112.827
1.5	3.512	112.55
1.5	3.513	113.069
1.5	3.514	113.131
1.5	3.515	111.934
1.5	3.516	110.529
1.5	3.517	109.911
1.5	3.518	109.033
1.5	3.519	108.862
1.5	3.52	108.56
1.501	3.5	122.582
1.501	3.501	124.287
1.501	3.502	124.717
1.501	3.503	125.379
1.501	3.504	124.97
1.501	3.505	124.487
1.501	3.506	124.703
1.501	3.507	123.793
1.501	3.508	123.143
1.501	3.509	122.672
1.501	3.51	121.682
1.501	3.511	120.063
1.501	3.512	120.154
1.501	3.513	119.041
1.501	3.514	119.623
1.501	3.515	120.483
1.501	3.516	120.763
1.501	3.517	120.601
1.501	3.518	121.359
1.501	3.519	121.465
1.501	3.52	119.978
1.502	3.5	137.823
1.502	3.501	136.547
1.502	3.502	135.24
1.502	3.503	135.049
1.502	3.504	134.054
1.502	3.505	132.901
1.502	3.506	132.45
1.502	3.507	132.454
1.502	3.508	131.987
1.502	3.509	131.328
1.502	3.51	132.377
1.502	3.511	132.251
1.502	3.512	130.198
1.502	3.513	130.312
1.502	3.514	130.228
1.502	3.515	130.357
1.502	3.516	130.421
1.502	3.517	128.988
1.502	3.518	127.287
1.502	3.519	127.293
1.502	3.52	126.379
1.503	3.5	146.866
1.503	3.501	147.136
1.503	3.502	146.172
1.503	3.503	145.155
1.503	3.504	145.001
1.503	3.505	143.561
1.503	3.506	143.924
1.503	3.507	143.144
1.503	3.508	142.84
1.503	3.509	142.998
1.503	3.51	143.062
1.503	3.511	143.129
1.503	3.512	144.414
1.503	3.513	144.479
1.503	3.514	143.165
1.503	3.515	142.446
1.503	3.516	141.373
1.503	3.517	140.68
1.503	3.518	139.775
1.503	3.519	139.763
1.503	3.52	139.523
1.504	3.5	155.837
1.504	3.501	154.539
1.504	3.502	152.729
1.504	3.503	153.183
1.504	3.504	152.914
1.504	3.505	151.664
1.504	3.506	151.52
1.504	3.507	150.716
1.504	3.508	150.205
1.504	3.509	149.925
1.504	3.51	150.317
1.504	3.511	150.193
1.504	3.512	149.396
1.504	3.513	149.906
1.504	3.514	150.218
1.504	3.515	149.375
1.504	3.516	150.151
1.504	3.517	150.058
1.504	3.518	150.34
1.504	3.519	148.189
1.504	3.52	147.529
1.505	3.5	163.44
1.505	3.501	161.455
1.505	3.502	162.594
1.505	3.503	161.933
1.505	3.504	161.482
1.505	3.505	162.721
1.505	3.506	161.735
1.505	3.507	161.553
1.505	3.508	161.63
1.505	3.509	161.302
1.505	3.51	161.079
1.505	3.511	161.396
1.505	3.512	160.594
1.505	3.513	161.269
1.505	3.514	160.947
1.505	3.515	161.028
1.505	3.516	159.997
1.505	3.517	158.758
1.505	3.518	157.981
1.505	3.519	157.939
1.505	3.52	158.38
1.506	3.5	169.731
1.506	3.501	168.892
1.506	3.502	168.973
1.506	3.503	169.207
1.506	3.504	167.826
1.506	3.505	168.272
1.506	3.506	168.789
1.506	3.507	168.781
1.506	3.508	167.222
1.506	3.509	165.63
1.506	3.51	164.595
1.506	3.511	165.652
1.506	3.512	166.019
1.506	3.513	166.45
1.506	3.514	165.649
1.506	3.515	165.497
1.506	3.516	166.213
1.506	3.517	167.925
1.506	3.518	166.504
1.506	3.519	167.566
1.506	3.52	167.268
1.507	3.5	175.594
1.507	3.501	175.799
1.507	3.502	175.561
1.507	3.503	175.895
1.507	3.504	175.522
1.507	3.505	176.42
1.507	3.506	175.159
1.507	3.507	175.335
1.507	3.508	174.571
1.507	3.509	174.214
1.507	3.51	174.961
1.507	3.511	175.504
1.507	3.512	174.983
1.507	3.513	173.827
1.507	3.514	171.679
1.507	3.515	171.738
1.507	3.516	170.904
1.507	3.517	171.376
1.507	3.518	171.362
1.507	3.519	170.859
1.507	3.52	171.1
1.508	3.5	178.274
1.508	3.501	177.741
1.508	3.502	178.206
1.508	3.503	177.632
1.508	3.504	176.942
1.508	3.505	176.792
1.508	3.506	176.294
1.508	3.507	177.413
1.508	3.508	178.218
1.508	3.509	179.818
1.508	3.51	179.106
1.508	3.511	179.359
1.508	3.512	178.5
1.508	3.513	178.485
1.508	3.514	178.022
1.508	3.515	177.422
1.508	3.516	179.96
1.508	3.517	179.819
1.508	3.518	179.279
1.508	3.519	180.173
1.508	3.52	178.815
1.509	3.5	184.421
1.509	3.501	183.426
1.509	3.502	184.68
1.509	3.503	184.845
1.509	3.504	184.994
1.509	3.505	184.409
1.509	3.506	184.019
1.509	3.507	183.187
1.509	3.508	184.3
1.509	3.509	184.085
1.509	3.51	184.457
1.509	3.511	185.36
1.509	3.512	184.204
1.509	3.513	183.735
1.509	3.514	183.242
1.509	3.515	181.653
1.509	3.516	180.398
1.509	3.517	179.231
1.509	3.518	179.455
1.509	3.519	178.677
1.509	3.52	178.763
1.51	3.5	189.587
1.51	3.501	189.397
1.51	3.502	189.236
1.51	3.503	189.001
1.51	3.504	188.836
1.51	3.505	189.523
1.51	3.506	190.132
1.51	3.507	189.39
1.51	3.508	189.4
1.51	3.509	188.862
1.51	3.51	188.011
1.51	3.511	187.146
1.51	3.512	186.899
1.51	3.513	187.743
1.51	3.514	188.413
1.51	3.515	188.173
1.51	3.516	188.208
1.51	3.517	187.698
1.51	3.518	187.631
1.51	3.519	186.439
1.51	3.52	186.938
1.511	3.5	204.756
1.511	3.501	205.161
1.511	3.502	203.496
1.511	3.503	203.339
1.511	3.504	201.871
1.511	3.505	201.534
1.511	3.506	200.915
1.511	3.507	200.272
1.511	3.508	199.845
1.511	3.509	198.587
1.511	3.51	196.547
1.511	3.511	196.654
1.511	3.512	196.617
1.511	3.513	196.564
1.511	3.514	195.464
1.511	3.515	195.724
1.511	3.516	195.749
1.511	3.517	196.491
1.511	3.518	195.118
1.511	3.519	193.404
1.511	3.52	192.84
1.512	3.5	217.968
1.512	3.501	218.727
1.512	3.502	217.626
1.512	3.503	218.203
1.512	3.504	217.653
1.512	3.505	216.38
1.512	3.506	215.829
1.512	3.507	216.238
1.512	3.508	215.716
1.512	3.509	215.264
1.512	3.51	213.919
1.512	3.511	212.646
1.512	3.512	212.581
1.512	3.513	212.154
1.512	3.514	212.221
1.512	3.515	212.18
1.512	3.516	211.403
1.512	3.517	210.064
1.512	3.518	209.458
1.512	3.519	208.942
1.512	3.52	207.364
1.513	3.5	230.237
1.513	3.501	228.442
1.513	3.502	228.271
1.513	3.503	227.325
1.513	3.504	227.292
1.513	3.505	226.168
1.513	3.506	225.959
1.513	3.507	225.038
1.513	3.508	224.423
1.513	3.509	225.212
1.513	3.51	225.603
1.513	3.511	225.032
1.513	3.512	225.222
1.513	3.513	224.404
1.513	3.514	223.399
1.513	3.515	223.081
1.513	3.516	222.936
1.513	3.517	223.423
1.513	3.518	223.181
1.513	3.519	222.82
1.513	3.52	221.433
1.514	3.5	240.081
1.514	3.501	238.325
1.514	3.502	239.011
1.514	3.503	238.977
1.514	3.504	238.361
1.514	3.505	238.163
1.514	3.506	237.266
1.514	3.507	237.047
1.514	3.508	237.341
1.514	3.509	237.132
1.514	3.51	236.032
1.514	3.511	236.862
1.514	3.512	235.726
1.514	3.513	236.093
1.514	3.514	236.144
1.514	3.515	235.876
1.514	3.516	235.578
1.514	3.517	235.56
1.514	3.518	235.807
1.514	3.519	235.468
1.514	3.52	235.461
1.515	3.5	258.214
1.515	3.501	257.731
1.515	3.502	256.816
1.515	3.503	255.043
1.515	3.504	253.512
1.515	3.505	253.534
1.515	3.506	253.353
1.515	3.507	252.716
1.515	3.508	252.989
1.515	3.509	252.342
1.515	3.51	251.454
1.515	3.511	251.202
1.515	3.512	250.905
1.515	3.513	250.18
1.515	3.514	249.144
1.515	3.515	248.906
1.515	3.516	248.83
1.515	3.517	248.153
1.515	3.518	247.599
1.515	3.519	246.162
1.515	3.52	246.27
1.516	3.5	274.258
1.516	3.501	273.842
1.516	3.502	273.305
1.516	3.503	271.914
1.516	3.504	272.073
1.516	3.505	272.049
1.516	3.506	272.461
1.516	3.507	272.707
1.516	3.508	273.853
1.516	3.509	273.914
1.516	3.51	273.043
1.516	3.511	272.37
1.516	3.512	271.607
1.516	3.513	270.413
1.516	3.514	270.087
1.516	3.515	269.428
1.516	3.516	269.234
1.516	3.517	269.285
1.516	3.518	266.608
1.516	3.519	266.77
1.516	3.52	266.22
1.517	3.5	289.32
1.517	3.501	289.049
1.517	3.502	289.129
1.517	3.503	289.759
1.517	3.504	288.23
1.517	3.505	286.445
1.517	3.506	284.664
1.517	3.507	284.543
1.517	3.508	284.515
1.517	3.509	283.493
1.517	3.51	283.752
1.517	3.511	284.609
1.517	3.512	284.74
1.517	3.513	284.328
1.517	3.514	282.901
1.517	3.515	282.987
1.517	3.516	281.298
1.517	3.517	281.488
1.517	3.518	281.567
1.517	3.519	283.103
1.517	3.52	281.478
1.518	3.5	308.236
1.518	3.501	307.769
1.518	3.502	307.445
1.518	3.503	306.422
1.518	3.504	305.003
1.518	3.505	304.28
1.518	3.506	302.634
1.518	3.507	302.672
1.518	3.508	302.163
1.518	3.509	301.199
1.518	3.51	299.489
1.518	3.511	298.255
1.518	3.512	296.742
1.518	3.513	297.613
1.518	3.514	296.831
1.518	3.515	295.386
1.518	3.516	295.886
1.518	3.517	294.856
1.518	3.518	294.208
1.518	3.519	294.058
1.518	3.52	293.996
1.519	3.5	324.6
1.519	3.501	326.03
1.519	3.502	325.242
1.519	3.503	324.956
1.519	3.504	324.757
1.519	3.505	324.189
1.519	3.506	322.852
1.519	3.507	323.109
1.519	3.508	323.141
1.519	3.509	322.881
1.519	3.51	321.724
1.519	3.511	320.094
1.519	3.512	320.247
1.519	3.513	320.37
1.519	3.514	320.022
1.519	3.515	317.889
1.519	3.516	316.32
1.519	3.517	314.831
1.519	3.518	315.748
1.519	3.519	314.842
1.519	3.52	313.231
1.52	3.5	338.101
1.52	3.501	337.133
1.52	3.502	336.557
1.52	3.503	335.536
1.52	3.504	335.129
1.52	3.505	334.223
1.52	3.506	334.882
1.52	3.507	333.529
1.52	3.508	334.058
1.52	3.509	334.492
1.52	3.51	334.907
1.52	3.511	335.252
1.52	3.512	334.363
1.52	3.513	334.755
1.52	3.514	334.923
1.52	3.515	334.603
1.52	3.516	334.508
1.52	3.517	333.849
1.52	3.518	333.332
1.52	3.519	331.641
1.52	3.52	331.279
{1.5,3.52}
108.56	52
