1.5	2.4	171.219
1.5	2.401	170.212
1.5	2.402	169.753
1.5	2.403	169.178
1.5	2.404	170.74
1.5	2.405	169.383
1.5	2.406	169.978
1.5	2.407	168.99
1.5	2.408	167.779
1.5	2.409	168.032
1.5	2.41	167.233
1.5	2.411	165.118
1.5	2.412	165.365
1.5	2.413	164.85
1.5	2.414	164.542
1.5	2.415	163.807
1.5	2.416	164.832
1.5	2.417	164.771
1.5	2.418	163.418
1.5	2.419	165.227
1.5	2.42	163.194
1.501	2.4	183.188
1.501	2.401	180.521
1.501	2.402	179.095
1.501	2.403	177.382
1.501	2.404	174.852
1.501	2.405	175.375
1.501	2.406	174.363
1.501	2.407	174.408
1.501	2.408	174.574
1.501	2.409	174.038
1.501	2.41	173.973
1.501	2.411	173.557
1.501	2.412	172.792
1.501	2.413	170.492
1.501	2.414	170.054
1.501	2.415	170.581
1.501	2.416	169.273
1.501	2.417	168.556
1.501	2.418	169.032
1.501	2.419	168.318
1.501	2.42	167.912
1.502	2.4	193.153
1.502	2.401	192.684
1.502	2.402	190.986
1.502	2.403	189.555
1.502	2.404	189.171
1.502	2.405	188.776
1.502	2.406	187.905
1.502	2.407	185.56
1.502	2.408	183.613
1.502	2.409	185.997
1.502	2.41	184.393
1.502	2.411	181.507
1.502	2.412	181.265
1.502	2.413	181.974
1.502	2.414	180.669
1.502	2.415	181.845
1.502	2.416	180.403
1.502	2.417	179.61
1.502	2.418	179.348
1.502	2.419	178.117
1.502	2.42	176.17
1.503	2.4	202.156
1.503	2.401	203.11
1.503	2.402	200.738
1.503	2.403	199.582
1.503	2.404	197.597
1.503	2.405	197.617
1.503	2.406	197.79
1.503	2.407	196.972
1.503	2.408	196.87
1.503	2.409	193.445
1.503	2.41	192.982
1.503	2.411	192.101
1.503	2.412	191.743
1.503	2.413	193.428
1.503	2.414	194.43
1.503	2.415	195.116
1.503	2.416	193.303
1.503	2.417	189.676
1.503	2.418	187.914
1.503	2.419	186.54
1.503	2.42	187.705
1.504	2.4	215.919
1.504	2.401	214.582
1.504	2.402	212.854
1.504	2.403	210.849
1.504	2.404	213.065
1.504	2.405	211.908
1.504	2.406	212.398
1.504	2.407	211.861
1.504	2.408	208.001
1.504	2.409	208.502
1.504	2.41	207.062
1.504	2.411	206.379
1.504	2.412	203.188
1.504	2.413	203.08
1.504	2.414	202.765
1.504	2.415	200.255
1.504	2.416	198.662
1.504	2.417	198.98
1.504	2.418	198.143
1.504	2.419	196.338
1.504	2.42	196.237
1.505	2.4	214.993
1.505	2.401	217.564
1.505	2.402	215.565
1.505	2.403	214.666
1.505	2.404	215.809
1.505	2.405	214.236
1.505	2.406	213.958
1.505	2.407	214.146
1.505	2.408	212.958
1.505	2.409	213.071
1.505	2.41	211.717
1.505	2.411	209.92
1.505	2.412	209.31
1.505	2.413	209.242
1.505	2.414	209.758
1.505	2.415	210.202
1.505	2.416	208.551
1.505	2.417	209.775
1.505	2.418	210.599
1.505	2.419	210.82
1.505	2.42	210.218
1.506	2.4	228.521
1.506	2.401	229.292
1.506	2.402	229.44
1.506	2.403	230.839
1.506	2.404	228.389
1.506	2.405	227.937
1.506	2.406	229.191
1.506	2.407	227.953
1.506	2.408	225.533
1.506	2.409	223.801
1.506	2.41	221.792
1.506	2.411	218.661
1.506	2.412	217.873
1.506	2.413	217.913
1.506	2.414	217.207
1.506	2.415	217.573
1.506	2.416	218.03
1.506	2.417	219.542
1.506	2.418	218.532
1.506	2.419	217.936
1.506	2.42	215.683
1.507	2.4	229.165
1.507	2.401	230.413
1.507	2.402	229.254
1.507	2.403	227.559
1.507	2.404	228.684
1.507	2.405	227.544
1.507	2.406	227.635
1.507	2.407	228.85
1.507	2.408	226.177
1.507	2.409	227.215
1.507	2.41	228.162
1.507	2.411	230.314
1.507	2.412	229.785
1.507	2.413	230.417
1.507	2.414	229.754
1.507	2.415	230.942
1.507	2.416	227.064
1.507	2.417	227.815
1.507	2.418	226.863
1.507	2.419	226.718
1.507	2.42	227.423
1.508	2.4	236.678
1.508	2.401	234.428
1.508	2.402	236.78
1.508	2.403	235.645
1.508	2.404	236.242
1.508	2.405	234.792
1.508	2.406	235.521
1.508	2.407	235.733
1.508	2.408	234.944
1.508	2.409	235.244
1.508	2.41	234.584
1.508	2.411	234.212
1.508	2.412	231.8
1.508	2.413	232.652
1.508	2.414	232.414
1.508	2.415	231.133
1.508	2.416	232.04
1.508	2.417	232.191
1.508	2.418	231.613
1.508	2.419	231.23
1.508	2.42	230.801
1.509	2.4	246.76
1.509	2.401	244.471
1.509	2.402	245.87
1.509	2.403	244.071
1.509	2.404	243.376
1.509	2.405	243.011
1.509	2.406	241.252
1.509	2.407	240.809
1.509	2.408	239.118
1.509	2.409	237.843
1.509	2.41	237.429
1.509	2.411	235.392
1.509	2.412	236.769
1.509	2.413	236.292
1.509	2.414	234.708
1.509	2.415	236.633
1.509	2.416	236.948
1.509	2.417	237.623
1.509	2.418	237.002
1.509	2.419	236.436
1.509	2.42	237.387
1.51	2.4	258.842
1.51	2.401	257.519
1.51	2.402	256.577
1.51	2.403	254.442
1.51	2.404	253.515
1.51	2.405	252.798
1.51	2.406	250.042
1.51	2.407	250.536
1.51	2.408	250.378
1.51	2.409	249.484
1.51	2.41	248.157
1.51	2.411	247.164
1.51	2.412	247.267
1.51	2.413	247.727
1.51	2.414	247.381
1.51	2.415	244.871
1.51	2.416	245.427
1.51	2.417	244.573
1.51	2.418	242.911
1.51	2.419	242.448
1.51	2.42	239.046
1.511	2.4	266.277
1.511	2.401	264.929
1.511	2.402	263.771
1.511	2.403	264.952
1.511	2.404	263.069
1.511	2.405	262.48
1.511	2.406	263.495
1.511	2.407	264.988
1.511	2.408	263.617
1.511	2.409	262.929
1.511	2.41	261.601
1.511	2.411	260.624
1.511	2.412	259.474
1.511	2.413	258.514
1.511	2.414	256.608
1.511	2.415	256.033
1.511	2.416	256.046
1.511	2.417	252.426
1.511	2.418	253.769
1.511	2.419	249.447
1.511	2.42	250.672
1.512	2.4	276.467
1.512	2.401	274.926
1.512	2.402	273.614
1.512	2.403	271.727
1.512	2.404	270.746
1.512	2.405	269.397
1.512	2.406	269.768
1.512	2.407	270.153
1.512	2.408	269.379
1.512	2.409	268.176
1.512	2.41	268.031
1.512	2.411	268.441
1.512	2.412	267.899
1.512	2.413	265.132
1.512	2.414	264.91
1.512	2.415	264.545
1.512	2.416	264.028
1.512	2.417	265.11
1.512	2.418	264.117
1.512	2.419	263.643
1.512	2.42	263.047
1.513	2.4	285.18
1.513	2.401	283.716
1.513	2.402	284.105
1.513	2.403	284.026
1.513	2.404	284.48
1.513	2.405	281.476
1.513	2.406	281.805
1.513	2.407	279.317
1.513	2.408	277.521
1.513	2.409	275.065
1.513	2.41	277.054
1.513	2.411	276.385
1.513	2.412	275.072
1.513	2.413	276.096
1.513	2.414	273.932
1.513	2.415	272.827
1.513	2.416	271.205
1.513	2.417	269.45
1.513	2.418	269.338
1.513	2.419	270.455
1.513	2.42	269.873
1.514	2.4	301.521
1.514	2.401	300.153
1.514	2.402	298.944
1.514	2.403	298.089
1.514	2.404	297.165
1.514	2.405	296.002
1.514	2.406	293.63
1.514	2.407	292.063
1.514	2.408	291.076
1.514	2.409	290.631
1.514	2.41	289.489
1.514	2.411	289.413
1.514	2.412	289.028
1.514	2.413	288.428
1.514	2.414	286.06
1.514	2.415	285.209
1.514	2.416	284.025
1.514	2.417	282.407
1.514	2.418	281.703
1.514	2.419	280.544
1.514	2.42	277.28
1.515	2.4	309.774
1.515	2.401	309.62
1.515	2.402	310.275
1.515	2.403	306.603
1.515	2.404	306.244
1.515	2.405	307.502
1.515	2.406	305.853
1.515	2.407	305.361
1.515	2.408	304.302
1.515	2.409	305.11
1.515	2.41	304.911
1.515	2.411	304.341
1.515	2.412	300.82
1.515	2.413	300.943
1.515	2.414	301.334
1.515	2.415	299.529
1.515	2.416	297.109
1.515	2.417	295.09
1.515	2.418	294.631
1.515	2.419	294.458
1.515	2.42	295.701
1.516	2.4	319.897
1.516	2.401	318.066
1.516	2.402	318.268
1.516	2.403	317.904
1.516	2.404	317.973
1.516	2.405	316.763
1.516	2.406	315.142
1.516	2.407	314.185
1.516	2.408	315.075
1.516	2.409	314.42
1.516	2.41	314.121
1.516	2.411	314.239
1.516	2.412	314.836
1.516	2.413	314.6
1.516	2.414	313.987
1.516	2.415	312.942
1.516	2.416	312.122
1.516	2.417	310.665
1.516	2.418	309.955
1.516	2.419	307.096
1.516	2.42	308.661
1.517	2.4	331.412
1.517	2.401	330.858
1.517	2.402	331.168
1.517	2.403	330.445
1.517	2.404	330.45
1.517	2.405	330.896
1.517	2.406	332.5
1.517	2.407	333.466
1.517	2.408	331.403
1.517	2.409	327.538
1.517	2.41	326.17
1.517	2.411	324.052
1.517	2.412	323.439
1.517	2.413	322.244
1.517	2.414	320.076
1.517	2.415	319.672
1.517	2.416	317.506
1.517	2.417	317.884
1.517	2.418	316.272
1.517	2.419	316.587
1.517	2.42	315.741
1.518	2.4	343.299
1.518	2.401	342.282
1.518	2.402	339.579
1.518	2.403	339.265
1.518	2.404	340.863
1.518	2.405	337.033
1.518	2.406	337.345
1.518	2.407	336.065
1.518	2.408	334.455
1.518	2.409	332.675
1.518	2.41	331.67
1.518	2.411	330.834
1.518	2.412	330.942
1.518	2.413	330.701
1.518	2.414	330.01
1.518	2.415	331.506
1.518	2.416	329.671
1.518	2.417	328.119
1.518	2.418	328.497
1.518	2.419	326.021
1.518	2.42	326.511
1.519	2.4	354.282
1.519	2.401	352.339
1.519	2.402	352.131
1.519	2.403	352.457
1.519	2.404	349.485
1.519	2.405	350.16
1.519	2.406	350.978
1.519	2.407	350.125
1.519	2.408	348.391
1.519	2.409	346.361
1.519	2.41	347.604
1.519	2.411	346.981
1.519	2.412	345.417
1.519	2.413	344.881
1.519	2.414	345.002
1.519	2.415	344.893
1.519	2.416	340.874
1.519	2.417	337.429
1.519	2.418	337.769
1.519	2.419	338.016
1.519	2.42	334.385
1.52	2.4	365.098
1.52	2.401	364.82
1.52	2.402	363.932
1.52	2.403	362.925
1.52	2.404	360.679
1.52	2.405	359.599
1.52	2.406	357.23
1.52	2.407	357.043
1.52	2.408	357.387
1.52	2.409	358.221
1.52	2.41	357.25
1.52	2.411	356.619
1.52	2.412	355.861
1.52	2.413	355.775
1.52	2.414	355.84
1.52	2.415	353.624
1.52	2.416	353.972
1.52	2.417	352.828
1.52	2.418	352.065
1.52	2.419	348.657
1.52	2.42	348.467
{1.5,2.42}
163.194	52
