1.4	2.6	79.9073
1.4	2.601	80.8083
1.4	2.602	80.2699
1.4	2.603	81.6536
1.4	2.604	81.7426
1.4	2.605	84.4056
1.4	2.606	84.3254
1.4	2.607	83.723
1.4	2.608	83.044
1.4	2.609	82.6713
1.4	2.61	82.0348
1.4	2.611	83.0094
1.4	2.612	83.2178
1.4	2.613	82.7879
1.4	2.614	81.3273
1.4	2.615	82.1696
1.4	2.616	84.0622
1.4	2.617	84.9082
1.4	2.618	84.5104
1.4	2.619	85.9568
1.4	2.62	86.0929
1.401	2.6	82.0995
1.401	2.601	81.4539
1.401	2.602	81.0292
1.401	2.603	80.7438
1.401	2.604	80.8492
1.401	2.605	81.2858
1.401	2.606	81.4973
1.401	2.607	80.4923
1.401	2.608	81.4295
1.401	2.609	81.0987
1.401	2.61	82.4783
1.401	2.611	82.6733
1.401	2.612	82.9168
1.401	2.613	82.8488
1.401	2.614	83.3705
1.401	2.615	82.98
1.401	2.616	83.7851
1.401	2.617	83.7089
1.401	2.618	81.9719
1.401	2.619	81.7323
1.401	2.62	82.4015
1.402	2.6	77.9179
1.402	2.601	78.029
1.402	2.602	77.4541
1.402	2.603	77.4952
1.402	2.604	76.8037
1.402	2.605	77.6924
1.402	2.606	77.0982
1.402	2.607	77.9229
1.402	2.608	78.2462
1.402	2.609	78.6417
1.402	2.61	77.2756
1.402	2.611	76.9034
1.402	2.612	77.9457
1.402	2.613	78.5965
1.402	2.614	79.2222
1.402	2.615	79.9624
1.402	2.616	80.5133
1.402	2.617	79.6278
1.402	2.618	80.5301
1.402	2.619	81.1647
1.402	2.62	81.0062
1.403	2.6	79.495
1.403	2.601	77.9031
1.403	2.602	77.6767
1.403	2.603	78.0363
1.403	2.604	77.3648
1.403	2.605	77.458
1.403	2.606	78.2017
1.403	2.607	78.016
1.403	2.608	78.4738
1.403	2.609	78.4323
1.403	2.61	78.6439
1.403	2.611	78.8547
1.403	2.612	78.3064
1.403	2.613	77.2985
1.403	2.614	77.7848
1.403	2.615	77.4833
1.403	2.616	77.5779
1.403	2.617	78.0876
1.403	2.618	77.7552
1.403	2.619	77.8119
1.403	2.62	78.5531
1.404	2.6	85.1836
1.404	2.601	83.8775
1.404	2.602	83.9766
1.404	2.603	83.5008
1.404	2.604	82.1462
1.404	2.605	81.0454
1.404	2.606	80.3857
1.404	2.607	80.7192
1.404	2.608	81.7566
1.404	2.609	82.2157
1.404	2.61	81.5282
1.404	2.611	82.2705
1.404	2.612	82.3336
1.404	2.613	81.5497
1.404	2.614	80.7866
1.404	2.615	79.8147
1.404	2.616	79.1552
1.404	2.617	78.0603
1.404	2.618	77.7473
1.404	2.619	78.3523
1.404	2.62	78.2709
1.405	2.6	88.9147
1.405	2.601	89.7821
1.405	2.602	87.7317
1.405	2.603	86.6311
1.405	2.604	86.7585
1.405	2.605	85.7414
1.405	2.606	87.202
1.405	2.607	86.8883
1.405	2.608	84.3862
1.405	2.609	83.407
1.405	2.61	83.0835
1.405	2.611	82.201
1.405	2.612	81.8692
1.405	2.613	81.0894
1.405	2.614	80.4201
1.405	2.615	81.3002
1.405	2.616	81.7056
1.405	2.617	81.6851
1.405	2.618	81.3933
1.405	2.619	80.1921
1.405	2.62	80.4425
1.406	2.6	95.7075
1.406	2.601	96.7044
1.406	2.602	97.3758
1.406	2.603	97.4996
1.406	2.604	96.712
1.406	2.605	95.4569
1.406	2.606	94.1296
1.406	2.607	93.2254
1.406	2.608	94.0685
1.406	2.609	93.4779
1.406	2.61	93.3228
1.406	2.611	93.1893
1.406	2.612	93.5242
1.406	2.613	93.8267
1.406	2.614	93.2251
1.406	2.615	93.1638
1.406	2.616	92.3193
1.406	2.617	90.9208
1.406	2.618	89.9603
1.406	2.619	89.9967
1.406	2.62	88.6717
1.407	2.6	101.366
1.407	2.601	100.951
1.407	2.602	101.265
1.407	2.603	100.639
1.407	2.604	100.375
1.407	2.605	98.7966
1.407	2.606	99.1682
1.407	2.607	99.2869
1.407	2.608	99.09
1.407	2.609	98.6107
1.407	2.61	98.6749
1.407	2.611	99.2231
1.407	2.612	99.3343
1.407	2.613	99.1738
1.407	2.614	97.6053
1.407	2.615	99.2906
1.407	2.616	99.4237
1.407	2.617	98.8425
1.407	2.618	97.9574
1.407	2.619	96.9497
1.407	2.62	96.2728
1.408	2.6	105.432
1.408	2.601	104.853
1.408	2.602	105.216
1.408	2.603	104.74
1.408	2.604	104.105
1.408	2.605	104.017
1.408	2.606	104.138
1.408	2.607	104.438
1.408	2.608	104.623
1.408	2.609	105.22
1.408	2.61	104.698
1.408	2.611	103.782
1.408	2.612	103.695
1.408	2.613	102.766
1.408	2.614	101.799
1.408	2.615	101.925
1.408	2.616	102.611
1.408	2.617	100.533
1.408	2.618	100.256
1.408	2.619	100.478
1.408	2.62	100.12
1.409	2.6	110.059
1.409	2.601	109.357
1.409	2.602	109.939
1.409	2.603	110.189
1.409	2.604	111.214
1.409	2.605	109.655
1.409	2.606	108.56
1.409	2.607	107.756
1.409	2.608	109.157
1.409	2.609	110.028
1.409	2.61	110.009
1.409	2.611	111.315
1.409	2.612	109.853
1.409	2.613	110.448
1.409	2.614	109.242
1.409	2.615	107.91
1.409	2.616	108.418
1.409	2.617	106.316
1.409	2.618	105.796
1.409	2.619	105.141
1.409	2.62	105.386
1.41	2.6	116.68
1.41	2.601	116.616
1.41	2.602	115.299
1.41	2.603	115.579
1.41	2.604	116.197
1.41	2.605	115.396
1.41	2.606	116.579
1.41	2.607	115.345
1.41	2.608	113.588
1.41	2.609	112.31
1.41	2.61	111.069
1.41	2.611	110.799
1.41	2.612	112.059
1.41	2.613	113.008
1.41	2.614	111.499
1.41	2.615	110.801
1.41	2.616	110.83
1.41	2.617	111.96
1.41	2.618	112.059
1.41	2.619	112.628
1.41	2.62	111.392
1.411	2.6	123.34
1.411	2.601	123.68
1.411	2.602	123.853
1.411	2.603	122.535
1.411	2.604	123.201
1.411	2.605	122.065
1.411	2.606	121.818
1.411	2.607	120.967
1.411	2.608	120.217
1.411	2.609	118.807
1.411	2.61	117.957
1.411	2.611	116.382
1.411	2.612	116.833
1.411	2.613	117.425
1.411	2.614	116.823
1.411	2.615	116.762
1.411	2.616	116.884
1.411	2.617	116.626
1.411	2.618	114.164
1.411	2.619	112.725
1.411	2.62	112.23
1.412	2.6	131.537
1.412	2.601	131.403
1.412	2.602	129.115
1.412	2.603	128.79
1.412	2.604	128.532
1.412	2.605	127.924
1.412	2.606	127.992
1.412	2.607	126.44
1.412	2.608	125.837
1.412	2.609	127.466
1.412	2.61	127.355
1.412	2.611	125.687
1.412	2.612	124.643
1.412	2.613	125.536
1.412	2.614	124.986
1.412	2.615	124.423
1.412	2.616	124.735
1.412	2.617	125.369
1.412	2.618	124.352
1.412	2.619	124.263
1.412	2.62	123.164
1.413	2.6	143.211
1.413	2.601	142.869
1.413	2.602	143.856
1.413	2.603	141.47
1.413	2.604	141.187
1.413	2.605	140.956
1.413	2.606	141.233
1.413	2.607	140.684
1.413	2.608	137.398
1.413	2.609	136.494
1.413	2.61	136.003
1.413	2.611	134.612
1.413	2.612	134.162
1.413	2.613	134.732
1.413	2.614	133.025
1.413	2.615	132.844
1.413	2.616	131.392
1.413	2.617	130.65
1.413	2.618	129.24
1.413	2.619	128.258
1.413	2.62	127.891
1.414	2.6	148.732
1.414	2.601	149.233
1.414	2.602	149.363
1.414	2.603	148.795
1.414	2.604	146.469
1.414	2.605	143.91
1.414	2.606	145.082
1.414	2.607	144.002
1.414	2.608	144.419
1.414	2.609	143.67
1.414	2.61	144.387
1.414	2.611	144.942
1.414	2.612	146.317
1.414	2.613	146.171
1.414	2.614	147.251
1.414	2.615	146.797
1.414	2.616	145.639
1.414	2.617	144.044
1.414	2.618	143.551
1.414	2.619	140.601
1.414	2.62	140.151
1.415	2.6	159.614
1.415	2.601	158.017
1.415	2.602	158.146
1.415	2.603	158.026
1.415	2.604	156.24
1.415	2.605	156.228
1.415	2.606	154.529
1.415	2.607	154.46
1.415	2.608	153.612
1.415	2.609	153.158
1.415	2.61	153.443
1.415	2.611	152.561
1.415	2.612	152.845
1.415	2.613	153.311
1.415	2.614	152.291
1.415	2.615	151.421
1.415	2.616	152.17
1.415	2.617	152.154
1.415	2.618	151.717
1.415	2.619	147.928
1.415	2.62	147.042
1.416	2.6	165.761
1.416	2.601	165.407
1.416	2.602	164.884
1.416	2.603	164.885
1.416	2.604	165.548
1.416	2.605	166.471
1.416	2.606	165.768
1.416	2.607	164.305
1.416	2.608	163.976
1.416	2.609	163.775
1.416	2.61	162.28
1.416	2.611	160.145
1.416	2.612	159.47
1.416	2.613	160.274
1.416	2.614	160.584
1.416	2.615	157.866
1.416	2.616	155.917
1.416	2.617	155.161
1.416	2.618	154.533
1.416	2.619	154.948
1.416	2.62	153.224
1.417	2.6	169.95
1.417	2.601	168.525
1.417	2.602	167.876
1.417	2.603	166.92
1.417	2.604	165.332
1.417	2.605	165.406
1.417	2.606	164.647
1.417	2.607	164.386
1.417	2.608	163.878
1.417	2.609	163.583
1.417	2.61	161.928
1.417	2.611	162.575
1.417	2.612	161.784
1.417	2.613	164.491
1.417	2.614	166.471
1.417	2.615	164.901
1.417	2.616	165.887
1.417	2.617	165.272
1.417	2.618	166.604
1.417	2.619	166.572
1.417	2.62	168.156
1.418	2.6	174.043
1.418	2.601	172.307
1.418	2.602	171.38
1.418	2.603	171.699
1.418	2.604	172.742
1.418	2.605	172.662
1.418	2.606	173.352
1.418	2.607	173.801
1.418	2.608	173.63
1.418	2.609	174.316
1.418	2.61	173.113
1.418	2.611	170.969
1.418	2.612	170.274
1.418	2.613	169.994
1.418	2.614	169.263
1.418	2.615	167.989
1.418	2.616	166.452
1.418	2.617	165.771
1.418	2.618	166.552
1.418	2.619	167.411
1.418	2.62	167.324
1.419	2.6	177.937
1.419	2.601	177.109
1.419	2.602	177.258
1.419	2.603	177.065
1.419	2.604	177.165
1.419	2.605	177.368
1.419	2.606	175.316
1.419	2.607	176.25
1.419	2.608	178.4
1.419	2.609	177.627
1.419	2.61	177.816
1.419	2.611	176.954
1.419	2.612	176.421
1.419	2.613	177.02
1.419	2.614	174.531
1.419	2.615	175.109
1.419	2.616	177.538
1.419	2.617	178.557
1.419	2.618	177.329
1.419	2.619	178.158
1.419	2.62	177.205
1.42	2.6	196.356
1.42	2.601	194.221
1.42	2.602	193.034
1.42	2.603	192.096
1.42	2.604	192.18
1.42	2.605	191.061
1.42	2.606	191.027
1.42	2.607	187.958
1.42	2.608	187.164
1.42	2.609	186.119
1.42	2.61	188.031
1.42	2.611	186.838
1.42	2.612	188.025
1.42	2.613	186.239
1.42	2.614	184.746
1.42	2.615	184.306
1.42	2.616	183.64
1.42	2.617	180.365
1.42	2.618	179.507
1.42	2.619	177.927
1.42	2.62	178.547
{1.402,2.604}
76.8037	52
