1.5	3.9	1867.93
1.5	3.901	1866.44
1.5	3.902	1864.9
1.5	3.903	1865.02
1.5	3.904	1865.17
1.5	3.905	1864.15
1.5	3.906	1864.35
1.5	3.907	1862.8
1.5	3.908	1865.43
1.5	3.909	1864.71
1.5	3.91	1865.8
1.5	3.911	1865.24
1.5	3.912	1863.99
1.5	3.913	1861.75
1.5	3.914	1860.88
1.5	3.915	1861.4
1.5	3.916	1861.11
1.5	3.917	1858.05
1.5	3.918	1857.77
1.5	3.919	1856.84
1.5	3.92	1854.4
1.501	3.9	1898.82
1.501	3.901	1897.37
1.501	3.902	1894.7
1.501	3.903	1893.67
1.501	3.904	1893.87
1.501	3.905	1892.01
1.501	3.906	1891.78
1.501	3.907	1890.11
1.501	3.908	1889
1.501	3.909	1886.84
1.501	3.91	1886.4
1.501	3.911	1885.29
1.501	3.912	1883.31
1.501	3.913	1884.29
1.501	3.914	1881.28
1.501	3.915	1882.87
1.501	3.916	1884.33
1.501	3.917	1883.27
1.501	3.918	1883.74
1.501	3.919	1883.02
1.501	3.92	1881.83
1.502	3.9	1925.55
1.502	3.901	1925.5
1.502	3.902	1924.58
1.502	3.903	1924.44
1.502	3.904	1922.34
1.502	3.905	1919.68
1.502	3.906	1920.26
1.502	3.907	1916.33
1.502	3.908	1915.85
1.502	3.909	1914.91
1.502	3.91	1915.01
1.502	3.911	1914.83
1.502	3.912	1913.06
1.502	3.913	1912.18
1.502	3.914	1910.28
1.502	3.915	1909.34
1.502	3.916	1909.9
1.502	3.917	1907.23
1.502	3.918	1907.25
1.502	3.919	1905.08
1.502	3.92	1905.63
1.503	3.9	1950.78
1.503	3.901	1949.22
1.503	3.902	1947.71
1.503	3.903	1946.68
1.503	3.904	1944.66
1.503	3.905	1945.82
1.503	3.906	1946.19
1.503	3.907	1944.27
1.503	3.908	1943.16
1.503	3.909	1942.17
1.503	3.91	1940.79
1.503	3.911	1940.84
1.503	3.912	1939.97
1.503	3.913	1937.95
1.503	3.914	1938.55
1.503	3.915	1938.2
1.503	3.916	1937.05
1.503	3.917	1936.67
1.503	3.918	1935.58
1.503	3.919	1935.65
1.503	3.92	1933.09
1.504	3.9	1977.91
1.504	3.901	1975.62
1.504	3.902	1978.55
1.504	3.903	1978.7
1.504	3.904	1978.47
1.504	3.905	1976.54
1.504	3.906	1976.49
1.504	3.907	1975.7
1.504	3.908	1974.44
1.504	3.909	1973.88
1.504	3.91	1971.85
1.504	3.911	1971.2
1.504	3.912	1972.06
1.504	3.913	1970.84
1.504	3.914	1969.87
1.504	3.915	1968.52
1.504	3.916	1968.44
1.504	3.917	1966.16
1.504	3.918	1965.58
1.504	3.919	1964.99
1.504	3.92	1965.01
1.505	3.9	2017.79
1.505	3.901	2017.03
1.505	3.902	2015.51
1.505	3.903	2014.63
1.505	3.904	2015.26
1.505	3.905	2012.68
1.505	3.906	2011.86
1.505	3.907	2010.46
1.505	3.908	2011.37
1.505	3.909	2009.44
1.505	3.91	2009.3
1.505	3.911	2008.26
1.505	3.912	2007.92
1.505	3.913	2004.33
1.505	3.914	2002.29
1.505	3.915	1999.4
1.505	3.916	1997.79
1.505	3.917	1997.39
1.505	3.918	1995.33
1.505	3.919	1995.17
1.505	3.92	1994.36
1.506	3.9	2046.14
1.506	3.901	2046.29
1.506	3.902	2045.72
1.506	3.903	2044.35
1.506	3.904	2043.19
1.506	3.905	2042.52
1.506	3.906	2042.19
1.506	3.907	2041.56
1.506	3.908	2040.97
1.506	3.909	2039.72
1.506	3.91	2036.9
1.506	3.911	2035.87
1.506	3.912	2034.75
1.506	3.913	2034.6
1.506	3.914	2035.01
1.506	3.915	2034.97
1.506	3.916	2033.55
1.506	3.917	2031.86
1.506	3.918	2031.89
1.506	3.919	2031.65
1.506	3.92	2029.07
1.507	3.9	2067.11
1.507	3.901	2066.09
1.507	3.902	2064.34
1.507	3.903	2063.27
1.507	3.904	2064.97
1.507	3.905	2063.65
1.507	3.906	2064.22
1.507	3.907	2062.14
1.507	3.908	2060.9
1.507	3.909	2059.76
1.507	3.91	2059.85
1.507	3.911	2058.4
1.507	3.912	2057.3
1.507	3.913	2056.5
1.507	3.914	2055.16
1.507	3.915	2054.7
1.507	3.916	2054.85
1.507	3.917	2053.84
1.507	3.918	2053.62
1.507	3.919	2052.01
1.507	3.92	2050.23
1.508	3.9	2098.79
1.508	3.901	2096.74
1.508	3.902	2094.8
1.508	3.903	2095.01
1.508	3.904	2095.8
1.508	3.905	2094.67
1.508	3.906	2093.61
1.508	3.907	2093.93
1.508	3.908	2092.85
1.508	3.909	2093.17
1.508	3.91	2092.21
1.508	3.911	2090.96
1.508	3.912	2090.73
1.508	3.913	2089.44
1.508	3.914	2088.19
1.508	3.915	2086.59
1.508	3.916	2085.22
1.508	3.917	2083.82
1.508	3.918	2083.74
1.508	3.919	2083.97
1.508	3.92	2082.28
1.509	3.9	2135.64
1.509	3.901	2133.64
1.509	3.902	2131.96
1.509	3.903	2129.77
1.509	3.904	2127.23
1.509	3.905	2127.12
1.509	3.906	2126.09
1.509	3.907	2125.51
1.509	3.908	2123.51
1.509	3.909	2121.61
1.509	3.91	2120.27
1.509	3.911	2120.25
1.509	3.912	2118.92
1.509	3.913	2119.07
1.509	3.914	2117.89
1.509	3.915	2115.78
1.509	3.916	2115.19
1.509	3.917	2115.18
1.509	3.918	2115.04
1.509	3.919	2113.63
1.509	3.92	2111.8
1.51	3.9	2176.35
1.51	3.901	2175.28
1.51	3.902	2174.07
1.51	3.903	2174
1.51	3.904	2173.57
1.51	3.905	2170.69
1.51	3.906	2168.39
1.51	3.907	2165.74
1.51	3.908	2165.18
1.51	3.909	2164.26
1.51	3.91	2163.59
1.51	3.911	2161.94
1.51	3.912	2160.4
1.51	3.913	2160.17
1.51	3.914	2159.18
1.51	3.915	2159.43
1.51	3.916	2156.77
1.51	3.917	2155.29
1.51	3.918	2152.9
1.51	3.919	2153.41
1.51	3.92	2152.35
1.511	3.9	2212.27
1.511	3.901	2210.96
1.511	3.902	2210.85
1.511	3.903	2212.34
1.511	3.904	2211.59
1.511	3.905	2210.68
1.511	3.906	2209.65
1.511	3.907	2207.07
1.511	3.908	2205.81
1.511	3.909	2204.35
1.511	3.91	2202.14
1.511	3.911	2201.36
1.511	3.912	2198.79
1.511	3.913	2197.73
1.511	3.914	2195.57
1.511	3.915	2196.28
1.511	3.916	2194.9
1.511	3.917	2193.12
1.511	3.918	2190.83
1.511	3.919	2189.85
1.511	3.92	2189.4
1.512	3.9	2249.55
1.512	3.901	2248.71
1.512	3.902	2248.11
1.512	3.903	2246.65
1.512	3.904	2246.04
1.512	3.905	2244.07
1.512	3.906	2240.83
1.512	3.907	2240.35
1.512	3.908	2237.98
1.512	3.909	2236.93
1.512	3.91	2237.65
1.512	3.911	2238.8
1.512	3.912	2238.24
1.512	3.913	2235.47
1.512	3.914	2232.59
1.512	3.915	2231.72
1.512	3.916	2231.64
1.512	3.917	2231.39
1.512	3.918	2230.68
1.512	3.919	2232.36
1.512	3.92	2230.74
1.513	3.9	2274.26
1.513	3.901	2275.05
1.513	3.902	2273.52
1.513	3.903	2272.22
1.513	3.904	2271.16
1.513	3.905	2271.89
1.513	3.906	2270.89
1.513	3.907	2269.87
1.513	3.908	2268.96
1.513	3.909	2266.63
1.513	3.91	2264.75
1.513	3.911	2264.66
1.513	3.912	2262.64
1.513	3.913	2262.11
1.513	3.914	2263.39
1.513	3.915	2262.34
1.513	3.916	2261.14
1.513	3.917	2261.33
1.513	3.918	2260.15
1.513	3.919	2262.84
1.513	3.92	2262.68
1.514	3.9	2304.19
1.514	3.901	2302.65
1.514	3.902	2300.95
1.514	3.903	2298.49
1.514	3.904	2296.62
1.514	3.905	2295.62
1.514	3.906	2295.68
1.514	3.907	2294.11
1.514	3.908	2294.54
1.514	3.909	2293.54
1.514	3.91	2294.8
1.514	3.911	2292.87
1.514	3.912	2291.31
1.514	3.913	2292
1.514	3.914	2291.58
1.514	3.915	2291.78
1.514	3.916	2289.7
1.514	3.917	2292.7
1.514	3.918	2290.17
1.514	3.919	2289.6
1.514	3.92	2288.92
1.515	3.9	2342.34
1.515	3.901	2341.25
1.515	3.902	2338.6
1.515	3.903	2338.29
1.515	3.904	2337.67
1.515	3.905	2337.22
1.515	3.906	2336.29
1.515	3.907	2335.77
1.515	3.908	2335.42
1.515	3.909	2333.18
1.515	3.91	2332.55
1.515	3.911	2330.58
1.515	3.912	2329.18
1.515	3.913	2327.4
1.515	3.914	2325.29
1.515	3.915	2324.83
1.515	3.916	2322.28
1.515	3.917	2322.95
1.515	3.918	2322.78
1.515	3.919	2321.24
1.515	3.92	2320.38
1.516	3.9	2374.69
1.516	3.901	2372.75
1.516	3.902	2372.69
1.516	3.903	2372.29
1.516	3.904	2374.65
1.516	3.905	2374.23
1.516	3.906	2374.88
1.516	3.907	2373.19
1.516	3.908	2375.41
1.516	3.909	2374.96
1.516	3.91	2374.63
1.516	3.911	2372.53
1.516	3.912	2371.38
1.516	3.913	2369.86
1.516	3.914	2369.37
1.516	3.915	2367.4
1.516	3.916	2365.91
1.516	3.917	2365.91
1.516	3.918	2363.64
1.516	3.919	2360.78
1.516	3.92	2357.06
1.517	3.9	2413.26
1.517	3.901	2410.5
1.517	3.902	2408.53
1.517	3.903	2408.93
1.517	3.904	2408.08
1.517	3.905	2405.1
1.517	3.906	2405.15
1.517	3.907	2406.71
1.517	3.908	2404.62
1.517	3.909	2402.56
1.517	3.91	2400.3
1.517	3.911	2399.18
1.517	3.912	2398.66
1.517	3.913	2397.72
1.517	3.914	2394.48
1.517	3.915	2392.69
1.517	3.916	2391.9
1.517	3.917	2391.41
1.517	3.918	2390.46
1.517	3.919	2389.98
1.517	3.92	2388.98
1.518	3.9	2454.46
1.518	3.901	2453.66
1.518	3.902	2452.44
1.518	3.903	2451.52
1.518	3.904	2450.32
1.518	3.905	2449.29
1.518	3.906	2445.48
1.518	3.907	2443.58
1.518	3.908	2441.47
1.518	3.909	2441.26
1.518	3.91	2439.39
1.518	3.911	2438.08
1.518	3.912	2436.85
1.518	3.913	2435.67
1.518	3.914	2433.06
1.518	3.915	2432.09
1.518	3.916	2432.61
1.518	3.917	2431.02
1.518	3.918	2428.32
1.518	3.919	2427.26
1.518	3.92	2424.69
1.519	3.9	2492.64
1.519	3.901	2490.75
1.519	3.902	2488.57
1.519	3.903	2486.13
1.519	3.904	2485.36
1.519	3.905	2484.06
1.519	3.906	2482.12
1.519	3.907	2479.39
1.519	3.908	2479.29
1.519	3.909	2476.95
1.519	3.91	2477.73
1.519	3.911	2477.06
1.519	3.912	2473.98
1.519	3.913	2474.72
1.519	3.914	2472.7
1.519	3.915	2474.35
1.519	3.916	2472.29
1.519	3.917	2470.81
1.519	3.918	2467.77
1.519	3.919	2466.06
1.519	3.92	2462.47
1.52	3.9	2528.6
1.52	3.901	2527.4
1.52	3.902	2526.78
1.52	3.903	2525.06
1.52	3.904	2522.98
1.52	3.905	2520.4
1.52	3.906	2517.16
1.52	3.907	2515.83
1.52	3.908	2514.67
1.52	3.909	2512.62
1.52	3.91	2511.59
1.52	3.911	2511.38
1.52	3.912	2510.07
1.52	3.913	2510.15
1.52	3.914	2509.19
1.52	3.915	2509.18
1.52	3.916	2510.54
1.52	3.917	2509.64
1.52	3.918	2506.62
1.52	3.919	2506.5
1.52	3.92	2505.71
{1.5,3.92}
1854.4	52
