-30.7047	
-50.1723	
13.708	
35.9477	
5.32029	
-107.624	
25.3435	
-62.8125	
62.1638	
10.16	
114.498	
-6.17227	
-89.9186	
-11.1816	
-423.622	
29.4326	
-30.5485	
-28.1004	
-40.99	
-77.3967	
75.9927	
7.85557	
-203.126	
-42.9518	
-262.805	
-76.9281	
-112.057	
-40.2588	
-13.3717	
-459.707	
-457.446	
-263.905	
-55.4844	
105.348	
24.571	
-113.423	
24.1925	
-136.257	
9.30493	
-566.757	
19.6575	
24.9305	
48.0292	
38.0619	
-2.24865	
-87.876	
-18.4406	
24.3618	
-83.5298	
-88.9428	
-8.99022	
-53.0387	
-5.66693	
-241.936	
-32.2812	
8.67213	
0	
0	
27.0211	
0	
-30.1395	
-18.9022	
30.8913	
45.611	
34.5305	
24.5861	
-15.3764	
17.552	
244.347	
78.9284	
-19.2428	
-22.4682	
-77.8605	
-233.664	
-108.288	
-283.229	
-105.458	
-341.028	
71.0568	
-402.156	
-10.0909	
-112.87	
-104.798	
49.7336	
95.1734	
-52.3774	
-111.687	
-151.948	
99.5587	
-2.66611	
6.08523	
85.3819	
-196.04	
-22.3203	
-272.676	
-554.235	
-51.1081	
-46.4205	
-56.3716	
-80.4323	
-131.994	
-167.127	
72.7156	
-53.548	
23.8354	
-60.747	
102.157	
-87.9413	
-266.587	
-116.382	
-212.473	
-488.017	
-4.48397	
-45.3562	
-50.5003	
-365.514	
-116.48	
186.04	
-88.3571	
39.4379	
-37.3139	
-18.7511	
-5.09232	
-47.2548	
-66.963	
39.7465	
-11.8996	
41.3299	
29.8615	
47.6024	
96.8144	
1.72057	
29.6673	
-10.1367	
-171.145	
-89.7609	
24.6306	
26.1405	
117.494	
-1.78764	
1.6146	
-91.6924	
-147.114	
-42.3046	
-12.146	
27.5474	
-149.15	
-103.954	
79.6708	
-15.7607	
-350.657	
-54.921	
-468.599	
-28.7656	
43.8364	
23.6543	
45.4623	
-406.305	
317.027	
-172.015	
-19.9083	
-4.14013	
-15.4639	
-44.3317	
-26.3998	
-474.572	
-205.015	
-4.13914	
25.3441	
31.4767	
-19.2288	
-85.3553	
-164.125	
86.148	
65.5607	
-300.138	
-82.4854	
34.3251	
-97.1224	
11.8505	
212.387	
0	
-410.431	
-165.265	
-70.6565	
-14.2071	
-222.716	
-229.905	
-24.1844	
84.513	
-1.58694	
-213.724	
-152.758	
-220.487	
-49.0631	
-163.831	
-72.2928	
-64.0793	
-107.66	
-106.696	
-46.6023	
8.69373	
31.6707	
-35.6944	
-77.1024	
-23.3663	
-136.343	
-264.789	
-19.4067	
-44.6604	
-1.32174	
-106.487	
-19.6151	
75.0143	
-94.3457	
-172.999	
-91.2383	
-19.9216	
-50.332	
-146.131	
20.7989	
-143.677	
-148.035	
133.986	
31.6979	
-30.8711	
-90.7475	
-4.76926	
-154.992	
217.124	
-16.9648	
-154.371	
11.8006	
-94.4948	
-149.983	
-62.2258	
-62.3551	
-328.842	
69.9525	
-403.735	
-28.6556	
9.57458	
-2.77417	
-86.5351	
-93.7576	
72.2422	
-14.7773	
82.7438	
-21.6225	
41.2193	
9.14114	
-406.834	
3.00901	
-371.055	
-160.896	
-572.011	
31.0286	
-58.1354	
-214.169	
123.278	
31.7302	
-528.637	
80.5551	
-170.87	
0	
-34.4499	
69.9359	
112.321	
43.0513	
-44.915	
-34.7124	
-100.862	
-61.3442	
134.995	
131.743	
-215.692	
-104.062	
-307.809	
-485.115	
-110.616	
-84.0783	
1.86163	
-75.6355	
197.67	
-87.9222	
-453.88	
66.8831	
180.796	
-83.1218	
-38.6535	
-44.5195	
-320.883	
-153.129	
-344.338	
307.886	
304.477	
96.727	
51.8593	
10.5274	
-40.7984	
-200.788	
6.69136	
-79.0188	
-192.873	
75.3357	
-157.796	
43.8896	
-2.51422	
6.00456	
-403.077	
-378.303	
-240.787	
-17.6404	
-12.9755	
-37.0889	
-124.014	
-203.484	
-91.3372	
3.72163	
-238.904	
-28.5836	
61.238	
-70.6305	
-272.089	
-147.586	
-55.524	
-490.489	
-219.85	
-7.90958	
-93.7666	
-213.363	
41.2115	
-273.812	
-9.65681	
-111.711	
-347.031	
-12.9042	
32.8109	
43.1433	
27.731	
-485.728	
-46.3388	
-288.967	
-511.912	
74.544	
-24.546	
131.708	
-8.97226	
-88.1397	
-47.5551	
-472.292	
60.5074	
-29.7749	
-116.143	
-14.0356	
-58.4821	
-111.97	
194.908	
-465.084	
-222.106	
-264.637	
-84.6955	
-70.4049	
-51.8478	
-38.5437	
-164.661	
-267.069	
-91.8233	
4.60114	
34.0509	
-9.85135	
182.758	
-34.8684	
-126.687	
-224.732	
-241.641	
69.7499	
-12.6036	
-93.2496	
-162.794	
190.184	
49.9968	
-494.135	
-290.045	
12.8345	
-159.349	
-5.76437	
-199.072	
-78.8457	
151.202	
-171.766	
-353.807	
54.1412	
14.3791	
-68.5623	
-92.1113	
-83.1637	
-213.305	
-136.227	
-197.842	
-79.7024	
78.1072	
-0.955404	
-166.137	
-39.701	
-50.3296	
-217.323	
-533.686	
-3.85535	
-153.562	
-132.132	
86.4315	
-250.976	
-39.2308	
-259.664	
395.285	
-150.131	
10.3591	
-82.6957	
-28.6733	
27.6135	
-82.3072	
-63.6232	
-57.6698	
121.325	
-10.5778	
-214.398	
-216.772	
-60.3736	
56.3788	
1.37404	
41.1486	
-217.431	
-326.983	
-96.9802	
-24.4251	
73.1189	
-322.848	
75.8474	
-569.751	
-63.2942	
-82.6349	
26.2126	
78.6378	
-74.1682	
-161.054	
-333.086	
-35.8838	
47.4847	
68.2389	
64.69	
28.8864	
-132.84	
-41.4104	
44.6084	
268.307	
-139.817	
72.0835	
0	
-12.0653	
-101.414	
101.841	
69.3966	
-183.676	
91.8663	
22.1005	
-345.664	
145.043	
-172.545	
-262.062	
0	
-64.3373	
113.563	
39.3136	
-259.89	
-46.1712	
-334.69	
-10.8584	
56.2188	
23.7366	
-118.901	
14.6277	
-25.1739	
-202.964	
-412.613	
-154.43	
-136.84	
3.76508	
54.3545	
-13.8296	
-11.6182	
136.135	
-139.687	
-112.009	
-101.907	
-49.2554	
24.1885	
102.36	
-329.026	
-15.2759	
-64.9759	
-62.9053	
-167.06	
-307.175	
-83.7109	
15.5117	
42.8785	
-129.516	
-37.0438	
-336.836	
22.889	
-95.2876	
36.9249	
-129.666	
-310.474	
158.448	
-10.8081	
-51.9876	
-23.204	
-99.8984	
-67.9798	
1.32486	
0	
90.5016	
13.1095	
-46.6023	
16.7119	
-60.4419	
1.01164	
-111.003	
-97.4082	
-220.762	
106.426	
-13.6223	
-35.5405	
-25.1739	
-143.1	
-131.733	
-70.6147	
7.40843	
-9.8727	
0	
-129.666	
9.28347	
-136.706	
-10.2557	
-203.728	
75.3357	
34.3042	
-181.435	
-57.8118	
-66.7955	
-236.478	
0	
14.5608	
-256.523	
-131.05	
-45.6544	
-673.132	
41.8632	
-81.1909	
-6.47093	
-117.179	
-39.5438	
-39.5146	
20.9232	
-118.635	
6.17473	
146.002	
8.69373	
-167.06	
-190.299	
0	
-8.53891	
43.723	
0	
59.3087	
-284.958	
134.608	
-209.864	
-169.392	
-10.2557	
-310.374	
0	
-102.409	
-179.864	
-157.796	
-14.1103	
-30.1109	
-404.424	
-61.309	
-81.3301	
-222.607	
-26.297	
-85.8108	
-104.581	
-174.322	
-50.7476	
-10.5487	
28.5778	
-153.084	
-79.3994	
-188.26	
-71.9969	
-162.79	
-4.66411	
26.0505	
-154.969	
13.5773	
-39.8846	
170.404	
-8.26746	
0	
51.7616	
-313.795	
-97.1775	
31.6707	
38.1266	
33.4613	
44.0115	
1.01164	
-102.081	
-90.7629	
-469.919	
-171.196	
-12.9266	
-145.292	
-227.125	
230.331	
-260.295	
-175.96	
-265.317	
-140.393	
-324.579	
-320.421	
-24.6045	
0	
-169.392	
-72.723	
-165.473	
-333.468	
43.8896	
-333.544	
96.0384	
228.535	
0	
-8.77486	
-253.518	
-52.182	
55.6656	
-127.974	
-109.874	
-91.5325	
-29.9888	
-497.727	
13.5815	
-322.331	
-150.651	
0	
-45.6544	
-113.988	
-194.44	
-337.221	
-35.6944	
-372.623	
-49.8149	
-608.913	
-393.791	
0	
-241.704	
-7.47587	
-438.51	
-130.489	
-193.797	
23.6668	
-288.524	
-127.948	
108.48	
-280.451	
-217.684	
-355.769	
-61.7855	
-133.176	
-33.878	
276.895	
-56.7622	
230.331	
43.2162	
-142.547	
-8.22737	
-50.8627	
-2.51422	
152.589	
-146.257	
-84.5079	
113.263	
-207.816	
0	
-159.032	
-291.846	
-10.2645	
326.225	
-90.8082	
58.115	
5.83241	
-81.3301	
-0.289682	
0	
-29.7204	
-346.457	
95.9174	
17.7647	
0	
62.7342	
-328.588	
24.8586	
-70.0939	
-126.914	
-184.827	
-77.1024	
-352.628	
-69.8543	
-166.797	
-86.0427	
52.5321	
0	
-229.183	
-80.6117	
-17.2104	
-22.7934	
-111.762	
44.9292	
-621.607	
-204.306	
-359.834	
-269.847	
-0.642752	
8.91961	
-457.197	
-406.85	
0	
-407.667	
-194.44	
6.00456	
-93.4322	
-45.0044	
-32.7741	
20.563	
57.1137	
182.193	
-79.6528	
-26.7312	
270.22	
-4.66411	
-134.41	
-525.499	
110.346	
-75.8869	
0	
-256.946	
8.97906	
51.7616	
-584.176	
-223.349	
70.8687	
88.4144	
-206.646	
0	
-5.50937	
-23.3663	
-275.283	
-44.9319	
-8.50208	
119.656	
-51.2754	
15.4076	
16.5308	
73.3743	
-26.4009	
55.6583	
169.389	
-571.321	
-72.8911	
0	
113.263	
64.5941	
-235.739	
-403.077	
122.79	
-153.562	
-189.216	
-223.58	
0	
-123.027	
-12.7573	
-70.0939	
-19.1301	
26.0505	
-84.015	
-195.312	
-42.5476	
-143.4	
-289.955	
-42.3462	
-104.109	
-600.072	
-31.0358	
-433.911	
-297.134	
-136.343	
-27.9576	
-26.6469	
-22.6918	
-77.2837	
-148.132	
-69.2272	
-90.7474	
-89.8021	
-100.221	
-243.74	
0	
28.8751	
-183.435	
-406.85	
39.7677	
-420.43	
-399.33	
-43.0139	
146.168	
0	
226.265	
5.67977	
0	
321.77	
-124.929	
-104.109	
-10.2902	
-27.736	
-378.303	
-37.2343	
-154.969	
-222.291	
0	
-63.811	
-83.1317	
-28.323	
-88.76	
44.2822	
107.294	
-77.8178	
-154.816	
76.7985	
-219.757	
22.4586	
-58.8188	
4.7253	
-149.72	
-15.8195	
-14.5762	
-264.789	
0	
-134.41	
0	
-83.391	
-100.324	
19.1442	
-534.072	
-34.0894	
-41.2635	
-327.418	
-139.857	
-159.397	
5.91116	
-10.7471	
-18.6121	
-240.787	
79.6132	
200.189	
-89.409	
-25.2513	
-8.77486	
-136.325	
-113.331	
133.183	
127.723	
-72.429	
-174.398	
-395.299	
-567.162	
-89.4263	
-34.0894	
0	
-25.8006	
0	
-35.6511	
-300.81	
22.0606	
-497.379	
0	
25.5745	
-112.204	
-67.3551	
-6.28249	
-55.2913	
46.4256	
-128.13	
-37.272	
-8.8643	
19.8801	
-91.2383	
102.655	
-198.56	
-449.349	
313.723	
46.193	
-155.996	
-329.678	
-169.652	
-88.7691	
-214.755	
-227.604	
-64.618	
-133.176	
16.1436	
-17.6404	
21.014	
-508.318	
-319.879	
-90.8907	
-87.5587	
-19.5602	
-175.235	
13.0803	
45.6319	
-33.3181	
-12.5587	
-61.7763	
-146.643	
-40.8152	
-264.329	
3.07023	
-235.797	
-137.55	
0	
-474.977	
-317.876	
-224.984	
-168.44	
15.1217	
101.536	
0	
-19.9216	
-203.18	
-79.8189	
139.536	
-223.414	
105.601	
-562.501	
-572.554	
-17.2381	
-166.797	
-293.621	
-296.838	
-196.702	
-12.9755	
-58.4362	
200.302	
-21.6256	
37.5571	
-121.564	
105.68	
0	
45.0894	
59.5847	
52.7328	
-79.6374	
-147.624	
-372.851	
44.0115	
-131.994	
186.455	
-284.031	
-378.051	
34.8587	
38.0744	
-53.1217	
-309.759	
-42.7796	
-69.8291	
-177.477	
22.0606	
12.2311	
120.282	
-140.708	
-50.332	
20.4254	
-30.6359	
0	
-90.2959	
173.339	
-53.1253	
-75.8869	
-136.4	
-9.60774	
-57.8118	
-388.702	
-0.191237	
-20.6601	
95.9174	
-37.0889	
44.8864	
-165.577	
36.9539	
8.18506	
-162.703	
204.938	
0	
-118.127	
-391.88	
-18.9647	
175.135	
9.40771	
37.3978	
-415.558	
10.2669	
-125.158	
-4.68196	
-12.1649	
-225.022	
-88.2861	
-71.9969	
-146.131	
44.1566	
-90.7474	
-419.532	
-29.9842	
46.3778	
-168.158	
20.3536	
-184.696	
-109.665	
-109.828	
165.246	
-175.634	
0	
-6.97847	
-223.58	
9.08242	
58.423	
-4.40243	
-231.349	
138.7	
0.433036	
-124.014	
-60.3813	
0	
194.537	
-68.1414	
-13.5642	
-383.928	
167.543	
-143.145	
-319.879	
127.562	
-52.182	
-48.3422	
-112.204	
-182.103	
-79.3994	
-33.3848	
-31.8333	
-231.593	
1.81544	
-173.507	
37.2215	
-153.131	
-280.86	
-577.936	
20.7989	
-70.9224	
-1.30254	
-74.7138	
93.1043	
-360.56	
-48.4906	
-366.652	
-132.32	
-136.473	
4.70455	
146.168	
-69.9201	
317.994	
-30.9285	
58.3593	
-155.678	
-203.484	
-8.83396	
200.2	
-730.809	
-91.372	
-159.032	
10.0606	
-30.3912	
-69.8291	
-53.0472	
-90.8082	
-28.9582	
14.4503	
-299.237	
-138.232	
-64.6166	
-528.746	
-134.952	
-11.6819	
-323.558	
123.653	
0	
-48.7416	
-106.432	
-368.5	
-143.677	
23.8951	
-16.8618	
-128.094	
24.738	
98.4399	
33.629	
-14.5762	
0.740634	
153.274	
-142.268	
-236.593	
270.22	
64.7547	
-107.808	
-91.3372	
-27.4701	
194.537	
-31.0358	
-102.919	
3.45999	
-111.409	
-289.28	
5.38022	
-354.427	
89.7275	
55.8556	
-4.16877	
-80.5859	
-61.4858	
32.4447	
-91.4861	
-68.5745	
-202.823	
-417.838	
115.453	
-572.554	
-103.472	
63.1137	
-195.312	
-148.035	
142.444	
-62.6272	
-189.968	
-262.534	
-36.4965	
-289.28	
-179.024	
-276.487	
33.0527	
-55.2913	
-110.349	
-184.547	
-331.201	
-567.162	
129.102	
-22.122	
-11.0799	
-203.364	
76.1007	
3.72163	
-280.479	
0	
-315.779	
18.2074	
-58.0772	
-143.335	
-72.6655	
-77.8178	
-445.436	
-30.0796	
-181.37	
-183.675	
-43.9818	
-565.906	
-335.037	
20.4254	
-229.94	
-229.299	
5.14297	
-453.908	
-106.547	
-226.016	
42.5178	
-744.424	
35.1384	
-112.695	
133.986	
132.24	
-120.515	
60.175	
-64.618	
17.1158	
-352.26	
-238.904	
-401.019	
-226.579	
-17.4868	
-12.5248	
-497.379	
-183.675	
2.24422	
63.7148	
-294.169	
-452.451	
-21.6445	
-392.288	
-138.976	
-136.473	
37.7416	
-362.072	
28.1237	
-19.1926	
150.559	
-31.2038	
95.4217	
-334.176	
-32.4281	
-112.812	
-440.718	
33.7901	
10.8727	
12.2311	
-0.681208	
-292.965	
-135	
-28.5836	
-114.254	
3.07023	
40.4093	
35.608	
139.536	
0	
7.98743	
-20.6886	
-83.6613	
-31.4631	
63.1137	
-67.3907	
-3.27819	
-176.107	
37.5246	
39.988	
30.2174	
-318.566	
-136.733	
-215.512	
26.1904	
-220.362	
92.4218	
25.8658	
41.5587	
-28.6022	
3.37269	
-41.0143	
-104.508	
-59.1101	
-53.1217	
-49.467	
29.5254	
61.238	
-93.7948	
-217.97	
76.5653	
12.381	
60.6489	
-292.965	
-3.62297	
-202.493	
23.3293	
-74.627	
-17.2897	
-211.79	
-138.444	
-258.054	
38.0744	
-83.4066	
164.045	
-138.976	
-192.844	
-179.999	
40.9767	
128.326	
-59.8822	
-225.022	
-90.8556	
37.2215	
63.8271	
-109.188	
-141.049	
-166.791	
-70.6305	
-45.032	
-97.0516	
82.7749	
51.8002	
-176.488	
229.968	
-115.626	
-31.1377	
-245.943	
-29.3015	
77.2245	
-274.725	
78.4388	
10.2669	
-98.8496	
-141.036	
43.8517	
-99.2271	
-280.905	
273.148	
150	
-123.503	
-199.873	
-137.044	
-21.5513	
-45.032	
-18.9647	
85.341	
-368.5	
-1.62287	
-204.341	
-265.382	
-304.43	
-79.595	
-18.7315	
22.8676	
-273.466	
-272.089	
-168.22	
-106.943	
-354.797	
59.444	
-130.311	
163.752	
-222.76	
-246.247	
16.9577	
-224.591	
-248.817	
-121.343	
-8.16546	
-243.812	
-77.7362	
-133.36	
-11.8498	
-83.6613	
-113.855	
54.3486	
-103.472	
-76.8785	
-0.95838	
-178.267	
-176.322	
-300.185	
-44.0228	
99.3315	
-35.1649	
-198.579	
-147.586	
-71.7333	
-33.8747	
16.6402	
9.08242	
-119.27	
232.366	
-682.727	
-212.073	
-6.35414	
-247.724	
244.648	
-70.1602	
-60.3813	
-447.785	
-41.248	
-565.906	
-47.8232	
-236.989	
-391.743	
-60.4574	
-109.522	
-144.102	
-88.3478	
268.379	
-45.8155	
14.3363	
103.076	
-3.30078	
-156.139	
-651.94	
23.3265	
9.49857	
-86.3197	
-55.524	
-57.7667	
-62.7331	
-291.011	
-18.7315	
-185.234	
-70.9224	
-111.833	
0	
-116.845	
-196.232	
-9.91338	
-284.556	
-637.239	
-77.3106	
-440.718	
159.362	
84.6671	
-208.992	
-15.1281	
-27.3516	
-69.4689	
-170.035	
69.0215	
-51.0639	
-131.785	
-54.1495	
-167.774	
-110.722	
-327.131	
-48.2069	
-111.94	
-490.489	
-23.6338	
-22.6324	
38.8417	
-323.614	
-136.127	
-229.687	
20.4234	
12.381	
-393.264	
-336.999	
-134.952	
29.5254	
-569.216	
-11.9602	
-63.6733	
-188.617	
-36.6521	
72.7019	
23.3677	
-140.998	
-32.8436	
-117.179	
-219.85	
26.5689	
-71.0743	
4.70455	
-25.3896	
10.9021	
-121.764	
55.8675	
-31.26	
153.861	
-252.268	
88.5165	
144.146	
0	
-181.42	
69.1679	
85.5101	
-109.688	
43.8517	
-194.417	
26.6615	
17.1651	
-67.9904	
41.8643	
0	
-81.0944	
-212.713	
103.63	
38.1266	
4.05553	
7.30226	
-7.90958	
-354.427	
40.7582	
-248.465	
-154.417	
-60.5513	
-21.7611	
27.4933	
0	
118.534	
84.7602	
-44.0228	
-243.812	
2.8384	
101.469	
-74.2721	
77.378	
-125.562	
-933.591	
-87.0562	
-76.1384	
56.8677	
43.3497	
-238.212	
-62.5379	
-59.0952	
-33.878	
-192.898	
97.0759	
-93.7666	
-65.3646	
40.9825	
-109.188	
-173.646	
-191.498	
-22.122	
57.2009	
0.0297342	
-11.2576	
-337.587	
-170.135	
-88.3478	
-46.3693	
114.33	
-5.10767	
-64.7838	
-174.724	
12.7615	
-48.7416	
239.443	
103.007	
-168.226	
40.4409	
-160.162	
-0.642752	
-724.349	
13.533	
-213.363	
-43.2311	
-39.1311	
-160.445	
36.9792	
-111.94	
-66.441	
-165.321	
-84.4302	
-161.081	
-12.9453	
-265.284	
52.5148	
-114.349	
-210.724	
35.1384	
-180.986	
-91.8044	
-30.4758	
-121.171	
-88.9803	
-275.578	
-141.049	
-396.469	
-44.9319	
40.3573	
-23.0484	
41.2115	
-122.373	
4.16893	
268.379	
47.2807	
153.861	
-33.3959	
-140.052	
-240.67	
-145.499	
-374.797	
-265.382	
57.7947	
33.2391	
-27.199	
-104.223	
300.301	
58.3422	
-146.561	
11.0409	
-201.415	
-579.449	
7.54267	
-274.564	
46.1334	
-335.581	
25.0031	
30.6229	
-420.43	
-273.812	
-254.387	
-31.2038	
20.4746	
84.7602	
30.7194	
-4.16877	
128.453	
-26.3667	
72.6798	
-400.859	
-2.10995	
-132.51	
-30.4861	
-89.6322	
-291.99	
-63.3674	
-29.8988	
-143.448	
39.9541	
5.27736	
-201.137	
20.6853	
-218.979	
-39.1692	
-9.65681	
-154.816	
141.31	
-91.5772	
152.224	
-184.502	
-38.8777	
-724.349	
-178.808	
23.8789	
39.988	
100.62	
-161.38	
-383.978	
-49.4992	
-67.4917	
-56.353	
-205.705	
75.4246	
28.2447	
54.9029	
74.5169	
-123.646	
69.2822	
0	
-21.9622	
-35.6443	
84.041	
-111.711	
-174.398	
-693.149	
-27.3516	
203.7	
-21.8099	
-176.322	
-278.351	
-493.682	
47.2807	
-217.312	
-426.713	
-211.79	
-411.256	
-93.8334	
-145.693	
-256.546	
-37.4289	
-39.0961	
0	
9.28347	
-49.4501	
48.6803	
-121.553	
68.6472	
-69.9211	
-35.5926	
-347.031	
-90.8907	
-90.7629	
0	
-203.364	
-155.203	
-143.051	
-449.722	
-185.513	
-61.2779	
-179.864	
-89.6322	
95.5337	
35.2302	
10.4845	
-344.519	
161.032	
15.7744	
-9.78004	
0	
-270.149	
-45.125	
-21.9609	
-238.173	
-334.551	
-17.2381	
-376.982	
62.7342	
-274.725	
-171.431	
84.041	
0	
-0.856042	
58.6109	
-6.12806	
-72.723	
0	
-145.292	
-620.407	
9.02639	
-193.364	
-150.342	
-126.49	
-574.061	
-48.0837	
-61.2779	
-235.703	
-11.9602	
186.085	
93.6772	
-144.102	
-170.659	
-143.206	
-30.6359	
-42.5476	
-92.0994	
155.25	
-79.6667	
-101.447	
-106.943	
0	
-184.627	
108.48	
-346.194	
0	
19.8801	
-10.2645	
-120.515	
-48.5271	
-185.899	
-118.887	
-126.49	
-92.9406	
64.507	
-141.67	
51.2423	
53.087	
-69.419	
-15.1281	
163.799	
-194.417	
-299.714	
29.1476	
-112.812	
-161.478	
-155.767	
-4.68196	
-28.6872	
-297.617	
-563.535	
-211.663	
17.6267	
-359.834	
-205.511	
10.1231	
0	
0	
-309.759	
-143.4	
-205.377	
-132.984	
78.8167	
-104.147	
-28.6872	
-113.461	
-71.7333	
-294.219	
-227.087	
-474.585	
167.543	
-30.1109	
-220.204	
-190.699	
-317.206	
-8.50208	
0	
-280.86	
-656.541	
-89.4263	
-22.832	
30.0427	
-172.973	
162.25	
-324.038	
-0.0943949	
-47.995	
-60.2186	
-317.206	
-54.4753	
-84.1892	
-265.012	
-243.888	
-9.52297	
-74.2721	
-157.923	
-91.372	
-150.651	
9.49857	
3.4994	
-68.4015	
47.5637	
28.8751	
0	
-91.4861	
-656.605	
-220.464	
-223.414	
-47.2599	
-220.362	
57.8547	
139.208	
-200.197	
-44.734	
-163.826	
-656.605	
-248.92	
27.8042	
-107.006	
-346.494	
-54.3405	
-36.6521	
-213.576	
-107.808	
-69.8543	
-61.0218	
-110.722	
-119.438	
9.15626	
-534.072	
-123.904	
0	
-452.451	
39.3678	
138.7	
-32.0591	
-242.102	
-19.1517	
-90.3864	
-92.3539	
12.4974	
-32.0591	
-101.579	
-449.616	
-82.7745	
122.422	
-71.7966	
97.0117	
-331.201	
-26.4009	
-113.819	
-136.565	
-314.554	
-19.5077	
-140.998	
-8.8643	
0	
-29.3015	
-130.312	
-236.593	
-10.2902	
-9.59619	
-291.982	
-490.431	
-9.65254	
114.33	
-120.334	
0	
-9.65254	
12.9318	
106.397	
61.1672	
35.2026	
-53.7768	
42.5178	
-108.749	
-64.0269	
-231.316	
-24.1916	
164.045	
-97.4244	
-67.9904	
0	
147.978	
-168.44	
-212.713	
-156.139	
-229.94	
35.1773	
79.6132	
33.7901	
41.5587	
-179.999	
150	
158.448	
-102.409	
147.05	
0	
-32.4733	
-32.4733	
14.6924	
-22.5859	
-94.287	
50.3018	
-50.1202	
59.9946	
-8.16546	
-50.3597	
-27.8689	
0	
-140.708	
26.6615	
-104.508	
-146.643	
-62.5379	
14.5608	
-91.5325	
-85.7182	
39.3055	
0	
143.15	
-370.332	
143.15	
-2.77578	
78.0512	
-136.752	
63.4344	
-447.785	
82.2897	
-216.734	
-245.499	
2.24422	
46.3778	
-88.6424	
36.9792	
-119.855	
-79.595	
-177.477	
-99.2271	
-91.8044	
-168.226	
64.049	
-102.081	
-126.914	
0	
-34.319	
108.771	
-113.91	
-97.9422	
-34.319	
-40.685	
-49.889	
-18.1666	
-125.107	
-51.0639	
77.378	
13.926	
-103.548	
26.1904	
-360.56	
-68.8767	
5.27736	
159.362	
-65.9179	
-6.97847	
-204.154	
-396.469	
-217.684	
-153.562	
0	
-651.347	
-335.581	
-651.347	
-62.3121	
-447.731	
-21.6362	
-41.1461	
-32.8436	
97.5087	
-31.1377	
-128.094	
-155.203	
-60.5513	
-30.3912	
-4.44227	
-101.453	
-75.8462	
-246.247	
-9.76911	
-78.3551	
97.0574	
-201.415	
-5.10767	
-58.5022	
-269.847	
-28.323	
3.52046	
-246.594	
-246.594	
-484.699	
-256.149	
-127.336	
-26.297	
-54.7443	
-3.93599	
-104.841	
-78.1953	
103.63	
40.3713	
-0.95838	
-179.024	
-69.419	
-23.0484	
32.4447	
172.068	
119.656	
-6.28249	
344.019	
44.9003	
-346.116	
-172.624	
-346.116	
-167.061	
-31.2628	
-29.9888	
14.3375	
-238.212	
-44.764	
149.803	
-9.91338	
-226.016	
-220.464	
-205.705	
60.175	
39.7677	
-196.702	
-437.775	
0	
-283.875	
96.9044	
61.9368	
-3.44479	
5.83241	
33.3097	
69.8779	
-62.6593	
-157.968	
103.007	
-63.3674	
125.249	
-180.986	
-31.26	
232.366	
-235.703	
10.8727	
147.978	
-215.512	
22.4586	
-415.558	
120.472	
0	
0.734694	
-96.7779	
-153.591	
-101.886	
-79.6528	
-63.5606	
-234.711	
-40.0705	
56.2188	
-141.049	
-143.901	
88.3278	
56.8677	
163.799	
-120.383	
-40.685	
76.5653	
-97.0516	
-57.452	
96.294	
86.2122	
-300.353	
-132.801	
0	
1.81544	
-215.55	
64.0999	
-147.789	
-19.1301	
-102.694	
46.1334	
-9.30273	
-185.106	
-138.085	
-11.6182	
200.627	
-66.441	
-9.76911	
273.148	
47.5637	
-224.591	
30.3401	
-62.7331	
-190.269	
31.4032	
11.0409	
33.629	
76.5584	
-352.326	
-49.4992	
-283.617	
-27.736	
8.80888	
-218.979	
-118.139	
65.492	
-140.472	
-2.00159	
25.0031	
-370.766	
-96.7779	
-139.687	
-9.59619	
-77.7362	
-291.011	
0	
76.1007	
-108.485	
36.0475	
-127.577	
-49.2554	
0.276968	
-159.397	
-310.474	
-1.59405	
-131.05	
-36.5908	
-123.646	
8.47736	
-468.259	
-254.836	
-56.353	
-118.139	
-119.855	
14.3363	
-63.6733	
-34.2465	
-171.196	
-159.188	
0	
-294.169	
-184.591	
127.31	
313.723	
-172.86	
-276.501	
68.6472	
135.061	
-22.6324	
161.032	
-291.99	
53.2673	
-32.0275	
-39.4385	
97.0574	
-21.7611	
-145.693	
17.5416	
105.147	
3.37269	
-7.12943	
-280.451	
-458.503	
118.376	
15.1217	
26.7307	
38.8417	
-45.125	
144.146	
-292.349	
-346.194	
-257.004	
-39.4385	
-333.327	
120.472	
40.4409	
34.8587	
-39.2888	
0	
-141.036	
-568.073	
140.649	
-171.425	
38.5369	
93.6772	
-933.591	
-220.204	
-139.016	
-121.366	
-262.954	
-370.766	
57.7947	
37.3978	
0	
54.3486	
-137.955	
-16.7658	
368.471	
-83.9444	
-67.4917	
-131.478	
39.4624	
-275.264	
17.3592	
-141.67	
-760.467	
-43.2311	
139.208	
-115.941	
26.7307	
-38.8777	
0.433036	
-344.519	
0	
-637.239	
-60.0222	
-83.9407	
-333.327	
-19.7269	
-121.764	
-256.814	
22.8291	
-678.527	
-294.219	
-830.795	
-130.312	
-33.3959	
-112.973	
-256.814	
48.6803	
-132.32	
0	
69.1679	
-273.772	
-86.6787	
-15.941	
13.0797	
-357.243	
-265.012	
50.3018	
-132.51	
-116.4	
-127.272	
-574.061	
23.8951	
-10.318	
0	
-11.2576	
6.89615	
-37.4289	
-193.364	
-186.737	
192.553	
-174.403	
32.4274	
-262.954	
-346.494	
64.049	
-83.7632	
-35.6443	
54.5804	
-42.3919	
10.1231	
-61.4858	
40.7582	
0	
-140.052	
-127.272	
-241.505	
107.534	
122.06	
-277.787	
-82.7745	
-4.44227	
-185.513	
-170.372	
43.4571	
-9.52297	
-315.779	
0	
-91.5772	
23.2651	
-204.092	
45.8075	
15.7744	
149.803	
-620.407	
3.98252	
-104.712	
-128.075	
39.3678	
-17.4868	
0	
-77.9244	
-256.546	
-351.051	
-21.1602	
40.9825	
-42.3919	
65.1155	
-118.887	
-234.711	
-563.535	
-141.399	
-212.236	
35.2026	
7.98743	
35.4159	
-6.12806	
-533.951	
163.63	
-150.165	
-190.269	
-656.541	
61.1776	
-50.1245	
39.3055	
-202.493	
0	
-297.617	
37.3175	
-607.24	
38.4596	
92.0836	
-21.3269	
-48.0837	
129.647	
-27.7268	
-125.107	
229.968	
-60.2186	
-1.33241	
43.4571	
-39.1311	
-197.543	
65.7116	
-202.495	
-104.147	
-354.797	
-123.904	
-108.749	
-85.7182	
-103.548	
-115.083	
-34.8671	
-256.149	
0	
-102.595	
97.9983	
-22.5714	
-54.7443	
-119.27	
-1.30184	
277.171	
-3.44479	
-92.9406	
-16.1168	
-139.284	
-128.075	
-2.77573	
4.16893	
-54.4753	
-113.461	
-84.1892	
-212.236	
55.5991	
-163.826	
40.4655	
20.4746	
-248.92	
66.0477	
61.1776	
-90.3864	
-177.804	
82.7065	
14.9181	
152.224	
-161.034	
-437.775	
-185.234	
18.4196	
-96.4633	
-215.55	
65.492	
-34.2465	
105.147	
140.649	
0	
23.2106	
-132.705	
39.4624	
-14.8096	
-120.383	
-229.687	
-243.9	
-116.246	
-32.2822	
-212.774	
-167.363	
22.8291	
-283.617	
129.647	
-38.3739	
-113.819	
-380.356	
49.7382	
65.675	
-92.3539	
-7.0711	
8.47736	
-32.0275	
-39.2888	
-16.7658	
-60.0222	
-15.941	
-174.403	
-277.787	
71.4836	
-21.8099	
-261.905	
-357.243	
-976.875	
-179.725	
-8.25477	
45.8075	
11.0356	
-258.095	
-83.7632	
-43.2212	
0	
65.1155	
-123.484	
-243.285	
-258.12	
-115.083	
369.485	
-136.565	
55.289	
0	
-449.722	
-150.165	
-80.4524	
-403.491	
-120.334	
-21.3269	
-202.495	
-22.5714	
-161.034	
-14.8096	
0	
-43.9188	
9.68226	
0	
104.611	
-108.883	
-599.238	
-119.364	
-1.30184	
-21.8808	
-314.554	
38.6918	
-61.7247	
6.95077	
-0.856042	
-143.1	
32.7703	
0	
147.05	
59.3087	
-147.651	
0	
-260.295	
-24.1916	
18.4196	
-80.0064	
-52.8606	
-19.1174	
-32.07	
-288.524	
-79.6667	
-45.177	
62.3348	
-80.6117	
14.6924	
-704.174	
0	
-223.349	
-50.1202	
-116.246	
-431.517	
0	
-600.072	
-32.4276	
-37.2618	
0	
-222.291	
-211.663	
-26.6922	
-370.332	
5.91116	
63.4344	
0	
49.7382	
102.655	
5.84567	
0	
-0.251627	
-61.7763	
-190.699	
23.9572	
108.771	
200.302	
-18.1666	
1.00915	
-10.6736	
-179.725	
173.339	
10.0259	
-68.4015	
-41.1461	
-62.3121	
-43.2212	
8.58895	
-88.2861	
369.485	
147.117	
-78.1953	
-119.438	
23.9454	
-484.699	
-143.145	
-167.061	
14.3375	
-19.5077	
-403.491	
-104.512	
35.8033	
-730.809	
-97.4244	
-157.968	
-398.471	
61.9368	
-101.886	
-40.0705	
-27.8689	
88.3278	
-57.452	
82.2897	
200.627	
96.294	
13.926	
86.2122	
-2.00159	
97.5087	
-300.353	
-254.836	
40.3713	
-132.801	
9.68226	
53.2673	
-44.764	
-147.789	
-257.004	
-61.7247	
125.249	
-352.326	
32.7703	
-143.901	
-147.651	
-80.0064	
-45.177	
-704.174	
-431.517	
89.9801	
-63.7217	
-22.6688	
-317.431	
-198.248	
-195.453	
-114.771	
-402.48	
0.276968	
127.31	
118.376	
-171.425	
368.471	
-83.9407	
-273.772	
-186.737	
-121.366	
-115.941	
-112.973	
-116.4	
54.5804	
-170.372	
-104.712	
-141.399	
-185.106	
-140.472	
-468.259	
135.061	
-292.349	
-139.016	
-760.467	
-830.795	
-50.1245	
-27.7268	
-34.8671	
277.171	
-96.4633	
-243.9	
-380.356	
-976.875	
