ibin	iptbin	itheta	r0	V	sigma2	chi	Vn Errors
0	0	0	0.2572	0.0505	270.2206	0.5687	0.0007
0	0	1	0.2567	0.0506	270.2206	0.5699	0.0007
0	0	2	0.2585	0.0503	270.2206	0.5659	0.0007
0	0	3	0.2591	0.0502	270.2206	0.5645	0.0007
0	0	4	0.2575	0.0505	270.2206	0.5680	0.0007


ibin	iptbin	avgmult	avgpt	Vn mean	Vn mean Error
0	0	185.0000	0.9154	0.0504	0.0004

ibin	iptbin	itheta	r0	V	sigma2	chi	Vn Errors
0	0	0	0.2553	0.0509	270.2209	0.5729	0.0007
0	0	1	0.2576	0.0505	270.2209	0.5678	0.0007
0	0	2	0.2590	0.0502	270.2209	0.5649	0.0007
0	0	3	0.2581	0.0504	270.2209	0.5668	0.0007
0	0	4	0.2597	0.0500	270.2209	0.5633	0.0007


ibin	iptbin	avgmult	avgpt	Vn mean	Vn mean Error
0	0	185.0000	0.9154	0.0504	0.0004

ibin	iptbin	itheta	r0	V	sigma2	chi	Vn Errors
0	0	0	0.2569	0.0506	270.2205	0.5695	0.0007
0	0	1	0.2546	0.0511	270.2205	0.5747	0.0007
0	0	2	0.2579	0.0504	270.2205	0.5673	0.0007
0	0	3	0.2584	0.0503	270.2205	0.5661	0.0007
0	0	4	0.2634	0.0494	270.2205	0.5555	0.0007


ibin	iptbin	avgmult	avgpt	Vn mean	Vn mean Error
0	0	185.0000	0.9154	0.0503	0.0004

ibin	iptbin	itheta	r0	V	sigma2	chi	Vn Errors
0	0	0	0.2562	0.0507	270.2210	0.5709	0.0007
0	0	1	0.2632	0.0494	270.2210	0.5559	0.0007
0	0	2	0.2579	0.0504	270.2210	0.5672	0.0007
0	0	3	0.2560	0.0508	270.2210	0.5715	0.0007
0	0	4	0.2573	0.0505	270.2210	0.5686	0.0007


ibin	iptbin	avgmult	avgpt	Vn mean	Vn mean Error
0	0	185.0000	0.9154	0.0504	0.0004

ibin	iptbin	itheta	r0	V	sigma2	chi	Vn Errors
0	0	0	0.2583	0.0503	270.2207	0.5664	0.0007
0	0	1	0.2636	0.0493	270.2207	0.5550	0.0007
0	0	2	0.2574	0.0505	270.2207	0.5683	0.0007
0	0	3	0.2594	0.0501	270.2207	0.5640	0.0007
0	0	4	0.2526	0.0515	270.2207	0.5791	0.0007


ibin	iptbin	avgmult	avgpt	Vn mean	Vn mean Error
0	0	185.0000	0.9154	0.0503	0.0004

ibin	iptbin	itheta	r0	V	sigma2	chi	Vn Errors
0	0	0	0.2546	0.0511	270.2209	0.5745	0.0007
0	0	1	0.2623	0.0496	270.2209	0.5577	0.0007
0	0	2	0.2603	0.0499	270.2209	0.5620	0.0007
0	0	3	0.2598	0.0500	270.2209	0.5632	0.0007
0	0	4	0.2549	0.0510	270.2209	0.5739	0.0007


ibin	iptbin	avgmult	avgpt	Vn mean	Vn mean Error
0	0	185.0000	0.9154	0.0503	0.0004

ibin	iptbin	itheta	r0	V	sigma2	chi	Vn Errors
0	0	0	0.2569	0.0506	270.2208	0.5693	0.0007
0	0	1	0.2569	0.0506	270.2208	0.5694	0.0007
0	0	2	0.2650	0.0490	270.2208	0.5520	0.0007
0	0	3	0.2568	0.0506	270.2208	0.5696	0.0007
0	0	4	0.2564	0.0507	270.2208	0.5706	0.0007


ibin	iptbin	avgmult	avgpt	Vn mean	Vn mean Error
0	0	185.0000	0.9154	0.0503	0.0004

ibin	iptbin	itheta	r0	V	sigma2	chi	Vn Errors
0	0	0	0.2568	0.0506	270.2208	0.5697	0.0007
0	0	1	0.2554	0.0509	270.2208	0.5727	0.0007
0	0	2	0.2582	0.0503	270.2208	0.5666	0.0007
0	0	3	0.2577	0.0504	270.2208	0.5677	0.0007
0	0	4	0.2606	0.0499	270.2208	0.5614	0.0007


ibin	iptbin	avgmult	avgpt	Vn mean	Vn mean Error
0	0	185.0000	0.9154	0.0504	0.0004

ibin	iptbin	itheta	r0	V	sigma2	chi	Vn Errors
0	0	0	0.2599	0.0500	270.2205	0.5630	0.0007
0	0	1	0.2604	0.0499	270.2205	0.5619	0.0007
0	0	2	0.2546	0.0510	270.2205	0.5745	0.0007
0	0	3	0.2592	0.0501	270.2205	0.5643	0.0007
0	0	4	0.2557	0.0508	270.2205	0.5721	0.0007


ibin	iptbin	avgmult	avgpt	Vn mean	Vn mean Error
0	0	185.0000	0.9154	0.0504	0.0004

ibin	iptbin	itheta	r0	V	sigma2	chi	Vn Errors
0	0	0	0.2582	0.0504	270.2208	0.5667	0.0007
0	0	1	0.2525	0.0515	270.2208	0.5794	0.0007
0	0	2	0.2562	0.0507	270.2208	0.5709	0.0007
0	0	3	0.2648	0.0491	270.2208	0.5525	0.0007
0	0	4	0.2599	0.0500	270.2208	0.5629	0.0007


ibin	iptbin	avgmult	avgpt	Vn mean	Vn mean Error
0	0	185.0000	0.9154	0.0503	0.0004

ibin	iptbin	itheta	r0	V	sigma2	chi	Vn Errors
0	0	0	0.2593	0.0501	270.2210	0.5642	0.0007
0	0	1	0.2601	0.0500	270.2210	0.5625	0.0007
0	0	2	0.2590	0.0502	270.2210	0.5649	0.0007
0	0	3	0.2572	0.0505	270.2210	0.5687	0.0007
0	0	4	0.2542	0.0511	270.2210	0.5755	0.0007


ibin	iptbin	avgmult	avgpt	Vn mean	Vn mean Error
0	0	185.0000	0.9154	0.0504	0.0004

ibin	iptbin	itheta	r0	V	sigma2	chi	Vn Errors
0	0	0	0.2566	0.0507	270.2205	0.5701	0.0007
0	0	1	0.2605	0.0499	270.2205	0.5616	0.0007
0	0	2	0.2609	0.0498	270.2205	0.5607	0.0007
0	0	3	0.2529	0.0514	270.2205	0.5785	0.0007
0	0	4	0.2599	0.0500	270.2205	0.5629	0.0007


ibin	iptbin	avgmult	avgpt	Vn mean	Vn mean Error
0	0	185.0000	0.9154	0.0504	0.0004

ibin	iptbin	itheta	r0	V	sigma2	chi	Vn Errors
0	0	0	0.2599	0.0500	270.2206	0.5629	0.0007
0	0	1	0.2629	0.0494	270.2206	0.5564	0.0007
0	0	2	0.2601	0.0500	270.2206	0.5625	0.0007
0	0	3	0.2520	0.0516	270.2206	0.5805	0.0007
0	0	4	0.2550	0.0510	270.2206	0.5737	0.0007


ibin	iptbin	avgmult	avgpt	Vn mean	Vn mean Error
0	0	185.0000	0.9154	0.0504	0.0004

ibin	iptbin	itheta	r0	V	sigma2	chi	Vn Errors
0	0	0	0.2543	0.0511	270.2209	0.5752	0.0007
0	0	1	0.2524	0.0515	270.2209	0.5797	0.0007
0	0	2	0.2627	0.0495	270.2209	0.5568	0.0007
0	0	3	0.2606	0.0499	270.2209	0.5614	0.0007
0	0	4	0.2588	0.0502	270.2209	0.5654	0.0007


ibin	iptbin	avgmult	avgpt	Vn mean	Vn mean Error
0	0	185.0000	0.9154	0.0504	0.0004

ibin	iptbin	itheta	r0	V	sigma2	chi	Vn Errors
0	0	0	0.2604	0.0499	270.2209	0.5619	0.0007
0	0	1	0.2546	0.0511	270.2209	0.5746	0.0007
0	0	2	0.2568	0.0506	270.2209	0.5696	0.0007
0	0	3	0.2615	0.0497	270.2209	0.5593	0.0007
0	0	4	0.2553	0.0509	270.2209	0.5730	0.0007


ibin	iptbin	avgmult	avgpt	Vn mean	Vn mean Error
0	0	185.0000	0.9154	0.0504	0.0004

ibin	iptbin	itheta	r0	V	sigma2	chi	Vn Errors
0	0	0	0.2546	0.0510	270.2205	0.5745	0.0007
0	0	1	0.2538	0.0512	270.2205	0.5765	0.0007
0	0	2	0.2591	0.0502	270.2205	0.5647	0.0007
0	0	3	0.2646	0.0491	270.2205	0.5530	0.0007
0	0	4	0.2591	0.0502	270.2205	0.5646	0.0007


ibin	iptbin	avgmult	avgpt	Vn mean	Vn mean Error
0	0	185.0000	0.9154	0.0504	0.0004

ibin	iptbin	itheta	r0	V	sigma2	chi	Vn Errors
0	0	0	0.2601	0.0500	270.2204	0.5625	0.0007
0	0	1	0.2574	0.0505	270.2204	0.5684	0.0007
0	0	2	0.2583	0.0503	270.2204	0.5665	0.0007
0	0	3	0.2582	0.0503	270.2204	0.5666	0.0007
0	0	4	0.2567	0.0506	270.2204	0.5699	0.0007


ibin	iptbin	avgmult	avgpt	Vn mean	Vn mean Error
0	0	185.0000	0.9154	0.0504	0.0004

ibin	iptbin	itheta	r0	V	sigma2	chi	Vn Errors
0	0	0	0.2533	0.0513	270.2208	0.5775	0.0007
0	0	1	0.2549	0.0510	270.2208	0.5739	0.0007
0	0	2	0.2582	0.0503	270.2208	0.5666	0.0007
0	0	3	0.2622	0.0496	270.2208	0.5580	0.0007
0	0	4	0.2598	0.0500	270.2208	0.5631	0.0007


ibin	iptbin	avgmult	avgpt	Vn mean	Vn mean Error
0	0	185.0000	0.9154	0.0505	0.0004

ibin	iptbin	itheta	r0	V	sigma2	chi	Vn Errors
0	0	0	0.2552	0.0509	270.2210	0.5733	0.0007
0	0	1	0.2521	0.0516	270.2210	0.5803	0.0007
0	0	2	0.2629	0.0495	270.2210	0.5566	0.0007
0	0	3	0.2585	0.0503	270.2210	0.5659	0.0007
0	0	4	0.2619	0.0496	270.2210	0.5585	0.0007


ibin	iptbin	avgmult	avgpt	Vn mean	Vn mean Error
0	0	185.0000	0.9154	0.0504	0.0004

ibin	iptbin	itheta	r0	V	sigma2	chi	Vn Errors
0	0	0	0.2598	0.0500	270.2209	0.5630	0.0007
0	0	1	0.2548	0.0510	270.2209	0.5741	0.0007
0	0	2	0.2510	0.0518	270.2209	0.5828	0.0007
0	0	3	0.2636	0.0493	270.2209	0.5550	0.0007
0	0	4	0.2617	0.0497	270.2209	0.5589	0.0007


ibin	iptbin	avgmult	avgpt	Vn mean	Vn mean Error
0	0	185.0000	0.9154	0.0504	0.0004

