4.14	0.39	811.608
4.14	0.391	815.973
4.14	0.392	809.566
4.14	0.393	801.958
4.14	0.394	787.914
4.14	0.395	763.915
4.14	0.396	773.353
4.14	0.397	807.874
4.14	0.398	798.515
4.14	0.399	787.51
4.14	0.4	791.694
4.14	0.401	812.023
4.14	0.402	828.893
4.14	0.403	826.269
4.14	0.404	838.426
4.14	0.405	830.197
4.14	0.406	798.378
4.14	0.407	823.616
4.14	0.408	823.936
4.14	0.409	825.986
4.14	0.41	840.106
4.141	0.39	810.748
4.141	0.391	805.334
4.141	0.392	803.391
4.141	0.393	808.572
4.141	0.394	787.227
4.141	0.395	764.881
4.141	0.396	755.491
4.141	0.397	802.934
4.141	0.398	794.944
4.141	0.399	790.297
4.141	0.4	798.853
4.141	0.401	806.327
4.141	0.402	834.243
4.141	0.403	822.849
4.141	0.404	841.151
4.141	0.405	833.1
4.141	0.406	810.456
4.141	0.407	807.698
4.141	0.408	817.826
4.141	0.409	806.567
4.141	0.41	835.736
4.142	0.39	809.582
4.142	0.391	812.445
4.142	0.392	803.868
4.142	0.393	807.312
4.142	0.394	806.869
4.142	0.395	755.626
4.142	0.396	754.574
4.142	0.397	795.268
4.142	0.398	797.932
4.142	0.399	783.056
4.142	0.4	799.838
4.142	0.401	803.532
4.142	0.402	819.412
4.142	0.403	814.416
4.142	0.404	839.808
4.142	0.405	833.297
4.142	0.406	816.527
4.142	0.407	797.418
4.142	0.408	813.543
4.142	0.409	804.088
4.142	0.41	828.957
4.143	0.39	826.674
4.143	0.391	813.327
4.143	0.392	802.509
4.143	0.393	807.983
4.143	0.394	800.51
4.143	0.395	753.015
4.143	0.396	762.334
4.143	0.397	777.838
4.143	0.398	792.732
4.143	0.399	775.827
4.143	0.4	792.527
4.143	0.401	793.867
4.143	0.402	817.306
4.143	0.403	814.042
4.143	0.404	831.473
4.143	0.405	836.013
4.143	0.406	822.824
4.143	0.407	803.126
4.143	0.408	805.236
4.143	0.409	808.767
4.143	0.41	809.564
4.144	0.39	838.414
4.144	0.391	798.983
4.144	0.392	798.362
4.144	0.393	805.882
4.144	0.394	812.29
4.144	0.395	776.653
4.144	0.396	773.127
4.144	0.397	768.443
4.144	0.398	781.989
4.144	0.399	794.053
4.144	0.4	791.953
4.144	0.401	783.274
4.144	0.402	810.952
4.144	0.403	821.798
4.144	0.404	813.519
4.144	0.405	836.713
4.144	0.406	828.782
4.144	0.407	799.786
4.144	0.408	802.765
4.144	0.409	813.15
4.144	0.41	809.798
4.145	0.39	849.253
4.145	0.391	804.861
4.145	0.392	802.732
4.145	0.393	797.191
4.145	0.394	807.243
4.145	0.395	779.511
4.145	0.396	764.567
4.145	0.397	762.552
4.145	0.398	800.987
4.145	0.399	797.099
4.145	0.4	785.492
4.145	0.401	789.069
4.145	0.402	803.929
4.145	0.403	825.416
4.145	0.404	816.776
4.145	0.405	840.369
4.145	0.406	826.286
4.145	0.407	807.673
4.145	0.408	807.844
4.145	0.409	810.48
4.145	0.41	797.266
4.146	0.39	856.211
4.146	0.391	814.381
4.146	0.392	804.385
4.146	0.393	795.412
4.146	0.394	809.677
4.146	0.395	775.128
4.146	0.396	755.489
4.146	0.397	761.974
4.146	0.398	796.12
4.146	0.399	784.903
4.146	0.4	769.737
4.146	0.401	787.682
4.146	0.402	791.326
4.146	0.403	811.059
4.146	0.404	792.883
4.146	0.405	850.287
4.146	0.406	828.259
4.146	0.407	817.659
4.146	0.408	806.593
4.146	0.409	800.744
4.146	0.41	794.147
4.147	0.39	850.269
4.147	0.391	806.338
4.147	0.392	807.917
4.147	0.393	796.263
4.147	0.394	808.082
4.147	0.395	783.788
4.147	0.396	746.488
4.147	0.397	757.244
4.147	0.398	794.764
4.147	0.399	791.063
4.147	0.4	770.882
4.147	0.401	776.627
4.147	0.402	792.246
4.147	0.403	801.829
4.147	0.404	799.888
4.147	0.405	836.901
4.147	0.406	818.958
4.147	0.407	819.621
4.147	0.408	800.64
4.147	0.409	804.76
4.147	0.41	809.073
4.148	0.39	863.563
4.148	0.391	820.625
4.148	0.392	807.341
4.148	0.393	792.01
4.148	0.394	799.633
4.148	0.395	796.526
4.148	0.396	755.725
4.148	0.397	755.908
4.148	0.398	783.249
4.148	0.399	785.381
4.148	0.4	780.892
4.148	0.401	779.049
4.148	0.402	787.983
4.148	0.403	810.266
4.148	0.404	810.153
4.148	0.405	823.562
4.148	0.406	833.419
4.148	0.407	830.381
4.148	0.408	799.945
4.148	0.409	805.52
4.148	0.41	804.836
4.149	0.39	874.643
4.149	0.391	834.931
4.149	0.392	803.248
4.149	0.393	798.644
4.149	0.394	788.235
4.149	0.395	807.5
4.149	0.396	769.997
4.149	0.397	746.801
4.149	0.398	774.329
4.149	0.399	780.429
4.149	0.4	778.359
4.149	0.401	783.701
4.149	0.402	773.549
4.149	0.403	807.361
4.149	0.404	818.457
4.149	0.405	805.84
4.149	0.406	844.133
4.149	0.407	830.478
4.149	0.408	807.663
4.149	0.409	794.173
4.149	0.41	804.601
4.15	0.39	872.755
4.15	0.391	846.726
4.15	0.392	804.223
4.15	0.393	801.359
4.15	0.394	788.392
4.15	0.395	805.131
4.15	0.396	760.705
4.15	0.397	746.898
4.15	0.398	766.096
4.15	0.399	796.294
4.15	0.4	775.715
4.15	0.401	778.883
4.15	0.402	773.545
4.15	0.403	796.082
4.15	0.404	812.576
4.15	0.405	796.775
4.15	0.406	829.814
4.15	0.407	819.407
4.15	0.408	804.342
4.15	0.409	805.877
4.15	0.41	800.919
4.151	0.39	876.826
4.151	0.391	850.268
4.151	0.392	812.355
4.151	0.393	797.913
4.151	0.394	785.231
4.151	0.395	802.013
4.151	0.396	760.278
4.151	0.397	754.448
4.151	0.398	761.521
4.151	0.399	787.037
4.151	0.4	776.086
4.151	0.401	771.911
4.151	0.402	769.793
4.151	0.403	782.121
4.151	0.404	805.179
4.151	0.405	793.673
4.151	0.406	832.521
4.151	0.407	815.339
4.151	0.408	820.377
4.151	0.409	807.98
4.151	0.41	797.427
4.152	0.39	889.162
4.152	0.391	848.664
4.152	0.392	797.731
4.152	0.393	807.118
4.152	0.394	793.004
4.152	0.395	799.3
4.152	0.396	794.009
4.152	0.397	755.275
4.152	0.398	743.524
4.152	0.399	774.123
4.152	0.4	783.119
4.152	0.401	761.82
4.152	0.402	767.883
4.152	0.403	774.152
4.152	0.404	805.56
4.152	0.405	792.984
4.152	0.406	815.59
4.152	0.407	825.641
4.152	0.408	819.627
4.152	0.409	809.477
4.152	0.41	801.759
4.153	0.39	887.113
4.153	0.391	848.84
4.153	0.392	813.481
4.153	0.393	797.153
4.153	0.394	794.324
4.153	0.395	795.764
4.153	0.396	788.195
4.153	0.397	757.271
4.153	0.398	750.282
4.153	0.399	778.443
4.153	0.4	782.559
4.153	0.401	753.124
4.153	0.402	770.847
4.153	0.403	772.439
4.153	0.404	800.481
4.153	0.405	803.408
4.153	0.406	794.032
4.153	0.407	824.07
4.153	0.408	811.429
4.153	0.409	813.465
4.153	0.41	801.434
4.154	0.39	898.65
4.154	0.391	873.672
4.154	0.392	828.841
4.154	0.393	800.452
4.154	0.394	783.659
4.154	0.395	789.33
4.154	0.396	791.274
4.154	0.397	751.195
4.154	0.398	739.655
4.154	0.399	762.679
4.154	0.4	775.812
4.154	0.401	771.549
4.154	0.402	763.391
4.154	0.403	769.943
4.154	0.404	790.561
4.154	0.405	809.071
4.154	0.406	791.466
4.154	0.407	820.836
4.154	0.408	823.651
4.154	0.409	801.453
4.154	0.41	801.468
4.155	0.39	896.028
4.155	0.391	876.478
4.155	0.392	832.563
4.155	0.393	801.015
4.155	0.394	795.738
4.155	0.395	783.046
4.155	0.396	788.538
4.155	0.397	747.986
4.155	0.398	740.892
4.155	0.399	756.841
4.155	0.4	769.53
4.155	0.401	767.241
4.155	0.402	777.444
4.155	0.403	754.377
4.155	0.404	795.751
4.155	0.405	805.3
4.155	0.406	798.236
4.155	0.407	833.298
4.155	0.408	804.314
4.155	0.409	797.628
4.155	0.41	800.804
4.156	0.39	885.76
4.156	0.391	877.746
4.156	0.392	846.188
4.156	0.393	794.302
4.156	0.394	804.777
4.156	0.395	778.625
4.156	0.396	794.731
4.156	0.397	755.654
4.156	0.398	751.067
4.156	0.399	746.902
4.156	0.4	776.048
4.156	0.401	775.828
4.156	0.402	758.964
4.156	0.403	757.55
4.156	0.404	774.375
4.156	0.405	805.024
4.156	0.406	785.777
4.156	0.407	816.897
4.156	0.408	813.364
4.156	0.409	801.572
4.156	0.41	802.602
4.157	0.39	903.102
4.157	0.391	883.857
4.157	0.392	839.099
4.157	0.393	799.703
4.157	0.394	792.899
4.157	0.395	781.44
4.157	0.396	798.937
4.157	0.397	778.686
4.157	0.398	756.702
4.157	0.399	738.375
4.157	0.4	774.344
4.157	0.401	767.606
4.157	0.402	753.181
4.157	0.403	769.28
4.157	0.404	762.912
4.157	0.405	789.184
4.157	0.406	786.042
4.157	0.407	796.469
4.157	0.408	806.672
4.157	0.409	807.443
4.157	0.41	802.776
4.158	0.39	908.395
4.158	0.391	882.88
4.158	0.392	842.351
4.158	0.393	808.044
4.158	0.394	786.734
4.158	0.395	789.232
4.158	0.396	790.154
4.158	0.397	785.878
4.158	0.398	758.37
4.158	0.399	733.953
4.158	0.4	769.279
4.158	0.401	776.481
4.158	0.402	764.256
4.158	0.403	763.481
4.158	0.404	771.295
4.158	0.405	785.439
4.158	0.406	783.48
4.158	0.407	797.439
4.158	0.408	797.874
4.158	0.409	797.313
4.158	0.41	799.551
4.159	0.39	911.253
4.159	0.391	894.334
4.159	0.392	870.541
4.159	0.393	813.594
4.159	0.394	786.541
4.159	0.395	800.436
4.159	0.396	782.213
4.159	0.397	782.785
4.159	0.398	745.519
4.159	0.399	740.118
4.159	0.4	771.071
4.159	0.401	777.603
4.159	0.402	761.215
4.159	0.403	751.704
4.159	0.404	765.551
4.159	0.405	775.438
4.159	0.406	794.295
4.159	0.407	789.157
4.159	0.408	815.247
4.159	0.409	808.198
4.159	0.41	788.489
{4.158,0.399}
733.953	177
