5.13706e+06	
7.51934e+06	
6.62927e+06	
4.57786e+06	
7.82446e+06	
1.02108e+07	
1.05033e+07	
4.93487e+06	
1.13169e+07	
6.97209e+06	
6.50664e+06	
4.48052e+06	
1.90032e+07	
1.35111e+07	
484758	
7.1261e+06	
7.91286e+06	
4.48798e+06	
2.27363e+07	
9.8427e+06	
9.01297e+06	
1.00744e+07	
1.91628e+07	
1.88294e+07	
6.86896e+06	
1.0837e+07	
7.95342e+06	
6.59843e+06	
1.77435e+07	
7.20477e+06	
1.23191e+07	
9.92842e+06	
1.36518e+07	
1.26331e+07	
453691	
1.04061e+07	
6.14214e+06	
6.91504e+06	
7.83769e+06	
1.03949e+07	
1.21398e+07	
6.22268e+06	
6.61558e+06	
1.37168e+07	
9.20968e+06	
7.24421e+06	
1.78363e+07	
1.00579e+07	
1.87125e+07	
1.8026e+07	
1.17617e+07	
6.29028e+06	
5.89167e+06	
1.06165e+07	
1.19943e+07	
7.62815e+06	
1.24454e+07	
5.82686e+06	
417478	
1.01639e+07	
6.54689e+06	
1.71377e+07	
6.25573e+06	
1.13514e+07	
1.10234e+07	
1.22815e+07	
1.00817e+07	
1.72115e+07	
6.00023e+06	
5.90153e+06	
1.83951e+07	
1.92948e+07	
1.12924e+07	
5.97932e+06	
1.64068e+07	
1.26073e+07	
6.42852e+06	
9.75031e+06	
9.85406e+06	
1.93968e+07	
1.16335e+07	
1.78067e+07	
6.35855e+06	
6.00166e+06	
1.14594e+07	
1.18464e+07	
8.97857e+06	
6.30475e+06	
1.63543e+07	
5.88122e+06	
9.82965e+06	
9.34818e+06	
8.97293e+06	
1.79791e+07	
1.11355e+07	
5.92458e+06	
1.66328e+07	
1.19348e+07	
5.70369e+06	
4.20918e+06	
8.74008e+06	
5.99242e+06	
4.62769e+06	
1.51914e+07	
1.06419e+07	
1.18688e+07	
5.775e+06	
2.3959e+07	
8.80383e+06	
1.08253e+07	
9.90422e+06	
5.58644e+06	
5.49627e+06	
1.0043e+07	
1.12046e+07	
1.65365e+07	
4.95894e+06	
1.48925e+07	
5.33127e+06	
8.81836e+06	
432847	
1.69381e+07	
2.07566e+07	
1.11742e+07	
9.20988e+06	
1.02634e+07	
4.95131e+06	
1.03009e+07	
1.11096e+07	
5.323e+06	
8.65859e+06	
5.16658e+06	
1.46655e+07	
5.598e+06	
1.06171e+07	
2.12238e+06	
9.33778e+06	
5.307e+06	
4.7158e+06	
1.61179e+07	
8.39772e+06	
1.64597e+07	
3.47887e+06	
5.12038e+06	
1.66275e+07	
1.37888e+07	
1.87475e+07	
1.06277e+07	
9.89693e+06	
2.05208e+07	
9.54085e+06	
8.26053e+06	
1.0094e+07	
1.35113e+07	
9.74255e+06	
1.59256e+07	
9.63443e+06	
8.376e+06	
9.15312e+06	
1.52784e+07	
9.88891e+06	
1.56795e+07	
9.43212e+06	
1.81827e+07	
7.93967e+06	
1.30973e+07	
9.84103e+06	
9.54036e+06	
8.68086e+06	
454995	
2.22088e+07	
9.11406e+06	
1.53209e+07	
9.69493e+06	
8.75215e+06	
1.47373e+07	
9.05064e+06	
9.50731e+06	
1.54049e+07	
9.67219e+06	
1.51693e+07	
1.81234e+07	
1.85194e+07	
8.86198e+06	
8.97694e+06	
9.6644e+06	
9.54915e+06	
7.71295e+06	
1.22388e+07	
1.41258e+07	
8.46558e+06	
1.98168e+07	
1.93111e+07	
8.50957e+06	
1.52765e+07	
7.69375e+06	
8.87886e+06	
9.15318e+06	
1.24114e+07	
1.68048e+07	
8.56963e+06	
7.79109e+06	
1.37309e+07	
8.52339e+06	
4.4915e+06	
1.41253e+07	
1.49569e+07	
1.1965e+07	
7.67009e+06	
1.48472e+07	
1.97273e+07	
4.1546e+06	
8.69949e+06	
8.07253e+06	
1.1735e+07	
1.33926e+07	
1.64187e+07	
1.40535e+07	
8.14801e+06	
8.41306e+06	
2.22371e+07	
1.18216e+07	
1.93022e+07	
1.2867e+07	
1.46581e+07	
7.65207e+06	
9.2092e+06	
1.08608e+07	
1.61594e+07	
1.88663e+07	
1.39837e+07	
6.46061e+06	
3.95243e+06	
7.04227e+06	
2.2441e+07	
8.29042e+06	
1.25089e+07	
3.92747e+06	
1.41525e+07	
1.43117e+07	
2.12776e+07	
1.48066e+07	
7.5258e+06	
1.3532e+07	
1.25128e+07	
2.01706e+07	
1.35003e+07	
7.37132e+06	
1.38342e+07	
444470	
1.37506e+07	
1.41067e+07	
1.32262e+07	
7.53215e+06	
1.41536e+07	
2.09684e+07	
2.02679e+07	
1.86394e+07	
1.26566e+07	
1.29922e+07	
1.29812e+07	
1.79623e+07	
1.17276e+07	
2.01187e+07	
1.31693e+07	
7.52102e+06	
1.32068e+07	
2.07197e+07	
1.25873e+07	
1.19887e+07	
7.15892e+06	
1.29217e+07	
7.47904e+06	
1.28062e+07	
1.15434e+07	
1.909e+07	
7.35765e+06	
1.23551e+07	
1.14587e+07	
1.23362e+07	
7.02429e+06	
7.19253e+06	
1.0787e+07	
1.20641e+07	
1.17072e+07	
6.91677e+06	
1.03078e+07	
6.75364e+06	
1.21757e+07	
1.82389e+07	
1.16676e+07	
4.48905e+06	
1.1581e+07	
1.17948e+07	
1.16305e+07	
1.10322e+07	
1.13971e+07	
1.098e+07	
1.11272e+07	
1.05344e+07	
