-408.645	
-3132.27	
843.059	
-1923.9	
2695.59	
121.981	
-2248.09	
1330.73	
1742.34	
1808.21	
-78.0109	
-980.873	
3743.17	
2131.86	
-129.447	
5100.36	
2918.91	
-3580.34	
9548.04	
384.987	
1178.5	
2163.52	
7098.51	
3444.15	
1440.71	
2020.93	
2142.18	
-1760.95	
1699.57	
-611.91	
2278.85	
-617.544	
2248.43	
-514.341	
159.148	
5171.2	
3169.39	
1281.52	
5137.1	
-512.451	
-7839.64	
859.064	
-176.188	
-3966.66	
1435.38	
-923.666	
-2623.93	
-680.736	
4427.91	
2191	
-975.094	
144.828	
2811.19	
1043.85	
226.178	
-4781.75	
3778.19	
-1936.5	
312.25	
265.26	
1121.42	
1539.62	
-794.51	
1652.92	
-2122.33	
6746.47	
2589.16	
-5727.81	
2318.17	
-268.589	
4062.91	
2009.1	
367.434	
1088.61	
845.122	
2239.31	
-665.387	
2218.3	
4207.34	
2091.96	
268.626	
1875.18	
710.645	
-586.456	
1362.5	
3987.28	
-340.77	
-1360.45	
-407.695	
1816.11	
839.31	
-845.984	
1884.28	
4106.09	
4534.53	
-432.432	
-278.087	
-3331.46	
246.338	
495.226	
1622.48	
1171.89	
217.081	
4253.33	
1761.27	
3002.18	
357.24	
7750	
1068.38	
-5098.21	
136.135	
1857.69	
1476.15	
3721.78	
261.899	
6421.11	
860.765	
-3151.9	
1491.55	
2971.98	
63.439	
-3307.17	
-4479.32	
2668.4	
2905.06	
2420.77	
1250.65	
182.522	
1502.17	
1100.29	
1419.64	
-91.6171	
-0.346768	
968.644	
260.742	
-984.153	
31.9821	
144.486	
-2186.76	
1919.93	
-667.375	
437.483	
-1378.97	
-1253.82	
-81.0368	
2711.77	
9418.81	
394.763	
-356.883	
-745.431	
2326.53	
1636.27	
1810.92	
263.719	
5729.71	
3141.42	
-1619.29	
-1334.84	
-379.775	
-2889.78	
2195.61	
3901.87	
2550.95	
5306.07	
1841.48	
869.648	
25.0797	
1881.47	
2090.56	
-59.0786	
-3398.63	
1405.26	
-5969.36	
761.804	
-602.361	
1009.22	
90.3418	
524.182	
4837.76	
685.882	
-3019.81	
-791.273	
4466.4	
3578.31	
-186.574	
1010.97	
2883.91	
3501.83	
-3230.86	
2219.52	
-1096.72	
-4123.41	
-4537.72	
847.619	
2383.73	
-578.531	
1348.5	
940.411	
-2711.88	
-1175.44	
1548.18	
960.908	
2100.3	
717.902	
994.56	
-897.988	
1794.7	
1774.39	
2402.76	
1999.83	
-705.312	
565.779	
792.391	
2959.95	
2748.22	
2095.6	
858.657	
-2046.88	
4075.53	
-2463.89	
-23.2959	
2101.6	
2426.7	
4006.19	
3594.65	
2338.59	
-437.526	
-560.273	
-1598.68	
-2071.36	
1076.68	
1063.87	
1444.45	
-3570.41	
2361.88	
775.064	
-610.838	
2127.42	
-3383.52	
4355.17	
-84.0836	
-336.877	
1587.11	
5950.51	
4053.53	
5404.91	
2689.5	
-1125.26	
1853.53	
-190.343	
1337.18	
764.657	
4867.69	
-2168.65	
-4241.37	
5491.72	
985.515	
1183.18	
641.768	
4836.57	
-870.111	
2924.06	
-1269.15	
3483.75	
-1480.54	
-1117.88	
2734.26	
7999.38	
-2179.43	
-1593.83	
1056.99	
-422.592	
4073.64	
-1173.01	
-1604.17	
2687.37	
1300.88	
1157.64	
-3579.94	
4113.37	
888.321	
3089.55	
376.433	
-112.477	
-265.782	
3065.21	
-167.86	
1520.04	
-1258.22	
2599.5	
1509.85	
677.221	
2660.1	
-2324.57	
5083.84	
-594.637	
4173.79	
3132.06	
1967.97	
2033.68	
