ibin	iptbin	itheta	r0	V	sigma2	chi	Vn Errors
0	0	0	0.0969	0.0483	3275.3505	0.4336	0.0069
0	0	1	0.0995	0.0471	3275.3505	0.4223	0.0067
0	0	2	0.1044	0.0449	3275.3505	0.4026	0.0064
0	0	3	0.0912	0.0514	3275.3505	0.4610	0.0074
0	0	4	0.1005	0.0466	3275.3505	0.4181	0.0067
0	0	5	0.0921	0.0508	3275.3505	0.4561	0.0073
0	0	6	0.0895	0.0523	3275.3505	0.4694	0.0075
0	0	7	0.0932	0.0502	3275.3505	0.4508	0.0072
0	0	8	0.1004	0.0466	3275.3505	0.4183	0.0067
0	0	9	0.0946	0.0495	3275.3505	0.4443	0.0071


ibin	iptbin	avgmult	avgpt	Vn mean	Vn mean Error
0	0	513.4716	0.9171	0.0488	0.0032

ibin	Nevent	totmultall	avgmultall	avgtrk
0	3125265.0000	1604734682.0000	513.4716	231.4860

