5640.44	5255.41	4623.04	3903.53	3227.97	3228.9	4640.51	5247.49	4937.7	4361.2	2915.89	3767.47	4594.31	5033.12	5670.63	
7276.19	6972.58	6635.75	6468.74	5093.22	3849.56	5095.62	5300.97	2751.77	3668.56	862.908	3469.31	4740.29	5732.98	7051.52	
4717.36	5227.96	5384.26	5300.28	4366.24	3205.87	3573.02	3851.88	1769	3936.01	2189.84	3629.96	3461.6	3130.85	3991.21	
94.3424	80.6369	49.5483	23.9776	28.866	74.4448	92.8507	89.5808	43.8379	3.59408	-89.7319	-34.6672	-2.26944	40.4908	85.0845	
2271.93	2135.9	1837.58	1831.64	1835.49	1860.77	2615	2703.12	979.925	2214.21	1478.07	2095.81	2013.2	1706.34	2211.35	
5129.02	5279.06	5072.53	4854.31	4123.22	4104	5325.9	4850.71	1329.3	2843.34	2021.57	4023.39	4219.04	3560.66	4583.32	
2118.31	1939.71	1869.82	1808	1451.63	1258.84	2290.06	2974.4	2589.79	2617.45	1100.64	1712.25	2016.69	2106.05	2287.57	
1776.4	1804.73	1753.5	1740.27	1414.69	1089.73	1212.17	1094.11	-467.498	1030.36	1369.96	1943.74	1784.11	1520.87	1649.72	
2353.89	2368.04	2471.36	2805.7	2633.97	2102	2168.61	1958.33	1468.09	1932.76	1227.89	1599.36	1537.73	1332.74	2151.32	
5514.7	4889.11	4546.38	4663.17	4742.8	4700.53	5315.81	5124.75	1941.84	3629.82	2460.4	4035.37	4886.49	5021.1	5943.53	
4819.92	4769.37	4911.35	5240.59	5061.44	4809.57	5355.48	5140.99	3557.8	4317.03	3818.61	4423.66	4466.37	4133.28	4889.92	
-4.60068	20.6565	41.6434	44.4818	24.6425	-3.2112	8.6736	12.3542	-38.371	32.6514	47.666	51.3467	25.2425	-7.93506	-18.0844	
4516.4	4141.97	3827.26	3710.04	3462.74	3577.19	4176.95	3872.88	2021.46	2936.2	2214.46	3291.22	3508.27	3481.24	4575.57	
1576.9	1706.7	1822.42	1789.96	1625.11	1744.79	1877.35	2005.6	2146.9	2031.61	1532.03	2052.75	2159.31	1939.39	1622.33	
6272.29	6405.58	6537.27	6520.2	5760.94	5122.64	5538.86	5454.11	3156.98	4589.28	2212.72	4775.8	5218.95	4870.74	6027.29	
2977.41	2894.1	2698.2	2573.39	2092.89	1558.75	1941.06	1979.01	565.928	2177.15	2024.29	2609.08	2481.29	2282.1	2818.66	
116.516	42.3742	-13.3802	-31.1856	-26.2961	10.9288	83.9433	120.668	120.772	66.2612	22.1759	88.9477	187.403	237.161	184.293	
2010.8	1800.42	1698.97	1782.05	1728.48	1626.9	1520.06	1330.16	780.159	1603.44	1603.89	2320.55	2384.68	2160.89	2192.41	
3866.44	3758.71	3470.57	3335.1	2986.06	3088.09	3953.74	4113.98	2675.64	3601.5	2186.35	3106.62	3095.92	2719.38	3663.23	
1449.49	1260.48	1257.36	1409.1	1392.84	1749.97	2502.48	2318.57	1530.51	1464.41	1515.51	1808.23	2039.49	1955.1	1729.92	
4734.52	4386.08	3845.36	3660.67	3298.71	3499.74	4898.41	5561.34	5085.2	5438.94	3300.92	3019.23	2836.28	3417.21	4484.58	
6523.67	6309.66	6140.89	6203.07	5730.6	5790.98	6770.2	6794.04	4592.52	5332.12	3085.49	4100.12	4270.41	4514.36	6256.65	
4355.26	4070.8	3802.06	3814.48	3603.62	3656.44	3562.42	2933.9	1216.62	2778.17	2404.77	2985.66	2827.46	2713.72	4096.3	
3045.2	3258.4	3394.12	3491.84	3325.45	2967.95	3286.79	2991.07	1496.73	2194.68	987.229	1617.01	1594.03	1466.81	2653.39	
4308.49	4453.33	4270.95	3994.18	3484.87	3824.46	4377.42	4218.29	2426.85	3487.39	2955.68	4416.87	4247.91	3290.65	3965.7	
4188.19	4200.34	4261.21	4563.46	4758.84	4798.45	5333.23	5205.05	3472.62	4275.61	2805.35	3417.9	3661.77	3754.2	4106.48	
3913.49	3394.82	2939.21	2890.14	2567.22	2485.4	3091.85	2984.82	1768.16	2194.19	1500.17	3121.69	3835.62	4074.17	4187.71	
2215.14	2615.81	2904.06	2889.29	2416.68	1919.42	1908.76	1895.57	1031.9	1268.95	172.787	847.471	1135.32	1398.53	1837.82	
4328.6	3906.04	3544.52	3603.06	3654.74	4135.55	4399.16	4153.39	2556.81	3827.99	2761.24	4117.74	4223.28	3567.51	4436.13	
6129.01	6672.8	6504.07	5580.42	3659.73	2164.08	3385.31	3770.03	2040.93	4254.14	4605.56	5358.74	5272.19	4854.93	5400.01	
5171	4902.37	4836.32	4766.62	4064.4	3894.28	5382.57	5924.1	4273.5	5389.13	4630.28	4627.5	4382.63	4153.1	5258.94	
-32.9992	-69.1216	-89.3688	-53.389	-0.447402	55.1967	53.0685	67.2362	98.285	48.6606	-107.256	-58.8485	-26.4664	32.7424	-3.46767	
3338.07	3221	2972.5	2678.14	2329.4	2028.23	1777.75	1584.25	432.174	2280.25	2732.93	3471.24	3126.55	2716.82	3214.2	
3829.63	3598.34	3545.19	3653.1	3131.45	2702.87	3309.55	3637.12	2472.07	3673.71	2314.89	2975.17	2691.69	2379.62	3737.59	
4609.96	3769.29	3648.73	3874.39	3856.21	3266.91	2784.89	2817.11	2086.06	3529.39	2852.9	4226.73	5203.72	5650.43	5637.56	
2131.52	1804.02	1479.55	1434.37	1435.98	1418.65	1571.67	1749.12	1745.83	2198.24	2034.27	2562.23	2544.53	2487.03	2299.13	
3491.91	3414.37	3669.06	4229.95	4383.29	4120.38	4160.45	4130.48	2745.56	4555.54	3331.43	4254.46	4079.8	3404.43	3687.23	
1497.35	1468.18	1451.46	1591.46	1715.38	2079.73	2639.5	2794.76	1586.64	2475.62	1664.12	1981.05	1538.75	858.943	1403.02	
4030.53	3670.36	3120.35	2902.98	3159	4167.88	5391.95	5690.77	3498.28	4221.81	2719.11	3545.41	3414.51	3126.42	3930.18	
3967.43	3884.92	3610.04	3510.6	3303.86	3140.39	3361.12	3509.2	1506.66	2821.66	1407.1	3187.18	3286.17	3153.75	3767.91	
5.82524	51.8421	88.5578	84.2955	35.2979	9.11527	43.8834	80.0204	-13.5118	-31.0415	-125.207	-81.5321	-78.84	-88.6511	-41.6982	
1755.47	1801.37	1693.17	1768.43	1837.7	1705.63	1706.74	1367.93	424.012	773.493	582.931	945.256	1009.11	972.131	1442.39	
3440.11	3357.28	3418.38	3467.65	3014.04	2630.49	3240.5	3170.05	1517.74	2820.61	2505.11	2769.85	2792.72	3008.55	3508.02	
3920.57	4261.36	3934.82	3135.15	2224.75	2353.09	3250.04	3622.52	3554.18	3981.83	3522.42	3041.57	2284.8	1729.49	3105.52	
5856.89	5757.38	5160.86	4508.15	3299.62	2390.7	3361.86	3779.27	2443.67	4554.75	4625.57	4697.93	4240.62	4006.93	5300.65	
2595.46	2967.19	3364.25	3593.75	3218.17	2522.43	2443.72	2201.5	391.243	1780.94	1148.66	2372.25	2403.98	1888.51	2320.47	
3552.24	3932.67	4605.71	4933.28	4250.75	3507.21	4053.1	4147.48	2309.5	3348.16	2132.42	3331.74	3319.49	2786.08	3412.59	
4045.59	4291.05	3935.51	3262.4	2382.61	2702.15	4133.7	4683.12	2837.18	3956.79	2163.12	3564.98	3473.39	2987.6	3522.1	
4246.6	4588.5	4731.21	4257.54	2929.34	2406.77	3588.62	4173.06	2052.14	3280.5	991.935	2813.06	3126.47	2747.32	3864.6	
40.7891	33.085	23.2938	12.8629	1.83921	-7.60295	-14.5779	-21.3387	-26.1046	-16.9797	10.4032	24.6425	43.803	59.9026	47.2505	
42.1256	61.6443	94.9589	91.6622	-22.8979	-151.983	-128.119	-102.787	-24.6351	36.3834	108.57	-24.9986	-76.1493	-67.9312	23.4615	
4157.96	4345.79	3972.67	3338.84	2549.35	2358.42	3358.33	3607.36	1877.43	3212.91	2323.94	3327.24	3077.26	2638.58	3566.76	
1582.72	1765.72	1810.12	1793.01	1758.56	1818.1	2316.77	2349.52	1547.08	1137.79	227.208	466.03	444.794	196.849	1161.66	
5513.18	5837.74	5661.18	5077.95	4039.64	4002.94	5439.51	5471.71	1437.46	3980.37	3347.03	5133.29	5139.64	4345.39	5027.44	
3224.44	3551.71	3407.36	2811.4	1990.19	2290.16	3570.43	3617.22	2443.87	2413.23	1140.2	2411.66	2650.9	2264.7	2860.66	
3220.93	3101.3	2489.66	1856.11	1438.06	2041.84	3432.66	3841.86	2621.05	2884.28	1996.18	2735.11	2957.7	2671	3050.52	
4556.14	4724.39	4593.11	4575.81	4135.34	3373.49	3742.46	3820.35	3555.18	3816.51	2766.02	2357.66	2156	2205.25	3780.34	
0	0	0	0	0	0	0	0	0	0	0	0	0	0	0	
3191.68	2826.06	2764.44	2940.25	2515.56	1913	2052.11	2191.1	1346.83	1615.55	1113.48	2345.57	2925.99	3034.56	3416.4	
1288.68	1415.68	1905.52	2412.72	2335.42	1869.61	1824.45	1684.91	1037.74	1709.79	2302.13	2109.14	1862.39	1519.81	1438.69	
3495.89	3654.64	3482.35	3308.3	2978.28	2440.62	2540.87	2486.02	1869.06	3063.09	2800.59	2557.28	2177.69	2113.56	2944.21	
3965.65	3946.96	3683.66	3247.72	2788.68	2706.03	3481.11	3422.34	617.158	2263.82	627.45	2004.22	2148.04	2370.25	3757.78	
3063.89	2799.56	2719.21	2927.02	2520.37	2172.38	2978.97	3173.47	2493.72	2918.43	2244.84	2768.42	2830.72	2670.02	3152.48	
5259.29	4532.6	4010.52	3901.03	3393.48	3029.23	3217.03	3114.35	1663.75	3209.71	2525.31	4612	5273.25	5121.55	5624.62	
2612.28	2839.7	3075.45	3187.32	2699.72	2184.79	2473.44	2312.16	1330.13	2008.3	1235.75	2022.79	2032.58	1679.13	2367.27	
1635.83	1727.46	1607.82	1178.25	337.135	-249.196	294.216	688.204	116.094	570.004	22.3574	281.916	471.285	719.999	1349.04	
3573.52	3409.22	3012.76	2926.97	2879.13	2771.75	2756.28	2402.58	833.043	1552.36	819.34	2199.72	2429.14	2254.91	3240.76	
2305.51	2282.07	2477.52	2768.57	2847.11	2700.64	3145.36	3384.3	3303.54	2925.52	1934.09	2361.54	2246.42	2081.75	2343.73	
2857.9	2448.4	2037.2	1783.88	1484.94	1708.46	2464.08	2707.53	1857.11	3055.42	2584.39	2750.08	2719.56	2675.33	3066.43	
3982.48	4079.88	3864.02	3563.59	2927.65	2580.5	2874.53	2598.43	611.892	1803.53	1692.7	2727.73	2878.1	2684.07	3549.65	
4507.42	4740.05	4652.08	4304.78	3354.9	2770.57	3448.97	3414.12	2188.44	3933.34	3697.74	4859.17	4521.02	3684.53	4189.97	
2.65063	-27.1645	-43.0403	-39.9134	-36.6682	-4.10511	61.1534	70.0639	53.426	-37.0912	-68.6886	14.4635	74.1052	65.362	35.9336	
2307.64	2347.21	1995.06	1400.29	762.418	628.052	1260.98	1654.42	1102.6	1942.43	1184.91	1924.47	1937.57	1621	2072.42	
2066.48	2361.04	2622.79	2619.88	2131.66	1666.13	1958.37	1900.73	651.899	1346.71	1107.59	1463.02	1164.32	883.948	1661.36	
5304.87	4871.84	4515.62	4768.8	4639.24	3923.25	3955.77	3733.68	2641	4398.06	4877.77	5342.21	5291.25	4973.12	5356.42	
2735.94	2499.31	2445.39	2499.82	2075.49	1693.74	2105.08	2212.82	1249.4	2647.72	3171.34	3441.16	3402.54	3165.83	3060.57	
2703.19	2839.85	2560.22	2168.8	1409.79	1196.2	2323.76	2824.56	1482.7	2501.76	779.101	1496.62	1402.57	1147.96	2183.38	
98.6364	115.56	87.2935	42.8547	1.80344	-18.1194	-70.4251	-104.447	-166.71	-65.3636	25.4359	106.526	90.6003	43.7706	59.0371	
1375.42	1295.13	1451.2	1657.91	1767.67	1965.09	1664.13	1340.63	1182.24	1343.63	1196.06	1365.03	1551.68	1575.9	1622.88	
2460.47	2252.61	1858.5	1730.96	1778.7	2141.66	2437.44	2294.95	767.551	1547.73	862.348	1706.47	1846.54	1722.31	2315.44	
1236.08	1203.07	1002.37	867.926	723.988	874.018	1691.56	2013.88	1238.48	1715.91	1049.41	1195.38	926.287	620.89	1063.36	
4661.89	4803.28	4877.04	4818.09	4303.92	3644.98	3584.33	3462.79	2455.66	2625.88	1835.16	3227.28	3542.23	3442.57	4341.91	
3699.14	3150.6	2519.58	2254.9	1934.15	1813.1	2375.95	2603.63	2028.04	3257.51	3230.09	3162.91	3119.37	3289.79	3807.8	
1889.81	2286.05	2825.17	3144.79	2652.7	2371.86	3488.59	3470.95	1051.6	2582.15	2413.51	3238.25	2815.2	1571.4	1744.59	
3469.35	3711.58	3688.26	3605.83	3308.34	3150.97	3403.03	2942.59	-18.6538	1463.91	-207.459	1457.65	1511.16	1238.16	2822.41	
-22.5899	-35.5585	-49.8907	-61.2021	-75.8608	-78.3301	-55.2933	-42.5116	-41.659	-18.2886	-2.43087	0.499216	2.01637	-0.275556	-11.8558	
1261.7	1442.05	1574.72	1543.49	1555.35	1464.55	1042.99	781.189	342.822	805.573	933.613	1426.05	1466.23	987.765	1196.79	
1929.22	1884.33	1885.04	1904	1615.57	1677.15	2411.07	2613.82	1826.82	1957.2	1243.52	1816.43	2028.37	2022.24	2013.42	
4463.31	4063.34	3663.99	3513.25	3354.94	3193.81	3095.22	2745.81	1032.78	2273.08	1787.91	3932.96	4452.8	4424.9	4635.05	
3155.22	3068.58	2956.39	2945.75	2760.41	2691.76	2962.47	2523.43	421.031	1760.03	1816.18	3120.61	3300.24	3038.94	3164.02	
7079.14	6315.9	5661.68	5352.2	4415.35	3480.09	4187.01	4353.06	2768.65	5077.49	3328.04	5567.62	6267.81	6289.01	7454.85	
2515.66	2762.17	2776.55	2623.26	2065.68	1253.16	1301.75	1446.64	1531.87	3066.86	3304.15	3528.88	3028.17	2217.19	2241.07	
4407.53	4625.3	4473.62	4281.79	3709.21	3247.07	3599.41	3615.7	1849.13	3562	2982.34	3152.55	2739.99	2476.02	3707.47	
1724.52	1869.16	1969.1	1870.25	1384.66	1365.17	2187.19	2334.15	1663.87	1564.09	940.47	1522.55	1304.96	1087.62	1550.29	
35.9641	45.7466	28.4666	-7.4154	-26.4467	5.67753	41.3509	51.4486	-24.0336	-28.0388	-105.424	-70.537	-64.953	-59.7763	3.83751	
3538.61	3759.69	3974.35	4220.71	4068.35	3571	3197.73	2628.02	1862.18	2678.84	3140.15	3120.43	3024.67	2623.23	3244.48	
2469.29	2373.89	2165.54	1905.44	1339.51	768.801	980.604	1138.24	897.88	1515.5	962.48	1487.23	1615.88	1686.27	2334.93	
4485.91	4039.92	3357.68	2830.35	2258.39	2625.34	3655.2	3877.28	2674.41	4159.6	4618.6	5542.16	5414.95	4604.38	4669.97	
3783.47	4160.81	3981.06	3388.3	2002.63	1418.17	2519.75	2877.56	1004.76	2578.4	1199.8	2467.9	2462.21	2195.37	3072.99	
1080.82	844.75	626.319	700.546	805.848	653.851	670.342	812.736	307.065	1028.79	1594.92	1289.73	1019.05	961.961	1123.73	
5988.02	6544.31	6587.33	6150.64	5092.97	5142.07	7010.01	7616.25	6408.69	6372.29	3417.79	4290.06	4302.47	4242.37	5346.41	
-70.6554	-60.27	-56.4151	-56.8343	-44.5817	12.0393	80.7935	50.4847	-16.0084	-23.3587	21.9451	5.81998	-56.7345	-96.6481	-80.7351	
975.353	946.308	972.259	1050.94	1030.86	954.397	1266.29	1459.13	262.661	684.52	-679.183	270.927	457.261	359.22	922.921	
1367.5	1396.15	1222.73	1031.82	693.203	765.597	1380.18	1499.45	858.82	1370.68	707.321	1125.5	1014.47	675.158	1174.43	
1442.48	1421.34	1186.12	984.853	550.131	306.583	857.817	1043.65	360.58	1736.7	1676.16	1311.45	803.361	438.836	1151.94	
2066.06	2009.39	1944.09	1847.92	1242.81	1053	1933.08	1913.92	-78.1085	1451.17	1004.56	2468.59	2577.81	2097.25	2162.97	
4649.85	4368.73	4020.35	3834.83	3254.46	2521.32	2815.79	2961.67	1661.3	3356.15	2833.11	2969.34	2963.5	3320.41	4484.14	
2911.73	2733.59	2490.44	2355.13	2116.85	2314.12	3184.15	3450.59	2918.39	2575.66	1395.31	1981.51	2219.07	2327.2	2835.67	
6640.78	7179.48	7694.62	7472.57	5703.95	3745.85	4536.52	4339.76	1428.08	3737.32	3238.47	4460.75	5060.76	5409.64	6247.41	
211.934	198.815	148.269	97.2352	42.7877	-12.5018	-37.348	3.75427	30.6853	131.586	100.36	98.7848	66.0251	109.862	173.889	
1399.12	1255.25	1335.73	1596.21	1591.98	1393.7	1499.18	1238.21	52.3397	857.156	1053.17	1716.02	1916.45	1635.41	1622.9	
5039.43	4782.19	4298.32	3928.55	2939.88	2350.83	3263.08	2949.79	-291.064	1509.14	348.634	3000.54	3858.34	3882.78	4938.27	
3636.33	3554.18	3221.46	2908.4	2636.83	2901.3	3322.81	3134.93	2230.36	2433.29	1798.9	2803.92	3051.82	2754.87	3444.59	
408.349	468.508	459.25	373.073	273.503	241.922	319.457	400.06	230.872	229.459	-99.704	66.5477	85.9632	138.98	302.069	
4027.48	3984.49	3600.61	3428.74	3438.25	3620.56	3685.34	3118.14	1169.16	2150.51	2182.66	3225.27	3280.61	3019.85	3637.53	
3071.01	3250.97	3478.81	3575.68	3070.33	2646.72	3080.03	3120.81	2569.65	2557.02	1778.22	1967.07	1990.02	1905.51	2775.72	
6806.22	6945.7	6566.83	5651.21	4141.61	3490.6	4692.47	5068.88	4057.09	4212.57	2470.75	3774.93	4614.46	4931.87	6303.97	
5770.71	5643.8	4736.04	4088.3	3663.84	3749.46	4408.54	4487.2	4045.41	5360.91	5235.39	4777.09	4086.57	3459.96	5053.56	
2556.37	2661.21	2707.01	2521.98	1937.73	1747.36	2430.43	2819.01	2416.2	2274.96	1056.99	1428.55	1557.99	1749.7	2345.33	
3710.87	3757.97	4005.38	4206.24	3352.59	1970.08	2129.74	2324.83	151.698	2333.45	1388.25	2774.83	3017.2	2784.32	3585.05	
5591.72	5511.92	5095.24	4900.02	4459.46	4644.69	5805.43	5918.18	3904.67	5804.56	4697.47	6027.44	5351.13	4172.57	5241.23	
86.2167	102.828	225.797	399.392	454.503	429.038	444.763	292.041	-83.0341	-131.363	-179.54	57.6217	183.491	138.081	125.722	
3128.07	3055.04	3334.96	3559.39	2833.01	1736.57	2362.87	3025.37	1896.41	3467.8	2594.6	3458.09	3837.46	3821.59	3512.06	
2557.51	2586.76	2456.17	2510.99	2314	2190.95	2598.6	2373.66	588.325	1789.89	1207.32	1600.78	1334.61	1096.7	2145.74	
4414.55	4051.92	3399.06	2792.38	1898.52	1735.65	3026.35	3609	754.863	2825.47	1503.48	3265.06	3526.73	3333.28	4272.06	
1875.88	1812.83	1585.49	1516.05	1872.59	2520.39	2741.07	2817.01	2939.32	3079.07	2055.63	2107.87	1766.67	1622.06	1809.09	
2857.82	2910.75	2862.93	2806.54	2451.44	2190.2	2631.07	2647.25	1457.94	2543.66	2163.02	2683.23	2522.51	2093.74	2666.07	
3396.3	3271.24	3164.88	2985.3	2070.11	1167.09	1840.42	2448.45	1718.26	2721.63	1563.4	2876.77	2655.25	1878.17	3151.47	
5515.88	5565.61	5522.44	5617.65	5117.48	4509.11	4761.21	4488.17	1581.59	3244.62	1470.26	3520.66	3886.21	3847.21	5101.79	
318.746	291.969	310.244	350.865	372.118	266.935	147.874	100.091	-2.8676	188.723	201.025	302.626	351.567	395.683	366.538	
5002	4258.24	3845.53	3905.06	3353.47	2350.17	3027.1	3388.84	2200.39	4237.13	3643.21	4348.61	4629.5	4958.85	5473.21	
2826.76	2685.73	2611.41	2591.72	2359.16	1782.63	2188.26	2514.43	909.501	2081.66	524.163	1634.81	1931.22	1852.61	2781.89	
6173.89	5888.87	5531.02	5383.22	4785.84	4271.9	5173.66	5141.5	1643.82	4092.18	2061.5	4422.32	4742.61	4616.96	6028.06	
2599.72	2251.02	2030.29	2196.78	2285.47	2089.41	2269.1	2369.2	1332.92	2456.49	2143.52	2806.93	2772.5	2688.51	2756.53	
991.501	953.905	879.461	732.29	503.694	643.193	793.252	679.267	480.974	455.732	-63.6444	374.154	560.855	783.547	985.944	
4411.78	4392.64	4466.9	4548.38	4055.55	3670.77	4062.3	4008.51	2297.12	3889.03	2949.66	4474.02	4321.43	3628.12	4391.28	
2283.29	2414.15	2630.62	3075.63	3304.17	3897.02	4680.08	4187.31	2940.28	2161.07	1467.62	2070.56	2393.55	2111.59	2253.27	
5644.52	5921.76	5828.88	5414.6	4393.51	3846.76	4763.78	4726.33	1462.3	2999.27	2020.48	3574.29	3796.36	3911.15	5047.29	
4153.94	4281.63	4079.65	3994.47	3972.06	4447.88	4924.48	4810.87	3140.74	3186.93	2265.8	2854.76	2881.73	2753.88	3655.95	
145.94	163.881	189.426	192.973	163.785	79.6428	39.4888	27.5101	-55.8732	125.138	206.622	244.543	228.467	183.202	151.976	
2379.67	2908.98	3391.47	3653.75	3414.32	3104.54	3019.06	2545.85	1496.98	1530.79	12.7716	164.418	250.854	617.494	1804.43	
4589.43	4978.99	5575.94	5925.95	5548.38	4952.66	4761.31	4623.46	2459.04	4255.15	2442.37	4165.73	4428.21	4122.72	4507.33	
2381.07	2428.25	2586.18	2846.52	2996.93	3084.35	2648.35	1849.84	-133.365	1384.62	1461.05	2632.4	2747.2	2522.92	2468.18	
6856.17	7421.52	7658.84	7715.58	6881.86	5811.9	6303.32	6284.68	3740.86	6573.95	5646.59	6497.19	5875.24	4928.74	6038.96	
3484.07	3762.7	3907.21	3923.01	3424.75	3503.78	4573.46	4228.06	511.995	3112.26	2030.97	4009.99	3816.03	2959.77	3213.7	
1572.89	1398.49	1201.6	1150.42	1242.22	1334.24	1390.99	1312.23	601.293	1307.21	1270.05	1580.88	1439.57	1196.44	1587.14	
4270.5	4421	4222.84	3951.86	3390.14	3639.56	4293.31	4012.11	2819.22	4609.76	4244.32	4235.91	3046.76	2267.16	3663.37	
2791.76	2764.36	2971.95	3437.89	3270.12	2539.13	2467.52	2113.7	-255.868	1995.34	1687.02	3250.58	3552.99	3229.84	3005.45	
192.564	132.655	51.2433	36.3071	62.9641	65.6355	127.503	153.779	117.578	224.05	288.126	100.191	57.7091	98.0266	180.755	
4596.94	4448.46	4268.04	4156.82	3544.28	3425.22	4856.51	5474.82	3964.93	4791.45	3154.44	4054.83	4141.29	3825.72	4555.44	
2542.33	2685.78	2745.78	2808.54	2550.96	2605.4	2909.54	2770.98	1743.4	2287.32	1457.41	1967.85	1933	1796.58	2296.81	
4774.18	5000.1	4941.52	4352.53	3363.03	3037.27	3732.05	3855.47	1215.26	2908.27	1934.72	4283.19	4766.97	4415.51	4595.63	
3377.92	3022.04	2945.02	3047.03	2602.87	1951.8	2426.87	2369.43	76.2628	1384.63	113.411	2198.25	3256.34	3570.31	3723.96	
2034.33	2326	2714.82	3094.79	3218.58	3147.6	3301.43	2969.82	1498.54	1839.9	950.307	1872.13	2004.92	1653.78	1868.81	
3814.46	4099.95	4211.01	4092.57	3715.7	3942.93	4886.7	4950.17	3816.81	3777.3	2532.72	3112.42	3325.81	3213.63	3534.42	
4535.08	4569.75	4496.41	4609.28	4513.47	4696.38	5833.06	5990.44	4149.09	5121.1	2846.08	3296.31	2915.15	2536.15	4111.33	
6185.89	5965.9	5426.97	4858.94	4101.7	3703.61	4346.59	4432.59	2777.33	4973.92	5497.7	5973.44	5937.64	5637.71	6101.97	
3136.1	2848.66	2599.13	2587.18	2356.68	2428.77	3468.2	3770.42	2636.88	3320.19	1497.28	2610.63	2721.88	2827.61	3258.88	
4839.57	4549.88	4539.1	4649.7	4045.94	3120.38	2920.71	2607.42	1100.02	2712.78	2757.82	4051.31	4559	4396.56	5031.64	
4782.06	4724.5	4727.5	4729.16	4114.53	3937.38	4955.97	5207.22	4399.3	4589.05	3762.15	4383.3	4529.45	4076.9	4671.44	
50.4272	72.1014	93.412	102.855	108.654	104.08	98.5269	102.904	151.59	123.653	156.659	91.7033	64.5536	51.5971	39.2252	
275.162	187.798	92.985	57.565	74.4015	134.097	109.652	71.0871	-11.7027	30.4831	118.57	262.491	263.622	227.729	289.456	
4155.62	3596.95	3093.91	3015.46	2690.37	2797.44	3855.13	4141.11	2835.81	3345.49	1350.14	2388.5	2953.83	3557.33	4379.44	
1816.03	1794.04	1788.05	2077	2435.15	2632	2554.91	2288.75	1133.38	1766.4	640.269	1377.37	1340.97	964.746	1656.7	
4773.74	4210.98	3759.77	3813.28	3914.95	4050.91	4559.75	4310.12	2213.12	4379.98	4211.03	5297.1	5302.78	4769.93	5032.42	
4637.71	4747.55	5008.26	5208.41	4735.07	3909.67	4468.56	4637.68	3037.11	4461.05	2940.96	4412.51	4574.89	4294.07	4644.19	
2140.99	2052.85	2294.3	2707.14	2732.43	2518.96	2668.14	2634.6	1558.3	2764.3	2088.11	2807.05	2691.21	2256.64	2398.51	
3858.91	4324.04	4233.84	3801.54	3284.39	2902.13	3138.91	3104	1429.99	1998.08	1028.05	2471.11	2980.74	2704.92	3214.4	
4578.5	4616.09	4157.05	3532.19	2445.76	1950.03	3246.08	4011.17	3076.29	5043.26	4225.87	4270.31	3406.99	2634.88	3965.71	
5948.02	5157.84	4284.03	3927.24	3132.1	2860.04	4241.29	4349.89	2537.19	3091.49	2009.55	3880.2	4163.91	4452.99	5835.56	
4686.85	4558.45	4479	4794.91	4529.6	4028.03	4525.9	4683.32	2935.37	4358.13	2909.4	3262.58	3172.32	3624.12	4487.9	
62.5619	-0.608003	-40.3009	-17.5058	41.7512	88.2107	72.3404	35.1041	-23.0839	24.9426	85.382	106.68	117.242	104.517	109.213	
1168.88	1239.97	1399.21	1656.77	1617.28	1023.16	800.045	1031.91	664.072	1439.25	524.697	1304.04	1190.86	761.553	1047.84	
5343.11	5078.17	4197.89	3329.04	2075.21	1714.96	2975.96	3019.95	1582.27	2254.17	1274.9	2171.61	2497.2	2586.31	4657.4	
3173.79	3398.07	3737.27	3999.35	3585.88	3053.55	3035.94	2782.26	1105.59	2662.05	2260.6	2737.54	2605.38	2376.56	2977.17	
3777.44	3459.54	3023.95	2863.86	2124.01	1409.91	2291.89	2628.34	2141.12	2552.24	1930.65	2428.01	2697.48	2727.7	3671.94	
3434.65	3713.59	4071.98	4308.56	4231.95	3937.34	3934.07	3967.56	2608.64	3955.05	2835.37	3916.86	3521.87	2671.01	3225.28	
48.5301	85.924	95.0884	66.9773	49.3416	61.5111	111.983	67.2282	9.30441	40.9734	99.9554	14.0455	-58.5381	-22.2072	6.60979	
2627.97	2153.36	1787.04	1735.37	1620.04	1526.17	1924.01	2094.76	1363.08	2012.24	1620.78	2465.53	2812.66	2672.56	2926.84	
3967.78	4301.19	4510.12	4592.69	4357.92	4302.76	4888.85	5080.13	3749.37	4444.54	2980.16	3458.02	3046.84	2662.88	3519.18	
1323.1	1411.05	1614.56	1806.57	1752.69	1433.96	1346.78	1204.79	454.896	1209.15	1048.35	1475.3	1461.85	1188.25	1321.13	
7816.97	8065.27	7441.36	6544.61	5236.28	4967.96	6399.18	7140.27	4674.84	6047.81	3411.22	4550.09	4106.24	3837.05	6489.94	
4891.6	4205.98	3641.76	3545.82	2999.47	2360.88	2929.5	3103.3	1210.43	3673.45	3107.92	3825.38	4108.98	4668.3	5166.28	
109.819	99.3285	95.9826	103.525	110.341	107.744	53.131	-7.05783	-76.333	-46.8392	31.6244	90.7205	133.335	139.23	121.885	
1113.41	902.427	854.454	1021.66	1135.23	1156.99	1208.09	1148.09	655.503	953.335	74.8603	781.819	1088.38	1430.68	1325.02	
4484.19	4690.31	4848.59	4773.06	3941.74	3876.92	5247.04	5452.19	2319.89	3688.63	1019.83	3525.63	4100.74	3929.03	4426.57	
7678.16	7297.34	6668.24	6124.7	5384.43	5686.36	6980.66	6909.41	4922.61	5781.94	4584.03	5265.71	5868.77	6017.13	7502.49	
1761.33	1525.81	1337.27	1314.5	1209.38	1147.24	1245.84	1175.5	702.009	1417.89	1486.8	1965.49	2091.09	1993.33	1952.19	
7339.37	7002.58	6447.19	6097.03	5164.59	4753.39	5699.21	5673.09	3506.36	5369.4	5110.72	6985.51	7210.11	6344.21	7300.25	
23.7433	71.0582	81.6697	43.2605	-37.635	-88.1469	-25.1789	12.8263	-37.577	107.809	162.05	157.555	84.6923	-1.03701	-14.2868	
3321.57	3302.08	3349.92	3449.17	3007.49	2381.39	3360.08	3756.87	1916.45	3499.63	2947.81	3939.2	3885.64	3611.15	3392.11	
6250.89	5599.63	4588.95	3688.44	2866.79	2538.67	3300.67	3766.71	2261.48	4203.07	3658.06	4284.78	4829.32	5614.94	6304.2	
1073.21	1006.03	1135.57	1222.27	1092.46	820.068	1120.97	1398.39	995.326	1414.43	1060.82	1365.03	1430.68	1375.3	1290.94	
6681.94	6338.14	6076.52	5874.79	5266.67	4983.91	5855.33	5652.1	3062.59	4343.59	2474.92	4214.25	5110.86	5648.39	6843.73	
7610.96	7041.87	6769.47	6844.59	6252.34	5804.27	6732.26	6659.36	4711.82	6188.53	5617.66	7863.21	8448.15	7894.44	8134.85	
2342.88	2345.59	2379.53	2426.08	1940.31	1909.32	2652.94	2545.25	1924.01	1821.18	1505.52	1928.73	1920.43	1445.45	2226.69	
4771.54	5040.54	5116.71	4959.36	4453.58	4641.75	5313.15	5286.19	4271.98	4202.23	2711.49	4008.87	3897.35	3425.42	4412.97	
3727.99	3226.92	3144	3266.13	2767.89	2760.06	3894.14	4089.33	2328.07	3548.23	2088.52	3853.02	4116.99	3747.96	4247.2	
3964.17	4146.78	4243.62	4368.22	4132.77	3784.4	4113.66	3889.07	1938.18	2908.14	1953.42	2359.43	2300.28	2319.6	3470.14	
7933.8	8189.6	7687.75	6692.98	4953.13	4163.55	5562.22	6050.58	4161.04	5097.41	2645.65	4958.8	5964.46	6040.31	7342.99	
5248.77	4989.28	5154.42	5695.7	5684.7	5627.03	6467.12	6496.96	4391.99	5554.52	4435.4	5917.93	6254.61	6043.2	5633.57	
10007.6	10267.2	9922.53	8923.1	6810.36	5346.91	6096.67	6374.34	3813.75	6744.77	4788.16	6418.41	6478.4	6375.4	9090.23	
3424.59	3834.45	3955.9	3861.77	3075.38	2131.9	2798.42	3070.62	1796.93	3754.13	2914.95	3247.78	2746.73	2027.33	2829.59	
207.838	221.71	185.366	92.5451	-17.9058	-73.1065	-4.39674	75.6938	153.367	152.726	80.2172	74.2127	59.9342	68.9022	160.705	
4679.92	3963.66	3589.17	3570.41	3114.11	2694.13	3732.41	3937.63	2430.87	3460.8	3323.94	4377.39	4930.89	5015.94	5257.03	
4601.75	4871.97	4832.84	5158.2	5568.6	5583.22	5567.25	5401.48	3568.7	4418.64	3257.35	4365.87	3731.08	2223.88	3774.59	
3035.03	3246.32	3527.73	3823.04	3808.86	3782.28	4128.55	4168.29	3050.89	3560.75	2094.89	2700.35	2603.17	1989.16	2820.15	
5277.29	5113.49	4740.92	4680.65	4394.29	4670.4	5508.99	5712.29	3710.1	4516.01	3018.67	4206.39	4234.62	3806.98	4879.76	
2961.41	2707.18	2631.56	2865.9	2774.4	2636.5	3694.13	4197.47	3478.37	3299.35	1590.02	2072.9	2259.32	2306.43	3015.54	
3857.04	3982.34	4119.63	4157.88	3645.06	3502.04	4238.28	4369.25	3267.48	4245.67	3670.33	4253.14	3740.81	2848.65	3678.73	
5654.75	5096.5	4485.43	4135.47	3211.51	3052.76	4887.1	5403.92	4556.12	4314.57	2615.59	3653.92	4399.14	4361.02	5723.59	
73.1885	35.6765	-17.3808	-33.8723	-22.2826	2.8944	-41.5343	-70.2424	-158.48	16.2258	142.831	192.092	135.757	71.4245	75.8926	
8254.13	8549.66	8681.34	8356.98	7203.67	5811.7	5403.73	5289.56	2617.58	5277.66	3301.62	5722.7	6308	6210.67	7776.77	
5593.11	5406.36	5055.17	4850.79	4537.9	4501.74	4622.02	3979.71	1414.75	3549.89	3124.07	4277.47	4219.12	3791.04	5361.99	
3933.02	3920.73	3936.98	3773.5	3090.07	2736.54	4005.71	4464.2	1987.39	3747.2	2236.64	3978.41	4184.92	3774.24	4027.72	
2665.58	2893.32	3472.99	4056.83	3838.9	3372.91	3427.07	2937.64	860.18	1537.68	488.624	1635.33	1934.64	2071.03	2579.7	
3710.62	3616.83	3638.35	3683.42	3534.53	3733.13	4229.05	3881.16	1321.46	2310.07	1591.35	3336.09	3908.04	3696.89	3858.16	
4958.8	4649.84	4456.55	4495.66	4070.88	3542.6	3703.74	3351.49	-167.862	2637.42	1740.81	3727.52	3937.77	4107.47	4956.94	
3560.39	3699.48	3186.1	2528.56	1696.05	1692.78	2736.59	2976.73	1382.2	1888.33	-12.2535	1176.15	1423.29	1561.36	2876.95	
4198.44	4413.78	4322.53	4163.41	3504	2984.55	3750.77	3955.04	2534.16	2891.94	1328.01	2646.85	2783.48	2691.65	3648.78	
4263.33	4618.61	4905.59	5288.83	5061.84	4709.54	5332.26	5572.11	3334.87	4428.49	1227.25	3187.89	3245.6	2835.95	3712.08	
4309.94	4064.11	3955.86	4100.1	3656.52	3469.36	4594.99	4983.27	3280.38	5880.19	5486.79	5207.59	4078.13	2858.54	4129.91	
8367.66	7911.01	6968.88	5999.26	4793.5	4483.52	5807.55	6098.89	3797.9	5534.9	4027.43	5159.06	6082.55	7131.59	8219.84	
65.1891	81.5925	85.5869	57.9767	4.49497	-52.5792	-39.9112	-26.0034	-56.4759	35.0688	80.5725	104.545	100.117	85.3172	60.0386	
3236.16	3183.48	3411.02	3919.79	4230.35	4194.66	4460.21	4388.1	2901.08	3103.93	1716.89	3003.38	3369.88	3361.25	3360.44	
3483.27	3648.13	3702.86	3661.36	2874.66	2598.07	3815.9	4458.59	3422.35	3977.3	1896.63	2672.98	2445.35	2024.18	3093.68	
3576.51	3586.75	3331.01	2961.15	2359.12	2325.56	3029.55	3029.79	943.404	2377.51	1954.95	2988.93	3124.17	2861.21	3408.03	
4506.09	4733.74	4796.19	4669.21	4174.76	3873.13	4476.27	4533.88	2787.39	4111.24	2913.22	4511.09	4616.34	4021.18	4318.08	
3769.44	4153.09	4273.02	4244.67	3861.64	3692.76	3640.09	3654.49	2663.26	4148.96	2983.91	4405.54	4120.37	3181.59	3406.41	
3988.9	3640.87	3364.92	3196.71	2558.92	2294.56	3473.06	3696.86	1981.87	3079.76	2501.87	3735.58	4241.55	3962.76	4309.32	
2849.25	2731.07	2451.93	2214.17	1742.91	1624.53	2193.75	1994.37	155.459	1186.34	711.602	2050.94	2370.7	2033.56	2722.14	
5257.83	5104.91	4715.42	4334.38	3663.68	3463.42	4240.1	4084.28	2631.02	3114.52	2558.97	3699.99	4179.81	4353.62	5130.1	
2009.93	2441.02	2696.45	2591.19	2253.97	2311.33	2672.83	2184.55	-234.948	1105.68	823.225	2550.89	2562.63	1660.79	1757.64	
7264.64	7065.19	6628.64	6137.57	4959.32	4829.83	6118.45	6244.04	3421.62	5340.53	3956.33	6077.63	6447.74	6171.31	7199.31	
4001.87	3989.41	3809.68	3806.09	3120.2	2499.43	3789.99	4074.68	1708.7	3651.39	2806.47	3364.62	2769.38	2051.62	3526.99	
5040.83	4992.95	5241.51	5562.46	5167.9	4567.16	4843.63	4791.48	2979.6	4421.6	2816.43	4515.12	4781.92	4657.78	5191.28	
3543.13	4143.9	4420.38	4295.45	3874.95	3272.7	3159.09	2796.44	1404.5	2348.32	2208.55	2822.67	2589.21	2136.19	2833.4	
2933.63	3023.81	3162.26	3326.86	3037.48	3002.83	3112.67	2812.33	832.426	2361.41	1934.87	2868.33	2610.51	2065.8	2674.56	
4055.33	4366.49	4822.28	5138.7	4680.29	3922.51	3977.91	3727.02	1744.3	3402.85	2251.97	3182.33	2960.25	2612.91	3643.66	
5899.19	5070.73	4483.95	4895.7	5181.76	4733.36	4458.06	3434.69	664.655	2515.08	1929.28	3147.67	3796.88	4430.21	6007.26	
4210.41	4396.67	4333.15	4001.36	3046.02	2661.58	3926.95	3985.83	1567.54	3134.54	2829.04	3944.2	4097.71	3638.35	3968.12	
4533.69	4173.78	4070.19	4159.07	3638.6	3268.03	4664.76	4747.72	1763.36	2903.15	1419.22	4233.88	4778.45	4336.68	4812.77	
4123.48	4068.45	4308.05	4359.02	3455.73	2833.08	3258.86	2961.8	899.564	3118.25	2501.55	3486.67	3652.93	3833.08	4406.52	
6152.6	6391.52	6652.45	6736.22	5884.02	5454.31	6427.02	6978.36	6107.34	7246.3	4127.81	4682.73	4509.92	4202.28	5826.67	
2797.17	3317.84	3731.49	3663.07	2787.9	2167.51	2901.92	2705.93	604.766	2557.5	2065.23	2843.87	2360.05	1651.06	2307.95	
3163.27	2796.51	2536.92	2725.75	2768.5	3192.15	3736.95	3578.01	2581.97	3211.06	2446.33	3050.98	3134.09	3121.48	3337.18	
3736.21	3464	3141.7	3278.23	3431.11	3599.17	4078.16	3841.22	2329.1	2946.16	1854.42	3047.73	3106.89	2753.65	3658.5	
5563.35	5626.18	5243.93	4884.73	4417.48	4491.87	4911.65	4959.17	2158.02	4508.82	3880.44	4603.22	4194.38	3741.57	5032.54	
1186.33	1143.47	1049.46	924.853	743.494	571.236	608.237	604.111	171.219	735.292	825.082	1089.55	1115.25	1113.82	1184.39	
2741.15	2440.89	2035.93	1745.87	1405.43	1420.51	1941.45	2010.95	968.405	2747.22	2444.45	2995.53	2683.06	2259.22	2810.99	
3241.54	3248.63	3478.04	3594.18	3329.65	3473.05	4295.42	4377.01	2986.94	2730.3	975.456	2265.81	2972.42	3309.66	3436.19	
5470.84	5345.62	4752.52	3842.92	2751.01	2946.89	4356.07	4633.38	2888.51	3956.8	3426.04	4641.74	4921.74	4372.6	5295.94	
1005.1	1047.75	1167.54	1136.62	1102.02	1124.31	1545.33	1702.74	1148.31	1418.86	1368.6	1470.84	1321.47	1152.28	1214.55	
2419.83	2133.43	1973.98	2167.76	2214.59	2563.35	3445.96	3539.53	1793.75	2560.24	1286.11	2186.33	2523.83	2808.35	2652.6	
5343.82	5248.99	4797.25	4399.33	4065.97	4455.8	4874.25	4753.02	2840.5	4426.64	3395.45	4146.26	4177.73	4201.61	5040.52	
1193.76	1373.69	1545.01	1645.65	1400.92	1305.89	1570.3	1607.52	1073.66	1513.73	944.205	1166.63	951.169	652.063	1011.85	
2768.15	2580.95	2645.36	3036.72	2873.06	2232.17	2039.61	1708.32	1619.4	2359.87	3135.92	3383.53	3189.79	2652.99	2894.46	
1476.08	1304.99	1291.83	1523.44	1586.84	1237.74	941.793	1015.11	592.61	1944.91	1652.73	1659.66	1256.29	942.463	1474.92	
4005.1	4272.62	4095.95	3947.28	3811.83	4160.96	4690.72	4048.7	1026.11	2142.93	1265.61	2403.17	2364.69	1660.48	3205.61	
5557.28	5645.46	5664.8	6070.41	5989.44	5659.52	5831.81	5519.44	2332.83	4962.02	3284.35	5697.46	5490.23	4233.56	5218.2	
5763.23	5904.32	6266.45	6650.73	5746.41	4774.05	6448.17	7395.17	5610.65	7338.55	5027.8	5394.75	4660.96	3882.93	5347.27	
2794.31	2550.24	2253.25	2198.11	2093.35	1818.6	1849.72	1812.77	1500.35	1902.35	1404.52	2203.36	2397.65	2361.94	2784.83	
3831.54	3579.7	3658.71	3868.46	3591.96	3117.45	3048.5	2261.61	-647.704	1907.17	1884.29	3667.35	3883.51	3563.07	4109.4	
3772.23	3410.91	3295	3352.89	3026.86	2936.25	3557.17	3800.65	3401.45	4329.93	3706.31	4530.78	4387.01	3665.09	4065.03	
3033.86	2778.47	2412.31	2353.46	2104.1	2207.73	2993.11	3108.94	2908.85	1791.21	357.824	1331.39	1876.31	2197.19	2889.68	
2417.41	2493.53	2367.11	2263.69	2149.32	2454.86	2797.04	2662.37	1389.17	2591.77	2875.7	3174.03	2673.2	1896.41	2161.92	
7279.37	7612.85	7744.83	7689.64	6655.21	5028.61	5800.78	6281.31	2295.36	6402.13	3823.33	6377.34	6211.41	5209.61	6692.91	
7476.38	7406.11	6649.94	5784.31	5048.66	5573.12	6876.91	6851.88	3393.26	5338.84	3135.24	5139.06	5766.9	5864.56	7075.43	
4532.7	4062.84	3419.94	2973.41	2363.9	2676.56	4252.14	4750.02	3549.68	4959.77	3843.11	5289.25	5382.57	4839.86	4841.91	
4826.35	4675.97	4611.29	4465.23	3728.37	3973.77	6043.62	6599.96	3841.93	5672.17	3909.54	4437.27	4670.69	4553.1	4983.2	
6497.15	6119.71	5516.51	5133.22	4126.66	3555.35	4211.91	4225.05	2047.71	3724.72	2627.99	4798.87	4544.87	4104.06	5972.9	
3790.63	3752.99	3800.09	4005.6	3372.54	3042.37	4453.59	5097.7	3454.92	3890.34	1721.5	3381.8	3762.65	3462.15	3800.18	
5978.72	6435.81	6620.93	6618.87	6216.77	6822.05	8441.83	8605.92	6467.15	7008.31	5220.13	6073.53	5503.23	4189.68	5378.83	
6216.68	6430.94	6592.23	6725.12	6175.76	5494.72	5960.59	5878.67	2822.84	5122.99	2934.51	5113.85	5585.24	4898.78	5917.34	
3898.33	3535.65	3411.07	3733.26	3822.25	3339.06	3727.03	3926.62	2135.05	3452.64	1678.31	2724.02	2942.54	3104.46	3992.4	
2920.59	2638.11	2701.47	2941.64	2597.37	1846.43	2288.99	2471.98	1275.17	2489.44	1825.85	2683.73	3372.95	3536.21	3314.87	
4302.48	4419.79	4437.14	4442.62	4187.41	4076.11	4515.23	4310.13	2280.14	3298.29	2813.79	3429.83	3236.78	3065.82	3973.77	
4574.92	4381.73	4069.33	4006.19	3799.38	3616.88	3693.88	3594.52	2684.79	3100.21	2621.93	3571	3871.82	3882.22	4420.09	
3028.38	3174.06	3225.39	3195.36	2863.61	2326.16	2558.92	2486.54	1098.06	2011.63	1522.17	2152.48	2071.61	2199.08	2733.03	
3763.27	3387.66	3067.12	3118.49	2937.33	3084.59	3821.47	3959.39	2492.02	2962.01	2335.77	3141.12	3238.51	3257.93	3807.11	
4316.55	3992.23	3414.2	3046.97	2804.09	2978.18	3546.61	3522.06	1639.22	3060.46	2164.93	3316.1	3450.29	3443.45	4256.31	
4122.37	4042.54	3853.08	3601.77	3033.6	3218.13	4093.78	4101.7	3557.89	3844.72	2906.8	2840.58	2793.53	3090.1	3947.3	
3477.08	3639.28	3915.32	4103	3643.84	3283.87	3844.52	3906.56	1676.84	2562.08	1434.16	3457.92	3737.35	3174.79	3401.02	
3753.26	3537.48	2920.57	2335.71	1941.99	2319.05	3571.33	4233.72	3443.7	4500.24	3850.28	4309.56	3789.17	3317.27	3644.92	
6829.72	6719.59	5999.48	5317.87	4192.12	4153.85	5632.1	6051.11	4897.91	4989.16	2782.98	4398.99	4498.8	4273.29	6057.98	
4229.7	3808.78	3348.52	3433.14	3578.43	3876.42	4134.97	3902.42	2817.11	3079.51	1547.21	2762.18	3186.11	3482.28	4246.45	
5375.65	5216.13	5037.04	4779.49	4115.22	4055.17	4908.33	5032.58	3777.55	4045.8	2292.67	3515.17	4130.66	4524.75	5376.17	
3391.87	3593.01	3741.78	3998.14	3876.21	3628.88	4088.13	4296.49	3477.12	3487.23	1935.68	2012.07	1923.78	2134.66	2961.7	
3309.87	3016.2	2353.93	1950.49	1791.87	2376.35	3284.66	3135.9	791.405	1455.71	624.632	2623.83	2820.64	2467.47	3143.65	
3419.77	3197.45	2808.2	2637.23	2499.55	2918.95	3340.76	2936.54	1075.65	1714.17	1165.62	2081.57	2469.67	2611.15	3337.35	
3298.36	3598.87	3739.37	3668.66	3366.99	3129.35	3509.01	3715.64	2641.57	3641.65	2741.41	2553.42	2271.17	2111.43	2917.3	
3760.43	3995.75	4054.56	3755.14	2890.6	2530.65	3232.93	3269.22	1501.54	2884.79	2357.2	2823.86	2922.87	3037.76	3450.39	
4303.36	4162.63	3829.61	3873.08	3754.6	3525.25	3880.67	3589.29	2531.65	2670.14	2158.69	2694.98	2701.59	2675.57	3796.94	
4091.71	3734.32	3570.27	4031.58	4240.63	4312.59	4510.5	4301.26	1889.7	4064.48	2551.72	3548.12	3602.39	3702.6	4216.84	
3729.58	3448.37	2855.02	2737.5	2829.73	3110.35	3234.7	2532.83	703.984	2108.94	2114.47	2692.24	2435.04	2044.02	3360.55	
2991.92	2721.91	2546.31	2697.83	2563.12	2272.97	2909.2	2940.61	1413.16	2354.12	1238.53	2215.59	2351.39	2475.18	3033.88	
4021.09	3566.66	2761.38	2316.04	2149.96	2431.11	2951.08	2683.58	650.736	1954.28	890.318	2046.52	2254.96	2558.53	3771.07	
3771.81	3327.41	3016.59	3030.07	2862.68	2447.77	2613	2521.45	519.748	2323.55	1664.23	3404.97	3915.87	3861.98	4092.39	
2137.64	2486.77	2644.52	2804.79	2600.4	2118.43	2385.32	2733.84	2632.76	3674.37	2885.56	2560.28	1683.64	987.059	1605.56	
2243.9	2734.39	2988.95	3026.47	2928.22	3095.75	3384.97	3201.3	959.942	1872.97	881.201	2079.34	1854.82	1352.52	1735.42	
3119.77	3162.83	3085.38	2995.18	2560.16	2205.42	2819.21	3107.12	1289.53	2422.28	1499.34	1772.08	1649.04	1558.58	2719.99	
3875.27	3707.98	3036.59	2454.85	1751.39	1652.77	2697.8	3122.79	2124.46	3882.49	3335.81	3495.91	2682.09	1660.07	3296.51	
3376.81	2891.46	2475.39	2539.41	2571.67	2419.98	2579.28	3008.4	1815.09	4966.54	5168.69	4599.41	3542.03	2729.94	3452.16	
4586.89	4664.67	4926.07	5267.32	4782.58	3908.45	4586.82	4603.06	1999.36	4275.36	3049.83	4364.79	4386.71	4023.51	4529.46	
3158.31	3240.11	3504.61	4081.76	4250.64	4298.44	4401.22	4249.57	4559	3779.5	2680.46	3149.96	3112.04	2710.03	3038.96	
2043	1931.4	1967.36	2342.79	2583.3	2701.29	2526	1969.39	1061.23	1659.98	2486.4	2533.1	2314.17	1842.94	2048.2	
2808.99	3070.1	3212.58	3300.85	3023.4	2591.88	2574.28	2725.46	2422.3	3111.15	2461.5	2121.98	1618.01	1412.54	2312.23	
1825.59	1356.36	1060.88	1144.24	993.408	1128.94	2269.11	2617.28	1310.54	2769.65	2359.13	3002.75	2871.34	2247.12	2213.32	
4906.9	4454.07	3870.92	3631.49	3340.07	3235.53	3844.23	4019.94	3091.6	4531.55	4831.68	4860.87	4745.09	4302.15	4877.11	
2531.6	2790.25	2851.43	2802.09	2241.78	1763.61	2195.42	2372.17	2392.98	2771.8	2432.85	2438.72	1770.17	1020.32	2010.47	
3504.67	3137.58	2809.75	2789.58	2856.43	3174.13	3692.32	3514.53	1809.84	2055.86	1137.02	2872.46	3662.42	3760.32	3788.23	
3116.13	3423.85	3484.3	3243.01	2597.53	2292.9	3168.24	3435.66	2568.74	3144.66	2910.46	3365.93	3140.54	2454.05	2769.51	
3241.79	3371.09	3384.41	3140.57	2556.38	2224.56	2545.31	2406.25	898.662	2379.12	3354.87	4196.14	4185.69	3770.21	3242.95	
1570.43	2094.61	2460.12	2604.07	2326.47	1920.33	2234.01	1995.06	962.131	1589.58	1413.01	1720.52	1324.98	482.827	1030.93	
1727.27	1486.62	1493.42	1920.97	2392.22	2529.52	2049.07	1578.15	1020.15	1114.76	110	1404.75	1626.15	1334.45	1868.07	
3385.82	3166.78	2766.6	2467.22	1821.74	1068.29	1423.29	1971.74	2434.11	3260.81	3053.35	3324.1	3036.29	2697.77	3220.08	
3366.66	2774.73	2103.46	1862.64	1505.27	1487.9	2635.82	3183.38	1547.1	2234.69	455.444	1659.44	1830.55	2092.5	3327.86	
2445.33	2590.23	2532.06	2323.55	1621.36	1374.66	2448.86	2736.54	1672.16	1852.28	651.299	1254.42	1471.76	1658.95	2185.07	
2697.03	2655	2545.92	2536.42	2362.72	2387.42	2772.48	2682.71	1707.79	2223.53	1747.09	2453.93	2579.83	2313.81	2628.17	
1950.19	2354.03	2585.14	2624.3	2549.69	2704.6	2953.6	2797.33	1625.21	2936.8	2587.09	2240.6	1610.08	1088.68	1532.77	
3170.27	2964.16	2612.94	2508.59	2308.03	2357.79	3116.07	3028.72	2069.86	1767.3	520.632	1501.85	1968.25	2197.85	3033.88	
4175.82	4265.99	4166.33	3903.76	3075	2500.06	3535.82	3647.4	1847.25	3147.76	1976.39	2714.19	2993.79	3068.06	3946.19	
2844.83	3279.71	3315.79	2972.8	2506.67	2336.05	2549.25	2768.44	2425.97	3113.15	2540.68	1855.5	1211.63	768.883	2057.14	
153.046	229.533	244.749	184.03	59.3182	38.0995	74.8391	37.6365	-43.2804	-43.4534	-116.537	-16.2845	19.7579	5.9208	80.393	
3242.01	3536.11	3455.11	2924.74	2098.98	1906.38	2314.71	2629.82	2987.44	3778.75	3595.3	3147.24	2337.33	1671.1	2736.75	
3294.4	3463.93	3319.21	2757.54	1897.45	1471.23	1906.64	2186.31	2152.9	2570.7	2400.88	2535.86	2724.96	2742.49	3037.48	
3338.18	2977.03	2462.93	1974.21	1233.1	926.795	1760.06	2096.71	974.841	2080.54	1280.18	2660.65	3029.42	3006.79	3446.69	
3272.73	3466.78	3583.28	3256.71	2349.04	1577.73	1547.41	1576.79	948.758	1429.53	980.018	1479.33	1828.81	2022.33	3008.34	
2662.88	2523.26	2618.7	2762.44	2441.09	2046.19	2187.52	2156.34	1422.33	2076.16	1606.08	2057.33	2309.56	2302.11	2791.52	
4402.76	4215.99	3633.55	2988.67	2312.46	2449.88	3118.51	2754.08	982.808	1387.78	722.709	2290.22	3462.63	4083.02	4365.98	
3331.12	3486.11	3338	3114.73	2288.9	2062.82	2754.69	2651.52	1895.36	1944.95	1087.1	2060.09	2253.02	1925.82	2839.73	
5327.65	5368.01	4958.91	4284.05	3105.26	2757.44	3541.35	3522.53	2755.24	4333.38	4784.44	4930.92	4543.66	4288.08	4944.14	
2325	2535.68	2579.58	2309.37	1771.2	1323.9	1737.26	2073.97	1387.81	1974.36	1250.04	1510.43	1646.48	1563.19	2075.22	
2972.18	3182.72	3466.55	3520.81	3049.3	2500.49	2771.33	2673.7	1477.06	2604.69	2367.41	2377.79	2398.3	2488.08	2840.17	
2653.94	2764.68	2642.38	2295.46	1550.66	1283.9	1975.04	2255.76	1062.44	2028.8	1010.42	2283.24	2555.4	2481.48	2560.29	
2474.71	1922.04	1164.26	658.357	430.806	491.203	1050.71	1349.88	634.162	1265.38	1057.4	1704.46	1981.06	2313.69	2660.8	
2377.55	1841.6	1599.52	2004.09	2381.88	2811.95	3687.34	3539.16	1052.93	2277.25	1212.08	2768.7	3002.04	2668.65	2807.9	
3507.67	3328.15	2876.76	2449.13	1872.96	1981.91	2773.32	2939.72	1595	1995.36	1093.94	1457.61	1662.18	1859.39	3149.9	
2717.72	2702.24	2683.63	2618.57	2298.81	2187.02	2899.25	3285.36	2390.88	3550.6	2845.88	2928.3	2401.48	1830.2	2549.7	
6055.99	5624.04	5110.49	5105.28	5096.74	4897.98	5135.95	4890.23	2937.59	4149.43	4071.32	5747.06	5531.5	4474.41	5786.94	
801.446	719.545	592.614	580.834	676.157	775.83	698.796	481.277	-341.48	-128.901	-736.16	-172.456	137.832	412.449	740.3	
1634.95	1694.65	2097.23	2677.28	2805.64	2532.44	2826.41	2655.01	661.139	1356.15	120.685	1321.99	1779.9	1742.46	1776.02	
7847.89	7474.08	6909.83	6537.51	5767.14	5354.36	6093.71	5792.29	2575.04	4609.62	2729.71	5492.19	6809.32	7063.6	7882.15	
2176.35	2332.58	2448.49	2406.41	2125.74	2182.19	2495.26	2226.11	373.365	1104.06	502.093	1943	2106.85	1848.12	2053.1	
4999.75	4376.08	3807.82	3672.93	2930.49	2951.79	4787.67	5327.3	3662.18	5320.73	4935.78	5423.88	4797.58	3699.88	5091.83	
2668.94	2799.62	2792.19	2636.91	1899.76	1280.43	1912.73	2308.05	1342.95	2349.18	1245.94	2341.21	2523.94	2142.04	2485.48	
2764.37	2532.73	2101.03	1671.65	902.786	627.994	1951.56	2703.28	1899.94	2222.41	901.241	1826.81	2244.05	2447.18	2707.4	
3207.5	3160.58	3257.66	3495.03	3075.69	2412.2	3211.22	3654.71	1800.63	3200.6	1995.95	2950.94	2978.36	2608.62	3083.04	
2420.81	2538.11	2819.62	2991.51	2728.64	3039.72	3454.9	3549.75	4120.1	3024.04	1941.87	2088.9	2337.83	2466.01	2544.28	
2817.25	2818.63	2841	2951.57	2915.51	2983.24	3059.13	2735.87	1140.33	2651.33	2373.05	2537.61	1947.68	1484.14	2566.96	
2435.37	2387.43	2336.91	2258.8	1925.32	1936.99	2652.14	2686.8	1531.27	2349.5	2238	2602.13	2690.52	2262.99	2469.92	
3211.67	2769.13	2489.72	2438.03	2055.6	1438.63	1445.19	1251.58	41.1021	1892.36	2259.76	3173.52	3169.85	2894.04	3444.22	
5678.79	5540.79	5111.23	4765.64	3963.48	3658.05	4839.21	5054.17	2864.88	3961.97	2166.84	3123.36	3372.43	3733.78	5205.61	
5246.88	4848.98	4211.9	3937.5	3572.44	3621.23	4528.63	4194.62	935.729	3941.97	3585.3	5828.33	5872.42	4950.89	5294.8	
5114.92	4913.57	4611.74	4665.05	3790.78	2934.89	4559.74	4939.96	2746.38	5267.94	3824.06	4586.03	4095.75	3355.85	4784.76	
5350.81	5508.81	5813.77	6053.55	5651.5	4790.74	4775.13	4440.81	1331.61	4277.94	3312.55	4797.48	5015.76	4825.91	5305.27	
7467.9	7151.54	6670.64	6289.05	5192.97	4691.72	5725.73	5448.12	2650.87	5036.48	3494.1	5561.09	6129.42	6281.42	7410.27	
3010.47	3039.7	2674.96	2200.7	1759.9	1690.99	2275.68	2272.62	468.308	1890.38	1322.73	2181.21	2069.99	1783.22	2645.98	
2398.81	2638.43	2790.06	2725.62	2148.78	1754.09	2453.88	2922.42	2820.91	2847.86	1369.65	1743.05	1751.78	1627.99	2158.06	
5376.63	5692.1	5954.87	5910.96	5055.43	4486.43	5968.87	6811.08	5172.3	7005	4814.74	5070.87	4761.71	4169.93	5058.78	
8013.51	6995.12	5643.96	4925.85	4589.62	5151.57	6447.79	6647.51	4062.73	6628.51	4911.09	6374.72	6615.04	7259.75	8216.62	
3274.4	3131.62	2685.91	2170.11	1468.42	1346.38	2141.96	2524.64	1943.99	2833.72	2532.76	2425.67	2213.83	2115.8	3014.44	
3365.72	3836.45	4051.39	4074.8	3076.23	3392.45	5972.03	6534.34	3711.55	5379.56	3049.4	4021.98	3302.4	2218.38	2852.84	
5986.37	6703.95	7057.93	6895.35	5627.33	4618.38	5761.9	5882.51	2418.25	5141.73	2738.77	5519.35	5132.62	4031.83	5178.24	
3350.06	3486.5	3422.8	3259.9	2731.81	2633.95	3757.54	3659.3	1657.05	2960.85	1836.13	2837.54	2936.07	2464.23	3041.13	
3077.94	2294.23	1438.71	898.471	635.837	1019.81	1949.54	2357.97	2226.8	2417.14	2200.1	3040.95	3256.66	3270.35	3472	
1848.83	1649.78	1509.82	1524.57	1477.22	1630.96	2262.29	2500.47	1471.1	2519.99	1885.85	2371.7	2170.52	1746.54	1973.15	
2495.93	2505.99	2604.1	2745.47	2551.67	2255.79	2317.43	2215.03	253.484	2103.16	1408.33	2797.97	2611.32	1905.51	2425.38	
5223.35	5342.07	5412	5439.23	5018.08	4324.29	4479.6	4280.61	1794.06	3674.4	2943.57	5046.75	5111.21	4193.62	4974.34	
3037.91	2910.58	3305.05	3946.36	3949.4	3506.76	3839.38	3675.9	1250.02	3196.63	2221.75	4209.63	4472.24	4005.3	3553.67	
3151.62	3133.14	2905.58	2647.21	1941.05	1633.98	2743.83	3348.14	2042.02	3008.9	1333.58	3002.65	3218.57	2621.57	3010.29	
5615.95	5451.3	4781.6	4168.43	3508.98	3553.49	4866.53	5646.46	4212.94	5258.07	3543.33	4572.34	4474.01	4107.82	5160.57	
6372.08	6389.68	6128.37	6041.1	5953.58	6070.12	5979.11	5158.88	1537.85	4013.45	2855.79	5063.79	5114.82	4511.81	5920.06	
5034.01	4773.89	4706.21	4974.82	4568.4	4259.23	5812.58	6399.26	3447.85	4506.85	1744.6	3351.85	3590.8	3488.79	4821.32	
3119.67	3395.14	3450.78	3287.13	2906.29	2389.44	2214.17	1833.89	-196.458	1336.54	1257.73	2049.07	2303.32	2552	2778.61	
2446.06	2531.41	2564.2	2631.76	2439.9	2111.7	2021.83	1948	2038.3	2423.37	2286.99	2171.36	1750.32	1472.73	2167.51	
1778.67	1675.57	1583.4	1657.99	1601.29	1729.39	2548.69	2769.38	2053.25	1702.27	717.829	1063	1181.79	1210.03	1702.94	
4190.74	3812.38	4052.66	4625.62	4745.57	4329.64	4964.53	4942.77	1653.1	3407.35	1568.29	3896.91	4885.52	4897.57	4864.76	
2716.46	2612.86	2301.61	2077.24	1668.3	1482.32	2034.38	2289.81	1686.21	1969.35	1577.06	2765.18	2640.99	1728.5	2418.91	
5477.81	5658.57	6064.04	6942.4	7105.59	7049.48	7887.9	8460.35	6179.06	7210.29	3982.81	4637.02	4258.62	3823.71	4964.28	
4066.72	4194.99	3680.8	2731.7	1472.09	1444.68	3136.28	4190.04	3009.63	4419.49	2131.92	3404.67	3065.38	2614.94	3569.51	
3224.05	2798.58	2714.03	2796.64	2240.25	1524.74	1848.7	1957.17	1752	2365.61	2545.19	2639.35	2852.16	3186.61	3527.28	
4401.58	4243.14	3787.41	3459.87	2734.35	2552.46	4056.62	5137.31	3663.12	5790.06	3930.71	4947.9	4424.01	3402.8	4238.54	
4425.1	5046.06	5460.6	5569.81	4989.52	4241.78	4582.95	4738.9	1445.67	3852.39	2137.68	3697.56	3388.4	2751.1	3643.83	
-2.44269	-89.4136	-105.529	-35.845	61.3394	159.653	164.9	164.206	121.667	230.096	374.197	227.397	199.709	157.468	90.168	
4533.5	4294.21	3841.02	3230.74	2343.78	2364.36	3905.65	4647.06	3800.31	4237.19	3095.69	3781.95	3792.14	3351.33	4451.85	
3689.62	3532.03	3453.21	3775.92	3899.9	4192.17	5198.56	5560.77	4787.74	5151.02	3737.82	4981.66	4676.67	3258.52	3744.71	
6986.48	6710.24	6368.18	6047.81	5263.24	5083.36	5830.38	6136.48	4431.26	6891.49	6933.68	7648.13	7208.93	6185.9	6964.08	
1970.89	2289.89	2632.21	2807.46	2474.19	1750.92	1724.94	1515.38	449.22	1088.53	725.952	1586.61	1658.39	1498.89	1728.07	
2330.92	2838.3	3084.82	2802.71	2085.62	1337.87	1703.54	1962.2	2160.09	2221.19	2129.66	2149.06	2034.02	1751.48	1953.25	
2764.15	2647.22	2389.04	2262.62	2220.89	2334.73	2542.82	2262.26	1866.09	1614.25	1354.76	1755.92	2142.34	1970.52	2651.23	
5002.39	5134.18	4963.97	4575.46	3683.14	3492.16	4164.05	4082.46	1789.9	3879.84	3461.88	5030.23	4826.97	4127.91	4657.35	
5490.58	6029.34	6080.6	5543.66	4228.13	3396.93	4762.85	5288.9	2153.18	3935.91	1952.72	4318.99	4443.49	3702.57	4760.1	
2111.97	1971.77	1782.86	1854.09	1948.72	2050.79	2085.87	1828.33	1106.91	1595.93	793.739	1112.16	1062.93	1079.24	1926.73	
4561.77	4666.7	4670.68	4770.45	4461.8	4520.93	5191.29	4936.82	2850.25	3856.12	2865.78	3178.55	2760.47	2405.03	3980.76	
4374.34	4693.81	4947.24	5002.39	4118.89	3503.38	4580.4	4895.24	3051.13	4142.73	2511.57	3936.01	4092.03	3251.65	4000.6	
5045.27	5038.13	4935.87	4924.86	4891.36	4852.63	4822.71	4838.15	4148.94	5347.08	4357.43	5071.17	4682.8	3885.61	4922.71	
1239.7	1327.66	1548.52	1905.79	1814.95	1450.31	1543.6	1670.75	1648.58	1889.52	2160.85	2321.97	1894.7	1342.6	1207.68	
2811.94	2661.14	2588.51	2678.98	2247.39	1592.92	1878	2092.68	2207.66	2216.38	1957.81	1969.01	2057.34	2156.79	2777.23	
993.15	922.658	767.28	687.421	638.582	583.001	628.966	606.529	-360.974	515.644	553.541	1157.26	932.27	638.896	891.218	
2189.76	1928.72	1551.54	1409.83	1064.07	890.072	1536.48	1603.45	357.733	1239.28	734.054	1276.75	1568.84	1486	2119.73	
4027.67	3959.34	3725.95	3651.49	3162.5	2598.99	3090.39	2988.06	1414.42	2378.06	1559.5	2798.91	2782.04	2388	3615.11	
5333.09	4890.78	4241.85	4059.95	3939.58	3932.5	4496.26	4638.64	3892.65	4456.09	3975.56	4338.64	4386.95	4635.84	5191.4	
748.632	596.711	369.985	178.94	-34.3545	95.4374	386.428	396.261	396.489	337.719	279.713	773.714	961.655	922.244	853.844	
4151.82	3984.41	3613.7	2935.61	1672.47	1334.14	2316.31	2620.66	1433.28	2505.7	2507.39	3786.6	4084.63	3966.48	4219.07	
2074.27	2341.05	2449.7	2363.34	2123.57	2030	2103.53	1993.73	1190.48	1586.13	1248.35	1020.8	977.784	1174.24	1724.32	
6040.56	5901.17	5525.85	5349.18	4939.85	4952.73	5812.95	5610.02	4087.25	4500.5	3647.09	4575.26	4726.87	4207.3	5692.84	
5006.85	4409.95	3891.19	3580.78	3006.99	3135.31	4063.52	3944.21	1876.93	3018.1	2575.9	4230.94	4713.03	4621.62	5360.79	
1798.9	1793.27	1806.09	1917.17	1843.28	2180.07	2946.86	3079.74	2547.53	2156.43	1586.64	2086.36	2058.87	1600.64	1788.2	
3150.13	3215.5	3185.16	2884.05	2023.54	1787.62	2904.83	2977.27	40.527	1841.59	1014.73	1940.44	2168.92	2135.64	2955.97	
0	0	0	0	0	0	0	0	0	0	0	0	0	0	0	
148.225	85.8334	43.7479	32.4106	16.3088	61.2081	199.434	258.11	331.155	275.942	317.279	294.943	325.994	324.859	222.799	
3264.02	3353.22	3170.75	2863.71	2300.69	2389.36	3218.93	3497.47	3315.64	3378.47	2773.34	2846.25	2581.86	2175.19	2994.32	
1650.16	1652.71	1765.34	2051.27	2022.64	1788.16	1779.58	1679.47	1167.32	2043.33	1479.77	2117.11	1898.7	1435.09	1649.8	
1337.61	1538.08	1897.09	1923.3	1352.16	961.704	1431.16	2014.46	2428.67	2656.19	1956.23	1308.28	1185.03	1268.49	1377.11	
3896.19	4194.94	4483.84	4683.11	4455.21	4327.2	4461.95	3809	1642.01	2757.19	1572.89	3179.96	3344.82	3062.16	3697.97	
5266.53	5315.99	4667.15	3770.79	3009.83	3540.12	4644.96	5018.22	3909.28	4395.95	2484.69	3415.31	3542.65	3514.02	4673.53	
1383.01	1747.12	2095.24	2391.29	2287.01	1974.65	1980.71	1729.04	944.68	1237.67	1050.6	1014.64	822.546	638.916	1012.69	
4086.23	4239.76	4130.43	3782.58	2942.65	2640.42	3583.35	3819.89	2489.27	3740.63	2428.93	3749.24	3765.58	3218.64	3829.81	
5983.31	5553.87	5143.8	4863.15	3866.62	3320.26	4548.8	5070.93	3892.34	5062.64	3356.92	3907.99	4093.41	4619.46	5921.24	
28.0863	-23.4088	-30.1826	17.4267	103.253	152.607	76.9061	44.9234	-20.1777	76.3619	150.998	87.076	48.9873	72.1046	66.8393	
5271.87	4556.79	3845.11	3263.06	2432.67	2071.91	2981.04	3200.38	1618.28	3588.61	3133.52	4424.67	4846.6	5135.92	5685.36	
1848.97	1784.73	1487.06	1241.39	1073.84	1273.45	1715.43	1831.85	1798.4	1907.54	1728.65	1494.04	1253.47	1167.75	1649.95	
2440.07	2154.57	2241.45	2376.55	1767.97	1235.55	2245.7	2808	2450.52	2749.99	1623.59	2805.08	2966.05	2100.02	2764.09	
4293.19	3897.67	3545.83	3497.47	3205.28	3031.38	3393.86	3259.24	2053.12	2653.98	1364.62	2961.53	3467.17	3530.35	4341.63	
2191.66	2341.22	2095.42	1694.6	1425.05	1739.45	2044.91	2087.51	1390.73	1512.83	916.15	1224.47	1212.28	1125.94	1770.31	
2096.84	2139.64	2034.22	1879.91	1547.19	1083.5	950.048	818.456	207.565	1120.12	1068.76	1562.04	1731.65	1744.31	1941.9	
2367.25	2856.35	3623.48	4032.94	3492.59	2502.83	3080.75	3672.24	2713.89	4321.92	3189.67	4688.8	4149.18	2675.68	2378.49	
5031.87	5366.19	5323.09	5488.27	5432.45	5047.35	4623.03	4234.33	2822.21	3427.57	2021.43	2750.4	2224.27	1606.52	3909.01	
3775.64	4023.7	3700.36	3293.07	2503.2	1723.54	1915.71	1691.56	-658.45	1921.58	1757.25	3328.19	3045.58	1966.93	3033.25	
4719.48	4843.14	4849.71	4941.74	4689.51	4617.79	4756.34	4673.79	3973.38	3882.25	3092	3901.25	4134.4	4138.65	4446.63	
3673.05	3575.2	3536.99	3549.06	3569.42	4127.1	4833.65	4756.84	3379.26	3358.25	2444.09	3613.25	3862.87	3253.51	3756.44	
3230.72	2622.26	2028.68	2118.7	2393.69	2573.94	3247.64	3253.02	714.015	2714.22	1627.05	2398.18	2386.8	1966.64	3203.8	
5408.34	5237.93	5017.46	4614.97	3943.5	3549.93	4046.19	3709.41	1127.63	3516.98	3251.39	5027.27	5482.52	5259.55	5592.89	
1385.65	1143.13	767.718	622.591	413.062	168.726	337.291	675.76	838.975	1145.62	802.918	1004.56	811.788	778.291	1257.36	
3711.43	3307.16	2903	2782.47	2675.74	3193.96	4454.75	4516.45	1948.56	2993.48	1897.21	3005.67	3337.58	3342.71	3857.54	
3773.75	4263.02	4285.15	3882.45	3428.84	3319.69	3657.26	3747.51	2226.85	3407.52	1971.09	2852.13	2496.93	2163.75	3075.39	
4192.73	4120.68	3872.76	3529.71	2867.57	2693.86	3690.6	4061.52	2476.51	3502.32	1939.16	3256.53	3357.88	3089.98	4014.92	
3421.65	3034.43	2885.6	2957.14	2598.82	2239.01	2946.97	3301.85	2323.24	3184.8	2363.56	3818.59	3914.44	3656.17	3740.33	
4425.83	4375.4	4187.95	3983.53	3811.97	4171.14	4725.95	4509.44	1912.56	2956.02	1151.47	2466.12	2719.3	2912.4	4155.83	
2905.08	2773.15	2515.33	2308.23	1973.94	2252.41	2823.93	2779.44	1882.25	2790.9	2527.27	3137.24	2833.55	2209.22	2826.14	
3225.83	3097.39	2680.96	2390.02	1959.64	1857.84	1938.05	2111.61	716.078	1707.03	1704.57	2092.09	2085.91	2253.83	2932.73	
1833.99	2356.09	2604.77	2535.25	2028.49	1830.89	2268.71	2228.29	1148.63	1523.39	1696.68	1910.65	1832.38	1292.95	1361.73	
3661.16	3466.95	3410.49	3934.38	4331.15	4540.58	4807.55	4268.17	847.293	2976.41	2171.52	3813.52	3831.08	3022.45	3590.72	
2614.97	2513.43	2800.08	3352.67	3302.25	2540.92	2642.43	2942.19	2939.89	2843.72	1723.9	2215.47	2333.64	2257.92	2724.02	
1283.11	1219.89	1537.53	2097.69	2104.14	1725.85	2402.44	2684.38	2155.84	2589.4	2864.85	3060.81	2611.4	1371.52	1486.68	
4963.27	4650.63	4360.45	4388.1	4055.11	3837.86	4149.34	3761.81	581.948	3606.38	3208.25	4554.02	4662.56	4270.42	5031.57	
4554.47	4533.84	4644.83	4397.56	3441.2	2796.19	3616.19	3943.73	2939.2	3849.99	3156.94	4160.69	4527.37	4496.46	4787.5	
4523.48	4292.02	3857.91	3475.54	3037.79	3140.48	3671.99	3232.23	-98.3462	1304.13	-1.14064	1187.81	1817.25	2412.37	4152.42	
2909.07	3671.48	4181.84	4072.01	3322.91	2610.4	2674.53	2625.25	2748.08	2764.76	2509.34	2661	2467.64	1996.16	2361.77	
3400.41	2995.35	2272.36	1857.29	1333.67	1419.98	2840.48	3374.14	2764.84	2960.6	1707.31	2031.08	2177.85	2217.57	3225.85	
7284.73	7702.66	7767.13	6999.92	4942.41	3506.61	4711.41	5504.47	3778.04	5833.8	4136.62	5254.71	5401.74	5248.4	6763.62	
7344.95	7133.42	7042.8	6963.86	6248.59	5646.77	7108.14	7302.05	4291.85	5861.48	4770.98	7249.44	7350.92	6468.32	7374.36	
6697.68	6072.03	5315.25	5039.44	4837.48	5318.56	6573.9	6837.78	4675.89	5289.41	2800.8	5387.57	6079.13	5811.4	6851.49	
5434.53	5419.37	5372.43	5083.72	3733.25	3543	4766.8	4913.18	2835.36	4559.8	2119.1	4489.68	5005.67	4684.28	5574.58	
