-479.903	
563.986	
88.0349	
219.055	
-791.339	
-345.011	
143.446	
-712.861	
17.3534	
-386.982	
176.686	
468.701	
314.267	
52.936	
595.627	
-36.7886	
252.507	
469.28	
-186.742	
634.65	
-64.3595	
524.011	
573.336	
315.748	
347.769	
29.7928	
669.487	
-527.551	
30.3847	
349.71	
503.829	
469.839	
183.922	
187.452	
605.613	
-600.066	
-266.663	
-55.9865	
-423.452	
112.776	
-4.02142	
44.0855	
869.963	
90.0629	
51.7734	
-57.0419	
-44.0429	
-108.233	
-59.0414	
50.6772	
-629.493	
-1178.1	
-109.377	
1237.03	
917.256	
127.934	
-825.864	
-176.052	
43.5799	
-1043.86	
781.316	
-662.162	
208.456	
530.961	
246.234	
184.968	
-43.6138	
-339.399	
65.6351	
624.252	
-719.833	
-159.062	
5.201	
93.84	
-464.97	
75.702	
6.91049	
-201.388	
749.066	
646.09	
267.018	
114.235	
225.6	
19.9841	
-354.755	
-176.807	
406.168	
1821.48	
-412.48	
-137.006	
-358.515	
-346.279	
-391.153	
15.4028	
-49.5363	
-2.13603	
1.29332	
-565.472	
-100.524	
-3.09371	
-77.7559	
-170.127	
148.923	
7.94804	
-71.8823	
-6.4042	
375.386	
609.203	
1088.15	
-459.457	
229.005	
280.679	
-8.06389	
61.2511	
106.881	
42.5135	
-484.574	
559.303	
936.621	
573.113	
8.38543	
-550.672	
298.834	
109.04	
-24.2876	
-143.585	
-432.814	
-96.9696	
224.514	
299.113	
-581.984	
-568.171	
-114.744	
203.186	
51.1718	
-74.9096	
45.26	
431.01	
1054.2	
57.3738	
0	
35.1498	
-108.302	
-276.773	
83.8299	
-83.5688	
214.898	
242.404	
593.045	
-75.2804	
51.5007	
-1767.48	
0	
-39.1435	
60.4878	
1376.12	
207.925	
-130.346	
-25.5654	
-648.219	
560.711	
227.013	
-72.253	
-76.3101	
-228.524	
-91.4369	
316.195	
-735.231	
-51.2171	
-928.094	
219.22	
1586.87	
355.24	
-413.234	
-79.0173	
-270	
48.7202	
-54.2252	
164.014	
-210.278	
403.838	
29.2896	
951.576	
377.044	
-209.534	
-182.155	
329.942	
108.921	
158.943	
554.19	
-643.373	
160.137	
267.824	
205.894	
353.382	
403.71	
54.6955	
-193.904	
457.646	
-816.719	
-946.271	
-757.156	
-297.456	
293.549	
-619.356	
-262.013	
243.152	
400.342	
-820.667	
-678.285	
-233.95	
-43.7118	
-113.497	
209.062	
-363.801	
749.859	
-299.734	
-5.69766	
-147.655	
-31.0779	
963.903	
409.614	
-645.475	
-156.153	
-199.458	
504.322	
390.063	
221.096	
656.869	
-761.806	
624.908	
965.519	
60.4795	
-534.582	
595.495	
-1225.39	
-54.4604	
436.108	
119.395	
-0.559286	
-104.273	
192.564	
-8.12033	
-366.299	
-990.027	
-167.654	
222.471	
918.956	
89.3303	
0	
460.859	
339.504	
275.601	
-204.369	
-46.9731	
-116.447	
-13.0022	
-7.36579	
-195.08	
471.766	
940.628	
-703.015	
-81.3885	
-1521.34	
467.519	
-37.2134	
-61.9761	
-784.876	
180.259	
-41.4391	
126.409	
-166.731	
132.843	
966.625	
547.65	
170.287	
-159.399	
101.509	
-294.798	
-131.292	
-6.15971	
382.226	
-45.1298	
346.202	
-505.392	
-236.291	
-271.905	
-538.603	
-1019.22	
-37.2215	
-794.736	
-687.759	
-27.2596	
13.7504	
-202.932	
153.409	
-510.745	
556.992	
-61.987	
1225.92	
-415.793	
361.753	
-1628.78	
-688.762	
1614.01	
-249.163	
-1371.43	
192.751	
9.85217	
142.837	
-445.096	
-1201.06	
-31.6272	
-158.032	
-319.259	
-485.23	
354.276	
-1274.28	
1061.51	
118.242	
-875.062	
-429.975	
-416.929	
-1028.27	
334.144	
-289.159	
-462.389	
-2481.42	
915.694	
-476.528	
-10.5064	
-210.842	
-745.738	
546.302	
-1098.14	
-46.9865	
-54.858	
-568.468	
25.0421	
357.227	
216.837	
711.739	
-164.259	
-856.455	
906.25	
159.644	
161.773	
404.072	
503.282	
-53.1539	
934.606	
-47.6838	
-301.152	
-103.458	
691.359	
407.327	
652.143	
470.324	
85.4	
-1321.98	
753.523	
-848.589	
-83.4294	
-58.7054	
85.5191	
171.939	
362.043	
849.729	
-642.571	
-577.136	
606.413	
-701.343	
-424.558	
-61.1465	
518.537	
637.158	
80.6902	
304.422	
-295.232	
763.549	
1440.64	
1005.95	
-369.144	
220.802	
520.161	
101.432	
563.069	
164.231	
-910.45	
-279.337	
54.2235	
1001.24	
747.164	
373.064	
83.0735	
-1384.24	
-605.818	
-429.582	
746.036	
861.352	
-616.656	
-64.2746	
3.88575	
376.232	
160.863	
-0.192976	
64.1229	
139.659	
-364.368	
155.659	
611.611	
-911.506	
-1052.74	
-1476.76	
-24.6064	
964.129	
274.728	
-48.5638	
-237.131	
647.959	
-261.54	
581.106	
-288.312	
261.045	
118.056	
-252.603	
-760.697	
36.4583	
-751.488	
-1014.79	
505.739	
339.924	
-11.5079	
-261.075	
248.951	
290.015	
-452.207	
363.009	
-17.1942	
-289.734	
48.7468	
616.256	
-57.5243	
-822.861	
118.593	
-27.8117	
-5.12641	
277.174	
-1590.97	
152.585	
363.187	
280.785	
1204.41	
-543.207	
-1131.6	
168.684	
-512.706	
-259.403	
228.556	
-491.566	
-90.0763	
627.264	
-501.139	
351.331	
371.777	
-266.294	
674.013	
-126.296	
-123.761	
369.469	
-745.545	
63.8318	
-437.351	
17.9155	
571.726	
268.969	
-90.1439	
409.044	
331.647	
-1132.47	
182.562	
150.346	
334.498	
-226.825	
-38.5626	
108.227	
-688.956	
-43.315	
157.021	
-595.256	
-193.762	
-1181.87	
-27.9979	
151.001	
37.1869	
148.909	
476.759	
-926.386	
316.283	
786.421	
334.517	
277.672	
180.625	
-1606.66	
482.584	
-442.823	
20.4021	
-316.909	
-532.028	
-475.522	
-6.74742	
-1014.48	
-654.838	
167.877	
645.791	
-597.673	
-308.978	
-866.81	
398.479	
-419.398	
1095.26	
-17.1432	
-289.093	
-383.762	
812.308	
-448.149	
8.00268	
613.162	
492.475	
1549.43	
-320.132	
627.013	
-625.37	
-125.414	
274.91	
256.644	
-289.218	
496.174	
-76.4702	
-197.162	
369.052	
343.81	
-228.797	
-177.476	
-249.537	
339.344	
81.8481	
589.414	
-252.815	
-1105.93	
-34.1025	
-146.855	
294.903	
299.17	
272.099	
-664.637	
509.237	
-81.2473	
-82.5848	
196.928	
206.188	
208.25	
617.609	
-479.854	
-187.907	
227.08	
391.877	
-189.979	
-88.1556	
-24.557	
-693.007	
603.914	
733.602	
643.94	
-106.833	
522.895	
38.4062	
-876.008	
113.059	
685.07	
615.892	
847.93	
-498.154	
-803.127	
-126.331	
-1115.19	
698.267	
-360.764	
-870.636	
1089.87	
16.3842	
628.962	
46.8027	
52.4214	
-535.756	
-674.897	
-378.553	
-497.504	
321.879	
-51.0134	
-34.3096	
-984.727	
-102.331	
649.547	
223.914	
88.8674	
-67.2552	
-528.941	
-904.086	
-163.34	
444.066	
-1540.73	
536.345	
-591.506	
265.717	
-402.436	
848.801	
348.269	
23.4102	
21.011	
-106.058	
426.492	
9.41367	
194.528	
363.014	
616.585	
7.68339	
399.495	
-198.052	
444.087	
1169.14	
-917.472	
-210.676	
-239.581	
627.716	
541.821	
37.0325	
305.92	
-3.87229	
-52.6725	
-738.983	
849.478	
40.6685	
190.278	
-525.17	
-402.001	
-56.8455	
972.689	
-470.681	
424.072	
-157.868	
186.892	
-343.179	
131.582	
-59.6751	
217.137	
-668.666	
-164.565	
102.465	
-790.801	
379.692	
26.7299	
1180.51	
-573.743	
66.5161	
368.087	
-279.435	
-551.182	
-205.035	
-267.022	
50.5039	
-141.974	
189.853	
-921.884	
-1091.19	
-409.747	
207.876	
437.826	
-88.9496	
713.183	
-778.462	
959.566	
335.747	
370.965	
619.395	
259.02	
539.82	
441.681	
-1316.3	
220.647	
-547.255	
606.882	
-326.204	
-193.488	
11.3334	
-188.537	
113.7	
335.869	
-125.88	
-767.035	
247.908	
369.65	
593.568	
-233.573	
335.524	
-217.714	
-258.891	
383.751	
-73.8514	
159.17	
431.128	
29.1971	
967.46	
840.537	
1146.9	
8.29831	
-869.063	
-1669.22	
-209.683	
-655.896	
-533.027	
358.209	
159.866	
371.941	
5.89418	
685.982	
-356.064	
356.091	
246.667	
-1620.58	
128.59	
313.035	
-684.405	
18.5324	
-502.716	
182.835	
238.529	
211.604	
-561.186	
467.724	
-598.788	
215.661	
-177.078	
686.924	
759.722	
-271.445	
163.871	
700.387	
1118.37	
127.58	
69.4654	
633.756	
-20.601	
546.603	
-1187.17	
678.178	
-531.049	
406.856	
666.761	
-141.385	
720.37	
968.839	
-158.208	
991.913	
-2.814	
-29.6011	
-946.881	
44.8412	
61.6673	
-874.867	
1371.39	
-180.152	
-367.508	
317.721	
308.661	
174.773	
-564.733	
84.1471	
-417.875	
-174.22	
-818.179	
174.561	
-367.842	
-583.94	
-538.928	
898.991	
-566.058	
543.171	
371.03	
-262.138	
372.5	
-533.628	
70.3999	
-437.841	
-457.255	
-635.21	
-406.013	
-704.663	
39.555	
247.984	
-380.691	
-643.624	
-1001.29	
163.012	
304.661	
-964.896	
1320.67	
-1165.78	
-864.952	
-246.605	
527.433	
-142.758	
-1830.58	
-818.057	
-760.705	
-604.634	
-257.941	
-142.809	
428.591	
-142.366	
-386.062	
684.49	
-421.594	
-596.469	
-78.5274	
92.4579	
76.6404	
561.113	
-843.391	
-28.3282	
577.916	
39.707	
109.855	
-146.151	
-494.272	
-1232.45	
-9.38921	
-1150.19	
-911.996	
151.187	
302.981	
58.4791	
-232.815	
20.044	
-81.0887	
219.008	
-487.523	
158.841	
635.373	
-356.136	
272.073	
-973.896	
334.079	
1005.55	
-424.514	
-232.45	
-172.079	
871.971	
-553.92	
76.3947	
-639.128	
92.2547	
281.214	
1149.15	
-103.914	
-1521.27	
746.558	
822.521	
-200.331	
221.225	
234.654	
-83.4501	
516.251	
-173.938	
-871.899	
-278.205	
-125.446	
327.618	
451.484	
57.0072	
34.335	
-310.15	
-42.1166	
-724.53	
1099.87	
299.74	
76.0179	
-438.339	
-1031.21	
