63.4571	
-182.471	
90.6168	
-1095.23	
99.2104	
-448.288	
-581.001	
94.8682	
11.5941	
50.6042	
-742.953	
-525.542	
-962.839	
85.7212	
-503.035	
-803.698	
-594.982	
-996.825	
-1758.51	
182.068	
56.4073	
-442.509	
-615.905	
-506.71	
-896.165	
-636.377	
-679.833	
-423.816	
214.63	
-921.473	
-611.91	
-553.074	
-396.464	
-2344.28	
439.274	
-322.714	
-589.237	
325.427	
-576.467	
-1064.27	
34.6561	
-166.889	
-213.504	
-1813.88	
-316.295	
-304.267	
184.906	
-61.0942	
-405.177	
-216.903	
-735.246	
722.935	
-814.85	
-1377.57	
-574.826	
112.478	
-1049.01	
-153.911	
-1091.68	
-830.865	
-934.606	
857.542	
-159.357	
-476.722	
234.184	
-1133.39	
-14.3326	
-1949.21	
-106.897	
-225.801	
-264.607	
244.169	
7.21326	
-1221.53	
-1055.74	
43.7801	
-1039.53	
-1371.57	
17.8603	
-926.202	
-1683.2	
-310.957	
-714.336	
-218.058	
-1521.43	
-34.5768	
-14.7099	
-1323.56	
-426.945	
-200.132	
-825.429	
471.163	
-418.823	
39.817	
-169.292	
15.6876	
-69.7837	
-1174.81	
-173.417	
-518.473	
-52.2289	
2.01029	
-672.452	
-27.66	
703.136	
-848.348	
160.961	
391.363	
-104.003	
-1735.75	
-934.211	
-120.606	
-889.775	
-93.3069	
-30.6562	
73.7948	
-1537.07	
-31.7819	
390.077	
-439.167	
-119.504	
-678.219	
-360.197	
79.6674	
-105.006	
-244.414	
-1062.88	
-48.2525	
-1099.52	
-1973.82	
-956.838	
-856.935	
529.346	
-346.238	
-154.311	
-103.726	
80.4253	
-413.818	
-1530.11	
-119.08	
0	
-15.3064	
116.634	
354.107	
-64.4811	
-64.7251	
-697.923	
137.983	
-280.239	
-129.776	
-211.203	
-1036.15	
0	
-350.523	
-590.855	
-1074.41	
-1148.17	
-87.4272	
675.107	
-77.0274	
-533.905	
-655.338	
405.501	
-1060.4	
-333.547	
-1304.33	
-1579.49	
-988.071	
-499.608	
-307.189	
-375.222	
-1417.85	
-886.196	
165.557	
-780.728	
-1076.04	
22.057	
-25.0027	
-1646.97	
-212.147	
-41.8185	
23.9845	
-513.171	
-480.047	
-1636.88	
-1144.68	
-87.2691	
-27.0762	
-964.792	
-223.839	
-363.841	
-1315.27	
-179.881	
-831.194	
-303.737	
-465.761	
-69.0443	
-556.144	
-1867.06	
-149.235	
-823.111	
-524.302	
-577.702	
-23.665	
-122.776	
-218.916	
82.6869	
266.429	
-907.802	
-822.887	
-1193.6	
-478.825	
-192.466	
234.934	
-236.73	
-691.656	
-93.2245	
361.797	
-1054.9	
-94.5663	
-882.35	
-977.746	
-872.963	
-225.809	
-1301.17	
-732.827	
-458.888	
-23.2483	
-204.674	
146.874	
-278.986	
-994.583	
-11.1381	
-879.417	
-767.895	
443.529	
165.911	
-928.447	
-138.713	
-38.5518	
-58.4364	
-1202.68	
17.9612	
-184.52	
153.958	
-70.0139	
-415.937	
-119.626	
-76.5803	
0	
225.287	
-856.247	
-507.166	
4.17871	
-59.5056	
-6.05816	
20.6225	
324.197	
-583.693	
-691.831	
-708.468	
-571.159	
-1555.59	
-1467.27	
-864.974	
-33.6546	
-510.013	
-637.567	
483.584	
403.982	
-811.76	
-759.974	
176.316	
-893.475	
-545.082	
-641.487	
-1261.46	
-2247.2	
530.41	
-724.428	
-766.383	
-837.325	
-762.919	
-972.428	
-980.719	
-536.134	
-1046.4	
173.904	
-323.184	
-176.314	
-599.172	
-411.928	
-1410.66	
3.00335	
-1860.61	
-1004.89	
-219.581	
-557.049	
-675.743	
-1315.09	
-14.6875	
-398.173	
-652.242	
-277.58	
-1947.89	
114.053	
836.312	
-599.388	
-445.623	
124.439	
-617.827	
-1433.89	
-1439.47	
67.3093	
-1449.71	
-1556.65	
-1141.62	
-1504.89	
-1344.86	
-1381.33	
-735.341	
-755.931	
-250.812	
-39.6298	
-359.902	
-1725.47	
-956.713	
-1536.57	
-1044.82	
-471.066	
-208.902	
-500.353	
434.123	
443.015	
-503.331	
-379.926	
-247.896	
-638.133	
318.31	
630.097	
-332.311	
-924.041	
-2098.01	
428.432	
-1879.2	
-196.815	
-1188.23	
-484.961	
-133.018	
-1142.24	
-847.487	
-429.829	
-2126.48	
-722.26	
-713.756	
-1356.51	
-502.553	
-1431.45	
387.411	
177.424	
-378.45	
-366.373	
-1587.94	
-35.8499	
-868.506	
-543.904	
-904.788	
-68.4683	
-784.346	
-495.453	
-346.495	
-279.449	
-921.341	
17.5217	
-37.1034	
-19.1345	
-651.761	
-183.607	
306.77	
-861.581	
15.6542	
-867.868	
-244.62	
-378.855	
121.742	
-1697.33	
-714.02	
123.189	
-823.81	
-62.1495	
-563.357	
-447.311	
-574.445	
349.383	
-2117.74	
-1192.1	
-679.24	
-803.89	
-1990.71	
-1034.48	
-48.6507	
-699.248	
893.773	
-894.605	
111.995	
-96.8255	
-549.51	
-261.758	
314.008	
-1773.19	
-706.826	
-432.474	
-333.243	
-126.322	
-31.73	
-671.993	
-56.4448	
-1109.19	
103.535	
1.22121	
-2278.86	
-1102.32	
-1724.98	
-717.157	
261.546	
-24.302	
-972.256	
-533.291	
-381.864	
-462.488	
319.715	
-706.554	
-1620.94	
-832.982	
-463.134	
-1717.62	
-617.887	
-1281.92	
-207.121	
-23.9439	
-164.41	
-496.356	
-1151.59	
-883.847	
-131.93	
-1179.32	
183.39	
-810.158	
62.6789	
-930.801	
-1260.94	
-553.542	
-733.587	
-682.761	
-464.093	
-83.2982	
-1177.84	
-7.81829	
-629.6	
6.84698	
-197.015	
-660.946	
-453.691	
425.501	
-1345.19	
-758.092	
-800.098	
-631.052	
-591.699	
-1647.22	
-1106.7	
-979.843	
-860.989	
-513.462	
-529.915	
-804.816	
-419.288	
-1167.91	
868.406	
-78.8293	
-1408.6	
-1683.86	
-435.584	
-793.006	
-1025.14	
-75.9716	
-309.676	
159.405	
594.585	
-427.582	
-559.651	
695.273	
-363.899	
-12.5365	
-824.136	
-1555.8	
-487.374	
-990.551	
-128.992	
-739.404	
-641.804	
263.917	
-766.175	
-561.135	
-910.254	
-529.762	
-542.269	
-1193.69	
-863.473	
38.7522	
-977.259	
296.058	
-825.918	
324.959	
180.521	
-1716.84	
-283.189	
52.1831	
-992.428	
354.316	
-533.177	
-459.825	
-595.888	
-1481.8	
-1086.45	
-808.695	
-515.653	
326.205	
240.697	
-955.041	
-562.073	
-448.925	
-1325.85	
-567.03	
-1189.57	
-422.351	
284.523	
-876.196	
-398.404	
-193.388	
-1170.04	
-103.208	
-841.338	
-1192.26	
-1337.41	
-224.462	
176.054	
-586.929	
-1475.98	
-184.496	
-389.243	
-897.654	
256.41	
-37.5024	
-120.367	
1358.34	
506.918	
-34.5773	
-269.426	
53.4511	
-23.9231	
-961.557	
-1272.36	
-763.847	
-381.281	
-26.3737	
-386.037	
76.8626	
-308.457	
-1317.97	
-561.075	
-499.4	
-183.309	
-1242.67	
-2032.91	
-751.021	
-488.564	
-468.887	
-193.148	
-218.243	
-1398.67	
-114.21	
-69.3311	
-441.307	
-246.468	
1170.08	
-1024.38	
182.093	
-1159.74	
-673.886	
364.3	
-128.055	
421.868	
-617.205	
-38.8571	
333.395	
-1067.85	
-475.001	
269.113	
-699.919	
126.058	
-561.457	
-128.628	
416.629	
-973.398	
-834.72	
-1172.64	
126.018	
-815.564	
-204.847	
-685.886	
-1475.62	
-861.155	
-377.353	
-422.389	
-18.7944	
-315.224	
-17.9359	
-174.88	
-122.926	
-954.179	
-1216.57	
361.525	
-1002.56	
-229.661	
225.732	
-630.785	
18.0125	
-843.308	
-572.874	
-1210.23	
-1142.33	
-220.949	
284.971	
-3545.47	
212.997	
-115.745	
436.596	
-1470.07	
-1459.72	
227.425	
-1575.58	
-1056.67	
-936.55	
-1114.55	
782.174	
-1192.53	
141.476	
-99.55	
-565.611	
-1855.01	
-125.445	
-786.546	
-1133.85	
185.863	
-594.935	
155.158	
-9.72715	
127.966	
-862.648	
-167.705	
-814.476	
-183.96	
-663.818	
245.172	
95.0709	
-576.143	
-227.344	
196.62	
-488.032	
-1842.18	
-1184.08	
-1039.79	
-728.467	
-360.436	
-495.905	
-793.141	
-394.739	
-61.3049	
-123.762	
-297.152	
19.9006	
-1331.71	
-39.3003	
-583.621	
-1414.49	
-880.106	
-940.454	
-323.122	
-1471	
-712.956	
-931.899	
-358.98	
-459.906	
565.565	
-604.439	
-699.233	
-400.023	
-1841.41	
-242.709	
-505.626	
75.8149	
-1451.36	
-2176.12	
-463.341	
-1067.57	
155.3	
-594.579	
-1074.58	
56.8031	
-1104.98	
-1137.18	
-92.9289	
112.989	
-1563.51	
-15.7095	
-438.278	
-1463.82	
412.085	
-946.727	
-498.176	
-1050.25	
-26.6109	
-534.096	
-247.328	
290.418	
-627.565	
-629.221	
-1416.13	
-1038.68	
-378.138	
-180.244	
-119.38	
-617.89	
8.96589	
-770.453	
652.342	
-511.376	
-689.221	
-1453.82	
-13.6367	
-927.349	
-141.152	
-858.191	
-973.146	
-1300.57	
-322.365	
-684.402	
-994.727	
-205.053	
-1265.87	
-536.405	
-290.015	
-1156.82	
-172.07	
-84.488	
676.175	
-313.286	
-470.67	
-1301.09	
-2686.99	
-304.404	
-751.92	
-280.239	
351.014	
86.6407	
-1370.17	
-1625.01	
-56.0906	
-547.483	
112.728	
21.3459	
-592.842	
-216.193	
-70.5071	
287.106	
-421.225	
-41.1675	
-154.522	
-45.0239	
-744.857	
-341.663	
-811.819	
-327.449	
-137.262	
-171.133	
-138.167	
-1849.34	
363.82	
-445.87	
-161.387	
-1528.59	
269.29	
-429.108	
-57.2512	
-533.445	
-763.798	
-658.804	
-843.278	
-240.934	
-478.462	
-1743.5	
-801.316	
-677.394	
318.416	
50.1425	
-382.141	
-203.913	
-213.464	
-191.256	
-830.596	
-407.026	
-71.2413	
504.564	
-433.425	
-926.71	
674.495	
-988.405	
-1529.27	
-1008.44	
-455.549	
-662.654	
-371.142	
-935.295	
-237.265	
-213.14	
-161.204	
-219.867	
-392.889	
-241.587	
-905.08	
-11.3549	
-729.526	
-559.467	
-827.009	
-768.688	
-685.485	
372.15	
-245.801	
-953.969	
-777.057	
-1300.65	
580.379	
462.393	
-1396.31	
-1259.88	
-191.154	
236.089	
362.772	
-316.901	
-1532.27	
-920.7	
-100.765	
-442.333	
-665.089	
-1015.91	
-363.974	
-706.781	
-163.875	
268.798	
-428.368	
-110.11	
-238.589	
-512.672	
-521.964	
-511.701	
-151.653	
-178.731	
216.986	
-532.593	
-374.18	
-538.306	
599.602	
-595.845	
-79.2687	
160.311	
-1035.23	
-753.516	
-599.66	
-56.7889	
-1028.64	
-178.5	
80.9595	
-900.729	
264.031	
-947.081	
-154.732	
-342.95	
-361.537	
