ibin	itheta	r0	V	sigma2	chi	Vn Errors
0	0	0.0000	0.0000	0.0000	0.0000	-nan
0	1	0.0000	0.0000	0.0000	0.0000	-nan
0	2	0.0000	0.0000	0.0000	0.0000	-nan
0	3	0.0000	0.0000	0.0000	0.0000	-nan
0	4	0.0000	0.0000	0.0000	0.0000	-nan
					0.0000	-nan

1	0	0.0000	0.0000	0.0000	0.0000	-nan
1	1	0.0000	0.0000	0.0000	0.0000	-nan
1	2	0.0000	0.0000	0.0000	0.0000	-nan
1	3	0.0000	0.0000	0.0000	0.0000	-nan
1	4	0.0000	0.0000	0.0000	0.0000	-nan
					0.0000	-nan

2	0	0.1870	0.0512	748.3760	0.4701	0.0046
2	1	0.1887	0.0507	748.3760	0.4659	0.0046
2	2	0.1746	0.0548	748.3760	0.5034	0.0050
2	3	0.1891	0.0506	748.3760	0.4649	0.0046
2	4	0.1963	0.0488	748.3760	0.4478	0.0044
					582.7749	0.5331

3	0	0.1915	0.0514	715.5394	0.4694	0.0047
3	1	0.1966	0.0501	715.5394	0.4573	0.0045
3	2	0.1939	0.0508	715.5394	0.4636	0.0046
3	3	0.1902	0.0518	715.5394	0.4728	0.0047
3	4	0.1936	0.0508	715.5394	0.4643	0.0046
					560.5029	0.5259

4	0	0.1859	0.0545	684.3701	0.4946	0.0029
4	1	0.1931	0.0525	684.3701	0.4760	0.0028
4	2	0.1941	0.0522	684.3701	0.4736	0.0028
4	3	0.1959	0.0517	684.3701	0.4693	0.0028
4	4	0.1897	0.0534	684.3701	0.4847	0.0029
					526.9441	0.5466

5	0	0.2214	0.0471	653.5876	0.4248	0.0057
5	1	0.1952	0.0535	653.5876	0.4819	0.0065
5	2	0.2155	0.0484	653.5876	0.4365	0.0059
5	3	0.2077	0.0503	653.5876	0.4530	0.0061
5	4	0.2127	0.0491	653.5876	0.4423	0.0059
					522.5804	0.5007

6	0	0.0000	0.0000	0.0000	0.0000	0.0000
6	1	0.1685	0.0638	624.1168	0.5711	0.3791
6	2	0.0000	0.0000	0.0000	0.0000	0.0000
6	3	0.0000	0.0000	0.0000	0.0000	0.0000
6	4	0.1704	0.0631	624.1168	0.5650	0.3750
					217.4255	0.3850

ibin	avgmult	avgpt	avgeta	Vn mean	Vn mean Error
0	0.0000	0.0000	0.0000	0.0000	-nan

1	0.0000	0.0000	0.0000	0.0000	-nan

2	251.2741	0.9374	0.0535	0.0512	0.0022

3	244.2702	0.9358	0.0534	0.0510	0.0022

4	237.3021	0.9343	0.0527	0.0529	0.0014

5	230.3892	0.9325	0.0525	0.0497	0.0028

6	223.6359	0.9305	0.0530	0.0254	0.0683

ibin	Nevent	totmultall	avgmultall	avgtrk
0	575758.0000	152745975.0000	265.2954	181.8805

1	772836.0000	199622071.0000	258.2981	176.8843

2	1029805.0000	258763288.0000	251.2741	171.8838

3	1357522.0000	331602173.0000	244.2702	166.8905

4	1769050.0000	419799275.0000	237.3021	161.8992

5	2242559.0000	516661285.0000	230.3892	156.9120

6	2706390.0000	605246015.0000	223.6359	151.9412

