1.017e+07	
1.30412e+07	
5.58072e+06	
1.22514e+07	
7.18587e+06	
148649	
6.96861e+06	
74380.6	
7.30681e+06	
1.05622e+07	
8.71728e+06	
1.09768e+07	
7.28846e+06	
221732	
63649.8	
197386	
1.41015e+07	
8.38745e+06	
7.3272e+06	
3.35991e+06	
5.30637e+06	
355061	
1.64009e+07	
4.88749e+06	
55497.6	
5.19236e+06	
6.75458e+06	
1.42131e+07	
6.4418e+06	
4.02023e+06	
4.8622e+06	
8.9816e+06	
7.01523e+06	
1.17085e+07	
1.03992e+07	
78409.6	
6.55605e+06	
7.48864e+06	
1.52607e+07	
8.90863e+06	
1.35476e+07	
7.48661e+06	
7.13254e+06	
1.25037e+07	
1.14252e+07	
1.62636e+07	
45862.2	
1.01081e+07	
3.46684e+06	
6.84979e+06	
1.42382e+07	
1.48243e+07	
201681	
6.78685e+06	
7.42704e+06	
54240.9	
6.53822e+06	
1.38615e+07	
6.4413e+06	
5.27854e+06	
8.87833e+06	
1.70802e+07	
1.08015e+07	
161949	
81766.1	
6.99732e+06	
1.35387e+07	
5.09932e+06	
4.10562e+06	
39730.2	
7.69089e+06	
1.00903e+07	
1.15416e+07	
1.24225e+07	
3.80808e+06	
6.52393e+06	
4.93963e+06	
1.10983e+07	
7.5782e+06	
8.37244e+06	
5.15675e+06	
1.35295e+07	
1.55604e+07	
9.41863e+06	
8.57918e+06	
8.11783e+06	
6.64588e+06	
6.53344e+06	
6.16627e+06	
4.65693e+06	
6.63297e+06	
1.04705e+07	
1.00602e+07	
9.51972e+06	
9.70837e+06	
1.33903e+07	
4.93714e+06	
1.61677e+07	
1.77161e+07	
9.23338e+06	
1.40525e+07	
6.4491e+06	
7.13475e+06	
1.20065e+07	
1.0626e+07	
1.32738e+07	
7.88501e+06	
4.6076e+06	
1.05793e+07	
1.28899e+07	
9.97868e+06	
7.7817e+06	
7.80288e+06	
152710	
6.01202e+06	
1.4605e+07	
8.2454e+06	
8.96099e+06	
8.82144e+06	
3.1001e+06	
1.13192e+07	
6.76328e+06	
6.7529e+06	
6.17183e+06	
4.388e+06	
1.43104e+07	
4.8335e+06	
163282	
7.2545e+06	
1.07013e+07	
1.37905e+07	
4.11139e+06	
1.09959e+07	
6.88148e+06	
158948	
1.34207e+07	
9.1252e+06	
1.65132e+07	
9.70252e+06	
6.76733e+06	
4.80764e+06	
6.60763e+06	
167999	
