ibin	iptbin	itheta	r0	V	sigma2	chi	Vn Errors
0	0	0	0.1186	0.0395	2444.5442	0.4100	0.0071
0	0	1	0.1570	0.0298	2444.5442	0.3099	0.0053
0	0	2	0.1511	0.0310	2444.5442	0.3218	0.0055
0	0	3	0.1065	0.0440	2444.5442	0.4568	0.0079
0	0	4	0.1170	0.0400	2444.5442	0.4155	0.0072
0	0	5	0.1022	0.0458	2444.5442	0.4758	0.0082
0	0	6	0.0979	0.0478	2444.5442	0.4966	0.0086
0	0	7	0.0999	0.0469	2444.5442	0.4869	0.0084
0	0	8	0.1014	0.0462	2444.5442	0.4796	0.0083
0	0	9	0.1056	0.0443	2444.5442	0.4606	0.0079
					1989.7093	0.4781


ibin	iptbin	avgmult	avgpt	Vn mean	Vn mean Error
0	0	513.4716	0.9171	0.0415	0.0033

ibin	Nevent	totmultall	avgmultall	avgtrk
0	3125265.0000	1604734682.0000	513.4716	231.4860

