1115.59	
2707.02	
2004	
1014.76	
-2978.98	
8.7193	
3165.66	
-2646.13	
6681.45	
1439.89	
3829.28	
-2628.6	
3837.04	
-386.745	
-3520.77	
-1439.23	
-5997.72	
1038.16	
-5438.58	
783.562	
-4111.32	
-4325.59	
104.229	
605.241	
3201.44	
1171.88	
-2198.66	
53.4616	
1495.07	
-376.993	
3251.6	
2085.37	
-2775.27	
1419.89	
1136.58	
3680.62	
-145.655	
-2723.41	
3358.71	
910.126	
-520.877	
982.621	
-2342.42	
627.912	
393.329	
-1368.96	
-1773.89	
1649	
-3329.86	
-787.944	
831.291	
-383.8	
599.22	
-3216.69	
4000.72	
-2060.24	
-656.054	
-2757.35	
928.031	
-2032.44	
-4352.11	
177.166	
6.89042	
-1756.16	
2249.83	
-623.725	
-113.246	
1637.74	
5888.11	
-1867.19	
-3952.87	
-1885.38	
-1354.14	
-757.909	
-3097.7	
131.885	
5258.84	
-2856.21	
288.698	
-7947.65	
-988.84	
-5582.4	
-1484.39	
2750.06	
-2451.09	
609.332	
3179.06	
-2910.62	
-1648.35	
232.017	
117.505	
624.779	
4096.41	
-2544.99	
-3744.28	
8914.75	
-5088.74	
-1110.23	
-690.74	
3569.81	
-9.45972	
-6334.43	
447.977	
170.726	
-990.399	
1748.44	
528.136	
-6521.14	
1685	
893.065	
-4404.01	
2038.99	
-9167.03	
-2435.04	
4105.25	
3024.12	
5476.27	
3293.91	
706.575	
2135.98	
1654.07	
415.964	
-3198.41	
-3080.86	
54.4678	
-3563.22	
2492.31	
2758.03	
-2339.06	
-4019.02	
-1868.11	
-1770.43	
1015.5	
2154.79	
5174.67	
-2148.78	
-749.869	
-1068.35	
-4638.35	
2196.99	
-5214.27	
3559.31	
1884.82	
-3039.46	
-756.931	
2744.21	
73.5748	
-1085.85	
-4863.54	
6209.21	
-581.911	
-2569.88	
3019.41	
-4271.12	
-2900.23	
2187.02	
-1962.43	
-6747.35	
-1685.23	
517.48	
1524.58	
2552.71	
476.215	
1073.81	
1059.1	
2112.9	
490.668	
-3670.45	
2476.8	
2820.67	
-2425.45	
2723.33	
3441.3	
1602.73	
3228.42	
3770.46	
-286.134	
-4517.3	
272.744	
-1310.67	
13445.8	
931.486	
1145.19	
935.343	
-6946.1	
-3954.03	
627.778	
-2486.41	
3769.63	
-6212.04	
1326.25	
-1515.99	
-3476.59	
-2820.18	
661.806	
5772.98	
3896.45	
-9226.44	
1788.9	
679.977	
-2552.82	
6923.05	
2532.65	
384.504	
-2368.89	
3804.18	
-3153.3	
2537.37	
615.838	
-405.798	
3222.7	
-2963.7	
2689.87	
8058.64	
2049.65	
5869.51	
-4918.62	
-633.612	
-1071.22	
1622.03	
-2906.27	
4633.67	
1386.29	
-7172	
523.122	
-8260.66	
-295.056	
-417.881	
2538.4	
-1972.97	
-1571.79	
534.797	
2552.35	
-6189.44	
-2265.86	
3990.07	
1990.63	
-1648.56	
-5878.42	
3130.36	
1669.78	
-4101.82	
3535.66	
1904.97	
-2765.44	
-809.628	
-7026.83	
4806.01	
-482.577	
3924.79	
-4254.18	
1669.4	
-30.0771	
-1245.51	
-227.157	
5660.65	
-4.70115	
2196.87	
196.932	
-575.831	
-6693.42	
6071.98	
-8249.46	
2708.87	
-1791.54	
128.855	
-2853.06	
-5307.67	
1859.67	
-507.711	
1843.81	
10084.7	
799.084	
-681.787	
984.781	
2517.31	
-784.791	
2987.21	
5726.67	
2634.42	
-8418.77	
-8806.11	
-1900.12	
1710.38	
1998.4	
3465.13	
-2742.16	
-409.274	
-1928.45	
-1793.5	
7020.87	
792.129	
-926.936	
1762.61	
-1838.65	
-6398.45	
2076.77	
1083.82	
-1846.97	
-1756.96	
-1874.47	
437.785	
11569.9	
3583.27	
-2874.31	
-1137.23	
-2112.89	
-8526.08	
-1814.55	
-666.378	
-3700.33	
2616.98	
-5829.21	
-4643.14	
2320.79	
3994.31	
-642.991	
3103.38	
-537.985	
-657.646	
1500.12	
3382.1	
3470.98	
-4550.58	
-1352.39	
-4408.66	
369.521	
-2619.53	
3642.73	
-1728.64	
1404.16	
-1875.34	
5960.58	
-5420.69	
-354.794	
-788.523	
1267.29	
3672.46	
-5203.34	
-1387.88	
-1590.42	
-1477.19	
3353.58	
1583.88	
7198.69	
-4439.29	
3402.91	
1416.11	
-4724.79	
-1562.12	
3106.05	
6194.48	
2301.11	
1705.61	
-2114.38	
347.842	
-2349.63	
1729.96	
-5715	
2612.56	
-3121	
1512.58	
8709.48	
-3401.87	
-1059.07	
5282.1	
-625.564	
738.821	
-183.334	
-912.214	
-3784.98	
1618.77	
3621.78	
-1331.22	
10648.1	
-792.177	
-6331.47	
1426.71	
4144.18	
-947.56	
-2131.72	
-519.322	
-2331.23	
-577.11	
-4384.73	
-3525.15	
-2562.81	
-3167.31	
-5054.47	
-2744.15	
3347.14	
-1157.4	
4411.27	
6131	
-979.666	
2523.7	
911.105	
-191.172	
-3595.52	
-4944.72	
-2541.68	
-7318.25	
-2404.38	
-3249.27	
227.729	
-602.676	
-1115.99	
298.689	
1373.66	
-5444.43	
-121.835	
-3213.76	
1336.75	
6761.4	
-3600.29	
-2994.22	
2409.88	
9037.72	
2549.46	
-815.132	
1280.37	
-727.967	
5717.57	
-959.414	
-2274.75	
7665.6	
2855.07	
3626.17	
-740.964	
-870.52	
-2221.78	
2425.64	
-518.386	
3537.13	
-2122.02	
-3514.4	
-612.633	
-1305.01	
-837.511	
-621.527	
-2078.75	
1332.41	
-9843.38	
-8372.14	
1055.09	
838.81	
3544.47	
-1157.45	
1835.12	
-2574.38	
-676.015	
8755	
218.183	
-4203.06	
2343.26	
810.281	
308.302	
-908.45	
1520.7	
3265.28	
-483.115	
1719.83	
4128.05	
-702.369	
151.075	
-5433.61	
345.794	
3050.41	
-7861.79	
898.015	
-5122.36	
-5306.5	
231.269	
-3937.28	
2458.37	
2255.83	
-5294.57	
-1530.87	
7334.24	
-228.661	
5245.22	
5457.13	
3385.26	
-1631.91	
-350.052	
8632.5	
153.502	
-2988.06	
-2444.43	
-370.626	
-4864.87	
880.238	
-3854.39	
-4753.25	
1641.9	
3499.27	
654.405	
-1095.41	
913.675	
-2871.35	
-4939.19	
-3077.66	
-2770.9	
-421.454	
-1076.74	
4014.38	
4553.88	
-4351.95	
-460.65	
-4727.59	
-231.811	
-2371.06	
-5669.82	
-1825.7	
3262.07	
-6667.22	
4164.43	
628.035	
