ibin	iptbin	itheta	r0	V	sigma2	chi	Vn Errors
0	0	0	0.1128	0.0577	1828.4878	0.4984	0.0008
0	0	1	0.1116	0.0584	1828.4878	0.5042	0.0008
0	0	2	0.1114	0.0585	1828.4878	0.5048	0.0008
0	0	3	0.1126	0.0579	1828.4878	0.4995	0.0008
0	0	4	0.1134	0.0575	1828.4878	0.4961	0.0008
0	0	5	0.1110	0.0587	1828.4878	0.5068	0.0008
0	0	6	0.1135	0.0574	1828.4878	0.4957	0.0008
0	0	7	0.1156	0.0563	1828.4878	0.4864	0.0008
0	0	8	0.1125	0.0579	1828.4878	0.4999	0.0008
0	0	9	0.1169	0.0557	1828.4878	0.4810	0.0008


ibin	iptbin	avgmult	avgpt	Vn mean	Vn mean Error
0	0	369.1586	0.8949	0.0576	0.0004

ibin	Nevent	totmultall	avgmultall	avgtrk
0	10453920.0000	3859154811.0000	369.1586	162.0914

