ibin	itheta	r0	V	sigma2	chi	Vn Errors
0	0	0.0705	0.0859	2276.3004	0.7147	0.0006
0	1	0.0711	0.0851	2276.3004	0.7088	0.0006
0	2	0.0703	0.0862	2276.3004	0.7175	0.0006
0	3	0.0701	0.0863	2276.3004	0.7188	0.0006
0	4	0.0706	0.0858	2276.3004	0.7141	0.0006
					1113.3286	1.0221

1	0	0.0770	0.0848	1966.0925	0.7045	0.0008
1	1	0.0775	0.0843	1966.0925	0.6999	0.0008
1	2	0.0778	0.0839	1966.0925	0.6967	0.0007
1	3	0.0778	0.0840	1966.0925	0.6975	0.0008
1	4	0.0766	0.0853	1966.0925	0.7081	0.0008
					998.9720	0.9839

2	0	0.0877	0.0823	1628.1185	0.6793	0.0006
2	1	0.0881	0.0820	1628.1185	0.6768	0.0006
2	2	0.0857	0.0843	1628.1185	0.6953	0.0006
2	3	0.0861	0.0839	1628.1185	0.6926	0.0006
2	4	0.0865	0.0835	1628.1185	0.6893	0.0006
					860.4369	0.9446

3	0	0.1047	0.0802	1217.2103	0.6581	0.0006
3	1	0.1037	0.0811	1217.2103	0.6650	0.0006
3	2	0.1033	0.0813	1217.2103	0.6672	0.0007
3	3	0.1040	0.0808	1217.2103	0.6626	0.0006
3	4	0.1035	0.0812	1217.2103	0.6662	0.0007
					680.8449	0.8876

4	0	0.1299	0.0765	884.4502	0.6223	0.0008
4	1	0.1287	0.0772	884.4502	0.6283	0.0009
4	2	0.1278	0.0778	884.4502	0.6329	0.0009
4	3	0.1273	0.0780	884.4502	0.6353	0.0009
4	4	0.1243	0.0799	884.4502	0.6505	0.0009
					529.1090	0.8195

5	0	0.1556	0.0770	628.7006	0.6163	0.0011
5	1	0.1560	0.0768	628.7006	0.6148	0.0011
5	2	0.1571	0.0763	628.7006	0.6105	0.0011
5	3	0.1621	0.0739	628.7006	0.5918	0.0011
5	4	0.1621	0.0739	628.7006	0.5918	0.0011
					398.5518	0.7599

6	0	0.2013	0.0737	427.4535	0.5777	0.0014
6	1	0.2036	0.0728	427.4535	0.5713	0.0014
6	2	0.1964	0.0755	427.4535	0.5923	0.0014
6	3	0.1953	0.0759	427.4535	0.5955	0.0014
6	4	0.1948	0.0761	427.4535	0.5971	0.0014
					280.2774	0.7246

7	0	0.2517	0.0721	301.6326	0.5500	0.0042
7	1	0.2772	0.0654	301.6326	0.4995	0.0038
7	2	0.2470	0.0734	301.6326	0.5606	0.0043
7	3	0.2593	0.0699	301.6326	0.5339	0.0041
7	4	0.2854	0.0636	301.6326	0.4852	0.0037
					218.2342	0.6182

8	0	0.3223	0.0687	216.6809	0.5069	0.0056
8	1	0.3210	0.0690	216.6809	0.5089	0.0057
8	2	0.3159	0.0701	216.6809	0.5172	0.0057
8	3	0.3373	0.0657	216.6809	0.4844	0.0054
8	4	0.3183	0.0696	216.6809	0.5133	0.0057
					161.1713	0.5869

9	0	0.4041	0.0705	148.1435	0.4890	0.0050
9	1	0.3828	0.0744	148.1435	0.5162	0.0053
9	2	0.3971	0.0717	148.1435	0.4976	0.0051
9	3	0.3754	0.0759	148.1435	0.5263	0.0054
9	4	0.3874	0.0735	148.1435	0.5101	0.0052
					109.9401	0.5895

10	0	0.4658	0.0774	104.9962	0.5039	0.0105
10	1	0.4725	0.0763	104.9962	0.4967	0.0104
10	2	0.4684	0.0770	104.9962	0.5011	0.0104
10	3	0.4782	0.0754	104.9962	0.4908	0.0102
10	4	0.5085	0.0709	104.9962	0.4615	0.0096
					79.7038	0.5633

ibin	avgmult	avgpt	avgeta	Vn mean	Vn mean Error
0	397.1727	0.8037	-0.0036	0.0859	0.0003

1	368.2594	0.8010	-0.0031	0.0844	0.0004

2	332.9867	0.7982	-0.0038	0.0832	0.0003

3	286.1380	0.7942	-0.0034	0.0809	0.0004

4	242.0625	0.7898	-0.0037	0.0779	0.0005

5	200.6802	0.7853	-0.0037	0.0756	0.0006

6	162.1467	0.7811	-0.0038	0.0748	0.0007

7	132.5720	0.7771	-0.0036	0.0689	0.0020

8	108.5471	0.7730	-0.0040	0.0686	0.0028

9	84.4448	0.7684	-0.0037	0.0732	0.0026

10	66.7239	0.7626	-0.0039	0.0754	0.0050

ibin	Nevent	totmultall	avgmultall	avgtrk
0	111769.0000	44391596.0000	397.1727	334.3149

1	79639.0000	29327810.0000	368.2594	309.3977

2	173381.0000	57733575.0000	332.9867	279.1278

3	196253.0000	56155450.0000	286.1380	239.0747

4	194998.0000	47201694.0000	242.0625	201.5590

5	225668.0000	45287090.0000	200.6802	166.5163

6	228683.0000	37080185.0000	162.1467	134.0626

7	180475.0000	23925932.0000	132.5720	109.2577

8	211524.0000	22960320.0000	108.5471	89.1716

9	260551.0000	22002181.0000	84.4448	69.1089

10	157908.0000	10536232.0000	66.7239	54.3816

