686.922	1523.14	198.15	191.837	92.11	299.688	9.04441	72.8483	-5.23228	
941.635	-193.659	51.0383	188.624	-127.579	252.448	54.6003	55.4228	-11.4171	
140.862	-806.445	-369.092	91.1224	-108.669	91.0091	-52.5661	9.22442	13.8854	
333.71	1003.07	160.516	185.129	-138.119	179.309	30.6032	24.9796	0.677639	
517.464	823.121	92.0482	98.8125	17.4005	149.174	-18.2606	-11.7713	9.50573	
301.002	611.646	158.574	27.3621	207.471	143.95	38.3546	-52.8806	-5.52858	
-68.8703	347.682	118.846	28.7348	53.2347	185.195	125.232	-45.3603	1.61781	
-197.142	-519.332	-312.195	-5.59574	-144.674	-15.1333	173.773	-88.6858	10.1501	
-37.8067	100.132	-445.437	227.832	43.9177	-5.67016	35.6306	-67.5944	-25.5378	
-337.918	-508.804	-572.718	92.6482	20.8586	9.08676	-121.619	-43.8637	3.90106	

-2377.29	1509.69	-3756.43	-7258.79	-1541.4	270.074	310.93	-87.8095	240.438	
-1933.93	-442.871	25.6689	-3315.45	-1137.73	882.859	-13.3537	77.6521	147.797	
-1889.84	3470.25	-312.609	185.919	-78.2299	732.451	146.831	-59.188	-123.203	
2149.93	7702.16	4495.58	2243.81	122.807	618.604	1085	249.557	-120.241	
695.854	687.354	1863.19	-382.081	-1525.79	-193.1	161.393	154.005	-296.383	
2720.61	1824.68	-1779.29	789.856	-1300.05	477.797	386.628	146.713	8.68688	
-849.213	-5296.53	-2136.96	740.457	-31.9431	367.992	168.273	171.661	107.318	
-474.668	-2062.14	842.283	2805.7	106.494	830.197	297.31	245.419	46.2798	
-87.791	-1921.31	-2566.6	1050.79	-1511.57	1202.27	441.926	59.4895	-16.119	
1867.38	4919.34	-2124.97	-2173.65	-610.049	1088.1	241.144	-97.0048	181.422	

25.95	314.138	291.417	86.2108	-45.378	-155.629	-162.355	32.3369	-26.5628	
902.099	1323.76	345.897	31.0716	-92.4328	56.144	23.3781	-38.1518	-7.41639	
-22.8757	-17.1604	-93.3875	-256.836	27.0858	82.5941	58.8391	87.6105	25.5551	
-708.927	-945.499	-830.131	-273.23	-129.394	-115.27	30.0786	68.7759	-27.6339	
-565.627	-547.359	-478.41	-192.957	-62.6061	-100.662	93.672	-9.74315	-31.2922	
131.938	-175.775	-12.9618	-145.762	-27.1738	-5.09234	52.2562	-9.03526	-6.69271	
-41.7764	-111.732	-34.3481	-124.181	-56.335	8.77976	-0.885596	26.3652	5.42959	
-395.4	-663.478	-35.8526	-38.6397	9.13703	-20.0615	-12.2334	14.0029	35.8401	
-365.532	-141.375	-227.239	173.279	54.298	-40.4735	-39.7864	-48.7264	-6.13436	
-874.454	-89.5738	-333.188	141.204	8.42674	-52.3744	-25.5165	-17.453	-10.8389	

-2041.99	-2208.2	828.64	-2806.28	-3562.71	749.585	1655.44	-34.054	340.08	
-155.899	4208.97	-911.367	-4576.06	-373.713	-161.322	1111.55	-31.5182	114.887	
1959.87	12840.6	2407.11	-1372.08	1347.11	1509.91	1463.28	-18.8305	110.013	
-3672.83	5518.23	-976.541	224.446	389.515	469.782	1722.42	225.815	-150.831	
-7593.14	-6744.96	-9853.61	668.869	-147.144	-1734.09	889.534	-109.32	-319.77	
-3925.66	-6871.62	-4882.91	-678.594	-1587.36	-500.887	-481.341	-219.057	-174.759	
-1540.72	-1365	982.487	-1046.58	-840.832	-284.511	-102.253	192.923	-231.417	
-4525.4	-5769.69	-921.229	-1986.52	-144.217	-1083.1	42.7098	132.771	-252.113	
-4592.05	-266.418	4176.59	-813.543	-1428.68	-801.016	638.467	104.395	-225.548	
-5571.87	-3306.56	2863.93	-1504.45	-2510.04	297.387	575.895	0.331505	87.3332	

-3869.7	-18565.2	-15696.5	-1907.1	444.508	-1750.65	-916.633	713.599	-352.374	
-3333.73	-5569.15	-2361.44	2247.92	180.389	1866.59	892.592	569.981	-85.1791	
-2546.99	-3819.28	1488.72	-2265.06	1128.85	1964.6	-71.9976	-352.094	-208.869	
-8051.64	-6856.89	-5143.22	-796.884	215.417	-1173.97	-296.254	-1149.75	-381.976	
-1946.55	7909.94	-745.87	2635.46	624.502	-1063.07	1682.8	-516.933	203.545	
-98.697	-497.849	-1702.37	954.388	1214.37	-821.333	2021.12	-162.227	50.3728	
-1718.5	-1084.79	1619.4	532.85	858.825	-354.05	1614.82	-512.449	-17.176	
-1552.6	-4264.39	-3688.01	86.6615	-292.894	-42.1891	-20.595	-302.131	-104.509	
-688.46	-11141.2	-4536.99	1858.93	-1392.58	187.443	-946.554	209.24	-109.764	
406.345	-5685.2	-6245.05	-2628.94	653.315	-367.304	-909.837	239.796	-33.6233	

-11429.2	-29257.3	-25314.8	-11122.3	3741.21	-1926.16	1202.95	-816.532	95.0696	
-7199.84	-10172.9	-17963.9	-5440	865.725	-859.303	2265.95	-958.424	-34.3171	
-11750.3	-15514.3	-10576.8	-8134.51	-1809.22	-914.494	2608.33	-1111.37	-232.88	
5690.02	7675.44	3890.05	-3450.68	-309.493	25.8649	1450.72	227.237	-129.965	
1189.21	-6630.5	-1186.08	-1968.07	-1708.05	-1490.35	332.165	-154.494	-295.016	
-435.673	3817.5	790.925	-245.056	-364.44	213.42	125.588	612.884	6.84391	
1963.94	5880.57	-1477.74	2738.94	90.9953	-578.149	-1153.65	647.609	96.3369	
-5655.1	-4076.15	-9408.35	-1826.71	-941.706	-1294.69	-289.673	-287.819	-142.666	
-5447.12	-10132.9	-6129.95	-4151.33	1586.35	-1646.95	647.189	-637.091	45.5965	
-1540.99	-5229.51	283.603	-3163.75	4164.67	-858.115	996.424	267.721	-167.048	

1980.09	1205.48	836.93	718.254	58.8192	94.9306	411.364	-65.3865	-20.7693	
2987.02	5457.37	1539.07	709.652	553.037	189.574	431.531	241.91	17.0569	
147.516	1525.53	-249.861	708.647	194.687	-15.3333	59.2834	223.311	120.762	
-726.004	305.917	-701.159	-60.1229	-121.82	-8.81535	94.7699	86.196	84.7016	
-691.536	-1686.67	-1155.65	-772.798	-169.135	-97.8724	-77.0833	-27.9908	39.3363	
-400.456	-1841.93	-53.2527	-869.3	123.827	-183.296	-13.0265	-24.0349	-12.8531	
-184.965	-1693.15	-171.108	-687.184	-162.813	0.864338	-97.833	-61.3531	-39.4248	
-47.8093	1359.95	395.868	-256.966	-255.006	112.395	-17.0584	-26.905	-17.4469	
-1031.12	1072.52	-30.1197	110.03	460.722	78.0691	95.3783	-40.6488	-46.4949	
116.571	1061.05	559.021	553.676	429.818	180.378	294.921	62.4182	1.95317	

-6248.38	10257.7	550.852	-5262.17	-4523.63	-51.8137	-400.135	31.3837	-289.35	
-11922.3	7985.49	2466.91	-1184.46	-2585.51	1097.41	-242.347	515.571	-389.728	
-2453.21	1671.76	4274.13	-101.231	520.749	-1833.59	-1583.57	92.7654	114.714	
3521.47	5737.87	3191.25	2939.77	326.794	449.346	-1455.98	-186.999	-338.763	
564.262	7736.07	1693.68	4258.35	2681.65	2605.93	-687.887	-131.53	-137.337	
-677.623	-4682.5	-1326.65	-1299.3	1459.44	1903.55	-736.457	-634.604	298.627	
-316.98	-4539.84	1499.45	-2453.11	3.69422	1110.82	2.74161	-543.653	147.19	
1932.94	-1354.99	1735.83	-1128.29	-1587.33	997.164	-1201.95	-338.964	-27.3146	
-10374.6	-7917.58	-3549.14	-4396.53	-1826.08	-241.432	-730.169	57.6415	-152.285	
-5488.65	2435.92	-577.588	-2172.25	-1556.51	368.98	613.24	156.818	-315.835	

-9728.67	97.1204	-9042.26	154.091	-2194.28	-625.387	-1353.01	-189.799	-583.266	
-5139.63	-13399.9	-9734.08	-1179.99	-349.124	-1470.47	-1374.06	1060.66	-144.657	
-3843	-12444.2	556.633	-886.861	-126.409	-1778.77	-399.203	202.482	-843.964	
5721.35	7462.22	4435.99	6931.77	1744.31	1737.22	634.536	-383.428	-334.794	
4843.08	6482.99	2795.41	3191.71	3358.31	808.531	828.393	-174.55	163.942	
867.17	265.075	-667.052	-1751.1	-326.517	-484.059	-142.888	-68.4196	-345.149	
-1639.62	2225.82	-345.901	-1337.79	510.879	-1079.99	-367.937	71.1315	-461.239	
-3399.03	12696.4	-1087.23	1183.13	78.2463	123.56	-691.599	236.962	-138.118	
-3576.69	12007.6	852.129	473.362	161.647	1762.49	-967.738	151.898	-114.431	
-2023.12	9975.21	705.649	-2127.18	-476.616	-298.136	-78.5727	-332.569	-260.247	

-4481.41	-14783.8	-172.637	-643.829	688.157	2772.39	-1729.31	-1381.9	120.824	
-660.975	-123.626	2373.72	678.663	4485.88	2242.55	430.393	268.559	266.766	
-1616.97	-1334.04	5056.09	1121	-170.936	1348.79	52.0339	206.154	-24.406	
1314.44	-10440.8	2073.17	420.901	-2249.25	-361.415	-355.943	17.489	-223.477	
4804.87	4831.67	2511.37	2425.5	3874.26	211.608	474.717	-519.903	-256.205	
2276.09	13324.6	5210.86	3069.4	4347.54	519.587	1277.35	-692.028	-200.801	
-1204.88	2978.81	1494.99	2280.05	1620.96	219.364	627.131	-216.764	-338.961	
5013.59	12553.7	5308.35	8251.34	1617.43	234.361	1611.7	596.741	-202.502	
3776.63	12035.1	2570.29	4807.41	970.092	-1549.43	782.317	-214.507	394.131	
2123.18	1035.53	-1441.36	1302.62	-722.149	-341.508	497.429	-522.548	103.999	

-3729.69	2343.78	273.86	-776.071	-298.69	870.338	2147.93	817.312	-305.873	
-6775.08	-12036	-5821.3	-306.699	-1163.36	-244.493	2103.62	-6.90846	70.7009	
11699.2	18492.4	10431.2	2615.27	1646.18	83.61	407.42	729.135	16.3401	
2658.78	15804.5	6618.83	2931.07	-634.495	27.6998	440.771	929.119	-7.42791	
4106.42	7790.38	8175.34	4499.63	-383.531	735.692	874.897	-24.4509	230.871	
-2955.92	-11700.6	-6286.45	-1231.9	-3224.86	436.894	-361.602	-421.551	92.0495	
2498.94	-6641.14	-7720.99	-858.718	-2592.78	-490.409	-1037.31	-300.91	77.9352	
4673.42	803.377	-2032.61	-713.887	-1135.15	-1260.22	-1455.76	-916.447	-327.611	
-3243.44	-6527.23	405.959	-2120.54	-892.27	-818.196	-276.992	-422.77	-616.799	
-2238.5	9003.23	3492.62	4424.33	935.259	388.002	732.156	442.672	5.10299	

-539.575	-1752.96	-1071.87	-227.48	-312.462	-24.4792	-100.776	14.0544	-43.8884	
171.143	-13.3177	311.654	219.513	-22.5856	-139.524	136.439	30.7991	-28.7846	
380.68	163.287	218.455	-122.016	-14.043	-121.794	113.416	-13.3609	-11.324	
757.041	262.379	26.1599	19.9131	-48.2946	-61.4106	20.7269	-5.52669	-13.1908	
585.733	562.644	401.449	166.787	21.1275	0.0107839	14.0067	17.171	-8.77361	
84.8611	799.058	447.903	19.0859	86.314	7.6862	31.4718	-7.29762	-18.7353	
5.68386	653.616	268.171	70.5975	-20.7592	22.3993	65.5355	18.3741	-12.7876	
330.231	1029.4	778.861	158.255	22.663	81.0655	192.794	68.5054	2.13726	
331.032	1389.43	996.984	112.414	145.198	83.9227	114.02	36.7036	-8.21209	
-326.358	-257.931	-27.8816	-72.0201	-47.4518	13.5244	-71.0882	7.68559	-7.4894	

-21538.1	-9152.07	-5293.92	-2202.24	-2246.18	-1049.99	1060.98	1119.11	-50.4241	
-2317.97	-9402.87	-8106.53	95.4891	-2534.87	180.808	-336.348	-203.355	-45.5418	
4435.57	5150.21	-1280.18	1599.45	561.018	110.681	-988.807	34.5611	374.817	
2738.08	1633.98	-3881.78	-830.208	-2284.64	-508.625	-47.4409	-252.291	168.56	
11253.6	14982.9	5101.77	2923.74	-67.3772	-452.251	1026.55	55.3147	-183.918	
2930.89	10610.9	7207	2462.89	1129.49	690.692	7.56309	-339.698	-179.594	
-3847.38	-1536.33	659.032	-2373.09	-1969.12	71.4778	-594.229	-828.771	1.18892	
2152.23	-1641.88	2965.95	-782.12	1609.99	1596.05	-62.3756	-214.312	229.285	
-5090.5	-14454.2	-981.325	-1968.57	2335.98	-25.1056	-945.178	407.737	-36.1763	
-277.091	-2555.34	2079.25	119.758	1286.92	-849.988	244.139	1106.02	-212.601	

-1110.76	-2329.46	-766.527	-293.374	-235.63	-66.344	-76.5094	-95.6604	-52.1327	
-136.342	382.597	-204.317	-77.6187	130.453	194.459	-88.2608	-6.43006	-18.2371	
373.95	1339.88	72.6069	145.161	-111.797	100.885	9.88872	71.6434	-14.239	
-802.421	-216.61	-416.64	38.9125	-58.4079	-171.883	-96.0691	30.6373	-33.6567	
-432.273	-595.842	-131.071	187.036	-200.814	-201.175	-129.346	49.9646	-62.1632	
-308.277	-500.125	165.338	-56.9401	-166.459	-180.628	-66.7203	-24.249	-41.0436	
140.319	-108.421	319.532	74.6055	-68.062	-142.134	-69.1246	-44.1935	-13.4564	
214.024	-363.313	228.083	-24.4186	-35.6541	-90.6874	-8.76341	26.1624	21.2434	
409.716	910.032	839.318	35.7949	135.935	54.5987	124.139	59.3504	30.5084	
-18.8843	720.782	678.012	226.183	69.2556	54.4341	51.9328	9.39952	-5.60523	

-2439.66	-21221.6	-5315.15	-4407.88	-2285.82	-693.587	-149.042	2.12967	146.256	
5277.48	-1555.57	3861.28	-1243.5	-756.991	-148.936	522.198	-188.631	-5.29545	
1086.91	4920.19	-266.771	-2273.66	-1101.27	-1144.03	1936.72	-432.797	-43.1091	
-311.015	-8268.22	-1920.31	-1609.38	835.247	342.093	-531.619	4.3953	201.791	
-425.929	-6188.17	-3476.9	891.805	436.536	1798.76	-1176.86	300.493	124.285	
2132.76	5234.47	1725.04	3590.15	774.111	-349.411	461.773	570.81	33.8623	
1583.04	8479.31	-712.182	1808.99	220.367	-39.1282	-308.807	210.03	215.784	
-510.692	-690.05	-7751.22	-158.862	-1118.27	-123.55	-456.09	-288.083	116.722	
8863.07	3225.19	1562.7	2481.43	-1748.85	-150.706	-260.838	-621.574	120.241	
411.234	-6435.9	-1536.01	806.671	286.242	-29.2357	-330.339	-489.181	17.3073	

4690.26	-8144.78	6799.12	2939.32	1739.45	-1033.93	125.483	184.979	-101.568	
1438.35	-7790.41	76.3045	2922.73	2017.27	-735.747	1350.66	972.913	-122.735	
-2329.68	-2179.93	1269.15	-737.61	1304.15	-1293.38	-164.399	565.053	-317.523	
-1092.47	89.8324	-1338.07	-1147.83	1406.97	460.504	-317.715	169.369	199.899	
3385.43	7948.2	2382.25	1232.77	1900.82	631.949	307.324	218.857	106.832	
1363.01	8129.18	1943.72	-146.934	-45.2073	829.68	-148.662	-237.542	31.4267	
-1696.39	166.748	-780.932	-1648.93	-226.453	-451.974	391.969	-99.0258	205.039	
-553.618	-4432.11	-2991.15	-2077.45	-514.996	-1442.93	370.29	-49.4052	63.8016	
1062.62	704.108	-1253.37	-2635.36	-169.12	-436.028	-163.252	24.5206	204.87	
6163.61	5445.13	4288.63	-1135.1	207.137	18.2792	-127.358	160.7	280.415	

2296.27	-4972.93	-4515.71	2145.11	-788.081	4400.07	653.253	120.953	268.393	
-6143.73	-3291	-9575.9	1665.07	-2733.78	1404.6	518.558	-453.889	-294.099	
-3424.33	3966.77	-6270.09	915.693	662.125	21.8465	2410.94	194.388	107.562	
7330.08	4927.76	95.1633	-907.916	496.044	-524.749	1379.44	315.988	63.0383	
1558.34	659.148	-174.972	438.91	470.218	-1297.3	-250.252	243.086	-80.9578	
4376.83	20400.4	7298.51	2877.88	1534.21	-523.699	-188.269	-195.88	452.223	
7638.29	18458.6	9370.72	3494.78	2074.75	1425.31	79.6434	170.589	259.166	
2286.53	1798.2	4229.58	-1959.85	2163.63	434.02	60.1875	0.968814	192.595	
1428.26	4556.73	7431.17	1750	2295.14	1489.29	1464.08	18.5461	-11.9687	
-2700.4	-10262.5	2036.44	-227.503	992.189	233.879	437.894	-110.434	51.9195	

5604.7	9605.28	23589.7	5812.99	4109.71	279.302	2911.75	-1024.4	-1034.06	
8414.63	-4417.52	1260.6	-1089.51	1574.49	-1048.85	585.022	-193.272	41.2928	
5630.54	13196.5	3754.86	4485.7	6762.76	-426.77	1199.12	-168.557	250.56	
-8592.2	-7079.02	-3445.11	-662.91	780.319	-596.994	-87.347	-84.7637	341.142	
-2517.36	-6385.83	-1167.59	-45.5202	142.107	-2715.06	-170.144	-441.414	384.534	
2521.67	-2001.57	3212.59	255.428	1891.03	-998.645	-614.926	59.243	150.974	
-3570.28	-11762.8	-1452.27	-829.546	93.7003	-168.71	-1523.9	367.642	-219.254	
-1534.59	-2390.95	-159.541	1637.86	504.499	431.919	-1767.66	27.6538	-336.154	
477.925	7832.15	-2744.66	735.162	271.173	250.143	-406.69	-407.181	117.667	
513.325	13187.4	8193.79	4333.68	1595.38	718.089	1100.44	-594.315	38.9423	

11336.7	3069.6	-2515.46	-1224.32	-489.577	-1476.6	1831.32	-1279.58	-116.856	
1590.63	2553.1	16104.2	-5099.04	2452.36	3656.38	1432.98	-934.583	436.578	
6291.1	10026.1	6831.96	4368.07	1887.02	1493.96	571.621	239.541	451.237	
6315.92	4740.71	3235.51	1250.46	546.571	-1398.92	961.414	-354.427	-417.313	
6305.44	-4001.71	-1602.5	-1918.26	-129.423	-856.938	1028.19	-605.82	-232.804	
-3356.16	-1779.82	-4075	-3550.83	399.95	-60.27	1025.15	-852.492	6.21809	
-1600.89	7993.8	3040.37	-420.935	430.126	559.621	-72.4726	-571.922	-133.346	
-5373.17	3315.9	1211.7	-807.219	-586.526	87.962	-1475.88	184.031	-164.521	
-2497.49	6121.73	-2793	-2344.77	-1591.9	-651.121	-986.847	292.279	-241.626	
3504.79	7028.84	-1745.49	-2109.19	917.04	-686.504	16.8291	234.731	71.8495	

1424.94	811.198	548.744	-65.0193	152.767	190.851	90.2716	87.9134	18.5271	
764.99	144.714	-105.533	57.9895	-137.258	-123.072	38.3327	42.3524	-17.6621	
332.307	464.04	260.797	224.383	40.0625	6.40103	14.3121	77.4448	13.0457	
-92.0251	-273.346	-29.776	90.6697	181	24.5499	-10.0434	61.714	-9.81254	
-517.706	-739.215	-284.824	-235.802	-72.9059	73.5119	5.98866	-5.41824	-46.1509	
-277.687	-224.963	178.946	-65.2263	-91.4481	54.6558	58.5549	22.7975	-37.3459	
168.644	124.984	-16.3246	50.3513	-6.70375	-55.1094	-55.6322	29.1266	-19.6342	
-125.754	-344.836	-389.392	-28.8809	-157.512	-132.207	-73.8739	-46.0922	-11.7668	
-334.414	78.2999	-282.102	-76.7794	1.21483	-114.548	-7.79111	-43.6438	5.58059	
-305.232	-295.687	-347.597	-83.1783	-20.5413	-12.967	58.7602	-29.6249	12.083	

578.842	8311.44	4577.3	3997.43	-855.584	-2013.54	1873.57	-17.8815	547.28	
-4297.96	7823.01	-4366.32	5353.98	279.867	-312.134	-148.531	-868.972	-121.726	
2407.23	2189.82	79.4273	4910.49	1917.68	-138.309	-1506.58	201.871	132.545	
2095.82	10660.4	-1462.82	3703.49	1682.72	-171.39	-338.226	454.242	28.1301	
-5193	7681.8	-4998.74	765.721	178.453	-451.074	537.649	227.956	-171.726	
-6487.71	3054.94	-2613.34	2184.71	2426.18	-89.4999	1788.44	433.622	64.1792	
-4972.24	1768.85	-779.742	704.863	2058.84	-306.279	869.259	444.532	98.2962	
-2347.33	4319.08	2312.44	-202.381	1139.4	622.57	-1585.17	26.19	169.326	
5706.71	11256.1	4312.53	1153.53	829.685	474.539	-1040.55	272.567	425.045	
3101.63	3836.47	3751.2	-247.643	-801.157	-1234.5	311.995	213.548	541.008	
-4367.43	5468.7	2204.48	4598.89	-3455.29	-1233.91	1400.08	-383.275	-18.7315	

-1289.72	-6485.46	1303.67	-1221.06	764.887	504.92	76.8917	-239.944	732.547	
2102.58	14581	6430.23	5010.93	1912.31	1052.21	77.6259	928.985	436.759	
1047.64	14746.1	-563.155	2549.37	499.071	437.75	-380.438	311.495	-153.356	
-9531.35	-1748.28	-6725.63	-4309.84	-2278.61	-1629.37	-878.154	206.27	167.042	
-3818.1	-8479.78	-7815.56	-867.93	-1157.69	-2485.44	-1144.36	239.045	252.596	
5866.78	2763.32	969.299	349.967	-50.3838	-1016.61	-69.2038	758.527	160.622	
463.053	-2939.37	1586.82	-867.644	-526.165	-260.908	-151.075	193.131	153.763	
-5574.67	-8018.07	411.141	13.134	-1878.88	1177.15	1028.97	259.253	-116.064	
-4361.07	2973.64	2678.39	3338.44	-2276.49	750.958	1635.56	171.14	-111.714	

-491.709	-622.631	-512.534	-184.862	-393.786	206.448	53.3136	1.09841	1.90192	
-20.4401	982.167	245.657	20.934	2.86044	-44.1701	48.7378	1.88449	-56.6623	
187.551	1079.3	509.532	308.129	137.449	-80.0843	-31.5831	24.1504	-26.5888	
67.6663	414.362	318.121	47.8066	156.831	2.26475	-6.9947	27.3127	-7.47237	
137.472	-273.44	-19.5944	-155.755	-13.4208	1.66729	30.8014	8.47036	11.049	
580.034	159.789	339.063	-6.41109	-64.9791	1.11351	60.2753	16.0526	7.9606	
996.652	1353.12	1060.56	267.01	265.601	70.4305	59.7501	19.0403	4.57023	
284.451	1037.2	1032.85	140.698	143.78	-11.6101	-22.3584	-25.2744	-4.66658	
-320.611	62.437	482.053	18.3701	-113.5	-63.5222	-72.475	-19.6962	-7.17609	
-94.3965	-257.111	143.155	-64.5698	-29.2461	59.2334	38.3069	-13.7735	16.867	

-11249.6	-12174	-2484.65	-8672.68	2440.63	792.653	614.39	252.537	-249.352	
2771.4	7543.07	5169.72	-328.704	401.992	2472.02	305.37	334.655	57.1929	
-1549.89	-4168.03	-1218.33	-4084.93	-1496.14	1115	-419.726	-160.125	-135.108	
3410.66	5199.89	-849.128	-2244.4	1361.32	838.672	504.481	-317.718	103.127	
2312.74	15268.7	718.973	2344.07	2022.7	-239.308	930.236	33.0822	-66.9093	
-2265.65	1383.36	-3146.88	-1048.59	598.421	-1405.85	-414.157	226.792	-10.605	
4812.6	8968.64	3983.26	1066.59	-58.772	783.607	399.419	9.85102	150.524	
631.714	7607.66	4301.06	511.486	-440.012	1101.4	-153.294	-930.861	-109.954	
-3951.86	-2710.33	2298.83	-2692.56	-234.616	856.426	-414.99	-184.26	-29.2642	
-626.129	3586.86	1686.36	859.07	2405.93	1656.77	150.391	429.751	-29.3719	

4046.96	13571.2	73.2485	-2564.13	-2016.47	-1498.41	-1202.92	185.612	612.242	
8262.01	26728.4	14827.8	2100.57	1646.46	1060.11	-281.682	-46.1156	224.84	
4130.03	5700.12	5899.72	2592.04	2593.52	1364.94	-453.529	430.037	-113.555	
-3980.98	-5122.23	-1836.5	2763.72	-1891.4	761.428	-941.438	107.448	-253.23	
-4626.94	-3606.61	-1492.93	2041.76	-3745.79	-944.05	-580.698	313.013	-69.4472	
-2336.2	-1563.39	-800.362	115.931	-1983.49	-969.492	-1431.97	239.308	-129.772	
2998.42	6636.61	69.5719	-1045.35	-101.218	440.627	-1008.01	-86.966	-34.2973	
-338.726	7875.4	1076.62	2884.84	863.925	-572.338	-665.19	111.577	311.996	
-3290.74	2995.08	-2172.87	-108.318	-1659.94	-1268.22	-1557.99	-133.119	365.565	
2736.53	5690.48	-2343.23	1781.97	227.649	-1055.61	-493.73	62.6025	409.653	

-415.437	-1068.55	-545.506	-592.658	-252.74	-67.5098	-76.2223	46.6015	-23.9758	
-31.4043	-552.776	-837.683	-19.5028	-285.851	83.2781	-129.773	-8.10904	-41.8895	
-258.089	-363.757	-818.305	105.009	-82.4682	28.3086	-104.136	-29.6806	-19.7377	
-175.189	290.493	-512.571	-25.7621	107.077	-82.8549	-63.8034	7.72262	-4.90681	
-29.2871	480.789	11.4901	9.99402	123.912	-21.3981	-47.7709	31.5731	5.18297	
-204.746	-95.0786	-291.758	196.721	61.4537	47.4415	-32.0172	13.4667	-0.425247	
268.183	270.379	-85.2076	321.216	114.382	8.5543	31.331	0.607314	7.42539	
471.233	329.458	255.033	194.059	76.9427	-41.031	58.3681	8.31583	11.2076	
-26.1171	509.59	395.501	87.6393	-71.7852	-38.1118	-13.9597	57.7929	9.8033	
-6.36483	56.1633	312.739	-51.8384	-40.3188	-22.7588	9.57234	48.1992	2.79642	

-1336.86	-2091.34	63.1852	-46.9109	-108.29	135.863	-22.4721	120.639	-16.884	
-1487.14	-2138.9	-722.959	-223.684	-156.719	-138.592	-134.629	-1.97542	-32.4724	
-289.478	-539.92	-35.646	172.949	28.2673	-23.7896	-78.0007	29.41	-14.702	
169.994	697.18	301.07	405.976	81.5971	2.72142	66.6777	-1.79269	20.8523	
-180.097	88.5606	-151.215	234.314	1.05823	-23.65	140.655	24.9193	28.17	
127.448	-84.5485	-357.649	-81.2481	-26.3112	-31.6809	93.5032	-8.55083	31.0653	
4.64408	-626.745	-344.55	-350.716	-145.177	14.9395	12.5809	-31.2413	15.261	
-338.386	-1062.93	-423.718	-437.575	-101.806	35.4177	-79.8754	-44.2437	17.4746	
-105.036	-457.76	-70.3584	-148.793	17.9716	-63.7823	-72.4731	27.7922	33.1746	
-250.701	-761.328	390.924	84.2452	40.3771	36.4824	-9.119	70.6244	25.4227	

8048.36	25188.2	16676.9	2781.3	2064.12	1306.95	-521.164	-1060.09	-269.601	
9233.53	22510.1	6021.63	4621.28	-390.03	-883.471	-1916.01	-267.697	-162.717	
1524.3	-6072.59	-5605.75	-1284.94	-3028.37	-127.562	-2425.04	-56.7443	-548.649	
1670.99	-4356.37	-2643.18	1973.14	-1283.9	1353.37	-1200.99	323.085	255.807	
-103.807	-12162.4	-2072.61	4661.18	-18.2511	181.464	-1410.51	-59.5144	344.915	
-1767.94	-9266.4	-1825.6	282.954	-229.915	-511.571	-1550.63	-918.47	363.273	
-6946.27	-658.259	-2917.37	-360.302	-2367.04	-446.242	-1578.02	-1139.05	332.705	
-4042.51	7034.88	-724.499	-735.403	-2205.32	698.295	-945.042	-485.722	0.774822	
343.28	196.921	-3167.79	-4088.47	-1452.19	-73.6227	-823.891	-682.027	229.505	
8.92624	3373.82	660.983	-1446.77	-303.883	330.488	-200.766	-978.722	195.284	

-243.996	1081.44	698.155	463.497	129.801	133.478	221.534	34.8631	69.3444	
456.728	328.441	179.285	454.097	17.1293	84.3694	115.298	17.4316	68.8239	
826.508	277.229	238.53	49.0701	153.238	101.293	-1.9731	34.252	25.1111	
61.9954	-544.408	-54.8182	-128.717	-112.551	26.3418	-78.3181	-12.3955	-8.5887	
-250.154	-319.146	83.7443	29.0267	-185.268	12.5422	-63.8133	-27.3701	-5.33846	
225.457	691.818	229.297	229.427	94.1366	82.27	53.5313	16.1423	-1.95787	
542.69	1299.14	239.63	287.905	120.96	67.5081	103.782	5.62354	-8.32218	
107.317	642.158	147.934	210.764	57.8204	127.859	89.0938	25.7011	-4.23095	
-123.554	-532.364	-353.86	-158.075	10.7985	117.34	-42.9291	12.9863	17.366	
-155.546	-616.856	-13.3657	-36.4618	8.72991	67.003	-70.924	2.22812	33.7858	

795.798	-1265.17	-2101.73	-1012.16	-262.53	7.03166	60.4104	129.813	-111.634	
1937.66	-110.966	-677.049	-374.707	-645.871	-71.6859	55.3876	-106.964	-2.62283	
-498.5	-1120.78	-2068.43	-573.783	-94.076	172.474	-271.471	-112.355	5.64882	
-1510.3	-1677.4	-1142.13	36.393	171.445	-125.66	-393.46	-133.616	-3.94937	
-2810.86	-5120.99	-921.36	-762.057	-545.641	-417.078	-338.775	-262.715	-20.612	
-1950.12	-4093.47	-746.72	-653.68	-425.338	-124.228	-100.709	-103.736	-23.1962	
-700.211	-1505.72	-490.141	-20.7259	13.1736	-5.97736	102.137	23.3236	-34.8407	
172.994	-1382.53	-1188.81	517.393	-20.1328	-33.5554	59.0274	31.8382	51.7771	
719.659	-863.406	-417.29	239.684	36.4604	-144.166	37.0944	-42.2752	86.0677	
889.686	-380.855	-229.361	-207.052	228.801	-50.4856	66.8168	-12.8193	-33.5149	

-10293.4	-18007.6	-4255.06	-268.807	-2797.96	-166	-706.906	487.769	137.938	
-9582.33	-17088	-5438.36	738.022	-666.712	-537.161	-184.617	-390.814	-81.66	
-8424.01	-9886.83	-2022.27	-1527.26	158.396	-700.775	-1409.29	-288.578	-31.4624	
-972.245	-9626.84	-219.197	-2032.43	-971.691	-630.06	-1195.57	-544.188	-113.357	
7649.03	8719.63	7062.26	4615.68	1315.28	613.848	-1316.94	-223.517	273.764	
2679.63	7975.2	2485	2980.27	475.183	396.792	-514.283	-227.119	378.5	
-1522.99	5678.34	-1389.37	-1044.09	219.91	52.6622	851.273	301.587	95.3298	
-4097.53	-512.997	-5366.49	-1092.84	-1643.24	288.573	712.715	137.912	-15.5938	
-1996.22	-6552.04	885.107	-263.107	-1375.42	-1266.35	-387.249	16.0282	-304.482	
1217.68	94.6192	4935.41	325.241	-601.18	-1457.93	45.9822	162.722	-116.506	

18605.1	29586.6	14554	-462.727	3484.53	1411.33	911.715	326.574	-145.833	
7185.12	5295.99	-3803.62	-4410.11	-540.129	1668.04	-1771.34	849.256	-491.224	
521.79	-6881.11	-2473.27	1649.3	-1202.75	216.176	-605.132	1005.47	-49.1259	
-4517.07	-11430	-3006.28	-1033.08	-2528.26	-11.7983	3.66832	84.8241	137.157	
-6857.55	-5377.77	-104.07	-3366.21	-722.446	-199.758	-685.867	-279.111	233.982	
-8129.44	-7108.22	-1165.03	-3815	-827.347	-1074.65	-382.499	-19.3593	45.2461	
-4128.2	-9806.78	-2886.53	-2865.62	-1191.17	-1330.44	161.611	-28.3533	233.128	
-8780.68	-10185.5	-5131.16	-1196.68	-1062.68	-1091.81	220.237	-735.209	191.604	
-5175.97	-6752.77	-232.78	1625.47	-1455.61	-338.143	182.14	-214.377	163.796	
4902	8955.6	8525.31	1952.87	574.682	-383.3	607.514	154.816	171.328	

6344.17	4983.98	-850.353	-3196.89	2290.61	107.955	-1071.1	615.422	472.654	
2750.44	-3212.3	2515.11	1721.8	398.438	772.727	-211.473	121.965	-42.0355	
-8423.95	-11055.7	-7621.29	-2413.79	-2660.58	-540.062	-1024.41	287.869	-378.379	
-7020.05	-8586.98	-6145.51	-3548.18	-2564.35	-770.667	-693.031	147.423	-395.685	
2196.11	1895.42	-2375.45	554.611	431.263	-1043.94	-23.615	-128.303	-554.145	
4660.79	4611.82	-582.733	1387.59	-455.844	-2334.74	-447.007	-125.334	-415.213	
8699.4	8406.84	3783.65	2760.93	1116.47	-1421.45	4.18118	-213.292	97.987	
4516.77	9153.69	1318.78	977.992	590.836	-126.053	75.6878	-251.003	63.8029	
2697.06	11533.9	-530.922	1936.69	89.2154	303.637	0.699956	-624.079	-116.37	
-297.697	3925.79	-2908.83	-256.822	-127.047	320.846	-274.226	-157.366	50.4072	

-6961.02	-8041.87	6988	3359.73	1723.17	-806.482	-446.363	81.0517	822.396	
-8050.1	-13783.9	-6093.54	2377.86	1599.41	505.488	-1750.17	-76.8408	413.781	
1745.25	-12077.7	456.018	2531.71	727.628	1653.52	-199.914	196.857	-361.265	
392.678	-4001.77	-4349.52	2581.78	1948.41	2810.06	-151.735	216.829	-0.894151	
6345.21	8597.31	3745.38	3943.74	2734.8	2270.4	1132	316.501	-151.976	
3219.54	5480.06	2201.82	881.231	817.746	-218.251	687.198	110.274	155.47	
237.442	4166.23	-1118.74	-947.94	-755.245	770.989	-374.084	43.6446	230.203	
-191.889	3345.93	2918.14	-2487.95	-1938.37	1591.8	-867.75	413.153	139.19	
-2960.36	4558.82	5950.35	1479.95	-2117.87	-665.006	-1655.03	232.417	63.9639	
-8890.44	-7078.63	3131.16	1571.76	-557.46	-1777.34	-1350.45	-172.237	314.955	

-11188.8	8383.04	-4467.11	4962.38	2109.55	894.647	455.072	687.888	637.44	
-9255.85	6676.17	334.515	-4046.05	4016.57	-1256.58	-707.002	324.176	128.999	
4763.87	9906.96	8407.61	1340.87	2997.62	1088.71	-537.824	-137.103	65.9185	
1033.32	2947.54	4135.89	1754.73	1348.74	467.115	-145.699	-277.464	-57.738	
4219.36	4765.87	6052.51	-2104.47	1260.26	-144.341	395.873	-96.0645	20.3793	
2010.93	1750.52	5821.02	1348.52	-269.868	-147.581	1009.42	-139.093	298.063	
220.346	3477.79	890.476	3311.61	194.42	-7.60278	462.515	266.381	378.599	
3782.76	-4633.85	-1605.36	1408.91	1273.19	-780.718	681.431	-152.771	275.508	
4408.88	1757.37	2956.12	216.248	1605.33	-399.437	841.402	-435.912	317.692	
3067.97	11000	6116.35	3954.38	2544.52	1694.35	1016.05	-58.3921	168.955	

703.946	-2505.24	1534.28	1071.69	919.874	-1312.83	-1053.34	715.25	188.563	
13179.1	2761.3	-2500.26	5067.01	-2922.84	-1031.86	-466.12	606.401	-205.711	
7372.88	237.139	2943.16	4053.92	-929.732	476.443	-189.93	697.246	-256.738	
4182.12	1401.62	11394.2	3990.42	-370.096	698.58	394.606	795.518	279.423	
55.3799	6240.46	4342.04	-1074.17	1193.61	-69.7527	203.131	-474.204	459.353	
660.375	17200.6	2710.93	-264.009	-139.926	66.8502	14.1332	25.9481	212.493	
2625.61	10321.2	5773.42	3237.44	-1929.76	266.133	-570.298	463.148	268.292	
2427.46	-2194.21	-2051.92	4.32915	-1950.25	-198.545	-1355.65	-997.121	13.8666	
1080.97	-2429.57	-157.88	-87.853	-332.186	391.385	-1673.95	-1259.61	-143.537	
5674.69	5906.5	8030.11	928.13	1802.77	87.4536	-1147.75	210.381	-30.489	

2275.76	13316.1	-1638.52	250.119	-1014.61	-1294.45	1405.82	-267.823	1305.4	
-4594.37	-7095.08	-9311.44	-2326.02	-199.766	-3867.83	3869.73	277.515	776.669	
-3288.67	-9195.62	-197.067	-889.638	1142.7	-2774.9	1130.33	-494.468	731.719	
-2783.18	-4444.68	2968.01	1523.12	3706.75	-931.44	-661.671	-681.713	601.28	
-7798.99	-18396.8	-2921.05	-3626.94	115.457	-1218.14	-698.348	365.212	43.1368	
-7458.02	-2857.28	573.761	-2001.46	189.932	-210.229	-92.0913	542.03	-29.2517	
-1882.9	6234.83	1562.67	995.778	400.829	1815.94	1200.51	442.761	-140.827	
-5735.18	1323.25	2041.58	-49.6059	1825.28	1289.63	1426.91	492.624	220.964	
-7433.93	-8797.92	-555.759	-351.507	1033.58	901.881	2446.44	216.35	480.675	
4089.93	-30.4351	-1518.92	-1748.6	-687.835	-84.4303	608.114	-679.061	298.131	

5164.47	26784.8	13846.6	7486.06	2051.59	1800.91	-663.688	428.091	616.401	
-9165.42	4728.9	-8443.65	-3789.07	-3296.14	-2396.55	-246.438	-444.559	363.034	
-3675.41	3767.51	-9062.19	-284.294	-1040.02	685.959	-401.405	-388.991	87.8117	
-1280.77	12028.7	201.698	2266.22	372.68	663.598	457.47	590.157	538.424	
-2629.36	1753.35	-4754.54	-2584.33	-91.1293	-1632.1	-417.292	622.288	209.312	
-4635.48	-2018.2	-53.2879	-1546.84	10.8465	-1644.3	-170.097	45.1971	199.478	
682.209	2547.17	2933.98	754.437	232.049	470.017	93.0601	106.295	238.508	
1925.68	3765.22	4039.4	1122.61	950.44	1313.92	-967.061	47.0586	123.34	
-7284.49	2739.54	-4256.5	1349.18	2633.92	1615.36	-913.275	-105.854	0.307964	
-3918.57	5094.55	-1598.22	4099.1	2066.5	2517.02	-439.419	813.847	-11.7996	

-7934.56	-11029.1	-9087.26	-1576.03	-3039.21	-3156.52	210.967	-153.223	280.632	
-6613.84	-22125.6	-8245.76	-5930.86	-1836.01	-3231.52	-1654.61	-994.339	-189.945	
-1360.48	-7992.17	-4953.16	-1585.53	-303.393	-507.045	-891.206	-772.11	167.322	
2880.9	-2263.13	-818.412	1391.63	29.5214	371.205	-547.045	-85.5969	165.063	
-2875.77	-13471.6	-3707.28	213.943	-488.802	-60.9601	-1083.2	471.315	5.89442	
3236.31	-2993.42	-1653.26	-2081.04	-265.874	-595.521	-1039.92	286.726	-1.21446	
8324.54	6356.45	4508.35	-179.654	446.974	-810.37	-1076.79	-166.046	29.8181	
-92.3242	-3602.78	3856.99	-178.927	560.763	-465.01	-904.364	40.5346	12.7133	
1916.35	-4316.91	-504.905	-1941.34	1020.34	452.063	164.095	10.8801	165.629	
3944.62	7001.91	405.776	-1175.21	-205.259	23.3408	498.679	-119.871	61.5849	

-3483.93	-5121.66	-12133.8	1832.32	-3745.06	-622.415	-500.729	-990.129	-129.211	
2458.85	-2974.64	-10886.6	-2255.45	97.1179	-1293.36	-385.239	395.263	135.09	
-2956.9	-6279.66	-4684.02	-5266.09	-881.861	-2713.01	-1919.12	590.718	-66.3096	
-506.616	7916.83	-4609.39	-2494.47	-789.275	-570.206	-1319.26	825.723	-162.318	
-78.2716	2405.5	-1219.19	-379.963	-502.692	-307.735	-1004.03	313.738	-379.593	
-596.918	3291.57	1243.66	-140.481	602.413	1151.75	105.563	-108.362	-242.843	
141.869	2291.77	-1944.09	-2942.79	-303.76	1045.03	-494.734	-145.948	-67.988	
3186.16	2987.55	-4120.97	-1989.61	-207.959	218.84	-578.083	-207.528	-91.9467	
2113.88	1328.41	263.882	2031.02	-818.544	587.906	-1140.71	237.326	313.201	
228.863	1499.88	2795.39	3903.3	154.201	941.635	-439.004	15.469	105.914	

-7893.34	-13922.3	-5581.59	-5721.2	-3731.91	-2402.98	-256.804	187.603	-97.9572	
-6038.49	-9560.03	-6539.94	-3768.9	-893.79	-1847.46	319.399	-183.218	-102.149	
-2315.5	-2003.45	-3387.94	-3367.82	-2559.92	118.239	18.6128	-107.175	243.035	
6840.11	9288.18	2158.39	-983.268	-2786.89	-340.873	-1076.88	11.8901	487.864	
1320.89	3970.98	208.257	3352.9	-1109.2	161.24	-1198.65	383.472	427.584	
523.684	313.025	-1285.65	2420.67	-1163.41	198.614	-931.667	598.59	367.087	
3242.12	283.892	-351.159	2078.93	-1143.28	-1010	350.609	358.517	119.415	
-1961.08	-850.686	-4467.43	1576.5	-219.727	-810.193	1059.54	167.712	-169.34	
-36.727	10439	-2265.15	-1443.1	354.596	-363.995	1284.14	-261.921	-340.077	
507.203	7875.54	-258.284	-2688.64	-1099.37	-1218.13	331.236	-133.792	-80.8123	

-8399.93	-22503	-23185.7	-9973.74	-3020.77	-3786.32	-2067.9	-1637.6	-579.469	
803.321	-1090.84	4717.03	-4590.5	304.827	-1915.86	-477.229	620.076	487.074	
2755.4	2573.81	1521.49	-464.844	-1500.41	286.253	-478.851	1016.33	190.385	
3651.21	2153.39	1734.03	2996.73	590.413	-254.858	361.373	511.798	168.266	
-4905.57	-15017.7	-2620.42	-2485	555.079	459.335	69.8704	162.937	62.1409	
-4556.87	-10079.9	-4745.93	-2040.86	373.211	-411.416	-194.923	-51.5567	18.3909	
3859	6884.57	4007.7	-288.105	1003.31	-1442.33	-44.69	291.862	-285.073	
4104.49	5644.56	3051.43	1594.44	3438.16	-694.824	-662.18	-15.0791	-151.565	
-7212.75	-13350.2	-4794.63	-3151.45	276.796	-1328.86	-1060	-442.715	186.536	
-5951.14	-14359.7	-10361.3	-6519.76	248.644	-1897.51	-692.589	-507.065	-133.763	

-2582.52	-1325.11	1681.94	-523.195	-116.014	-1375.97	-1856.13	774.727	-604.444	
1352.58	-8643.69	-3160.03	-4115.84	2078.38	1365.28	-751.451	727.057	-62.4872	
321.222	6292.64	-2397.24	971.98	3416.7	1573	690.043	305.962	-89.0799	
10646.5	34407.1	11305.8	9042.22	4138.22	2311.91	1632.13	796.312	214.221	
4316.29	10170	10226.5	1364.9	1390.76	1199.43	-546.445	352.805	308.989	
2409.69	11696.2	4716.96	-119.464	2002.76	959.16	803.835	486.915	423.25	
3261.92	3517.14	586.481	1791.32	381.663	23.3673	65.5552	233.069	33.9222	
2075.68	-1149.88	-2648.41	699.171	347.708	-72.1808	-404.453	43.5974	135.017	
-3692.13	-6919.91	-3754.14	-1047.41	-5.60418	398.086	1377.08	299.804	-139.625	
2289.4	3336.17	2976.65	1731.22	1441.18	-974.304	967.932	228.795	-469.379	

4641.28	10496.4	8529.32	-453.65	-1819.14	2251.79	1241.31	-659.823	13.9042	
13727	28874.1	14514.8	5126	3101.22	3428.63	1629.96	-785.869	423.52	
820.836	4349.47	6770.91	-1259.16	2757.77	3178.03	537.718	-249.396	220.722	
-5753.25	-2628.18	-1848.03	-6376.41	-1288.87	973.562	-949.3	137.396	-102.723	
-2259.72	-3736.28	0.949688	-4282.8	-34.603	130.043	-974.91	503.713	-84.9808	
16.8447	-553.868	600.526	-1616.58	1056.36	368.716	-699.645	-129.644	-193.647	
6523.55	8860.54	-652.261	2346.56	1597.11	688.182	599.313	-212.468	-182.833	
4831.64	-3629.93	-755.528	281.224	715.367	-133.026	13.5577	164.364	-295.036	
166.537	116.189	594.892	-2486.46	-588.057	-564.423	-551.98	-178.251	-94.667	
3133.94	16841.9	5571.97	1211.06	484.855	815.134	326.171	-346.581	-45.679	

5116.95	7535.43	4947.62	55.7774	302.523	1131.49	386.192	134.442	657.706	
8041.03	8089.31	12543	-1205.35	1488.18	1843.64	-1298.22	495.752	630.709	
-1209.72	1303.79	1699.39	561.455	3044.94	300.471	-860.354	-271.993	453.773	
-5001.82	2909.36	147.097	-1306.82	1267.04	-1293.98	-1080.55	-404.678	447.294	
2623.53	6442.82	6865.61	3044.51	-637.119	813.011	279.648	-274.032	-184.393	
7230.39	8262.38	3710.48	908.768	-791.544	381.77	1398.3	233.909	-424.083	
2778.18	13536.3	819.137	1285.55	195.95	-386.482	2136.24	94.408	220.851	
1591.81	6338.26	3937	2545.01	323.424	422.795	2645.34	66.1357	87.3795	
5125.7	-4557.74	4499.7	1532.03	-109.134	1045.96	1690.24	17.2935	-282.471	
5676.54	-1824.55	2535.19	1014.02	661.36	91.8175	497.008	178.282	-154.555	

8387.84	456.356	-2762	616.905	-2211.03	-1549.28	849.721	-542.241	62.8218	
2029.12	-4893.28	-7546.8	-5524.25	-303.982	-754.724	-332.452	56.7929	-499.403	
2662.17	19313	5005.71	1907.36	-1500.64	762.852	-688.125	187.148	-267.89	
1568.02	5789.97	2706.9	6856.51	-1841.29	-659.692	-127.405	363.09	-19.4393	
-1319.85	-1045.95	-2868.5	4614.06	-430.531	-995.666	-366.267	-147.658	159.566	
780.069	-581.216	-2462.48	1845.09	-406.886	-2.01349	155.13	-292.86	69.5621	
383.979	-935.511	-2163.28	817.743	-414.602	889.587	566.709	30.33	213.974	
141.602	-5360.02	237.219	-758.757	-600.895	-331.658	-335.69	104.462	73.5505	
3162.28	7208.09	5842.6	78.6664	613.76	243.668	20.6101	171.026	-119.343	
-1889.73	1606.97	-2311.51	249.627	155.613	881.552	-31.9202	427.644	426.054	

2195.98	-15587	-6287.63	252.545	-1400.95	-700.927	1980.71	323.311	-373.703	
4069.91	-10385.5	-7340.17	-3913.69	-4074.04	-1197.98	701.334	1580.7	-169.124	
-2243.62	-16612.2	-7621.83	-5490.35	-6551.89	-2787.07	947.194	57.5757	-346.129	
-6907.21	-5135.08	-2150.21	1375.54	-747.803	226.006	1338.42	-608.482	-137.364	
795.133	1688.68	4704.73	3641.26	66.5783	507.143	31.0862	-106.026	216.219	
-1913.26	-1299.7	3435.65	1427.66	1225.48	-1520.04	568.203	-114.307	-48.4497	
-3332.43	-14064.9	-2139.6	203.637	1139.08	-267.781	-62.1323	-139.207	-125.716	
3018.93	-8024.77	-2513.1	2095.87	1375.27	708.769	-26.8248	-86.0251	-311.956	
-33.1296	409.449	1936.73	2583.61	1033.19	302.981	-652.438	161.352	-310.89	
805.914	6565.74	3578.6	1536.54	-1134.59	-51.3812	361.756	-347.757	-470.48	

4378.29	14719.9	3843.9	5074.05	751.695	2339.27	-405.719	991.185	508.74	
7780.27	10300.6	-1237.47	-2232.75	1212.81	925.415	417.836	549.253	-3.17705	
2435.71	-6214.1	-4128.11	-2091.55	1284.4	-1006.05	838.05	446.284	-19.9524	
-5060.8	-17886.2	-7849.98	574.029	-1075.45	-1571.2	1195.84	670.189	-175.279	
7.40163	1467.64	-3012.59	4018.79	-601.728	-441.933	1268.72	1018.7	103.063	
-113.624	-131.196	-775.336	3057.81	-1232.91	1007.05	1316.45	1034.04	-33.2047	
230.529	7106.87	1145.03	521.787	467.053	902.38	888.457	859.168	-198.742	
2567.34	6185.73	2104.83	322.716	2983.2	1511.33	1016.96	584.485	229.751	
-2625.85	5409.7	-1071.12	4026.83	967.27	552.856	792.677	80.3527	231.951	
4978.17	12507.8	5079.55	4365.01	879.178	513.022	647.812	133.393	98.0493	

-6312.95	-16778.6	-4162.82	3980.17	-4789.79	-1068.52	-1260.78	559.467	-159.031	
4548.51	-1662.1	9773.29	7554.09	-134.981	718.809	-874.12	96.3766	49.2169	
2234.27	-896.829	322.623	-2426.59	-423.494	953.471	1011.35	-431.143	-179.278	
603.971	14023.3	5140.01	1341.99	692.712	942.872	1081.4	-78.0646	-23.592	
1158.54	3216.78	990.089	372.498	-199.72	86.8335	841.875	-176.617	27.0783	
-41.0336	-351.014	3236.77	1392.21	319.289	110.411	65.2905	-109.886	53.3587	
-1850.2	-8424.45	-5473.96	-62.9182	-477.409	622.991	-354.856	43.3622	-3.07061	
-367.957	-9540.99	-8029.24	1509.36	-1531.1	-478.813	-136.193	-99.4748	-238.029	
7646.47	9407.96	3130.82	3430.26	-1526.75	-16.071	983.211	88.2227	-178.184	
2110.61	2775.15	24.6456	2829.56	-1807.73	-327.844	427.294	344.883	-39.3817	

1725.15	-10446.6	-6296.11	-8108.27	-3473.3	-273.475	-2924.9	-490.326	-103.698	
-5853.09	1933	-10334.2	-8489.67	-5458.05	525.142	-1904.22	-492.266	-228.902	
-10439.8	-6697.28	-6110.61	-3518.37	-2044.22	1263.14	-473.377	180.807	-564.037	
-8384.19	1076.15	118.664	-489.298	498.829	-135.497	-282.467	874.815	-809.462	
13622	24847.9	15255.4	4750.04	1836.1	556.861	858.728	927.67	-578.87	
3816.08	7385.13	8240.27	2384.12	-731.513	97.2052	-52.3376	9.92917	-138.301	
-4920.14	-11723.1	1089.74	-4290.93	-3063.71	208.556	-943.146	-925.344	-396.527	
-2796.72	-15661.4	-82.5362	-1491.69	-3614.49	511.853	-1094.72	-1152.61	-320.834	
5303.37	-378.968	1955.53	2033.03	-407.598	898.541	-833.884	-539.132	-86.5057	
2566.53	-915.215	1437.22	-1646.63	-684.382	34.8039	-785.589	-347.146	-85.7031	

-5235.12	9206.53	4351.48	1030.28	324.785	628.654	1024.2	319.198	-507.049	
2455.32	14493.8	12878	3889.25	589.498	1900.09	-2377.08	-352.688	197.918	
7276.44	9930.1	882.188	473.135	50.9229	-854.7	512.245	1575.18	553.14	
-3786.86	5923.55	-4513.06	-2182.83	1294.05	468.498	79.9144	593.538	521.116	
-4973.1	12026.8	4461.24	432.117	970.181	1630.47	257.978	189.36	608.251	
5065.36	8080.32	8046.25	4601.06	1977.77	770.704	1842.22	-234.671	473.309	
-5768.14	-8800.26	726.693	-1170.86	-367.075	-802.365	-801.454	-285.09	-149.832	
-1231.15	-1983.3	3172.68	-518.83	1997.42	328.088	-997.015	255.707	-347.62	
-425.61	-10725.8	626.961	-4217.8	359.366	78.9013	34.248	-26.1037	-146.369	
-2611.67	-11313.4	-1303.35	-5592.11	-1355.49	-607.358	814.198	335.399	327.457	

-4288.93	13307.8	-3077.04	2931.33	6.17256	-99.7871	2192.84	134.291	-82.6343	
-10459.2	4498.6	-167.622	3087.07	-1687.25	-1319.93	1048.25	-663.094	-233.518	
-2598.29	6141.65	4857.75	230.97	-447.241	69.5291	664.006	-331.805	1.26392	
-1678.6	1288.94	4985.98	-465.406	220.487	-723.353	626.931	759.97	450.422	
-1448.44	3701.43	2761.35	588.13	698.413	-111.601	-768.519	1202.68	370.074	
-5690.18	7979.26	642.217	1180.13	1793.92	417.838	-75.1324	529.232	164.284	
-3781.05	-7660.93	-2562.36	-31.828	1805.45	-632.328	-120.091	130.123	-105.35	
-3327.51	-7552.07	-973.297	1400.28	935.014	-575.433	403.839	211.05	-110.672	
-2971.55	1340.48	-593.032	-43.6314	-316.774	-169.695	675.408	273.366	147.425	
23.3065	13833.7	-158.863	-1287.69	357.336	596.03	771.209	418.113	338.179	

-3261.64	-9521.33	-4705.83	-3025.3	409.546	-3289.08	-683.734	-1094.87	-121.452	
5827.56	6497.45	1840.97	-2073.48	2406.76	1306.5	1234.52	166.99	-148.055	
-3314.6	-10100.5	-10964.2	-1507.8	-214.466	467.36	526.053	-70.9352	-47.0262	
157.643	-5091.08	-2195.37	-1699.37	-400.195	419.443	99.2389	663.303	217.593	
-5760.74	-1794.63	-1322.33	-2051.01	-867.744	-281.01	708.867	842.007	-210.792	
-5331.52	-1233	-952.523	-918.746	37.0909	9.46875	-452.433	449.349	6.73523	
4586.25	3214.57	5208.23	603.636	1871.31	1364.83	444.859	513.81	143.494	
5174.81	-7292.88	132.263	-1052.47	-728.008	1353.55	-143.991	-197.634	195.652	
7221.11	5873.61	-1958.64	770.798	65.5842	-292.241	-802.366	-329.435	190.171	
2876.92	1738.66	-1470.41	208.868	447.528	-1302.73	-1558.28	-481.449	54.7825	

918.172	1639.66	-1045.14	-350.991	354.589	-28.136	76.5168	-29.7616	-119.164	
250.328	3815.53	-506.908	-404.955	420.113	34.8969	-98.1333	-4.26143	-50.3525	
307.452	1246.47	-254.608	46.5501	-455.08	-200.894	33.4029	7.84743	-27.6454	
-294.557	-1519.3	-257.515	-276.623	-447.169	-217.046	8.62416	24.6895	-37.145	
-120.194	-1522.13	165.126	-765.428	-9.71363	-199.732	-136.74	-49.8559	-4.83601	
297.108	70.0133	880.832	89.1635	282.827	88.9494	-26.5734	17.9992	34.8381	
-661.036	-652.418	-229.414	-72.6655	125.617	156.715	-137.79	-13.9051	49.2191	
-1472.78	-69.6314	-53.1908	-301.844	-130.169	-230.253	-265.548	-10.9488	89.6577	
339.963	1118.01	1152.2	-73.8223	-70.4732	-277.595	-138.698	-28.6611	37.818	
958.468	1391.06	890.803	-475.032	130.629	39.6692	16.7499	5.81212	-8.73998	

-4041.93	-982.331	-1252.47	2206.72	2575.7	-450.02	-1106.38	796.252	-192.299	
1157.89	9899.5	3714.67	3934.46	2672.63	1231.7	-975.69	-202.309	-412.116	
-3315.92	3172.03	-4551.66	96.9134	1553.23	1084.36	-29.2774	-3.07999	-97.1597	
-2417.23	4496.55	-1036.37	53.2084	2018.39	499.36	168.722	374.289	-22.9703	
-1864.73	7900.78	2421.23	950.723	1967.18	-61.6531	213.246	24.2924	70.1271	
-1491.97	8396.58	4361.13	-1.02258	32.4141	177.903	220.429	49.0771	-71.5701	
552.481	3681.81	5143.72	2029.58	-663.237	-1043.32	1192.22	411.411	-122.276	
-1855.79	-2917.1	-1036.6	2234.32	-845.79	-1003.92	979.628	-437.946	86.2317	
-5395.99	-4843.31	-879.212	598.455	-328.201	-796.83	1045.58	-344.536	-29.3073	
-4900.34	-2607.05	1557.71	314.153	674.171	-892.435	224.62	441.104	-54.1609	

1131.29	-7858.06	279.794	-1925.71	83.0025	-36.3883	-381.759	-54.8134	714.246	
3875.08	10107.6	916.432	-638.184	777.184	-1226.12	107.913	348	747.839	
4609.08	4112.9	791.253	-4345	-475.043	-1201.56	-426.043	-142.476	106.853	
6924.77	13051.3	6403.22	1649.84	-85.7938	694.186	-757.725	293.509	-159.147	
3246.38	7260.87	1209.22	-617.68	-2168.88	-1474.05	629.169	-438.798	-378.279	
4984.26	8117.05	413.98	-173.778	-53.5108	-630.73	537.653	-269.979	98.9734	
6530.32	6052.51	2873.53	3225.17	1321.11	229.818	364.673	55.9126	139.596	
1684.82	-911.904	-1601.88	1965.17	-246.591	-726.827	-68.9458	805.222	405.198	
488.822	-4352.24	-686.349	1328.02	311.598	560.709	-742.246	42.7395	118.635	
-1443.61	-9066.06	-3128.28	2075.04	595.959	559.565	92.5724	126.91	-373.96	

-9485.88	-9277.99	-14389.8	-2631.64	-616.242	-342.181	788.399	-976.745	-100.867	
6788.62	11429.2	-591.351	220.622	1481.91	-779.08	1954.22	-627.401	-298.805	
-264.269	4843.06	-1589.58	-8342.93	172.673	-2019.66	639.408	-558.079	-449.166	
6224.64	11156.6	5141.54	-1084.3	2273.05	-1985.63	647.309	165.647	-130.866	
5497.78	12734.2	7968.54	1475.87	2876.26	-367.722	889.128	-367.647	-94.0857	
-3620.06	-5671.38	-4438.09	-2609.94	198.29	-1661.05	795.484	-456.806	-228.62	
-2077.12	4256.89	1336.82	753.247	774.963	-325.747	1680.26	-279.045	-247.18	
7446.38	12623.8	12915.7	3035.43	2234.01	774.594	2041.59	565.082	79.0117	
13591.4	6414.55	5772.52	6364.71	1414.71	-438.797	1197.51	400.485	-101.44	
-1044.33	-5676.76	-4533.31	1981.86	-779.221	-1387.82	-9.83798	-425.982	-241.684	

528.269	14013.1	547.014	-2384.1	-3665.81	-1442.13	-2319.13	-120.654	10.2012	
5841.98	5738.92	-2148.9	-1936.18	-1580.52	-2005.8	418.402	106.568	595.298	
-4607.31	6488.18	-985.323	48.3392	-514.495	-1190.01	591.128	657.726	648.317	
2726.91	16756.2	5428.84	-734.257	5099.53	395.97	522.997	149.134	286.81	
7484.39	13426.1	6772.7	3474.96	2629.83	1603.55	748.878	-136.893	-157.571	
11385.5	10901	3901.67	4760.45	1060.54	1149.36	691.669	53.4881	8.18547	
8209.05	0.045837	126.431	-351.328	1082.62	-403.103	938.309	-186.993	-245.981	
7315.38	-1491.12	5424.34	-181.213	1134.02	-1151.84	966.484	-163.806	-414.653	
3106.73	2375.65	3552.81	1226.31	1409.25	-1236.01	598.492	-269.389	-277.987	
1134.52	15724.5	6862.69	2398.61	1061.03	812.279	-284.061	-635.136	111.382	

15349.6	19859.6	19229.9	10388.4	4768.06	1570.82	576.972	-524.471	338.65	
1523.53	5125.25	11435.2	485.004	1563.11	986.929	1012.85	483.291	-128.321	
25.6581	4973.2	6439.82	-831.056	1242.9	-1549.11	629.422	587.199	-476.626	
2275.92	-728.639	713.814	761.62	-218.598	-706.964	729.357	-30.77	-546.274	
1871.42	-2461.02	1638.26	808.285	-708.972	-1342.94	401.08	-540.464	-315.459	
4273.23	5063.6	184.237	445.872	-265.185	-2070.4	-263.088	-343.952	-59.0414	
2755.9	-751.281	-1493.86	-1767.61	-590.021	-1092.85	-549.939	65.5483	-262.779	
-1760.01	-2308.83	-1126.59	1897.81	-1245.92	266.233	128.976	-49.3842	-483.256	
1392.56	-4695.74	-3481	3366.57	-3.72772	623.501	-10.8328	251.179	-97.2493	
9478.31	11017.6	7080.33	6386.42	2741.54	722.506	112.401	321.932	122.845	

12373.6	8197.2	2452.2	4671.51	578.628	1770.91	1165.18	-239.496	-112.179	
-2370.24	-9531.33	-3300.38	-1952.24	-3599.07	392.411	2164.34	-205.753	-108.318	
-7014.14	-5563.96	-330.073	894.859	-3152.93	619.275	239.551	-244.135	-623.787	
476.82	55.914	704.514	-101.554	1644.16	-193.457	-420.9	92.4149	-319.539	
4103.95	5842.43	2349.88	2360.1	1260.44	795.208	354.51	-200.697	134.672	
1312.12	10159.1	869.228	117.018	-449.403	457.512	-558.817	155.215	100.376	
4877.4	13097.3	1879.96	2239.32	1413.2	1096.5	391.94	-1.68092	64.8127	
76.0305	-443.63	-1991.33	1838.88	-900.93	-383.474	-403.936	-452.049	39.8931	
-2847.29	-8345.28	-2212.85	-228.205	-2405.53	-1113.39	-709.46	17.1728	-68.3674	
-1030.18	-3482.76	-2066.39	-752.633	-478.265	112.844	-760.829	-6.00465	-159.185	

-2180.86	3547.58	4852.23	4107.79	-495.462	-2432.26	1730.3	-401.268	-324.521	
-1111.16	-6571.79	-3024.03	131.354	-3464.56	239.836	1798.96	524.995	-0.36189	
2791.88	13349.6	2984.11	5331.81	-308.994	3044.87	211.428	1402.11	461.747	
5807.87	9439.06	1035.74	6051.55	538.61	406.755	86.6565	444.898	131.872	
4937.23	6721.61	-2163.81	4198.99	-22.0897	-926.413	1618.3	-148.981	32.605	
8377.31	9258.48	848.771	4028.61	1094.95	275.938	1462.53	293.916	21.4548	
837.693	4546.49	2146.57	1882.17	1119.36	667.268	325.683	458.388	-395.873	
-3264.59	3569.95	737.171	1852.9	-635.929	-1314.5	-718.276	284.868	-240.898	
-4963.62	8614.82	6639.71	5216.91	1739.57	109.497	-166.803	487.355	91.039	
535.325	3830.1	7705.92	3969.84	2392.67	208.008	-312.855	158.99	-71.1579	

-9364.87	-18684.8	-968.353	-6130.83	-2111.26	-1680.21	-913.162	557.463	-96.8779	
-6751.89	-19639.1	-9180.28	-6941.42	186.776	-1080.96	-966.638	157.165	-8.72677	
-15323.9	-12920.5	-8359	-3279.96	972.982	-1126.85	-56.8569	-430.983	44.0345	
-3415.21	6054.16	309.928	-128.508	1428.42	51.7448	-29.01	-90.1814	143.179	
-350.229	3040.15	2140.12	-932.195	-453.229	797.913	-613.474	21.783	-265.76	
77.4387	2549.5	2755.84	1227.03	1199.19	824.352	173.465	264.115	-132.091	
-2432.29	-493.348	-1795.87	435.501	906.3	612.813	340.647	293.765	37.4302	
-5157.13	-6132.6	-4320.07	-2349.77	-561.465	204.394	-182.418	-19.1669	189.589	
-3019.86	-1372.4	-3079.13	-2290.58	-542.006	-336.056	340.061	96.2884	216.441	
-2628.13	-5035.53	-534.24	-2945.28	-1113.36	-388.478	638.198	178.508	94.8963	

-14277.1	17578.5	195.383	2642.75	-5860.53	-673.631	1388.83	-749.941	742.95	
11833.6	28834.4	-408.846	-2701.54	284.805	708.967	1759.75	-673.61	68.3192	
14869.2	28835.8	4553.15	6786.87	810.17	1673.25	1165.86	774.374	344.659	
-5611.07	-9025.98	-4089.74	3140.17	-441.737	-2104.83	370.38	-279.494	-381.187	
-10455.6	-7790.89	-2801	3911.29	-445.284	-2021.04	-829.213	-104.846	-560.472	
993.12	12312.2	10934.9	3382.42	1577.99	-601.518	445.76	362.359	-474.356	
273.871	3110.49	6046.13	328.416	977.324	187.07	566.345	-237.326	-232.375	
-4404.89	-13595.9	3356.49	2674.81	3204.78	1572.47	-684.547	102.396	600.981	
-6241.79	-5705.68	340.672	4077.38	1335.65	837.134	-875.216	-188.433	417.711	
-6903.21	1821.06	961.74	3385.1	-1651.88	1315.61	-894.118	-668.319	162.453	

6367.71	6947.32	586.018	-996.883	-2857.12	347.595	-194.955	235.3	759.333	
3369.67	2629.76	1984.46	3546.85	-1453.28	902.638	-318.276	277.78	-107.591	
9522.22	13029.3	7268.73	6580.5	2788.97	2002.87	-232.746	766.077	-130.422	
755.337	1417.48	-535.393	1294.97	2421.72	-314.058	375.815	489.27	49.729	
4731.23	3490.75	-1083.16	2681.79	2196.12	1546.82	478.005	-169.469	231.587	
4887.14	-842.139	3013.82	526.735	1638.1	845.721	133.425	-432.463	245.075	
1124.32	-5288.53	2423.29	-846.533	502.087	-67.8974	527.226	-244.665	-286.717	
710.107	-6013.97	-1397.13	-1030.81	464.796	797.355	288.206	-110.363	-543.41	
-1710.2	1860.07	2602.78	1047.46	535.119	1234.65	310.034	-301.1	-97.8743	
-579.888	5294.34	3006.29	1854.14	-829.735	199.387	4.80689	-14.6243	64.401	

6717.4	-7233.07	1884.08	-2072.86	-3765.62	67.6565	-485.065	1501.57	-402.65	
-508.054	-23433.7	-399.797	-3961.21	1878.91	-966.168	-559.568	-117.789	-204.316	
-17636.2	-35076.5	-14687.4	-6318.01	-827.347	-1522.85	-1814.22	-963.537	-177.792	
-1134.55	-18949.4	-4142.47	-4963.78	-3649.96	-1888.43	-2078.29	-44.2988	-131.908	
5399.46	-5663.83	-289.044	-2747.75	-2472.31	-916.896	-257.584	44.43	-36.4784	
5690.27	4674.25	3186.51	1117.57	-849.585	308.528	857.473	310.94	92.5678	
7218.22	2329.82	4367.48	960.398	-1020.08	183.586	1103.09	192.347	5.74931	
10843.3	1504.3	1902.38	1806.24	-1597.81	376.161	324.592	395.282	248.389	
12603.9	13266.6	5538.22	4889.71	-501.037	931.132	1001.07	918.179	-187.949	
-3314.83	-2191.75	1808.45	2196.62	-1310.28	131.715	789.914	600.071	-238.04	

14368.7	11.3196	-4884.78	3485.35	-85.2522	4346.69	-3272.8	-544.344	-784.986	
11153.8	-5574.64	-4049.01	964.228	-1612.61	2674.7	-2414.63	382.364	-210.05	
3949.63	-3027.56	5674.2	2878.02	-1441.21	2059.92	-1116.4	-836.126	226.216	
14649.2	27679.2	10184.3	6367.59	2301.88	1180.03	-355.812	-294.949	427.33	
10334	37865.8	15372.5	7285.3	6229.64	1116.84	446.584	68.1745	224.238	
-4318.56	4560.39	5913.64	5510.09	3535.95	670.054	804.412	408.199	-311.51	
-12987.6	-14504.1	-8335.39	-1798.75	-1450.36	-205.411	-103.924	254.126	-230.922	
-7732.15	-7197.77	-2841.9	-2745.23	956.18	-106.514	-197.689	178.427	135.6	
-283.036	-2017.3	3455.27	-3035.56	2060.29	443.805	751.988	343.594	267.6	
-4152.43	-5125.19	-4773.91	-1437.64	341.045	742.918	-962.361	-722.825	-253.996	

-6709.13	-14811.5	-2906.73	-1553.6	-1081.99	-335.399	-182.708	410.001	41.4705	
-3390.57	-10321.3	-2924.91	-1027.8	-1057.92	-658.482	-362.843	199.385	148.603	
4449.39	6058.91	5697.71	1363.35	30.9564	-130.392	-530.129	9.21896	-76.3638	
978.708	4533.19	3933.34	2559.77	1283.11	-291.404	-122.727	-243.957	47.0659	
-1029.5	-2438.93	-655.664	850.696	163.847	70.7688	-211.14	-351.798	244.034	
223.683	-3700.48	-785.165	930.296	-933.012	722.607	-57.3813	134.435	196.815	
-340.797	-2719.08	-1226.13	885.872	-1053.99	72.2921	23.1435	173.776	148.519	
193.243	-1075.8	-2699.46	372.922	22.7724	55.6423	27.024	-75.1567	39.1359	
3056.09	4026.52	-498.71	1874.03	539.783	597.624	-354.474	89.3247	-142.055	
-220.415	-3226.54	-3363.02	-1347.92	-1369.08	-172.707	-202.984	-135.789	41.4456	

-325.748	3530	-2005.08	8674.04	1358.18	1735.84	2575.13	988.204	316.772	
-204.062	-6139.46	-7396.13	-3369.22	1002.51	2961.85	-430.544	595.935	427.013	
5461.5	3693.36	-4701.36	-904.737	-2853.23	357.334	-1508.52	446.382	51.3467	
1121.53	1797.3	-215.615	-133.67	-1203.33	-124.855	-493.829	-264.673	57.9776	
9265.27	2246.59	2721.1	308.885	193.895	2844.79	1947.08	91.2531	142.489	
6740.24	3037.03	5981	2080.99	301.888	2097.42	1231.03	84.3781	89.2844	
7912.16	6195.92	4596.78	180.069	-207.447	-138.898	-642.692	-393.491	-98.8406	
4846.87	-3173.47	-3678.01	-4200.71	-466.988	-923.394	-1412.29	-1002.32	-101.702	
1882.34	-3764.37	-6438.67	-5565	-132.522	-1767.2	-380.418	684.813	-175.146	
3099.18	-1167.21	-3173.65	-496.575	661.371	-1715.36	-9.50254	474.221	52.6146	

-547.696	-7639.34	863.71	1041.32	960.153	-2437.6	-591.162	-486.725	658.172	
-7269.66	-19586.6	-10071.4	-2435.96	1644.23	-1169.41	58.1186	243.9	-28.9497	
319.49	-2063.6	-8419.6	25.4778	690.641	-1954.98	-538.29	272.28	-111.586	
7583.04	1978.37	-786.142	3697.33	-781.135	653.424	11.6486	-19.2025	300.388	
3415.56	6237.74	879.643	-1024.02	-289.825	415.378	1551.99	327.728	241.455	
-406.872	5883.35	70.6477	-128.936	1022.82	990.729	343.881	291.098	109.103	
-1457.21	-3805.99	-52.3169	114.303	1358.78	1367.15	110.729	543.965	-133.034	
5406.15	5645.87	820.257	613.5	1417.22	1155.29	21.456	54.3025	-180.118	
3716.85	8746.62	-1154.79	-1919.79	1019.45	644.872	280.936	-438.558	-22.2983	
1400.56	6589.49	3527.61	-2201.03	1272.33	-1395.11	-120.371	-285.838	113.904	

5909.5	7012.29	2407.69	-5994.1	-798.28	383.086	-1009.68	53.6539	373.9	
1112.43	-4533.5	-3580.66	-2048.97	-521.818	-737.557	-735.96	-1184.12	148.091	
-550.603	-1060.8	5547.34	1261.62	2138.11	1671.25	769.482	209.908	350.256	
-1767.48	-9217.19	-36.0319	-896.119	1290.52	2095.89	-408.001	383.12	475.737	
-1665.93	-44.7309	1414.64	-999.094	1788.66	1146.41	108.163	-68.2459	479.195	
4977.3	6060.05	2996.2	5432.94	1496.96	790.584	531.179	158.321	-33.3958	
2574.65	6424.23	-1323.79	3926.68	1207.07	286.328	-332.822	289.405	-299.999	
-3969.96	-5102.36	-7576.1	-2655.35	-1671.34	-1586.66	-884.596	110.549	-318.922	
1428.84	-5997.83	-704.922	-2138.42	-3241.99	-1691.81	392.118	604.244	-151.558	
6598.29	4014.19	5699.63	-2011.72	-1580.21	-266.846	169.876	888.201	133.183	

755.772	-4230.3	7575.95	3033.31	4185.14	1379.2	1504.69	-190.853	-204.534	
-2580.95	-544.94	-2522.72	6925.32	4086.83	2062.81	-818.066	319.56	-408.424	
-3375.79	-8254.32	-3558.14	1401.39	-409.294	-2395.85	-1490.29	-171.033	187.525	
11043.1	15773.4	16015.7	3673.57	1558.21	-1177.85	1022.22	-523.964	-263.813	
-1872.63	-2074.5	7350.9	-4177.61	1100.76	727.948	-840.626	-784.237	-11.1443	
-2681.54	3113.97	7529.64	-969.453	-962.899	1500.92	742.587	192.796	263.908	
4580.18	12575.2	9266.28	2892.93	-371.349	1014.19	1015.38	85.1457	54.1887	
8040.21	7524.13	3340.34	1699.16	-1759.69	680.754	510.365	364.568	97.3982	
-2697.19	2372.86	1063.75	-3537.61	-1975.06	-318.846	167.894	726.059	201.142	
-1161.84	119.373	3396.09	454.79	587.864	-3.65684	-374.732	32.7191	-94.1009	

6852.17	-2298.82	-1688.56	386.539	1427.55	900.976	841.493	-356.162	23.6045	
-6611.36	-8085.06	-2721.36	3616.83	-673.849	527.602	644.144	-378.231	293.183	
-63.7968	-8184.67	2723.18	-737.25	-2109.49	-1337.4	135.421	-39.7078	300.375	
-718.199	-13372.5	39.2791	-398.503	-509.442	-1262.71	-505.103	-247.793	228.496	
-6734.89	-10532.9	-566.396	-1092.68	758.448	421.819	88.7941	-426.009	135.209	
-469.959	-1428.45	215.826	407.785	-210.495	781.846	579.263	-331.898	129.778	
3184.32	807.051	2472.19	816.664	-371.023	334.53	14.4828	239.031	311.209	
3796.57	3118.05	759.411	955.87	606.638	-519.382	216.88	369.721	-17.7169	
3222.23	-187.411	597.453	907.588	1206.89	-157.571	360.375	264.982	-72.6751	
4035.34	-111.872	4797.85	-348.567	934.056	390.732	68.3679	10.8438	-151.646	

10244.4	-1822.13	-161.588	-10056.2	-6227	-571.847	-1966.46	-1501.94	-147.224	
-1506.03	7208.04	-197.455	4711.94	4633.92	421.98	1179.49	459.166	-125.743	
1108.12	12019	6651.35	-279.3	27.3848	-622.36	-794.098	61.3029	-37.6487	
2776.11	2976.48	-3678.09	3777.34	1571.05	1000.71	844.972	941.807	-918.827	
11125.1	14248	679.434	1188.32	429.157	-372.297	-1018.75	341.446	-216.725	
620.544	11754.7	-2830.24	901.046	-2016.27	2002.32	-1066.72	733.642	-424.328	
1704.28	7782.81	3490.62	-683.916	-528.5	395.16	-122.565	-590.457	-49.4331	
4990.36	19353.4	4832.47	613.713	-803.248	882.226	-960.033	-595.157	-263.873	
4693.2	16679.9	6712.33	904.294	1638.57	929.553	-1667.18	-413.217	-71.7143	
-1631.73	13622.4	7642.67	3849.32	2322.7	-563.113	1059.03	-357.094	-30.9163	
5306.89	14889.3	6489.4	2905.66	2441.88	-413.173	-880.836	-289.297	138.265	
-9529.52	5553.01	-2987.92	258.477	2484.51	67.7143	960.901	-622.117	-237.983	
-789.126	-1354.31	-1834.11	-848.424	141.045	-252.969	-333.068	-236.994	291.422	
-2980.84	7592.31	-2395.91	3597.53	2041.86	1446.74	901.057	-667.946	130.25	
-4688.91	4373.33	-2227.96	638.139	1605.64	1733.36	7.20289	288.495	307.756	
3159.66	8146.9	1472.32	4361.87	243.1	1982.05	1127.26	-88.4076	78.2774	
1319.36	6192.7	2561.45	2206.18	944.946	439.62	787.688	241.059	-341.268	
12385	17008.8	12328.2	5078.39	409.527	2617.57	2986.37	1058.13	147.539	
8283.26	8914.04	4384.12	2118.85	-640.678	2131.06	-302.3	372.956	-429.465	
6333.34	11844.5	8027.36	3827.24	1587.35	2254.63	1671.73	292.648	-43.6035	


-3126.68	-18997.8	-11851.8	-8618.65	-4127.56	-1903.4	63.2823	-1020.9	-861.609	
-240.573	9898.1	-1071.9	2392.47	886.995	917.889	884.27	-791.902	763.797	
-5203.22	-12979.4	-15067.6	-3530.93	-847.254	15.4014	751.062	-681.352	987.006	
-4668.67	-4904.28	-7926.01	-4217.6	-1509.59	805.577	-801.312	52.3004	-49.7942	
-480.683	3900.74	1276.23	-3802.87	885.795	274.872	-230.865	891.431	191.515	
-1787.31	8758.59	1768.39	-119.835	1346.54	1320.5	46.3308	-2.65404	-247.323	
-5053.73	3621.72	168.984	1546.32	1261.59	289.59	-29.9561	-481.597	-472.352	
-4466.53	-278.824	-944.27	579.93	1307.32	-605.564	-65.5948	492.564	-149.881	
-8414.79	-10082.2	-576.388	-1061.42	1484.44	-287.093	-178.592	758.635	-30.7715	
-1874	-12657.7	-3859.17	-3879.11	-668.34	-308.453	-803.606	205.15	-57.0511	

3859.38	7788.8	6629.31	-10.5064	2027.95	-118.222	-300.86	-403.146	-193.965	
320.565	-14578.2	6609.34	-2726.21	1649.07	1267.73	-439.001	-845.192	-382.006	
1833.94	-2961.31	3047.69	-4218.1	1065.01	1586.33	-585.408	-1211.41	-204.014	
2287.98	3283.99	1522.36	1490.06	-1488.01	1090.4	-800.673	-1216.82	337.321	
-7168.62	-3367.97	-2601.64	-1704.52	198.189	639.493	-1354.87	-498.204	-97.513	
-8297.99	-4165.31	-10699.1	-2847.64	-473.284	434.453	-1141.34	-55.9534	217.929	
340.472	6079.56	-4041.28	467.353	686.707	-148.969	-264.118	-199.13	350.506	
-5700.99	5214.26	-432.486	489.811	1172	300.347	-122.244	-675.909	275.171	
973.415	9613.27	5620.83	4867.89	1896.67	1428.39	1314.77	-216.581	549.191	
4977.34	4310.19	5082.72	2058.29	1079.77	940.561	-326.696	-216.845	120.656	

13120.1	3591.29	-7729.5	-796.49	403.163	468.685	1318.66	-744.8	1277.26	
16263.5	16135.3	-2715.23	9463.66	-1748.18	204.97	-266.452	-606.55	379.627	
19160.6	16086.8	5023.34	3505.34	-4557.65	-186.388	213.915	-921.769	260.095	
10116.3	14929.5	3952.61	119.916	-1463.53	-367.069	284.465	-6.99215	-219.467	
502.798	14528.6	5149.41	1280.81	2077.53	1204.15	1752.23	1237.98	-345.959	
-2816.26	113.079	379.51	3837.96	353.582	1656.57	475.775	232.708	282.702	
-7720.59	-4834.92	-769.738	1141.8	-508.003	1082.32	-656.119	69.053	328.102	
-2556.14	9320.08	5110.51	5142.39	2781.22	1227.08	405.737	1290.41	382.087	
467.12	11275.2	-3643.32	4507.28	-389.861	513.353	22.0854	1008.69	314.077	
1490.49	13023.6	1869.75	2165.48	266.711	640.663	980.035	69.4854	263.297	

-3115.26	14238.2	2475.69	-4320.68	-503.342	-2542.2	-399.806	-788.471	-930.615	
-3043.05	8058.87	11194.8	1496.52	315.396	-837.806	-1395.68	-1217.51	211.667	
-1987.95	-7517.97	1973.22	-2070.18	-1890.48	-1397.97	1011.12	-1739.77	777.687	
-4450.04	-8562.98	-3641.67	-6440.22	-616.35	-1008.44	1218.97	-851.336	271.575	
254.226	3318.3	6370.97	-1268.43	1087.57	-298.239	902.429	-113.2	98.6818	
3926.63	60.3954	3387.41	1177.24	344.619	988.726	958.803	-423.501	18.4489	
3034.8	-42.086	4006.69	333.804	-2161.46	1148.55	335.67	-1106.86	-33.8281	
-2918.02	1295.17	-2791.54	-1890.11	-394.249	794.032	-1596.51	-1034.31	-221.864	
-3907.48	3454.12	3079.55	-270.973	3720.48	295.801	-738.34	-405.78	-66.3131	
5678.52	15240	8792.22	1712.81	1617.26	35.9437	1727.67	-248.711	279.057	

-5041.57	-22420.5	-5576.93	1435.79	231.948	1417.71	1256.08	426.627	230.227	
-4858.51	-17275.8	-8399.2	-339.591	-2920.28	753.309	369.985	-309.742	100.073	
-4703.66	-24146.7	-8414.77	-5670.86	-2148.55	-512.196	-1137.19	-722.129	-60.3798	
-545.226	-11403.3	703.295	-6009.29	566.445	549.032	-670.109	-276.222	160.39	
-205.596	-778.385	4430.64	-844.751	1338.71	346.781	-224.961	184.16	145.286	
-3192.08	-8695.25	1605.01	-1179.77	-380.274	-343.073	-544.429	101.318	-108.642	
-3661.3	-6526.47	1159.73	-462.261	-2382.73	-32.335	-608.209	-127.28	-320.943	
-2456.91	3258.88	173.496	-237.587	-2014.41	372.688	-300.843	42.4386	168.016	
-2320.2	4729.94	12.25	686.345	1451.88	-114.279	589.834	40.7349	49.503	
-5132.2	-7860.91	-78.6497	1595.51	1083.98	762.846	1218.81	106.143	51.2235	

-10447.2	-29706.8	-8978.55	-6300.13	1606.85	-283.004	1346.52	-483.563	173.923	
-7333.36	-15745.6	-4983.99	2610.05	-933.792	1393.72	511.97	-346.192	217.917	
-11507.3	-13684.8	-4426.64	915.089	-4535.04	-812.599	-2679.95	-769.379	35.6838	
-3236.7	-37.4369	2117.86	-1384.49	-2010.95	-916.304	-369.604	-206.404	95.4042	
447.786	2531.05	6926.15	430.15	1213.33	36.3637	699.213	-391.61	252.832	
-1101.26	-505.292	4905.89	77.5622	1784.62	501.142	-139.149	-536.394	-155.793	
-3636.37	-1597.03	-32.3431	-358.298	-132.301	-486.701	-461.165	-253.613	-61.6803	
1498.68	-1559.99	1256.93	382.263	-627.425	-617.279	-648.258	-172.862	-109.54	
3220.15	7638.24	1712.31	2494.28	971.657	860.614	-650.502	-41.895	-149.362	
36.5136	4351.49	1380.5	-1481.29	1709.02	-347.087	-420.445	-346.967	223.885	

6429.49	19316.2	-4668.67	-5231.16	-708.004	4343.72	-1589.33	-928.768	249.526	
5117.39	8757.83	6706.48	-1433.1	686.767	3750.8	-1227.04	-424.414	82.0104	
10350.7	15170.4	11027.9	2052.31	2304.88	2947.8	1661.6	111.701	159.109	
3797.1	-372.649	768.307	1105.76	157.014	351.05	434.972	75.0199	-29.3735	
-897.75	-10333.2	-5082.34	1195.59	489.505	1326.53	144.205	285.588	-64.6165	
473.296	-2099.78	1431.82	3769.92	-1417.61	492.84	-156.31	690.284	16.511	
-2926.17	-6549.44	-1992.52	864.79	-2469.97	168.641	-1163.92	500.36	-116.39	
-2154.44	-1863.35	-1594.88	-2117.48	-2725.3	-655.624	-263.86	486.914	115.787	
-226.858	813.666	-2317.89	-2198.48	-1844.42	-441.38	-570.83	358.166	191.114	
-2261.4	4998.6	-4495.66	-1602	-1882.6	1061.44	106.465	-65.9743	250.196	

-8829.08	-8971.94	-2672.2	-2305.2	-1840.25	-335.338	251.489	220.927	-211.329	
-25774.9	-13874.7	-3146.11	-4699.33	-4048.07	-2495.37	1545.93	-732.157	856.026	
-6650.57	18736.8	7327.31	-1723.29	2959.62	1138.67	3809.4	131.329	1189.26	
4066.56	9693.81	11462.9	-1512.63	3657.06	161.606	653.435	205.205	228.135	
-954.207	7420.69	3254.44	-530.478	1387.09	-367.298	-451.744	-172.324	-75.6492	
6192.67	13684.7	3248.13	1274.31	448.113	292.995	-82.2085	-190.959	-65.8582	
17445.7	16961.3	5949.76	3370.74	-779.408	356.885	558.281	439.374	177.814	
1561.28	6011.91	-887.358	562.47	-3032.43	144.538	1478.19	475.607	70.4528	
958.369	2765.21	-5814.99	1041.39	707.095	-872.033	2513.66	190.923	-104.166	
-1123.6	-242.915	-7334.55	-2140.65	1089.15	-1479.47	625.925	397.505	-133.236	

2827.59	4995.08	3157.1	1785.39	499.497	1975.78	2386.8	838.245	70.5196	
-615.579	-5462.75	49.8099	-5509.26	362.328	52.9613	1289.93	184.845	-358.88	
-1389.07	4817.59	4198.06	-501.949	2315.32	-1317.35	1106.21	-803.425	-143.524	
4293.04	8742.8	10143.1	-304.749	3060.14	118.445	965.813	-432.18	362.553	
2809.03	12819.7	3559.76	3475.12	1765.73	1045.87	129.238	-187.114	-16.9886	
4942.49	7294.99	-1317.99	4776.05	1303.51	80.8818	-600.079	-381.512	-108.098	
3560.84	11389.3	2443.58	4016.77	1968.42	568.443	387.366	-431.129	52.2521	
-5099.03	-2036.36	-97.6212	-654.951	-1420.98	1393.7	240.663	289.296	142.895	
-8204	-9888.4	-2809.17	-2069.14	-991.674	-213.15	-722.114	5.77997	63.2637	
-3849.74	2563.46	-1826	-108.159	848.543	-485.373	847.4	68.0746	-18.7124	

-6905.58	-12770.1	-3613.63	-1591.58	490.016	-485.718	1679.19	389.492	744.855	
-13601	-23380	-11390.7	-5431.43	-2497.07	-857.367	-531.705	-240.434	188.724	
-8549.19	-13686.5	-2276.63	-8059.45	-4420.31	406.03	-548.954	-428.654	236.639	
1980.28	6472.66	6509.16	462.083	-577.655	1924.94	-25.2222	-530.91	54.9425	
-2947.54	10870.9	5474.39	1092.76	3181.58	-107.542	-530.351	65.805	-156.59	
-3697.66	-854.544	1913.05	-2238.97	1258.12	335.565	-302.05	-17.3104	368.563	
5007.44	11564.6	6267.49	-418.707	712.313	303.613	125.395	-167.099	311.758	
1176.81	5732.91	-2037.79	-2233.54	-831.141	-174.198	-214.525	-263.467	-87.2732	
-10.7328	-1415.47	-3819.63	234.399	997.221	1216.91	505.181	279.491	-118.072	
1565.3	5499.39	3868.6	3837.49	2001.89	2389.28	1246.66	385.903	40.1027	

-13779.7	-6582.44	-9086.17	-6151.21	-1031.9	-1075.76	-1606.37	-622.691	230.386	
6275.94	3411.62	-897.108	-2260.83	3582.12	1675.38	-547.373	728.004	585.697	
-141.679	4123.66	5704.75	-562.554	395.974	782.015	352.955	-106.543	455.466	
-3782.47	614.753	-592.704	853.068	-316.287	431.037	-570.605	-538.773	220.614	
9555.31	10419.7	6406.54	1859.27	2371.69	385.277	-111.996	396.95	37.0676	
4067.3	6012.86	1011.59	391.139	1241.42	363.445	227.124	61.0379	-183.226	
1033.18	3409.32	927.435	1916.65	704.907	-525.883	111.198	-175.679	-50.9122	
7137.74	18381.2	4583.09	5039.5	1002.67	1146.82	903.472	-156.466	-21.2431	
12350.1	15318.8	1339.2	6338.13	1840.07	809.527	201.859	75.7533	-207.175	
9180.17	7101.55	1380.9	1620.75	1984.97	-310.115	-1044.57	-237.535	-191.351	

8657.69	18337.4	3382.54	3938.22	-1495.98	-686.115	1967.59	618.567	1044.36	
12904	15923.7	-593.713	1639.16	-2583.43	1244.02	-837.515	1292.69	388.748	
8244.61	9799.1	3039.67	-141.479	1237.07	168.948	-1615.43	899.968	455.9	
3878.52	13157	7604.61	2790.24	1449.67	441.975	97.2899	691.267	214.209	
3880.46	17872.3	9182.74	3382.41	271.456	-149.592	435.42	745.197	456.175	
-2101.83	8029.26	2866.1	-509.731	-805.544	-1549.21	-672.372	-527.988	486.265	
-578.465	-115.405	5345.24	-607.169	550.856	-1617.48	-1923.36	-1043.56	203.204	
-1958.88	-7243.73	2954.59	-2802.23	720.908	-1111.92	-2643.97	-894.38	152.957	
1569.83	3132.53	2800.41	1268.42	-1560.61	-100.497	-1180.9	-455.03	44.349	
-1903.19	4453.84	2202.18	1916.59	-2812.1	-179.541	584.392	227.934	563.319	

5849.47	15037.5	-3738.13	5834.06	2282.03	1215.08	-1146.1	435.782	-604.443	
1273.44	6423.69	-1971.46	5944.66	3398.35	-205.952	-392.008	-493.005	-337.107	
-4534.52	-1268.92	962.65	2076.01	794.059	-1249.15	-1554.44	395.585	-1.17132	
-973.874	1012.71	8403.91	3323.31	-1329.23	516.359	617.632	460.409	-395.224	
4459.86	7730.9	9211.17	6672.74	2651.84	17.6066	701.265	-558.373	-290.559	
6032.29	7929.45	6180.35	6373.27	3413.24	296.365	1130.68	-459.829	45.1907	
9691.58	4967.83	5267.09	3167.24	1243.79	-358.204	1059.8	264.104	-5.4791	
6041.78	1990.42	1416.55	1455.03	-776.186	-163.246	2.67665	245.822	24.2486	
3234.12	10788.6	2628.73	-277.627	1172.35	1601.36	229.724	101.058	149.821	
2458.92	7620.44	138.425	732.829	1008.73	1599.67	284.842	279.642	-82.1743	

6789.35	7747.79	823.232	1103.24	3784.01	1178.4	1465.18	-432.829	201.387	
5802.75	7155.77	473.991	3553.53	-567.096	-949.723	1470.15	-366.168	491.329	
4148.5	-816.062	3021.47	1135.28	-2629.5	370.115	938.659	362.824	280.762	
-2644.37	244.379	-48.9499	1112.72	-572.586	-875.292	95.9704	205.414	-141.574	
-10375	-4281.86	-3401.56	63.3481	-715.5	-258.869	-82.0178	-390.395	-366.813	
-669.821	8168.92	618.687	1314.32	445.03	-197.326	56.1528	182.846	-125.518	
3803	6036.47	-643.337	1342.78	1235.79	-1243.54	556.237	235.978	-206.773	
-1728.35	5439.1	3071.87	2325.96	1816.85	-644.549	10.9969	-357.506	-333.919	
-1794.56	6485.05	5800.95	360.603	1199.84	368.098	369.293	62.6876	-103.83	
1164.07	833.228	4847.55	-1733.53	1560.99	73.2975	559.329	127.039	96.3895	

6569.06	19014.4	6351.9	4328.03	1781.17	1171.76	941.92	-477.687	-234.755	
5027.16	1842.93	5242.92	961.947	-160.048	1756.64	319.881	-891.597	11.7713	
2326.47	1939.93	2154.95	1400.91	-1846.82	758.145	932.99	220.03	-85.3611	
4471.91	8855.41	-1532.25	307.277	-1190.68	1497.05	142.814	446.959	47.4439	
1519.74	4101.54	4143.04	2123.15	2195.65	2832.54	536.652	-416.659	-159.64	
2152.71	5868.25	5734.85	2209.82	2381.64	1504.76	468.035	242.017	-327.799	
-836.922	2686.53	-2025.23	619.114	579.448	285.525	-621.286	373.302	29.3102	
226.018	156.28	-4376.29	21.2787	802.519	-392.693	-319.048	-492.075	216.717	
-97.4624	164.305	-1399.94	-1620.08	887.02	-445.328	-255.737	-189.518	-287.093	
4299.64	11100.2	2489.71	2614.33	2167.56	675.124	744.487	-99.5323	-174.929	

10178.6	34919.6	5449.19	3836.3	144.887	1686.31	-124.862	409.374	-195.341	
4635.5	4160.33	-2061.46	5298.61	-4904.61	-1257.7	-602.887	382.062	192.829	
7730.68	-991.952	296.405	2854.97	-1861.04	-393.254	-1192.99	191.961	156.842	
2139.12	-1413.14	-1082.57	557.671	1104.01	-247.569	-530.37	-376.05	29.8232	
417.342	443.205	1585.75	-650.917	1137.72	631.235	-254.702	114.835	-143.834	
3729.34	4523.89	3172.18	468.096	2213	1010.91	497.583	82.1804	-192.858	
1762.66	-572.194	-766.506	1495.74	1855.35	173.541	441.563	-184.193	-133.159	
-271.344	-8256.93	-3944.33	978.583	435.146	-158.213	-266.006	-707.392	-277.786	
534.741	2367.27	-2505.51	-549.076	440.137	780.205	-92.3261	-376.113	-265.523	
1545.25	13240.8	752.901	2201.79	1634.41	866.903	442.265	-17.6267	-264.187	

2526.76	991.437	3771.55	4049.08	4943.76	744.256	-46.2782	-426.395	8.43415	
2342.99	15388.9	16898.9	4715.65	4708.92	1860.55	837.407	-99.3365	201.371	
-2580.91	264.639	5713.34	-1081.64	1210.17	1595.85	-972.553	-213.713	-17.7966	
-1903.28	5585.14	1705.42	66.1664	-200.328	-93.4568	-673.468	-606.643	-443.8	
-385.731	2362.96	258.891	-378.152	-647.785	-1769.58	-898.668	-286.595	-130.563	
-350.713	-2594.19	4344.3	-2631.61	-607.35	-722.661	-406.545	-296.73	-156.218	
-92.154	10715.3	7550.93	125.069	2533.76	586.07	504.936	0.429332	-134.503	
186.719	7091.81	2892.02	-3078.76	1604.29	-333.018	74.8425	-238.465	-78.9032	
-196.507	7749.31	-809.827	-2852.23	447.358	-380.565	-957.907	-483.096	-102.181	
-4234.32	-1346.87	-3696.66	-2530.2	941.363	-7.03155	-970.159	-546.582	-192.151	

-1385.32	-6820.83	11112.3	8086.38	-767.661	284.032	-2604.96	-199.039	-134.098	
4983.71	2775.87	13677.3	4796.88	585.686	507.407	603.699	67.014	-268.046	
-3697.49	1182.59	-2559.61	968.142	-570.198	3697.13	858.522	-254.739	218.658	
-12866.5	-14062.3	-12440.7	3167.62	-2307.88	-613.82	1695.35	1211.3	746.897	
-10788.3	-10216.1	-3470.8	1646.69	-727.286	-1804.04	451.168	1114.67	108.909	
-6214.48	-9127.75	-1241.4	-3260.18	445.064	-2470.96	-1312.62	124.624	-490.192	
-7105.1	634.198	-4246.41	-1529.19	323.392	-2282.69	-1358.12	0.85046	19.5353	
-3419.83	-1693.55	-3962.82	-4300.56	1645.6	-626.195	-394.196	49.3359	-10.8056	
2297.2	-4696.39	-8578.31	-1823	-506.904	124.18	237.538	24.8372	61.2923	
-4368.7	-5542.85	-4190.73	-995.462	-1943.42	-189.81	-1054.47	223.15	250.496	

-4512.39	2778.05	-7807.04	1141.51	-1177.7	-1424.02	114.096	-314.813	-404.155	
-559.572	2628.14	148.545	1359.42	1501.22	-944.018	1152.71	-153.525	152.459	
-1674.79	-2800.81	-162.016	376.991	150.098	541.904	1600.24	-255.291	160.312	
3557.07	7870	4538.4	35.0213	297.921	507.965	992.426	36.9748	233.397	
6664.45	10765.8	8568.58	1964	1544.07	1246.93	499.723	523.886	33.0593	
3386.78	9929.49	7588.96	3077.99	964.339	1254.47	-511.44	-441.222	-158.503	
354.556	1447.83	1989.25	1884.6	-392.385	-111.518	-445.176	-637.811	-40.0881	
1975.02	8757.38	5223.01	3082.62	1568.55	-517.285	1596.07	144.044	139.088	
-2882.34	8340.52	1158.67	3530.78	1206.83	-419.933	1622.39	50.9492	1.77148	
-5904.85	-8332.14	-7383.16	-1040.23	-1232.36	-1146.18	392.916	-383.781	-175.619	

-2187.04	4554.3	-9715.74	-769.065	-1083.1	-10.9083	-1357.33	-902.295	-229.06	
-939.38	1472.28	1138.67	4357.47	3295.41	-1730.61	1389.23	123.256	166.501	
-3813.16	-10193	662.237	2811.55	1488.61	-1958.19	1680.96	924.629	292.994	
-4821.23	5840.56	4918.68	1603.14	193.246	1382.04	-63.4484	684.081	367.511	
9831.21	29051.8	11827.1	6716.71	2978.58	692.328	366.052	222.766	291.674	
11112.8	28106.1	12895.7	5640.64	1517.3	729.708	1108.4	-188.418	-139.947	
7316.83	13783.5	7100.14	1626	692.301	-125.117	455.875	14.6818	-265.004	
-2377.73	-10825.1	-928.969	-3601.93	-1476.04	-859.8	-1233.56	-613.931	-227.036	
-4055.86	-12425.2	-1220.1	-3437.02	-218.247	-726.479	-871.386	-1263.88	24.6175	
-4886.62	-10132.6	-4145.12	-5605.34	1026.35	-2308.86	-352.164	-832.51	-200.63	

9347.61	13523.2	6034.1	4600.14	1451.31	-948.208	-1357.62	101.809	-59.1384	
2353	-2512.26	679.866	3158.79	3090.72	653.521	-818.264	123.072	-306.52	
8766	7302.7	3996.51	3796.86	712.168	35.6563	26.3038	472.653	-114.123	
3851.28	2438.19	889.898	2293.33	-1540.94	441.676	381.513	357.43	-22.7112	
-1224.46	-4102.53	-2138.16	-151.977	-1772.76	-478.972	-430.136	-4.42785	-238.544	
-2413.9	-472.194	-1351.71	-506.108	-1038	-1252.85	-27.7293	-56.5954	-313.099	
-2813.3	2906.93	-817.296	-1338.19	205.65	-764.748	540.662	109.407	21.6063	
1184.68	5489.94	4608.23	227.194	836.372	409.386	970.993	-321.795	-114.675	
3347.03	432.964	3811.56	2743.61	-762.749	345.645	-99.4801	251.134	-244.166	
5021	5046	6142.77	1923.98	-1311.52	-522.28	-745.297	142.134	1.58288	

-12313.3	-24109.1	4342.11	-6920.53	187.32	190.164	1106.28	715.533	-68.5572	
-22168.9	-26197.6	-1914.46	-6038.27	-609.857	3007.93	518.827	-108.931	-266.872	
-7227.52	2124.53	-5324.1	-1815.56	97.5142	555.781	-264.783	281.333	-40.1758	
4346.51	2895.16	-1710.59	3116.07	2705.59	880.101	-217.667	-417.274	-5.53203	
-8362.97	2657.91	551.837	2476.79	4451.5	2260.95	450.636	-48.8421	47.5536	
-8485.73	-1354.01	-1700.04	-3859.94	1152.98	-189.173	-685.3	277.006	-292.661	
-9218.9	-12852.4	-6526.56	-4726.18	804.847	882.326	621.083	372.559	16.2503	
-3028.01	-4183.62	-2288.75	-269.533	166.477	2213.62	-358.809	268.906	148.747	
-2414.88	-6102.31	-2424.56	-678.337	-1174.91	477.063	-1872.95	-662.137	281.803	
-1835.76	-1231.8	-827.037	1605.02	492.72	153.427	-301.99	-124.881	329.28	

6640.33	9610.73	272.235	-3001.61	1412.25	6.18904	353.744	-588.572	1147.83	
1213.96	5526.8	1275.62	-2118.47	-868.024	610.418	-1126.37	361.254	366.685	
-513.231	-1513.83	-3903.59	-945.084	-1634.94	1091.01	-1792.5	-87.2341	-322.104	
2716.75	6639.39	-4591.69	32.8769	1417.41	343.485	-799.047	269.761	-250.009	
6279.02	3699.95	-692.674	1450.5	1878.35	-125.567	-334.739	551.397	396.655	
5713.5	1224.09	4066.18	2606.9	937.384	319.086	72.7975	195.144	436.13	
5831.21	4254.49	8855.68	3512.94	-895.667	839.929	112.442	-50.0244	125.891	
2115.7	9102.42	8192.14	3672.41	-2237.78	133.694	505.748	15.2656	51.5575	
-7696.59	-6533.82	-4307.34	221.617	-1509.44	-755.592	-414.552	-220.913	-116.831	
-7341.91	-8832.12	-6389.91	352.808	667.562	-743.988	-297.23	-355.03	196.082	

11429.9	4954.89	8890.7	2640.73	2425.2	310.212	420.147	-42.8981	-179.046	
7481.22	-3074.53	2522.91	-1858.63	854.004	82.2892	473.113	526.645	-489.211	
-3143.26	-14359.3	-3068.35	-3525.23	1111.39	-687.881	-147.505	-109.588	-278.325	
6425.52	1044	-2443.68	-313.918	2274.72	-774.507	1787.79	78.4848	-195.051	
646.666	-4237.75	-3987.22	-1415.7	299.357	-331.042	2042.48	367.255	-203.994	
-5502.4	-7142.48	-995.305	-2941.93	277.995	-170.981	937.613	171.246	-277.929	
-4890.41	-13132.8	-2808.67	-2845.07	-88.6387	-55.0838	-476.832	-625.54	-312.235	
-4308.43	-12293.4	1419.62	740.365	-1861.37	-322.507	-249.578	-530.51	-373.153	
3507.3	-6661.12	1754.73	1558.67	-78.5569	-510.813	-291.589	-405.932	31.5077	
4673.95	606.107	2489.65	1506.46	1427.91	-45.5935	82.4233	-59.1971	47.5963	

-15643.6	-11884.5	-5906.71	-7856.19	-1955.44	-2811.86	-2754.28	-746.619	-561.538	
-16205	-10204.5	-9016.94	-8455.12	-254.419	-1053.15	-2005.43	-285.787	-327.763	
-2748.06	-1793.22	-4488.64	-1896.59	-792.701	1388.64	-1193.46	-460.587	-22.538	
828.216	-2155.45	-4030.04	-2186.64	-1732.76	1252.69	-519.424	-90.4192	-341.327	
-298.809	-12835.4	-3207.46	-3292.86	-654.629	298.092	-84.08	-738.114	-268.389	
-525.081	-11275.1	-212.23	-1747.56	-84.1192	-504.666	356.35	-429.114	65.7746	
1396.37	4415.99	3595.27	1524.46	-962.251	565.086	855.231	234.131	274.376	
-1180.7	2199.07	-889.126	3353.63	-783.866	651.286	961.962	506.169	270.905	
-5177.77	-2376.22	-2004.37	55.6276	522.179	1218.95	-165.065	112.938	148.792	
-7657.78	-2286.08	-669.988	-2260.23	290.016	-361.141	-599.348	-237.958	-155.089	

2582.06	-13137.5	-6799.04	3222.51	-3114.14	-2303.49	-3161.05	-507.335	532.92	
6179.35	-7878.99	1843.04	-1115.95	1753.96	-155.627	307.424	-157.848	227.256	
6317.79	13015.1	4502.98	2159.06	1328.87	767.462	214.753	-164.923	178.392	
8115.48	20630.5	10128.9	4018.23	3018.92	1114.64	1321.11	-265.469	550.272	
960.502	11982.2	7602.33	1000.12	3512.46	-1177.69	1324.34	324.087	240.306	
-2783.84	9241.48	6975.67	1111.32	2065.36	-1267.12	137.11	1008.16	-280.8	
-3430.35	1485.28	4322.17	2216.69	2096.8	260.952	-577.783	268.081	2.8377	
2915.89	4815.89	6250.17	5934.92	1915.69	347.05	-439.48	-155.361	111.846	
9649.69	5094.93	4182.64	917.845	1362.25	-348.085	125.709	136.378	211.871	
7353.09	2595.85	-1038.26	375.798	-376.802	-844.763	-887.194	-34.3444	385.848	

13631.3	16783.4	22436.4	527.307	2109.76	-1084.71	2767.87	-64.0212	128.503	
-9390.81	-9420.14	4383.56	-7652.21	-3308.33	-2637.82	-1225.16	-147.627	-318.618	
-13622.3	-11393	-4205.82	-5947.63	-2325.44	966.354	1311.18	854.274	278.092	
8593.17	11741.7	7149.99	5113.14	912.148	2134.7	1232.27	1388.57	13.8296	
5441.58	-1365.44	1490.33	4806.35	401.036	469.514	546.168	1486.72	-233.938	
-2709.57	-12491.7	-7106.1	-2034.46	-2408.93	359.768	223.073	291.7	-39.0777	
1822.5	980.322	925.943	3393.94	1149.94	2138.43	1051.7	664.212	78.2478	
10316.6	6712.88	7521.18	6802.19	735.474	2488.04	256.605	398.906	102.557	
1810.71	-2231.88	868.345	2312.82	-1753.69	1208.82	-1894.59	-7.65931	-11.2938	
3810.57	-1827.98	3672.52	3203.06	1555.18	1324.98	555.943	252.601	38.1567	

2300.47	-1386.8	-237.659	7313.63	-262.788	3181.68	394.927	-113.622	359.523	
4585.44	4587.16	-855.474	2296.15	1146.52	849.222	212.265	152.65	-17.9439	
11389	14513.2	5591.04	3223.23	-23.6878	840.099	161.24	255.025	-142.624	
5265.75	8418.09	5355.8	249.008	-645.567	229.128	-127.13	187.208	204.774	
3196.22	3275.95	5599.03	-897.56	-1029.15	-730.021	-402.048	387.409	50.305	
2849.34	2395.72	966.858	-948.481	-700.348	-903.584	-73.0804	217.692	50.8015	
771.065	-167.54	-528.932	-483.71	-1104.63	-663.246	-216.127	-197.541	218.23	
-2317.61	-7632.4	-3337.95	-864.913	-1036.12	-570.855	31.2357	-233.809	124.401	
664.189	-4118.63	2211.37	1716.8	-268.339	741.086	-517.34	366.917	114.906	
194.091	-2736.61	980.183	2714.98	1222.73	1394.92	-771.135	429.719	121.623	

443.009	8054.38	2029.95	3390.68	2042.25	794.893	-404.67	271.112	76.3059	
10484.6	3162.37	6788.69	1759.95	2367.57	738.244	-1127.84	105.006	-278.176	
13669.9	5126.03	9988.62	6430.04	2232.2	883.103	512.61	777.807	-125.651	
13636.4	15850.8	11376.8	8604.7	4021.76	1915.41	2200.19	237.386	21.615	
1883.22	7668.66	2496.96	4943.66	2029.9	1285.01	857.51	-389.263	-282.065	
-3036.95	2676	-1546.5	2463.08	223.997	-319.998	-642.137	-294.017	-479.748	
-1209.16	-193.189	-1388.99	1524.5	425.429	-830.075	-915.304	62.119	-265.713	
-8612.4	-3184.11	3077.61	-1121.83	-482.102	279.487	-1404.42	254.697	-89.699	
-8607.2	-937.095	2910.06	-800.53	-146.59	1252.56	-952.305	-126.491	-356.694	
-6810.21	-1787.64	-1045.23	-2206.63	-424.942	270.087	-277.724	-158.325	11.8329	

1603.78	1397.67	6482.81	6309.04	195.466	3134.28	357.913	-715.179	131.143	
-3706.34	-4577.14	-2594.33	2152.85	111.884	1951.24	2312.37	-418.585	-578.45	
3658.01	3908.47	-3796.44	3582.2	948.761	2259.99	1897.53	474.466	142.659	
13490.5	24306.7	8970.68	7380.09	3202.98	911.941	1688.81	423.047	-98	
6983.52	10645.2	3416.39	2883.49	1298.01	366.882	574.38	94.52	-74.961	
2726.86	4140.26	658.413	-1994.99	1661.81	-471.735	-202.61	128.737	70.5348	
5301.31	11595.1	381.803	1646.26	2133.96	237.41	-429.148	720.373	-35.6821	
3750.11	6343.32	-155.342	3292.64	-1414.3	357.138	-1012.3	1022.08	-257.681	
7282.59	-2059.32	1934.97	2725.33	-1676.15	1308.77	-470.412	760.064	122.183	
6850.82	7578.49	5250.23	3064.83	1057.63	1671.05	-81.8117	131.859	291.59	

14797.9	8351.03	12085.5	2932.2	8052.96	-159.177	2181.93	159.505	494.575	
12067	11970.7	9414.21	3748.6	2672.57	1720.72	1338.99	549.498	363.572	
-3514.94	-8523.15	-6027.64	-2624.18	-2930.51	1489.43	-906.136	-259.032	530.274	
-6862.89	-9792.79	-9973.61	-2689.33	-3630.56	-2499.35	-661.847	-1031.82	476.485	
227.158	6327.51	-131.442	298.769	2535.91	-799.347	587.202	-149.427	501.284	
1235.92	3337.23	-1732.97	52.2412	3368.36	1624.84	350.943	469.838	382.62	
-6090.78	-6951.2	-8009.62	-967.398	149.005	283.448	-458.076	151.018	406.097	
-5228.52	1187.82	199.928	3951.82	661.117	4.73157	-870.815	-578.674	445.021	
627.462	-7028.91	-1322.87	-2218.27	184.535	-61.5267	-1450.46	-171.955	81.6087	
8935.61	-2011.2	4447.41	637.622	3605.18	318.672	-317.6	339.798	136.021	

69.6721	-2268.37	-763.373	-986.394	-251.217	-521.302	-293.036	-36.5312	-52.6806	
557.471	1455.06	-167.261	-506.229	-455.952	-381.099	-76.8297	-97.3422	-37.3877	
628.696	1877.13	692.539	-118.235	12.9507	14.0089	-8.45337	27.6341	-28.8982	
1238.4	1300.73	597.764	-248.438	149.415	87.6572	-61.9886	71.9058	-14.0682	
433.095	1353.55	395.321	-346.74	48.4885	-23.5245	-14.4563	-13.1952	-4.67422	
-1187.45	-620.39	-595.181	-467.98	46.2103	141.954	18.034	-148.447	19.5268	
-242.42	-622.925	-370.311	-263.699	-40.9365	196.178	84.7391	-30.756	3.69883	
98.9946	-1804.56	-401.215	-170.33	159.811	-129.803	-81.3456	-60.6643	-46.5344	
-140.34	-2929.35	-478.317	-393.618	88.9532	-345.165	-94.9063	-80.748	-90.0015	
-240.098	-2315.21	69.7064	-509.337	4.83637	-248.175	15.8389	63.1816	-61.5532	

3952.61	-15631.8	-9081.5	3390.39	-650.49	-1107.12	2384.33	-40.1255	-6.14732	
457.58	-7509.76	-5823.03	-1012.63	-1252.84	-3079.97	325.383	-94.7707	-241.5	
-8139.31	1027.56	-3168.35	326.506	-1647.29	-2039.02	-578.751	15.8946	-185.158	
-11823.9	-14749.2	-13452.6	-4221.91	-1930.16	-1209.15	-1138.51	-295.393	198.749	
-5268.82	-13519.2	-8107.86	-5759.35	-1757.45	545.686	-102.101	254.71	312.262	
-2269.55	-8056.93	6903.06	-387.393	-1507.43	315.506	-272.855	153.682	34.1855	
12.8915	1513.49	15816.3	1958.98	-117.487	1643.08	169.159	-38.0336	-239.835	
-4728.62	2357.92	9255.43	-435.568	1216.35	-1255.11	862.002	183.004	-21.3315	
3336.86	1048.14	3759.39	-736.729	3142.13	-873.616	130.617	103.906	-397.035	
12264.2	3304.34	1549.6	1657.96	2538.52	1503.72	1387.75	637.365	-187.069	

2932.43	8639	9849.41	1669.4	4046.14	2537.61	1407.67	-733.813	120.617	
3772.08	6854.72	935.117	-129.878	960.824	-17.0073	494.729	-550.32	228.631	
1887.5	1158.09	2426.7	-638.09	1107.23	455.342	1715.33	-141.907	71.9489	
4960.35	8892.89	2541.83	2578.66	3203.79	997.036	86.0404	134.344	416.906	
5795.47	11470.4	6583.93	4514.26	1679.08	2713.33	352.717	312.013	457.278	
2990.25	1859.17	4156.56	1508.61	-26.8185	1135.25	-377.728	90.2849	-53.7434	
6144.31	7682.05	5102.99	2483.72	2134.44	-300.494	38.7277	220.956	52.7952	
470.564	3600.71	1036.15	-595.28	2820.42	-501.778	608.484	169.472	-189.84	
-5903.75	-4390.26	-1541.66	-3603.73	588.725	-5.84691	447.15	81.0821	-39.7754	
2275.98	4087.1	4997.63	-93.5379	110.878	1113.5	563.361	-279.697	146.777	

-947.503	-3177.09	-7827.13	1485.98	-1404.4	311.157	-1033.82	-59.7997	64.5306	
-7055.29	1734.31	5560.06	1457.3	2489.3	3358.84	672.341	1103.26	481.719	
-2781.78	8542.16	7248.06	1781.36	1393.42	476.403	390.336	354.483	276.834	
2115.87	11290.7	6942	2237.95	3117.03	-1129.04	2031.05	-175.417	185.841	
-4450.93	-902.792	2840.37	82.5888	791.086	-2218.98	631.267	-356.603	190.837	
-13439.7	-15212.8	-3830.01	-2453.14	-638.597	-1091.34	-1238.11	-221.439	74.9089	
-8099.28	-9535.43	-153.932	-3063.18	-1224.49	-914.646	-996.092	112.412	-179.128	
-5024.06	-735.795	2231.72	-763.434	-424.031	-102.43	-16.5271	453.663	-53.3216	
3671.07	4649.35	214.096	1386.76	-796.666	-703.634	659.852	450.843	-389.002	
4274.95	1947.61	-3955.14	-266.62	-2256.4	-1796.61	-321.688	-669.684	-499.311	

5295.35	-4269.86	1639.03	-52.4272	-1555.3	-1930.06	1073.84	-490.65	-686.664	
2035.06	-6631.64	-2595.76	-5366.38	-1939.7	-1321.99	1007.26	-7.64962	-362.982	
-10438.2	-14204.7	-116.515	-7328.11	-1022.88	-2055.44	-1467.99	125.015	567.964	
-5164.01	-1675.26	6346.01	1354	866.249	-1008.95	-1057.05	354.85	285.635	
-6722.38	-4091.27	-572.042	-211.685	-43.0806	76.696	-470.196	502.31	231.527	
1727.76	-221.341	2995.2	-2444.3	-35.4622	1334.99	953.414	226.926	171.076	
73.3853	7590.51	4442.81	-2814.97	376.492	-254.369	-167.202	-472.834	209.206	
-3659.69	5722.02	5948.81	-1457.49	-96.296	-894.421	-412.715	116.794	207.931	
3193.57	9211.09	9748.37	3425.33	1475.67	-310.342	1216.98	190.641	187.31	
6543.03	4987.94	7594.03	2484.64	460.227	-56.5929	1202.08	-444.425	-72.024	

-8459.56	-10951.4	-5193.9	-413.784	248.323	1077.14	-397.417	-8.70159	-93.0941	
2940.66	-4949.44	-2365.35	-3788.59	3328.76	157.228	-1433.61	845.473	-185.222	
3654.66	-143.365	-2940.4	-1161.51	2229.4	1257.36	-904.747	694.704	-41.1595	
3981.88	6191.47	-465.929	260.775	780.95	916.398	439.973	430.63	71.8011	
-466.473	-6159.6	939.145	-2683.61	485.31	-398.103	353.984	-163.29	4.67248	
1954.88	-3527.57	407.143	-445.657	385.976	-480.863	1067.04	-253.615	-2.80509	
158.094	1300.73	3395.28	1837.64	798.162	-650.187	418.988	-221.971	122.116	
-562.507	3354.83	2514.07	3484.54	284.169	20.1809	-93.8287	-211.291	229.884	
943.025	7798.57	2530.77	1657.18	661.231	610.428	-696.954	-251.089	172.013	
-1929.22	-938.375	3710.33	284.325	424.247	862.056	-625.477	-292.536	161.307	

393.201	6620.4	1891.52	-1492.97	-3646.55	-1952	-2483.4	309.966	127.534	
-481.342	4216.06	-4184.3	-1939.75	-423.158	-1429.88	-1392.87	-673.339	-61.7579	
-8244.78	12788.7	1880.71	690.536	1628.2	2366.56	165.844	-179.94	-372.838	
-4723.38	358.365	3297.32	530.256	1843.39	1419.65	1177.48	-474.36	-275.734	
654.616	5979.11	10079.1	2773.57	4303.62	2185.88	1739.72	194.355	-159.203	
2483.75	7964.41	4775.94	4115.75	2887.43	1431.31	894.889	866.159	2.34084	
-3223.37	-2108.47	-1956.55	160.664	1621.15	-195.28	-678.894	-7.60788	-432.531	
-3206.21	-1197.05	-3552.43	259.058	2002.2	-984.925	-1276.17	77.685	-466.499	
-7995.56	-16515.9	-12651.6	-3725.95	-371.889	-447.645	-1039.34	-199.647	-28.0709	
-10161.7	-11775.9	-6044.71	-4513.97	-1662.95	-1286.62	-965.767	7.99234	91.2826	

-2154.1	6589.84	3633.1	-6414.4	-3625.58	-637.416	-202.003	148.138	14.4399	
16084.6	22286.8	11781.7	-1376.41	1883.74	14.4164	-150.064	-298.044	-46.7339	
6087.96	5598.83	3301.33	5327.43	533.86	-1581.47	-849.264	-1426.14	-494.057	
-3123.36	-11219.7	-2919.18	201.451	-1956.9	-2040.39	-2344.58	-1096.77	-454.089	
-4179.32	-6385.15	-3353.78	3393.31	-1875.7	-669.046	-868.407	-128.877	-184.855	
1949.98	-6472.49	-7713.7	556.515	-1024.08	-977.164	-749.615	708.456	119.298	
2342.77	-4700.57	-4449.42	2437.6	-1461.15	-144.22	-219.469	376.5	115.613	
-8583.59	-4625.97	-7201.92	626.955	-2095.88	-352.858	-778.174	-179.776	-50.8369	
-8917.67	-14749.1	-8538.34	-4490.61	-2651.73	-525.761	-1021.33	-27.0777	-91.1028	
-3310.63	1473.38	218.008	-2120.8	-1738.71	-113.815	382.687	-83.9402	228.232	

-4712.89	-16241.3	-14349.3	-5386	-4597.4	-370.668	21.183	-83.7323	-814.992	
1998.85	-7066.16	1597.71	-5394.53	1280.47	1191.44	-29.1824	218.003	-400.144	
-6908.93	12226.3	8282.15	3783.22	932.85	700.336	-315.929	555.199	89.7297	
-15902.9	-4767.69	-4893.95	300.016	1162.99	-803.625	-1683.52	-269.673	-309.761	
230.279	2757.92	1975.12	3661.58	2802.39	321.226	1605.76	107.779	-188.329	
-230.813	4344.74	-420.318	-1799.65	508.475	-374.351	1013.83	451.495	326.233	
4788.1	13940.3	3071.11	1853.73	-847.482	776.107	1101.93	463.6	197.369	
-4495.87	6365.43	-2352.73	391.962	-309.248	1606.87	1903.9	229.561	191.944	
-4849.75	9327.41	-858.099	-3097.28	2966.31	1582.71	-488.382	-343.264	-232.513	
3185.89	17121.5	8162.4	-204.482	4502.69	2012.54	-796.696	-192.167	15.8438	

4311.87	5663.44	2144.21	4184.9	2297.85	-959.943	363.742	235.513	-557.025	
3524.24	-2685.09	1356.46	4256.59	2246.66	-2202.24	260.778	375.279	237.061	
2884.47	4283.51	-7677.87	2658.85	1579.71	-1313.97	-404.833	-254.674	348.406	
5615.37	6385.11	-4806.3	2694.76	-1588.22	-1039.77	238.658	-293.008	-299.124	
994.268	-6803.63	1013.99	-1390.07	-1775.67	-1270.53	172.132	432.148	-230.892	
-1984.04	-12023.2	3225.76	1304.14	-717.807	26.2369	1239.92	96.7527	-311.364	
2476.86	7296.48	2659.23	6022.88	-44.1058	815.055	415.374	-199.12	-197.729	
1573.06	-4932.15	-3884.06	2298.99	14.8441	-432.098	-1295.7	-249.577	-479.737	
3267.61	-5937.12	-553.546	3911.42	862.33	222.449	42.8915	-271.612	242.482	
2615.17	2713.22	-1513.64	5150.2	174.338	768.757	-268.92	-713.978	230.885	

-7719.48	-25664.7	-8435.79	-898.138	-4412.37	-1883.17	-731.258	-25.6528	-609.528	
-19623.1	-10071.7	-10967	-560.831	-2806.2	-1877.09	-2455.99	134.889	-363.12	
-4011.6	7201.94	-2077.55	-1699.33	1725.49	1456.44	1053.11	411.638	-217.171	
-29.9116	-7733.77	1422.85	-2505.78	804.617	630.717	1121.39	-124.021	-216.446	
885.533	-10286.3	-3018.9	732.197	-703.525	-1056.42	804.836	108.585	-604.402	
4999.4	1668.21	-248.765	5924.27	205.521	721.918	-107.636	490.078	-0.0502244	
-866.847	3044.21	5396.99	5783.6	-1162.26	2692.31	1549.85	-163.985	422.353	
4870.56	5515	8222.33	7642.62	-1236.75	1405.63	604.695	-38.0468	39.6625	
-2441.54	-13072.5	4175.76	2183.12	-1154.09	200.278	-650.178	401.702	221.268	
10109.9	372.517	5378.82	1331.76	177.126	1107.65	1050.79	483.404	-87.4907	

9286.37	-228.062	8536.57	-172.114	-2630.14	1734.91	-388.037	1196.71	842.338	
12919.7	9731.06	4499.47	12043.3	664.216	-578.459	1698.02	-1203.08	601.586	
4305.89	-11468.5	-4859.89	5109.89	-1730.54	-3023.42	-456.631	506.674	349.121	
5447.29	1860.95	1681.08	384.239	-2595.45	1927.11	-1138.03	163.668	-270.258	
-5442.88	-8728.88	-12626.5	-6181.97	-3928.12	510.655	-1390.55	-635.727	-448.835	
-12891.6	-17055.1	-11141.9	-7645.18	296.531	752.455	-78.8655	-177.468	-210.165	
-7804.37	-10717.6	2279.36	-1992.56	1907.99	2473.51	1465.71	-743.245	-205.882	
3883.46	3264.45	7185.53	-1475.86	1229.51	1950.57	1118.93	-572.866	-243.469	
9284.97	2494.9	3271.82	-1034.65	180.593	496.645	923.847	-463.168	-421.432	
-729.788	-10300.9	-799.714	-2798.29	-2432.57	-407.628	-645.489	-646.484	47.7521	

13540.2	-8788.33	5094.93	1048.06	330.597	-1775.56	-2701.39	779.671	153.206	
-858.924	-10276.2	1379.46	-3763.77	2728.44	-34.175	1454.99	551.109	186.06	
-14813.3	-27071.7	-7426.47	-11333.4	-3619.99	421.232	-1105.31	-484.318	230.066	
-1618.99	-3012.52	-2597.93	-2233.22	582.279	1653.9	678.417	406.608	18.8146	
-2588.84	2166.56	-2614.48	-2682.03	3436.06	1059.38	891.054	1273	217.101	
3273.22	8836.43	7967	1486.88	3057.24	785.038	362.222	1095.29	285.624	
1360.7	-6168.61	-293.789	-1710.13	2647.52	457.567	-301.935	728.158	-34.4992	
839.984	-3980.68	3107.75	419.518	2231.06	988.062	-341.015	949.151	175.176	
4718.63	11617.5	9832.02	7348.98	2248.02	1332.16	950.243	105.048	268.194	
12437.7	13186.6	14972.3	6862.78	2698.58	808.681	309.423	199.956	321.531	

-13815.9	-37691.2	-16453.2	-938.557	-2195.28	-722.994	1238.83	-203.579	542.394	
-10172.8	-9186.52	498.277	2870.68	870.235	1697.54	3247.48	886.063	108.533	
-3785.09	10155.2	7245.14	3573.29	-348.214	4552.42	-229.225	672.411	-480.497	
2205.14	-4294.6	2192.09	2827.15	855.73	2845.32	362.509	-214.771	-146.415	
2344.72	-1375.17	415.319	4582.08	843.118	-797.574	972.868	-315.544	-823.119	
-7475.97	-5743.28	-12018.7	-3157.56	-2365.84	-2428.51	-156.574	-452.817	-297.453	
-2913.27	5654.16	-1199.8	538.253	978.414	-354.374	-61.0116	641.581	69.6556	
1142.03	2586.93	5364.17	-644.113	832.844	-1072.43	204.925	1156.96	567.542	
1086.97	3183.55	-769.39	-4936.15	-2407.78	-1269.84	-69.0171	1697.35	698.668	
2388.03	14464.7	2657.46	930.759	-1152.22	827.505	-299.732	702.216	262.024	

-4360.11	-13567.9	-11181	-322.518	-1158.17	-19.4262	1953.33	-307.417	-1077.08	
5536.7	12397.9	2568.17	3201.9	1402.52	10.3049	1358.48	-275.451	371.877	
3838.02	6144.39	-18.3887	6207.37	-1174.48	-1656.35	842.107	-12.842	249.104	
1981.74	17711.9	2731.96	2332.98	-856.09	-1141.89	1319.06	1036.21	158.188	
-5705.99	16926.5	1345.85	-2756.69	-2881.77	-95.8487	-355.269	1444.11	238.07	
-4260.16	476.204	1071.36	593.439	-634.256	-1154.21	-96.9105	701.901	-111.451	
-424.071	710.579	-2225.16	909.259	503.374	-1009.01	-272.145	-381.813	-270.526	
5479.16	10336.9	2767.84	2933.52	1327.91	362.201	307.65	284.752	-20.6611	
6968.69	7225.68	4466.05	2592.17	1760.58	2325.65	1351.43	519.16	395.07	
-354.654	-3594.35	-3216.73	-364.6	40.4883	2173.73	1032.12	199.943	-459.429	

-15991	-32106	-13533.8	-5604.88	-3371.92	893.842	-3013.04	-305.536	594.934	
-10743.6	-20611.6	-5596.04	-3151.52	-5586.17	-1515.35	-1781.41	-776.996	-177.165	
-4210.68	-2751.63	3578.98	-4433.71	-4405.93	-2496.69	-879.323	-297.588	30.6498	
-4587.66	-14246.5	-5920.38	-5000.34	-3580.01	-2685.83	-1168.09	595.802	-65.8555	
-1960.06	4911.3	2656.28	-1544.91	-1808.22	-1742.44	-540.469	-144.326	14.4562	
9581.15	22241.7	10718	3762.3	1231.07	-433.335	-336.619	-158.782	87.3554	
7748.01	9367.05	6881.45	4490.37	3564.38	-98.5119	479.153	496.463	150.367	
3346.13	1712.56	7420.24	2322.27	3771.5	1670.6	-79.1931	357.124	47.4486	
2218.59	3280.89	3376.14	-405.433	187.773	-124.733	21.2271	-313.89	149.729	
-2395.29	-3730.19	269.888	-1191.46	-1153.89	-80.6368	-716.95	-566.592	353.45	

6853.65	3258.85	6744.97	-2788.78	-2127.45	3190.02	-1287.48	996.326	237.088	
1049.37	7855.34	5367.25	-4271.77	-4853.14	1447.38	-1899.36	575.093	117.711	
-7977.94	-1488.74	-341.403	2965.68	-439.234	2423.62	127.747	346.561	100.269	
-18019.2	-22604.7	-13198.8	98.1976	-520.275	-132.632	-388.251	-435.441	-136.779	
-0.814081	-5093.01	-2738.18	-80.4137	741.656	243.526	-590.148	-707.301	-545.871	
-280.985	-16339.9	-8680.41	-4369.18	-424.602	-1932.55	-408.71	-1075.92	-474.809	
-3878.61	-16613.6	-5145.69	-4269.26	-3258.54	-1616.5	-1227.16	-457.341	-270.325	
-1955.25	-4631.02	479.16	-3292.94	-4419.96	162.556	-984.778	-248.003	-369.473	
-976.205	-838.336	-1177.38	-2840	-3305.41	1241.4	506.704	88.3988	-621.222	
247.883	1570.19	107.572	-928.413	14.6661	1367.5	292.562	340.455	-188.695	

