-344.709	444.285	-467.237	146.44	-66.4675	-234.181	-89.7001	-51.2072	1.09037	
350.501	1550.74	706.459	364.846	136.012	66.3817	103.506	19.1069	-21.3664	
371.215	-1061.81	-119.136	208.655	5.60432	15.5793	-96.939	-14.0847	-13.249	
-31.6983	-1129.49	-658.353	-47.4803	-100.405	19.7509	-14.8349	-43.1338	-32.6824	
-59.5855	-167.713	-587.424	-256.243	-196.349	88.7534	40.4423	-3.4682	-25.8141	
278.289	-274.261	-89.2872	-129.306	-131.29	35.1295	11.0154	-24.7796	-18.3739	
-187.561	-533.22	-111.889	-116.668	-124.298	-27.1785	17.8902	-32.0053	14.7369	
-484.159	-54.2897	-174.453	-228.318	-110.307	-34.3843	10.1955	-8.98819	-11.5075	
53.6518	-414.065	-248.406	-77.07	-2.77852	29.6646	-110.625	21.9521	-9.45165	
-75.1205	-519.242	78.2088	-134.091	40.037	119.236	45.5578	40.4046	-6.36909	

1883.02	5926.89	2833.29	-70.048	1391.7	1053.8	1159.61	132.494	136.304	
461.855	-3377.94	-3159.44	-3298.57	-3002	-1173.5	-570.302	181.671	-45.0046	
-4946.86	-5875.69	-6352.07	-1028.23	-1510.07	-1715.96	-686.469	-200.946	180.531	
-4860.18	-7588.32	-6982.58	61.1139	-1683.6	-583.997	-1649.98	-69.1045	51.5771	
-658.598	-2377.46	-2292.54	225.671	-2539.57	-581.126	-1142.62	-394.385	-4.19227	
543.975	-3190.68	-1962.63	1050.72	-1597.18	-622.179	-378.415	-232.11	287.704	
-7540.14	-10276.6	-3051.14	-1513.79	-513.879	138.211	43.1301	92.6973	360.912	
-5710.91	-7782.28	-1722.53	443.331	1017.72	400.66	-136.02	-276.127	184.147	
2069.8	238.932	4011.24	2509.13	1642.14	604.162	115.256	-27.0687	24.6865	
-2083.56	-5239.16	-1163.63	-475.131	-478.715	-181.198	106.805	137.971	-88.2997	

-329.273	198.062	-392.549	103.113	-62.4616	-117.027	93.3841	48.2563	-42.14	
84.6504	-1426.97	-579.099	99.2512	-95.2455	-306.878	61.09	-33.4109	-51.3465	
519.314	212.131	188.504	314.876	-155.514	25.4946	6.553	-82.1018	-5.37156	
463.483	214.029	-90.4266	153.566	-122.171	126.165	-125.53	-61.7627	-0.740155	
78.5275	-570.476	-442.806	-126.899	-93.2295	42.8608	-59.388	4.25504	-12.7888	
62.6288	-148.269	-385.524	-5.69436	8.77802	-5.89768	-11.7159	37.5189	-10.7626	
-297.07	101.716	-161.144	9.79542	6.81524	-66.9452	31.1785	6.55357	-4.00068	
236.413	668.14	38.5217	-123.528	79.2958	-39.352	-36.3209	-24.33	0.624289	
-32.2105	-64.7851	-478.804	-287.564	-110.419	-69.7564	-40.6713	-16.58	-29.7363	
-483.382	-202.246	-76.2086	-27.1849	-52.9045	-41.9524	44.5629	11.8202	13.8071	

13965.2	12064.3	-1678.31	-426.873	993.222	2289.47	800.831	958.585	402.401	
-607.689	4770.08	-1572.82	-1903.71	-478.982	671.52	-1458.64	138.811	325.559	
-3875.17	-14973.9	-244.131	-6329.15	-1321.27	984.407	-1777.19	-199.512	111.672	
4049.65	-7759.57	2588.8	-2930.92	715.154	733.362	-507.713	-526.776	-319.7	
-3373.11	-4629.21	-1256.61	-1074.2	731.855	322.737	-891.644	123.054	-212.814	
-5509.07	-1653.25	-1135.55	-1098.33	-423.641	-734.253	297.152	235.929	-112.242	
-1198.31	791.449	-588.77	-195.634	136.149	56.1319	910.579	87.751	-24.8955	
7324.9	16530.5	4716.1	2397.76	833.94	741.953	550.331	21.6807	35.1229	
5085.69	8344.47	775.599	-166.149	-6.11022	934.603	114.761	-152.412	162.507	
-6748.93	-7048.26	103.728	327.561	-466.538	319.889	-540.056	-591.498	96.8504	

4217.68	-3472.76	710.649	-1618.92	381.792	-302.326	-597.72	1075.33	335.946	
-1785.43	2904.02	5152.7	57.391	116.511	-2232.54	340.992	-222.127	-431.232	
-2370.6	-3832	-2950.79	85.637	-1966.42	1108.65	443.05	-749.705	-104.091	
-9544.89	-15475.9	-8014.57	-1400.19	-4284.58	860.401	-454.016	-738.576	-82.9301	
-375.872	3561.88	343.378	527.996	-639.912	443.188	278.281	-830.722	176.983	
-3765.59	4543.42	-1098.67	-1286.3	513.159	-946.517	-389.188	-467.395	-23.6088	
1165.18	2989.41	-3924.39	-4727.32	855.128	-460.898	-557.558	-278.031	-156.013	
3786.1	8992.82	-3340.8	-3177.23	66.7967	-200.499	373.426	-298.529	-119.182	
2887.47	7625.23	103.758	-155.945	318.07	-1626.52	-358.772	47.4539	235.627	
-3836.76	-3710.08	-4111.21	-1721.22	-814.741	-1611.61	-1124.53	192.081	184.089	

2653.59	14228.3	6489.55	5214.36	6033.91	3283.95	2057.08	-467.864	275.719	
12151.9	40149.1	2776.5	6464.28	1678.5	2978.58	643.173	-655.841	-38.6531	
-168.784	6264.89	-1735.11	2484.71	-1108.25	362.041	-1006.75	762.343	-159.437	
6623.98	6843.86	3143.29	-2262.08	-800.233	1143.23	205.176	609.181	9.79528	
9581.5	8091.91	3255.32	-2482.55	323.594	-215.487	-831.521	185.486	-122.49	
1310.84	-7304.79	-606.055	-1479.75	-341.203	-1397.23	-684.437	174.256	-600.598	
4355.92	4270.48	-2744.76	482.683	1343.16	-757.163	-33.467	662.556	-549.384	
5930.58	11191.5	-15.279	3104.21	2892.97	-1072.88	2540.67	1110.47	-408.448	
8531.6	1691.52	2587.67	1040.08	445.866	-962.811	947.241	906.426	-309.15	
11418.6	8667.24	-726.34	73.3293	-2092.83	-1245.12	-481.861	237.686	-499.686	

-742.191	690.948	372.464	-103.927	344.393	-0.436097	-90.1958	-178.632	57.2154	
-1707.9	-2124.45	-273.438	101.057	-288.926	-118.47	262.326	-42.4142	-26.441	
-2588.97	-2440.95	-786.233	41.647	-40.1554	-188.428	159.044	-75.4467	0.662807	
-3232.93	-2843.26	-97.3139	-342.218	-197.033	-159.029	-140.965	-4.68805	21.4418	
-1865.6	-1466.78	904.453	-210.783	-28.9784	120.932	-4.65834	10.954	-58.5365	
314.296	6.55443	768.553	58.7021	79.3924	211.127	33.7301	116.699	4.48552	
187.679	371.052	133.539	58.9025	26.6683	105.777	110.341	42.5142	49.3786	
809.11	582.915	-48.6577	140.468	-14.8059	197.758	195.382	67.2247	65.7592	
958.977	-1165.98	-597.595	53.7844	59.9856	46.4282	281.245	53.4598	-16.5563	
-146.404	-2027.7	-1025.4	-458.345	-55.7518	-260.579	163.245	40.6862	5.73128	

2363.05	2023.94	4809.68	5903.15	48.3007	978.485	-469.303	240.143	87.1251	
-3794.79	-3787.42	-762.472	306.092	-5691.73	178.565	159.666	-97.3151	-300.072	
-7544.43	-226.61	387.179	47.5609	-3019.54	1565.17	1868.79	-129.635	-551.952	
-4943.27	-5531.35	-9192.64	-1028.39	-2050.8	1107.3	1683.62	51.0239	-389.993	
-5666.71	805.6	-2261.14	899.742	-369.414	441.417	1254.44	1007.89	66.6527	
956.688	14224.4	3484.57	3327.83	2313.43	271.617	743.431	777.563	129.604	
-4571.64	-9995.93	-5281.89	-1300.12	213.654	-1155.25	937.854	301.352	88.8579	
-7344.59	1177.72	1793.35	847.121	963.184	-198.66	1086.01	28.1537	205.077	
-2939.37	12171.4	4405.12	2332.06	32.0421	843.623	1109.74	-183.361	-104.319	
3062.26	7021.37	612.618	-136.091	-497.559	-554.325	1185.23	30.8168	39.1215	

-3660.65	-5882.51	-6032.06	-371.392	-1760.74	1246.7	-614.739	60.1358	-293.049	
-3362.45	3256.93	4708.59	-595.64	-1669.06	369.583	672.679	-354.95	34.0587	
-3550.76	-3622.76	28.3258	-514.842	-1814	1343.79	-496.562	526.544	-158.842	
-784.669	-11766.3	947.088	-4461.61	147.84	764.717	-349.265	760.72	-55.691	
2588.22	-8956.49	-1427.71	-4869.73	-519.456	-303.282	1223.5	113.977	300.17	
-5708.38	-8138.56	7347.91	-2381.57	-1026.73	1104.44	405.584	-62.8731	706.115	
2430.98	3072.12	7013.65	-480.143	-215.53	1768.97	16.823	376.502	307.665	
13148.9	6531.69	3806.43	1974.82	1904.39	969.842	-401.652	950.795	-366.927	
959.628	-5749.39	-1738.99	-2057.11	2759.25	315.903	-1287.18	1001.6	-177.864	
-1317.87	3887.73	2160.78	-1599.61	223.033	611.189	759.767	212.33	-34.8194	

4191.24	-11390.6	-7190.14	5315.68	-424.865	432.226	-239.339	-1114.16	-103.795	
12697.5	10981.8	923.237	3255.86	200.957	-1335.15	1588.25	83.7407	456.691	
2456.16	7520.97	-6122.93	-439.502	341.143	-1016.83	-572.443	-172.393	149.312	
6678.18	6136.27	-1200.55	1416.39	-836.422	1320.54	465.334	-164.513	-6.9054	
5314.18	9288.56	3427.76	-540.509	-1241.36	2291.31	1002.11	187.752	210.482	
2156.33	8472.72	2988.85	1907.22	-1383.61	-417.75	-407.372	-250.255	-85.3233	
451.746	3310.24	-391.36	3329.72	-250.261	-1771.32	-997.604	-416.851	-429.711	
-3017.66	3427.7	-2692.93	4812.1	1602.76	-945.053	101.029	-49.75	-263.542	
-9163.33	-3260.7	2532.92	1807.89	2742.8	15.4351	2.45554	107.409	-75.089	
3453.01	3839.47	7363.41	1795.46	2411.27	994.151	21.9974	208.233	196.691	

-7521.4	288.049	1205.61	1396.82	6340.16	-103.593	-1406.33	-907.022	-475.059	
-1396.57	33386.3	14284.7	6165.46	6189.61	2453.57	1796.7	-867.715	398.866	
-6700.76	-3130.88	-257.327	1756.69	-385.75	1711.63	1708.55	-569.551	57.0112	
-3515.49	12351.9	3116.51	3946.39	885.776	2150.56	477.631	-96.4618	208.679	
8333.67	15453.1	4628.76	7868.04	2890.94	-50.2451	-184.495	-134.647	280.548	
2062.29	-8771.47	329.331	1686.27	-182.423	41.1862	1306.59	198.018	55.9245	
-6980.44	-16792.1	-11494.2	-7086.16	-1062.22	1085.93	263.819	-13.9791	-81.8691	
-4407.37	-4963.2	-7763.24	-1321.35	1479.13	-283.878	393.333	-346.595	-204.279	
4724.92	7071.22	280.765	734.993	383.832	-445.12	567.429	101.081	139.086	
4855.04	7178.42	2611.42	-845.905	238.059	275.542	570.06	402.477	351.177	

-467.367	-151.66	-421.75	215.02	110.433	9.29924	-16.1966	-31.6526	15.6994	
11.2333	-643.542	-317.658	458.201	-271.084	19.0239	-38.4148	-27.5395	-39.1608	
4.91873	-194.449	219.443	95.2436	-40.7728	-177.825	-16.0088	-27.479	-13.8805	
-29.4372	-548.77	118.327	-16.3938	17.6807	-57.7683	10.2379	-27.3105	-15.4386	
-559.797	-1099.64	-726.959	-183.395	-128.028	-59.908	-102.589	-61.3759	-5.7037	
-114.342	-845.985	-501.308	-18.3455	-95.5923	8.08847	-102.053	-35.2122	9.79491	
137.67	-520.78	-51.0313	8.71074	-109.164	-45.3641	-15.8132	20.0418	19.0586	
-113	331.264	-71.7132	97.6747	-42.4903	-41.8338	76.7955	-36.4798	4.80588	
58.0709	197.049	-320.92	-62.1021	-16.7217	-17.5409	-7.90631	-57.839	-8.46423	
-9.37456	-463.381	-69.809	-175.629	-211.154	-7.8542	-102.723	-23.4616	-13.0362	

-4339.84	116.728	-1415.78	559.814	317.737	-1345	300.379	-528.401	-58.4318	
5114.48	-3969.41	-2198.79	699.444	3825.89	-82.1753	-719.223	-1290.41	-261.041	
-7251.24	-17644.3	-7998.36	-3412.67	921.201	-2095.36	-207.319	-1239.46	-17.45	
-861.815	-163.631	-2998.09	-4387.33	2938.01	-483.967	443.445	269.701	182.691	
-216.66	-4083.01	-3189.31	205.537	2906.89	-113.182	-264.307	-304.505	-50.0798	
5756.18	783.621	-81.8656	2244.39	1355.59	376.619	-1319.97	-274.367	-244.874	
3543.57	-536.346	315.9	-385.027	563.83	344.54	-1928.41	784.444	-100.72	
3864.3	-6590.67	-728.815	-2805.48	437.041	-786.175	-962.484	12.1558	-23.4051	
6714.57	14650.7	6362.9	1711.94	647.581	1077.7	546.599	-129.838	-200.863	
2800.95	12784.8	5726.31	2398.63	-499.593	901.696	593.849	354.659	-97.7911	

761.882	664.832	-420.639	302.069	70.2087	76.5853	153.823	-95.4899	-27.8198	
596.361	314.391	-492.207	-123.334	-216.303	-47.2456	27.5776	9.37348	-48.076	
-201.775	46.3288	167.764	-65.957	33.0201	53.6912	90.294	3.69559	-31.6102	
299.279	540.811	199.693	230.626	175.854	209.475	2.55146	-7.38391	37.2647	
45.3708	-217.321	-66.3841	-14.8535	24.0366	-15.0276	-102.313	4.11646	33.9088	
476.517	194.9	78.315	137.004	295.347	22.2717	-0.693742	-49.4284	15.7156	
476.465	878.043	512.768	43.6992	196.121	5.84624	-58.9376	11.878	-11.1195	
1071.14	2170.17	828.796	263.056	178.606	53.6871	67.7486	24.4346	-10.7879	
383.373	961.605	237.729	155.552	57.7502	-19.3102	-77.1766	-17.8872	0.600768	
-270.399	-682.092	-271.505	-240.55	-216.398	-86.0143	-88.0603	-16.0405	-5.46726	

-819.174	1285.97	6769.54	164.511	3178.73	2705.5	1587.98	-254.847	-103.849	
7733.1	10309.2	7137.33	1778.45	-513.294	2593.84	-1256.34	173.709	-109.903	
-7682.4	-7324.9	-733.44	-1936.75	-2107.02	411.196	-312.851	425.823	-31.8456	
-2951.62	3082.31	-1736.79	-3733.11	1759.03	-662.598	53.7465	-23.1388	414.942	
-1443.86	2072.81	-4645.1	-1751.84	2543.61	-233.454	-597.102	-639.231	320.636	
-1093.59	-1653.35	-4980.35	-285.421	36.3893	-630.79	120.407	-453.605	139.875	
-2887.23	-12239.8	-4148.05	-2907.94	-2981.53	-1456.89	-655.459	-500.141	-117.433	
3039.85	-450.423	1038.83	253.798	209.088	-601.271	717.647	-489.033	170.274	
-3927.22	-2330.58	-393.206	-485.075	1357.31	-1123.41	-35.4996	-1076.61	-13.4007	
3013.63	952.146	-1532.5	1178.96	264.071	-28.4658	-858.369	-480.006	263.104	

9367.23	10241.8	5815.47	5503.54	-412.205	2324.64	1007.29	-320.526	798.711	
3247.78	16314.3	1679.45	1684.16	434.141	-676.256	-243.783	-809.269	113.311	
-6879.59	3553.52	-4400.97	-2593.57	892.147	-701.169	-911.438	-644.79	-346.655	
-1445.51	14294.6	7923.51	1017.79	2207.02	638.696	-183.626	218.766	-139.001	
-2119.85	17528.7	6935.37	3356.02	775.412	770.776	-443.837	747.244	260.954	
-1326.66	11034.5	2598.81	3521.86	1231.72	638.153	1031.45	274.362	-194.377	
-7162.55	-1504.14	-4420.97	610.746	-299.575	-466.582	844.502	-338.715	-328.784	
294.942	1733.71	-1609.24	-81.7929	-843.774	-573.708	216.487	60.1237	-119.84	
2913.8	12071.3	4688.86	1665.36	417.2	-1210.35	-904.12	461.238	233.729	
-1741.27	6337.71	922.922	-1014.97	340.724	-1581.59	-1275.56	-57.9984	-255.291	

5765.63	20727.9	4246.85	1664	3593.15	3407.66	1625.64	527.838	259.429	
576.871	2611.81	-7944.35	-282.078	-4968.59	2137.38	-539.348	-199.345	189.063	
7416.75	6293.13	5556.95	4001.83	-451.438	512.06	-134.191	171.168	-112.121	
-760.168	-9770.39	730.027	-3336.18	475.309	-385.71	-227.897	-121.328	-20.4866	
-19.3996	527.864	-333.899	-2150.51	-350.742	-610.993	-721.982	875.845	-27.0867	
-8862.35	-17439.5	-8700.08	-2981.99	-2414.02	-1045.28	-281.276	523.81	164.566	
-7621.12	-11943.4	-6623.43	39.2374	261.305	435.803	599.729	-136.681	-33.7753	
-7124.58	-115.876	-4198.64	-450.672	715.83	917.862	1021.56	159.048	-275.591	
-1492.94	-10420	-4797.25	-6486.97	-178.721	-1149.01	-373.615	-33.4997	-127.827	
4730.15	-5081.56	-2393.81	-3898.54	-421.236	-393.893	-1129.6	-177.075	-158.534	

-13667	-2622.34	-15464.7	-5784.88	-2344.83	-3921.77	-1247.12	-849.792	-76.0006	
-14026.5	-3361.79	-7213.91	-1902.65	-2098.79	-1376.09	731.317	620.013	362.875	
-1973.6	-6714.67	106.359	3251.96	770.724	372.124	2227.98	1195.82	225.788	
-1128.99	1625.95	-895.189	1895.23	725.352	127.893	2351.8	-165.13	-39.0186	
5846.27	4748.62	5164.72	-146.442	37.9667	912.192	1022.89	-1208.13	-397.013	
4458.5	14023.4	9909.41	1706.46	2169.06	1785.39	624.772	-1058.52	-483.919	
-2485.45	-59.113	1394.61	628.136	1409.35	976.749	405.317	-667.598	-33.6919	
-6065.49	-4586.17	-816.778	3019.05	-697.794	956.369	1490.15	-261.896	-451.502	
-1483.57	7391.82	3061.52	3164.74	-1340.07	1803.96	1669.14	219.346	-529.471	
1650.06	9137.1	5231.99	1031.92	783.405	1889.62	1041.1	458.224	-396.524	

20165.4	39217.7	14827.9	11312.2	6036.63	271.889	1399.62	78.1316	613.016	
-1036.63	9148.68	-9579.1	3639.51	-1234.55	668.355	1665.3	962.156	-178.787	
-3942.77	10129.3	212.462	4191.36	-2398.09	-447.454	-550.209	303.317	81.5894	
-5932.29	-9068.65	-3566.86	1987.78	-547.438	-1216.5	-1703.51	-35.421	147.322	
-3063.25	-8766.39	2087.55	1750.49	103.383	1054.33	421.723	-117.365	-177.919	
-6522.64	-2281.42	-3072.29	758.438	-1454.36	-395.94	1284.77	-114.383	80.3959	
4762.65	14848.2	1384.24	1149.03	1815.59	490.869	1612.28	310.56	375.921	
2793.47	8419.36	-2978.04	-1031.49	2110.8	-525.656	881.14	20.0589	393.437	
6058.89	10937.3	3700.1	9.10702	96.4893	-612.597	1370.19	301.589	-145.618	
6689.62	-2490.92	3506.71	-792.533	-540.199	-166.995	622.299	518.025	17.1741	

-472.938	-247.375	-391.66	50.8705	-15.0495	59.4471	94.7352	-87.7089	17.6743	
-501.939	-810.879	-529.035	48.0515	-64.2856	-28.7298	108.457	22.7838	17.7168	
-864.546	-870.166	-897.935	-269.657	-379.502	-124.61	-68.1114	37.9135	25.7543	
331.675	-61.4647	161.61	31.1134	-276.947	-3.32777	-21.8417	78.9628	37.9542	
-347.737	-338.107	-155.328	-40.7176	-164.967	-39.4479	-101.75	-3.52825	2.21944	
-666.685	-904.458	-406.016	-178.062	-123.504	-52.8572	-97.8912	-26.4093	-20.0762	
-318.074	-704.911	-479.22	-315.542	-55.7056	41.1872	-174.711	-18.6923	-0.549987	
-382.029	-1006.43	-593.724	-388.36	-134.345	-41.556	-94.9908	-9.02726	14.3514	
-89.851	782.473	569.677	97.2807	-11.3519	187.376	10.875	14.8394	-1.81115	
496.185	1119.55	824.795	266.1	161.647	127.418	40.0624	70.7691	-12.1574	

7969.28	14971.5	5846.51	991.568	345.748	-624.679	9.72808	127.865	-342.085	
4085.42	22509.2	7249.93	1176.54	660.267	-1118.13	-1828.09	-188.172	208.264	
2623.26	15806.9	13756.2	166.897	-1097.79	-343.049	-436.356	-134.04	-448.74	
5317.96	4638.76	4460.61	-1426.43	603.829	55.3789	33.1812	-35.8467	8.95681	
1338.66	-4474.07	-3437.9	-1472.56	2117.3	-2272.74	192.629	-813.315	118.873	
-4447.19	-11914.3	-5814.63	-990.036	1225.21	-597.208	57.7774	-86.3932	-88.4929	
1582.36	1170.58	1010.13	4183.61	386.174	835.755	820.973	504.704	181.421	
5105.05	-863.218	-4572.41	-56.3109	-1065.5	-59.3105	669.085	3.88248	202.161	
6700.42	7180.74	1271.55	163.753	221.901	331.846	1548.18	622.843	618.755	
-449.541	-2959.41	2119.84	-4194.81	-788.209	45.8444	-448.81	363.041	552.103	
-3792.62	-4917.35	-5891.41	-96.4613	-2365.59	-187.893	-464.793	-183.355	627.953	

8165.87	9878.9	-1511.07	3480.06	-924.546	2053.83	-854.719	549.276	361.653	
8747.81	15753.2	-3076.11	-3251.63	481.847	1045.97	-225.821	-62.045	-271.368	
-1987.22	2635	-7436.25	-6966.14	856	-848.604	97.3796	275.208	-301.156	
-688.117	-999.465	-5061.34	-3432.75	320.791	-221.713	837.267	356.283	109.554	
2362.84	9988.2	2440.83	1290.72	-214.786	494.52	723.652	388.303	472.453	
3922.83	9314.24	1075.82	1910.13	1247.88	480.902	234.382	55.4877	-123.606	
4561.41	6213.26	2253.05	3130.42	1449.28	-330.108	179.335	-169.597	-214.186	
1311.65	-4565.81	-1823.24	2345.94	267.335	-1320.78	-159.145	80.8892	148.387	
10533.9	8543.54	7365.19	4253.65	1389.16	-439.52	563.226	323.816	142.407	

-204.72	862.813	-66.5712	370.918	-40.4595	150.838	101.76	-27.4159	27.1412	
336.844	473.842	922.558	653.086	358.383	138.669	102.387	-2.12801	-13.0964	
765.837	-362.347	461.611	175.642	190.314	133.497	130.094	42.0568	-11.807	
857.922	230.186	270.963	73.0497	253.365	-65.2602	57.3018	52.3683	-10.48	
-461.074	-151.41	-291.323	-166.39	49.4536	-88.1705	37.1071	-20.204	25.9866	
-436.033	-221.628	-319.577	-62.9444	-65.2725	20.6622	3.59587	0.0239611	12.3937	
111.973	-88.1973	-292.824	-26.0861	-5.94937	129.322	-45.6658	28.1804	-2.91766	
420.073	127.148	-173.248	-88.828	152.226	164.117	-27.64	-4.03539	-10.4706	
193.287	65.8382	176.701	-1.67279	60.7433	5.28319	-42.4795	-32.5767	-35.9962	
30.0164	-181.191	188.564	-131.143	33.0223	-86.6378	-67.2827	-15.5472	-31.6242	

11536.2	-5186.94	-10076.4	1667.68	-139.119	1446.46	-3384.82	-105.588	343.553	
4941.36	-12668.7	-2269.11	-1346.85	-1174.2	-874.106	-3305.05	-935.883	384.556	
10783.4	24439.3	14726.7	5319.26	767.843	224.393	-356.596	334.478	-44.2145	
10061.7	14463.5	12380.7	3488.42	4122.18	-7.18405	1402.68	350.96	281.617	
18138.7	12246.4	2417.24	706.336	2528.89	-1649.1	895.502	603.066	376.489	
12314.3	10350	2060.44	-795.574	-854.385	-1055.05	-407.331	318.24	93.0388	
9169.55	14458.9	6123.06	411.432	328.098	-189.96	-580.476	398.602	-135.163	
3908.11	536.199	4170.22	-1303.73	-433.539	-745.628	-1413.31	204.854	-200.504	
2096.87	-7111.95	4762.37	376.009	1973.54	13.9401	-65.9209	126.154	-108.734	
2223.72	-2219.43	6588.85	715.98	2566.46	40.3117	246.966	235.941	277.294	

6827.17	1380.97	768.366	3216.27	-71.3639	-489.3	2344.82	107.354	-338.556	
13430.2	5627.43	2720.23	1338.03	2911.67	-870.063	1697.04	-164.834	-97.458	
11556.6	9924.64	705.592	1245.88	215.176	-656.144	1629.08	32.3082	-327.141	
2214.02	-1404.26	-3189.65	862.658	-2180.87	-219.032	954.456	-345.265	-171.251	
-1714.31	-1841.75	-2180.09	933.392	-1641.24	496.29	433.607	-340.743	-235.144	
-5765.8	-6317.8	-3692.71	-2497.55	116.18	369.539	-154.487	-182.192	7.95656	
3972.39	4544.27	4791.78	1130.63	1483.4	-456.682	-34.5563	-369.45	138.08	
4874.45	9151.95	4480.02	4548.69	2870.42	-900.552	-696.978	-532.758	277.634	
8102.68	6299.4	4456.69	1651.34	1789.47	682.376	-362.697	-1010.93	7.21887	
2493.83	-2261.73	697.893	-506.743	2009	439.12	-1113.55	-378.478	-152.909	

714.081	960.082	946.88	133.544	206.655	-17.1055	0.504139	60.3746	25.0578	
499.97	1291.49	851.159	-67.2989	347.036	55.5613	6.95725	80.5726	31.7118	
-462.566	700.877	118.346	79.7819	185.304	73.7977	-43.3379	32.7489	36.5603	
-921.512	-176.984	-91.0513	-24.6273	25.0132	-28.4763	-37.1116	-18.7446	26.4517	
-508.641	-216.064	-185.156	-42.7127	7.71605	-74.0709	-21.7288	-43.033	9.9104	
29.5887	-142.234	-311.875	14.2082	27.1046	-66.6223	-6.46762	-34.5113	-0.486471	
-242.039	-440.411	-237.321	-151.948	-36.8451	-63.0225	-56.2439	26.9003	-0.120997	
-112.81	-188.813	-121.642	34.6681	-21.3671	-16.6142	-107.14	84.7239	-6.53935	
101.709	-224.251	-88.3895	26.2317	0.623908	119.527	-63.2428	35.8291	-13.0742	
554.494	35.7307	-58.3584	83.5047	169.11	12.2768	25.5184	14.4869	-2.2859	

416.129	583.135	352.428	457.928	61.422	-116.317	88.6765	48.4345	50.7278	
857.188	748.122	205.45	261.707	270.083	-173.993	68.6887	-30.5995	12.8052	
687.972	117.275	363.535	-161.409	191.332	-9.03438	46.7606	-3.61576	-0.0881149	
622.66	733.718	373.213	-65.3331	233.617	-84.9782	-27.9329	-57.1085	20.2561	
636.763	997.921	100.243	-33.8051	28.395	12.4638	-19.2134	-20.9861	-12.1389	
399.16	315.409	-132.982	86.0072	152.285	194.392	10.36	14.0087	-8.08053	
392.375	477.051	169.742	53.3309	157.361	259.591	-11.3755	-5.36688	-9.66769	
911.246	866.135	52.2204	-158.156	-48.6703	76.0156	2.68699	-13.9733	0.444327	
935.189	451.39	-134.994	-86.244	-124.075	47.3245	55.4823	-5.82675	0.990313	
382.67	-31.3898	-203.808	-233.03	-126.95	110.604	10.4828	-8.8595	-36.4568	

-12118	-11756	2002.86	-1342.44	-1204	-1319.08	67.9901	676.851	-430.771	
-5464.27	7580.16	682.788	3613.26	1399.6	-986.467	1879.94	-129.313	-309.596	
-4021.59	-207.373	-3563.96	-488.834	-62.1775	-1943.21	2167.02	-1291.16	-151.28	
-2332.66	-3927.06	-1566.98	-762.878	-1749.19	-1259.13	732.179	-112.39	-344.621	
1175.27	6489.62	4455.43	2744.36	724.575	289.477	1607.4	234.845	-69.0958	
-2396.99	1804	2980.59	-48.8451	-1288.19	-251.426	960.778	-60.9875	83.007	
-3111.29	-1818.97	6611.99	-1831.89	740.267	-1372.08	-361.333	31.5583	275.32	
-4818.46	-1420.05	192.382	-223.417	892.156	776.474	-693.444	-213.801	85.6063	
-1511.79	-354.48	-2503.72	1536.91	845.82	1907.33	-788.483	-442.87	-254.157	
398.151	2541.32	-1128.11	2319.25	2285.26	776.938	65.794	83.1116	-0.264721	

-333.718	-994.097	-349.328	-17.9946	-62.3819	182.815	64.264	-4.34151	33.7939	
-271.15	-24.4771	92.8856	180.601	-110.833	114.564	134.873	16.7405	6.93967	
8.65544	356.203	-24.4551	-57.2153	65.4554	10.5653	135.62	77.9494	-0.338237	
160.676	1167.95	624.151	51.2675	348.886	-4.41944	124.746	79.6419	9.56636	
688.217	1388.21	552.343	105.141	287.868	-43.9178	69.4835	44.7116	13.6854	
613.145	884.569	274.873	-12.3817	123.677	1.04443	45.684	15.8341	4.22696	
-304.175	-563.865	-318.155	-112.595	-120.57	-5.52196	6.36967	-22.0565	1.61946	
-285.901	-359.07	-265.586	13.5002	-76.7291	32.0475	-15.1656	-1.12823	5.5001	
-145.721	-917.287	-156.722	-80.5685	-132.948	34.2738	-58.9736	-7.36942	-1.21105	
-509.824	-101.902	226.887	-88.8786	-74.7024	-24.2146	12.7833	12.6803	-15.5067	

379.656	2667.24	2144.46	555.206	566.883	602.754	166.268	48.5685	57.6065	
724.5	2787.51	1545.34	692.691	647.146	322.31	228.725	-0.420654	6.50041	
313.913	2952.66	375.761	-68.418	259.567	313.715	150.479	180.834	75.7977	
352.667	792.338	-554.393	-584.321	450.397	-25.6027	201.479	19.6044	93.4349	
1042.57	553.464	-8.40268	-124.223	529.649	40.2956	286.506	-43.5576	37.4619	
207.323	974.076	752.269	492.08	339.844	121.986	295.782	-23.9145	11.0566	
379.226	912.317	1174.67	521.281	159.658	58.4899	262.632	22.4192	39.8927	
1650.13	504.532	1082.2	303.291	-58.5404	138.09	268.711	40.8336	41.4543	
1158.6	683.825	287.136	425.513	-247.9	31.9281	168.711	62.7637	6.72351	
1666.83	1603.32	308.061	400.794	61.4748	-172.3	115.257	-34.4886	-36.1509	

-253.795	-3726.11	-5573.77	-2676.54	-2986.57	-1064.72	-387.699	152.58	-553.732	
-2388.72	19410.5	-1910.07	-517.496	-782.701	548.963	1904.74	402.337	-938.288	
-4462.76	3266.31	1754.45	-204.251	399.687	628.556	2276.11	-14.9679	-824.9	
-4955.99	-12440.3	-5659.48	-1700.97	646.268	929.74	1236.24	-37.6489	-541.189	
-237.941	-12053.8	-4906.81	-2293.72	-2264.97	435.167	-16.6092	-135.783	-94.603	
3898.19	2898.94	-2414.63	-573.566	864.347	-570.669	-112.373	13.1633	-4.46607	
2043.92	12159.2	1522.76	227.46	1089.93	-280.901	435.634	169.576	144.418	
-10955.6	-2942.83	1951.96	879.651	-1261.57	-1780.96	1001.03	207.312	256.53	
-9637.45	-3982.5	1081.99	2048	668.531	-2553.76	59.1509	124.261	408.113	
-7898.42	-9697.79	-2321.85	2212	1510.94	-1433.9	-45.1432	515.731	232.45	

-7473.62	-10236.6	-9688.79	-249.15	2517	-377.597	67.6279	468.979	706.6	
-934.217	11383.8	2889.12	-2167.63	2035.33	-703.011	233.368	764.192	261.21	
-6244.41	-3696.42	721.698	-1685.93	-642.259	-1606.69	769.454	1024.83	103.319	
280.025	3752.88	1619.37	611.301	-655.889	361.68	296.143	-18.2224	106.544	
11949.5	17014.7	1383.69	3426.16	1211.13	1983.93	163.415	-724.453	314.971	
5637.54	12733.1	787.382	3024.27	-284.674	1024.63	-155.684	-484.429	244.474	
2623.26	6314.66	-979.599	2918.82	-696.328	-190.428	-595.755	128.553	12.1897	
-2590.33	-5625.73	-2813.66	-490.583	-340.696	-846.15	-287.319	-64.0873	-206.701	
-860.79	2035.7	-2124.49	24.6029	-525.527	-182.653	-998.163	-435.839	-265.484	
5155.95	8027.71	2711.03	-775.235	-606.685	111.49	-667.038	-148.871	-149.809	

-11739.8	-30160.6	-10748.9	-1289.8	-3331.35	-3536.12	-2129.88	-372.214	92.2245	
-9271.58	-25179.9	-12491.1	-3824.08	-2896.63	-2251.95	254.07	118.865	-99.5714	
-6232.54	-13175.6	-10032.1	-6087.99	-3641.78	-186.619	133.318	-230.155	-191.092	
-3639.6	-3530.61	-1602.99	-1215.25	-9.18459	-230.113	-178.616	439.293	-82.3718	
-12971.5	-10465.8	-5931.94	103.584	-946.336	-756.105	-1243.23	354.373	-66.2326	
-7945.58	-7494.76	-8052.58	900.812	-1855.65	-837.191	-608.188	373.595	-8.17455	
-2432.6	-1856.54	-3096.47	1631.38	123.5	-411.618	1096	303.702	244.078	
-802.637	9135.04	4187.16	839.79	2135.18	133.802	2047.96	20.5936	403.811	
-838.148	10265.7	2729.44	2133.4	1517.17	208.934	479.363	-421.394	143.736	
-3515.04	2652.72	-1959.66	-765.902	59.5408	1204.81	80.0375	23.3149	517.618	

-902.982	-5501.38	10369.5	2678.21	1158.34	-665.293	408.048	73.7498	571.392	
2237.34	10269.9	4071.92	-2664.91	-1298.06	-475.946	522.45	912.494	194.067	
2779.36	6966.25	879.559	-2063.81	-2265.16	871.351	-497.309	156.268	-38.6815	
-5792.92	10334.7	-2377.66	-1945.92	27.9548	1361.22	296.6	372.152	244.802	
-9656.95	1584.19	-5573.96	-3063.05	1601.94	1621.2	440.125	766.664	-53.0751	
-3866.2	-11578.3	-6539.05	-1897.49	272.937	1124.66	-780.015	491.547	-247.619	
-1440.77	-3402.86	-4198.66	817.628	-202.113	286.618	-324.706	274.832	-39.1113	
699.767	-4032	-1298.96	2442.04	-108.486	518.697	456.139	-162.07	-349.179	
-1497.3	-7114.05	-608.623	-2925.2	-3413.77	949.932	-121.673	-779.98	46.7162	
-357.326	-5673.29	-6562.41	-2197.68	-2485.11	-557.63	155.784	-732.549	1.80581	

999.523	-9011.83	-11992.8	-1630.93	-3257.56	-2197.87	1546.89	293.682	-114.933	
-6139.74	-1431	-8924.55	-2380.92	-4587.9	-2785.97	638.424	604.744	-627.984	
-7975.63	-18209.5	-9265.73	-1740.86	-1560.21	-2212.73	-517.409	-731.047	-884.634	
-3481.87	-9102.54	-9061.64	-1981.72	-1197.96	-1407.19	-423.68	-1343.95	-781.76	
1180.77	3697.6	-2722.4	-97.1734	-1781.17	-127.619	-585.255	-338.811	-479.091	
-718.59	3024.18	-410.195	-218.501	-348.169	613.029	-102.604	-673.323	-239.021	
-3230.72	-7036.73	408.77	293.451	861.784	373.776	766.513	-503.19	93.2682	
3190.13	2227.31	7231.24	3579.27	2286.78	536.054	1040.59	13.2765	-41.2605	
-1055.8	2237.74	4164.66	1153.05	515.225	1471.08	771.298	350.582	-451.059	
-1588.7	6342.02	6860.01	1647.84	1821.52	1040.34	492.595	504.936	-273.568	

-23586.2	-30234.4	-20952.8	-9591.35	-1984.55	-5242.49	-4118.58	-262.159	-19.9114	
-3633.78	-13409.4	-7848.67	504.734	-3816.33	-2255.45	-2779.04	-46.0686	-179.662	
-13212	-12340.1	-15681.1	-2494.59	-6803.78	187.094	-1057.85	106.313	492.502	
-2501.41	4460.11	-4219.48	-1112.29	-4517.3	-7.96306	-909.483	410.581	469.488	
8548.99	7064.07	873.817	559.341	-234.454	-62.3074	-90.4522	340.394	-287.262	
6179.46	10058	5979.16	454.845	2266.57	626.874	-374.068	325.59	24.5234	
7016.21	11840	8282.36	200.558	1678.09	867.19	-221.202	240.314	261.381	
6645.18	14818.1	9822.74	-2964.82	1591.67	561.779	207.905	403.622	350.878	
1039.95	7306.86	2826.53	-5026.71	1948.77	-276.831	980.381	287.593	-49.2764	
-2175.64	-364.501	3817.93	-2230.02	690.66	1284.42	1228.54	-233.888	-94.1031	

1821.33	-16447.7	-9378.09	-680.827	448.865	1323.33	-1435.96	268.904	-409.046	
9806.62	-865.961	1565.29	2943.13	2156.43	364.393	123.309	350.739	743.559	
-8953.19	611.456	992.145	6681.99	2744.23	-1039.44	65.5561	628.737	99.9824	
8155.1	5344.12	11838.4	4482.01	1107.53	829.885	1511.16	909.675	-276.606	
10589.1	-3403.39	4232.04	231.74	873.911	2022.03	1828.32	868.771	1.15934	
10365.5	197.805	1104.47	3303.02	2823.5	1827.82	-20.5214	548.1	105.398	
7386.25	-1366.29	-280.158	2577.96	3743.41	-58.3996	353.569	53.7533	32.0644	
8071.58	3396.14	5608.92	4156.32	2224.65	-303.547	973.902	-150.142	63.2093	
2589.36	-2663.7	7298.8	3358.92	1357.55	649.758	62.1387	-22.0184	162.737	
-4438.72	2495.77	6738.98	1764.61	1354.76	713.677	60.1599	48.9392	407.359	

-18272.3	-20305.8	-8097.69	-5567.38	8.14673	-1878.61	-2272.91	-310.062	103.343	
-4240.3	2312.76	14587.5	2470.5	564.458	77.8482	-3162.45	556.937	-50.9968	
-35.5947	-13810.3	2423.27	-2373	-132.612	260.926	-1722.74	186.267	-426.36	
-6421.01	-20449.3	-7861.1	-4294.41	-678.569	-1526.76	-1396.26	655.268	-367.422	
-11472.3	-11915.6	-7305.65	-5526.93	-1899.49	-771.386	-993.112	-205.226	-154.69	
-4669.38	1849.15	3482.19	97.9796	938.816	430.393	592.077	-321.918	21.9884	
-2757.12	10543.9	4042.82	2525.1	2729.59	1331.85	271.383	-507.856	210.83	
-3136.78	5541.18	-1323.14	299.422	2301.43	668.499	-594.563	-228.296	308.054	
-6092.84	-5351.47	-7054.01	-2940.07	-2249.58	-182.622	-915.52	-134.93	203.451	
989.887	-4760.21	-603.754	-174.009	-958.083	111.946	-41.0733	319.955	8.36459	

5567.92	3976.86	1727.76	5596.39	1031.58	2255.12	1772.86	579.703	604.971	
9865.83	17134	3584.21	7093.62	1994.92	1516.85	523.536	-161.732	-182.905	
-2030.9	-6360.51	-5317.55	1702.82	226.832	1099.32	-1400.26	-194.166	162.078	
-3386.66	-9327.49	-1007.47	152.996	-1088.46	-832.988	-541.165	-329.445	198.064	
91.2075	5234.39	-1234.18	1155.51	226.311	-896.073	217.24	-163.597	469.88	
5024.93	6646.9	1816.16	337.76	-723.242	284.929	321.553	-156.902	491.283	
5554.26	10158.3	6605.66	866.63	1638.85	1541.13	684.322	-288.206	160.178	
2610.97	11017.2	3847.92	1259.41	2962.05	376.349	665.564	121.077	88.1685	
931.169	6414.04	2264.16	-1220.84	2119.47	349.955	36.072	654.468	-57.432	
-1790.2	-1800.9	-1585.98	-3190.96	-1253.68	-1389.47	-1288.67	322.297	-403.414	

6635.22	24644.3	5414.11	1175.71	427.823	2599.07	684.474	100.216	149.806	
-5492.71	-314.201	-3645.35	-1559.55	-2777.67	-288.724	-179.065	51.6358	-86.3247	
1499.54	5945.12	3585.8	510.946	-529.207	96.8308	-671.968	-311.908	-58.4735	
-1136.64	8169.28	6888.73	3861.17	-535.337	1803.89	426.111	101.975	-115.032	
2439.53	5055.14	2236.12	2085.89	-2402.63	1248.79	567.903	329.045	-169.96	
-2327.83	-8034.42	-6338.68	-2295.67	-2486.8	-38.1569	-862.58	701.206	111.897	
-7728.74	-8827.78	-7390.94	-1074.21	-2156.64	-794.665	-1334.47	-449.994	173.141	
-2675.44	-651.937	-451.403	2427.22	-703.653	-604.506	415.579	-475.666	207.653	
663.559	-454.051	-2042.24	563.63	1300.82	-383.617	906.781	-60.3984	-10.295	
1228.59	791.656	-2550.14	2054.02	335.945	-63.9135	1647.66	496.967	-76.6149	

2902.81	13423.8	3039.38	-155.649	3248.44	-457.424	239.388	213.25	304.483	
5672.52	16493.5	-4578.96	-153.008	-326.888	-2213.93	381.014	-624.84	-150.186	
2887.82	10470	-5181.11	-1485.46	-661.889	-1398.26	-526.467	-804.671	29.3615	
1305.52	-90.3276	1821.3	-1414.64	-628.483	866.458	-1025.99	-252.108	228.682	
8964.22	4864.01	2289.31	3429.47	-935.137	1666.89	-114.65	-199.107	377.347	
-3789.74	-8095.43	1349.06	256.044	-3284.34	484.58	467.368	35.4743	105.727	
-4807.31	-7266.34	3382.92	-930.809	-2436.51	530.873	754.441	354.24	41.9599	
1540.32	-6314.25	1994.24	3712.49	-849.019	837.276	1003.75	729.357	470.588	
116.374	-6288.12	-5144.66	1728.37	-1623.15	180.807	-46.7062	373.908	432.94	
835.276	-2893.99	-3142.38	-80.3838	-1781.57	601.282	-71.815	349.245	-38.792	

-8176.93	-9293.96	-726.717	-2811.67	2392.76	-3397.79	1245.49	-919.136	-117.744	
-7267.1	-18976.5	-7950.44	-4929.23	-2324.18	-3691.43	-359.081	-288.053	205.513	
-5040.81	-25239.5	-5565.73	-4522.99	-6829.76	878.911	-2715.84	212.636	-3.27955	
5861.12	1744.34	2605.58	820.732	-3569.42	843.574	-617.212	195.64	93.3527	
-1827.83	-6999.75	-2947.34	2440.53	-614.964	-253.393	-746.489	-282.799	-255.165	
5824.51	7541.5	5486.06	1330.28	1440.96	658.234	-428.265	-229.131	-218.726	
12765.3	19490.4	2390.03	843.83	1630.76	781.867	-312.712	-128.719	-92.8959	
6489.13	-1134.33	-4209.46	-1672.87	493.237	-736.871	-190.31	637.867	-23.8575	
2044.86	4531.51	1225.81	-17.5106	-1758.05	598.817	-128.334	900.584	-56.6043	
7356.62	13896.9	3114.33	2651.76	-1964.52	1634.54	-862.421	925.803	-161.232	

-5488.49	-11729.2	7034.48	2786.49	-4688.99	110.897	994.696	1066.16	832.578	
-10353.4	4316.84	1825.23	-101.469	-1149.07	523.464	-260.962	575.366	541.055	
-11305.9	-13743.8	-3219.52	935.061	158.506	1360.98	-973.61	772.919	328.118	
2348.5	-5081.17	1824.14	-1978.36	391.032	1404.06	-438.99	518.803	154.564	
706.841	-2863.11	3144.46	-147.202	-2343.57	692.822	-256.282	515.284	-114.327	
-998.641	-2824.59	2279.94	-290.033	266.791	46.7663	378.231	233.377	-5.43474	
1045.69	13519.5	9581.06	348.515	1478.19	1478.47	745.331	636.549	-207.635	
7237.5	17702.2	10063.7	1422.48	3108.39	974.374	197.841	373.477	-620.39	
-2699.13	5065.41	-3428.62	-293.306	845.355	580.68	-1437.97	-112.994	-39.7631	
3149.16	12280.4	-2990.6	880.395	337.728	395.478	-686.333	271.254	-3.22477	

-5830.8	-17939.6	-4413.66	-663.458	-6265.72	491.695	-1683.67	-60.1538	-138.62	
-9985.99	-19098	-10781.5	-7337.18	-8023.27	-868.457	-1473.71	-784.545	-190.209	
-9123.6	-11837.4	-5235.73	-3394.8	-3342.25	-1080.54	-1579.93	497.714	317.42	
-10491.9	-17512.7	-8710.55	-5237.9	-2673.33	-1712.28	-1188.94	1079.11	-177.29	
-3727.04	-357.575	-199.228	-762.804	-917.239	-457.316	114.394	450.117	-357.177	
-2748.35	7294.77	3716.9	-133.171	94.0479	616.334	475.411	345.851	-94.9391	
2159.44	3240.96	3870.22	-926.76	1805.49	682.028	-154.686	-213.575	158.68	
-4444.65	-8554.2	1761.77	-3552.87	-116.897	-372.092	-426.51	-368.651	80.5734	
-1957.08	-1799.4	1510.28	-64.6964	-1026.6	-462.949	132.192	186.293	175.715	
-3936.39	1335.21	-684.358	-83.6952	390.178	-965.904	-526.274	-304.003	-2.91934	

61.551	-1203.78	8079.19	7624.97	3420.23	-319.255	596.67	-334.951	444.057	
338.542	-6171.67	2182.48	4124.75	2346.58	12.5188	1011.26	-1380.67	400.817	
-2366.83	-19343.2	-7839.86	-4435.55	-2584.19	931.525	465.268	-785.918	-167.876	
4289.17	2285.91	3737.22	1028.11	-2531.27	1074.4	583.741	-27.436	-58.9754	
396.497	14183.1	3921.09	3851.95	-268.243	249.675	-350.277	134.457	260.551	
-3054.38	-7071.77	-4347.61	222.265	-4582.45	-1683.3	510.93	230.009	93.7376	
-664.283	-2396.67	849.45	-1581.5	-2888.67	-911.744	812.097	209.999	16.2633	
8455.25	11903	2930.15	-1359.9	-700.298	260.091	611.054	277.088	175.156	
-823.783	-4925.92	-6106.75	-3.13686	-1476.6	-469.848	-400.287	636.377	-113.909	
3722.91	-316.077	882.871	1456.19	934.963	571.087	-666.564	784.176	-316.778	

-4380.89	611.477	-61.2907	383.958	1990.44	-1936.77	659.969	-83.2071	622.297	
350.553	-11424.7	-9860.16	-5273.93	467.484	205.132	1212.32	-235.542	273.415	
-170.203	-8310.04	-6262.93	-2282.42	516.077	1248.32	1149.44	407.766	104.819	
-222.405	-12609.6	-5152.36	-3579.75	-262.877	1115.46	336.679	381.097	-74.8175	
5178.92	-7226.27	-706.846	605.751	1528.97	-446.581	-360.517	-141.569	-32.3222	
4494.35	-3775.49	3096.61	1259.18	880.683	437.778	490.472	37.6735	-234.26	
2414.36	-2289.93	620.034	1395.77	-1210.69	-384.826	1441.69	-79.8886	-104.698	
8861.96	9143.59	3150.86	3008.13	-665.883	301.165	1445.25	268.228	83.8191	
7846.07	8788.62	2259.83	1982.07	533.298	1260.34	550.807	432.108	173.118	
4036.02	4487.22	2025.24	1073.88	1177.67	1368.14	-135.957	-16.9205	-155.951	

14578.7	25350.4	7095.37	3254.25	1961.15	-3043.51	-1823.12	-1527.96	519.093	
-12254.6	-3983.63	-1256.45	-2099.24	2961.52	-1515.39	73.2207	-939.958	-97.2478	
4241.17	14147.2	278.357	4348.09	5960.46	-1250.72	54.3554	274.027	-102.107	
1227.56	5542.08	4156.74	8294.88	1471.22	-1947.84	467.452	699.916	-9.22444	
-6686.71	-12268.7	3472.69	2014.86	-146.28	-1240.49	2521.66	212.612	-61.7376	
-980.742	1400.18	2434.65	3614.5	1147.83	-439.843	345.159	-335.44	-119.225	
2577.35	-1205.96	-1191.53	-739.881	-308.066	-838.292	-1357.35	-856.02	-388.587	
3674.62	3442.98	-3753	896.253	-2496.86	-250.809	-1037.74	-660.736	-294.944	
1401.73	11161.1	5532.35	3426.12	-1875.75	712.991	-1173.38	-731.214	-352.326	
-4342.35	522.879	1514.18	3637.65	-419.405	1149.57	-727.436	507.315	-348.138	

-226.817	7030.24	-2492.08	3712.18	3013.72	983.497	475.299	453.51	19.8188	
-764.452	-2079.65	-3790.8	3245.02	1824.09	2151.7	1278.15	238.193	-886.015	
-1887.12	-1955.12	-8458.6	-3615.65	-2870.13	535.934	-556.763	-281.624	-590.182	
-14691.3	-19641.8	-10204	-6778.37	-3303.04	-988.507	-2142.72	91.9897	-457.244	
-1510.11	-8076.92	-8315.93	-2090.63	-425.121	-379.885	-915.025	301.654	-316.847	
-1212.49	-7801	-4510.22	-4124.74	814.953	-1060.15	-1058.53	429.016	102.994	
-1777.32	-5639.15	-2038.82	-2799.05	1079.1	145.16	-1009.65	232.523	-174.53	
3784.43	5844.39	1209.26	-658.429	2143.15	285.225	-576.574	34.3421	-281.669	
3759.76	5840.71	4362.42	2148.18	1203.73	-1214.27	-617.491	-227.59	104.387	
521.893	2636.19	2777.24	1971.86	-466.566	625.262	106.97	554.788	232.845	

-10987.5	-12496.1	-3234.47	-1004.39	-303.01	912.048	1256.43	-37.571	417.384	
8659.62	8158.65	13440.9	2823.44	2032.34	762.541	131.773	844.999	596.942	
1163.46	9861.62	10707.9	6049.68	1913.61	-133.645	416.709	408.293	-215.86	
-540.713	8322.65	2432.66	3316.01	203.691	764.541	-1293.8	-141.41	-476.987	
6981.11	7250.72	2571.12	1718.18	-1294.65	838.191	-860.495	-96.3718	64.8697	
2842.18	-3622.56	1327.89	632.894	-232.294	782.553	-348.011	-326.81	135.717	
884.079	-7602.79	-1590.92	-1441.64	-930.56	-677.079	-471.43	-658.702	113.767	
2162.74	-6642.11	-3352.6	-3508.6	-1366.5	-3122.4	-778.94	-144.454	102.349	
3196.31	-42.7757	342.169	-3373.61	170.858	-915.612	132.934	822.519	196.884	
3730.74	2936.7	3287.12	-729.855	345.666	378.825	282.372	500.867	140.565	

1711.67	4932.22	3584.93	4635.71	1384.43	505.196	-2033.84	488.786	453.116	
-11188.8	-11721.2	1727.79	-347.878	-907.007	-2114.07	-1630.12	-89.9467	593.737	
-4150.54	7515.05	1220.85	3547.74	677.662	-841.371	2836.37	-571.858	150.382	
3427.56	-7075.56	-229.54	891.723	11.7196	840.089	987.777	-906.292	111.376	
597.41	-3447.93	65.294	101.133	-339.93	-1078.83	-2182.97	-1356.12	185.784	
702.148	5679.12	-3089.75	2047.27	-1553.74	-1525.25	-1227.05	-890.114	62.0896	
2677.35	3986.41	-1303.31	-979.907	387.675	-29.4888	-371.083	-449.035	-167.015	
-1805.73	1551.68	3425.15	-4055.55	-845.142	-339.965	-1014.97	-339.861	-267.771	
-3387.79	-1414.86	760.412	-1988.06	-2224.27	192.713	796.971	-538.263	176.21	
-3298.17	-9384.14	-3807.62	-2391.52	-3465.56	-212.318	1050.97	-235.325	73.354	

20245.7	16179.5	5917.91	-2660.68	1470.43	2720.52	-84.0928	-508.105	650.376	
17296.5	20843.6	1770.38	614.744	3747.39	1164.01	-1905.64	-88.8409	352.673	
3640.62	12842	2571.22	-1171.98	2822.57	-865.964	-582.182	-627.24	-140.284	
871.479	28182.2	7950.39	3601.35	1061.37	1404.93	1276.94	-1342.75	-230.269	
-13393.4	-3271.03	-443.7	834.295	-275.368	1115.19	749.55	-874.953	-701.64	
-11525.8	-7395.25	-1394.53	-401.578	1432.48	994.404	287.968	-343.093	-162.362	
6694.99	10439.1	6689.51	5191.61	2131.18	1360.31	659.986	526.938	176.398	
5187.01	2568.77	-2874.37	2865.85	79.1901	294.632	117.121	814.533	288.808	
4918.31	7968.51	-337.874	993.997	2147.28	416.117	-65.5418	963.315	196.275	
-728.887	1718.9	89.1131	-810.221	268.646	-346.85	-404.909	1067.37	-40.0864	

-11058	-6866.73	-76.6143	-3026.21	461.748	770.64	344.162	686.101	335.701	
-9887.17	3716.16	-688.333	-730.285	-1979.24	-197.192	-266.503	1017.32	579.2	
-7343.16	-7297.77	-1428.27	-518.498	-2632.49	-68.7693	-1373.5	500.322	147.121	
-3314.57	-4652.67	-3406.88	-1360.07	-2428.5	734.993	-532.914	-99.8336	-133.598	
-304.846	-2702.63	-683.887	24.3578	451.744	949.23	799.881	-412.042	155.708	
-3352.36	-8484.09	-4559.39	-2521.04	-1475.85	-106.069	374.132	-95.4746	37.0741	
-4500.12	-6450.61	-3559.59	-1684.6	-2939.15	-472.142	160.894	491.068	-42.2759	
-874.374	-10464.2	-692.154	-1062.73	-2433.66	490.055	-449.048	767.583	-33.6244	
-1198.5	-7154.71	1793.46	-1555.54	-760.912	-264.538	-506.66	707.933	-299.109	
-1518.54	3583.04	2535.49	-426.784	-9.18845	-917.813	-276.087	186.008	-206.045	

7012.65	18324.8	76.5737	5130.06	4950.44	1686.87	470.042	-2207.29	-47.8957	
8665.82	24397.8	15155.6	6595.16	3124.06	676.317	467.444	-543.607	6.605	
9150.31	15055.5	7992.82	1912.32	312.334	-1424.76	661.008	264.866	12.9264	
7670.48	4001.88	-1438.55	586.555	612.8	311.698	224.375	-307.31	-186.516	
695.07	5316.55	1779.58	455.027	1325.01	1194.75	233.441	-419.106	-521.239	
-3179.42	6816.86	4393.14	1541.29	1125.58	1259.63	-766.994	-340.287	-196.201	
-3792.65	3255.7	-1175.53	812.958	130.758	61.3125	-1176.17	-248.956	60.6109	
-5289.21	4431.13	-1099.99	-1422.44	-3733.72	502.912	-59.3326	-85.0602	196.175	
-4515.11	6259.66	2994.87	1558.85	-1418.8	482.66	563.653	200.038	319.264	
3638.42	10230.8	10169.6	3456.98	928.884	642.778	546.511	478.655	157.769	

-1318.46	-3219.51	-1245.3	-472.829	-434.016	-336.811	-223.264	-45.6641	-9.4043	
147.978	385.264	794.879	133.805	-281.492	147.261	-151.282	-31.6066	1.17989	
1209.59	1535.86	271.141	340.048	69.3539	242.733	-90.6458	-115.459	-9.03198	
-289.212	227.499	-342.942	661.269	388.527	184.791	38.6855	16.7872	11.5525	
-1088.87	-561.595	-1165.59	128.469	283.208	94.941	-44.8588	31.4008	-72.289	
-677.075	-1601.36	-1617.72	-125.177	68.3437	-22.7543	-29.3742	-82.1746	-76.3819	
1063.49	187.452	-172.83	59.2511	366.099	151.286	-27.5343	-4.43428	-111.509	
1310	1975.14	409.879	-115.264	143.063	61.8816	-49.9194	25.4274	-91.1534	
702.194	-430.733	-334.504	109.068	-350.585	-42.6825	-174.423	19.4854	-21.2666	
-293.455	-1524.34	-735.488	-68.2398	-137.975	-79.7097	-97.967	52.2275	-4.33626	

-1896.14	8902.9	-812.463	-1524.89	-185.938	2503.49	-1510.57	-1024.24	-103.786	
5875.38	603.273	-2849.72	1507.33	-2451.75	2449.69	-1220.05	-245.609	71.2485	
-5873.86	-6137.71	-2431.72	-686.922	-54.5679	977.217	918.65	63.9056	-23.393	
916.706	8471.95	3697.98	435.178	2123.67	534.852	1588.33	338.715	-134.503	
4515.61	1384.84	-630.796	-138.735	-278.847	-44.9016	1023.26	-236.967	-129.502	
4093.45	2505.21	2979.28	-2139.54	-418.122	260.968	149.384	-566.993	-62.0374	
-3079.66	-2614.78	160.252	-1100.26	-739.782	-1606.78	-488.342	-208.778	-122.56	
-5491.4	-8647.76	-4048.59	-578.825	-1023.83	-1458.45	290.604	470.064	245.011	
-3421.87	-9404.88	-4119.35	-3746.29	-1089.76	-742.641	45.7798	315.852	212.298	
1198.73	-2249.96	-202.153	-1258.65	-396.455	-579.447	-111.507	552.534	179.658	

-18133	-15608.2	-7250.82	-4165.53	1695.19	693.315	262.431	-40.5094	-307.711	
-23158.5	-33869.5	-14397.4	-1753.23	-1184.57	-1742.3	62.8102	-656.843	272.711	
-3570	-1965.22	-12441.3	183.3	-1780.27	-2335.98	-1252.36	-245.061	28.4539	
6579.64	12550.2	1446.25	3657.89	1259.11	464.81	221.037	-309.239	40.216	
11980	9124.51	9225.43	3414.89	1388.19	1828.48	-341.408	330.451	152.872	
3216.84	-3698.96	3953.16	-2253.61	-260.228	351.312	989.312	-544.605	-46.4965	
-4710.67	-6527.72	4663.98	1247.68	-98.0578	643.654	1229.89	-70.4209	86.2146	
-384.282	5422.49	3775.11	4116.68	-896.975	796.327	610.137	-685.494	73.0485	
-300.257	-6910.22	-2770.2	2491.17	-359.796	-742.416	564.258	-423.301	221.613	
-1453.14	-9475.76	-3229.71	504.089	-1201.97	-879.031	1399.31	142.674	488.359	

696.129	-5139.11	1469.74	-1221.27	2028.2	1227.49	914.406	432.291	156.735	
-1613.06	-7744.52	-12636.8	-645.916	-329.599	97.1328	-565.86	865.447	-283.872	
17287.5	17334.7	2895.15	4115.22	53.7605	106.433	-758.406	1452.94	204.141	
8136.43	17.3819	-1953.92	2314.23	-1022.9	-1087.27	-223.516	827.451	201.544	
14894.8	2505.95	4342.72	5756.16	1818.86	933.456	682.958	180.366	24.0474	
12149.4	4879.73	4577.73	2499.19	2995.46	705.428	432.013	-96.6283	173.533	
3372.18	6557.48	5332.68	4040.43	2772.8	180.796	478.21	317.093	309.753	
1666.58	1904.79	4037.2	5957.01	1938.03	-137.126	312.97	356.72	-257.334	
-8954.94	-15938.8	-4343.32	-4525.5	-1355.43	-1998.2	-357.892	-419.752	-768.252	
-11202.4	-23560.9	-9034.77	-7339.96	-2899.63	-2269.37	-1238.48	-158.656	-819.319	

-555.099	-8076.14	-5929.78	-2465.76	-1100.04	-1030.07	-439.016	-496.304	518.667	
1201.15	-4649.7	-2148.2	-813.587	142.183	381.418	-666.777	97.4354	404.801	
1404.81	9808.3	495.247	1959.72	-2955.33	-532.637	-82.2765	235.962	-128.416	
-1937.41	10778.8	579.208	3709.68	-1310.72	-1763.06	-885.976	-235.336	18.3417	
4833.98	4966.06	818.067	2240.69	123.054	241.7	-590.498	-74.9186	-24.6217	
3576.71	-7237.2	-7656.42	-202.204	-781.843	-348.891	-1039.88	-23.8753	22.3678	
-6676.51	-20205.5	-8174.58	-4263.17	-2415.73	-1402.59	-990.559	-106.31	6.11023	
2033.5	-7925.66	1748.76	-3671.38	-1278.8	-1612.08	690.016	14.2032	-315.583	
8492.47	12634.8	5100.7	1021.92	197.973	-153.122	510.026	-148.23	148.304	
3932	15308.4	4173.42	1576.84	239.592	558.364	390.861	462.489	39.9709	

452.264	-4563.16	2453.22	1531.28	723.179	1897.44	-4324.56	-495.064	-313.984	
-2664.52	-14095.4	-4581.42	731.967	1468.07	-1414.23	-1299.3	-751.463	-291.415	
5150.14	7373.79	45.4001	-476.514	2688.48	-1035.3	927.454	633.939	-80.949	
-5332.44	-9697.04	-4471.44	-1932.42	-280.613	-1305.13	-993.993	433.976	-42.8749	
-1881.22	-4916.08	728.316	2058.78	462.624	25.4427	339.049	346.299	66.4478	
-3964.23	-4526.22	2266.75	1261.5	-850.72	-45.2877	-140.683	28.8163	-237.074	
864.343	7047.49	4626.34	1374.13	-726.928	772.081	198.858	231.354	-78.7591	
3620.29	8892.26	2005.43	2008	-619.356	1769.24	1414.88	294.066	270.149	
3953.34	-4885.6	-519.255	500.559	-525.536	248.057	935.026	-52.147	351.99	
4186.26	-2708.14	-1400.8	-691.242	-2051.7	-297.898	1153.35	-295.194	132.709	

4579.98	20523.3	12632.4	-2202.06	2717.28	2279.02	-477.226	-695.759	232.719	
9178.57	11650.5	9056.71	1018.98	2703.7	400.962	924.829	527.15	-186.494	
1874.16	-3742.11	301.373	1849.51	341.744	-792.101	837.828	379.51	15.7125	
1439.83	3172.83	3751.52	2697.51	757.378	959.793	-671.538	492.59	327.623	
10293.7	17341.1	7802.87	3474.55	3738.7	1624.81	-200.73	655.549	-158.01	
-2282.28	-353.949	-2426.51	-1243.96	652.218	-396.249	-373.58	-358.999	-304.6	
-2790.5	3228.09	-5415.04	-635.165	-762.352	-618.868	-44.6024	23.3758	-14.2841	
-681.501	-4081.18	-5348.85	-924.795	-1512.86	251.484	953.824	173.494	34.1596	
-2794.06	-6305.3	-3323.29	-2657.89	-1806.06	271.545	146.222	-300.031	-110.633	
789.928	-1322.06	-2519.13	2173.29	-330.154	-92.4903	426.559	126.829	-116.745	

-5990.71	9312.76	-3106.01	-3459.96	1029.94	359.245	-931.283	659.178	-71.6628	
-17069	-13555.4	-14710.2	-7047.07	784.647	-2098.55	1369.78	67.403	-81.6579	
-9065.4	-10421.6	-6060.82	-4150.8	-3417.76	-367.61	-615.264	-1116.46	321.385	
10895.3	8607.43	7934.58	4286.28	-647.338	1352.2	-1069.05	-551.16	225.677	
5404.78	2880.51	-1097.52	823.748	-1198.21	-137.99	-1550.73	-375.753	49.8551	
-5440.21	460.984	-5883.85	211.461	-1339.53	-876.296	-1394.44	-325.973	-382.418	
-4787.01	8769.63	2754.05	1848.16	353.737	-604.468	243.5	830.415	-64.3835	
-9349.52	-5625.6	-3364.88	-209.804	1155.72	102.627	130.078	257.854	163.998	
-8163.02	-8239.24	-4494.97	-600.493	1417.69	-846.208	18.0199	163.182	50.7425	
3557.46	2928.88	2722.72	3855.43	-508.842	28.3812	1074.52	-85.598	-133.237	

-114.551	-6713.41	2170.78	-6816.38	1922.15	542.592	279.319	536.054	-143.753	
-14629.5	-14519.3	-4510.47	-7534.88	-954.797	947.316	871.347	139.55	-259.721	
-2729.32	-1731.77	-619.508	-4183.98	-931.62	157.356	1512.85	174.669	-118.209	
1108.56	3018.79	-1117.22	259.192	112.403	-561.446	1685.43	315.915	30.6486	
284.241	-3205.46	-2242.03	-2675.73	-1833.21	-1159.34	1229.73	-214.08	138.488	
-5388.54	-20867.4	-9484.54	-4282.94	-2811.86	-1971.71	-507.058	-262.963	-15.3337	
-549.595	-3279.93	-5586.73	-1031.52	182.413	-249.19	-120.449	-196.756	10.8679	
4853.18	1943.45	-210.669	833.475	1149.38	719.898	160.919	-425.167	-101.738	
7668.76	-211.562	1826.09	1933.07	396.528	-349.219	-563.271	-340.692	6.89331	
-2175.12	-6956.37	131.069	729.048	-1243.03	-1128.28	-406.737	-269.952	109.351	

-728.011	-8470.77	-9656.09	-1187.14	3355.41	1305.04	-87.6824	374.884	849.835	
7781.29	928.631	-8827.28	-2724.54	3588.72	273.908	1181.73	-301.733	329.655	
-6229.46	-11890.4	-15471.9	790.743	-3119.56	1513.07	-1618.79	-708.267	60.9527	
-10818.8	-20796.4	-13184.7	-4730.19	-6854.16	1376.37	-1599.69	-1307.23	-223.464	
4618.46	-3421.42	6870.31	-863.123	-3669.51	1075.64	-363.795	-491.348	-207.147	
3786.19	2410.92	4768.1	-532.122	-1537.33	-1280.38	187.654	-445.432	302.699	
10995.4	-1039.85	-644.847	788.668	18.535	-2071.45	687.368	915.697	438.132	
5796.41	-21824.3	-2333.32	1923.6	-3166.29	-1069.89	468.847	1410.01	-136.525	
-6726.35	-22315.6	-7674.74	-92.9992	-3368.78	647.713	-1049.84	597.905	-15.2381	
-3275.81	-6146.48	-7986.4	-1578.16	-987.205	-713.475	-581.459	74.909	-413.935	

653.889	-12235.5	-859.747	761.439	-3955.91	-577.981	-238.473	29.061	297.037	
2438.63	-2292.55	3065.29	2846.47	-273.704	708.052	514.772	541.888	694.182	
-3231.52	1936.44	-1901.94	3165.9	515.47	587.885	331.715	363.172	284.298	
-5850.99	2220.61	-6929.62	1267.61	-756.261	-236.212	-972.959	261.535	-86.3495	
-4112.89	3590.57	-1181.47	1778.5	-932.136	490.82	-235.732	476.587	-225.522	
-372.529	-4284.52	-1147.64	1752.24	-197.159	-112.573	378.613	-3.78874	-165.849	
-3102.19	-12734.8	-6503.01	1444.9	-522.751	-980.336	465.34	-503.968	-302.19	
-6877.56	-14456.2	-6490.8	-1909.29	-1808.46	-553.539	246.806	-289.848	-329.714	
736.932	-4800.2	-1098.86	-2037.33	-2083.08	63.3974	11.3329	-52.1185	16.7572	
1104.5	-4364.79	-2508.7	-358.792	-53.368	393.12	-583.2	340.105	155.579	

3122.74	702.879	3921.44	4704.17	2635.66	-933.976	-347.54	776.267	-49.7639	
-3152.55	1713.28	-1446.23	4005.81	5126.86	-755.256	1143.42	-607.439	13.0192	
-7219.58	-15199.3	-7631.72	-2023.83	-1722.22	-1242.43	242.237	72.4072	-271.746	
1493.04	6237.04	4830.2	-3049.95	-1018	-794.148	1124.85	464.526	-58.0583	
1464.45	-2557.27	799.17	-2178.08	-1021.21	-1514.69	-77.5539	253.556	263.809	
10451.3	5552.22	3346.73	-66.6862	-194.735	232.713	-474.213	595.738	256.773	
4042.18	2327.96	-2883.7	-2927.51	-356.913	29.135	-911.968	423.187	-74.8859	
-9198.37	-11216.7	-9565.83	-4831.56	-2682.23	-354.422	-154.52	-459.024	-409.206	
-13770.2	-19184.5	-3378.34	-4222.47	-1053.24	-1016.89	-378.536	-747.996	-340.567	
-11508.4	-20785.4	-5827.12	-4955.28	-910.849	-1125.02	614.762	-620.103	-31.0416	

13632.9	23423.6	11369.9	5828.42	-438.106	752.713	334.442	-95.4339	202.183	
13312.5	14063.5	13359	6407.79	5561.13	477.143	-1567.55	690.272	291.333	
-5673.48	-13719.5	-3154.42	-2213.44	3474.88	1084.87	-1881.23	478.943	221.448	
-4156.5	-30078.8	-5445.05	-3292.05	395.081	1280.6	-1721.68	118.476	208.582	
5889.58	-6390.46	-1545.57	1438.02	600.874	-1714.64	-129.128	-1156.56	49.5428	
-7651.44	-6659.99	-5985.19	-2921.59	272.263	-2025.24	-110.043	-1152.06	103.541	
-5629.89	-5431.44	-5762.08	-1861.49	672.606	1378.22	144.59	-930.548	-301.878	
3860.2	195.393	3004.67	1481.24	1784.94	3504.36	-110.051	-487.931	-422.383	
9676.23	6446.48	9594.36	1614.06	204.913	1563.9	722.599	135.185	-40.3899	
8568.82	4657.4	1220.07	75.3555	1761.18	362.616	848.07	-112.6	-104.808	

-7803.43	-5279.19	-1522.64	-564.306	-1005.75	150.059	715.088	328.924	225.698	
-3418.18	-5408.81	832.283	-2414.06	-12.8482	384.38	534.095	-126.116	214.031	
-3827.9	-9231.98	-2632.11	-1564.41	-1268.93	338.97	-273.169	1.4776	-254.812	
632.387	3271.86	1775.81	2244.35	483.895	431.856	-82.1888	75.3791	-181.412	
1768.42	-920.08	3071.63	948.279	458.681	159.683	31.0368	-29.5841	101.653	
3074.39	-639.694	3564.18	107.409	501.642	6.4674	479.375	9.36301	31.2144	
2122.05	1566.23	1236.54	-1146.81	-366.318	-246.88	123.9	-286.075	16.8201	
2467.34	5082.18	1918.17	-1690.74	141.169	563.151	79.423	-84.2989	-47.2811	
2027.64	4786.34	1036.29	-819.457	219.095	626.167	-5.66864	-19.4981	-118.097	
2109.19	-968.673	-2514.11	-1315	-487.791	351.481	-477.432	-127.832	-41.1213	

-14444.2	3855.77	-9243.49	-4848.43	-2580.22	-1678.71	-2352.56	-108.762	342.916	
-10867.4	10110.5	-4083.84	-6724.84	-158.151	-282.84	-3187.05	257.159	42.8364	
2377.64	-1401.9	-5154.74	-4933.96	-1622.55	1419.61	-1459.33	-123.108	228.081	
-755.104	3205.65	-1229.76	-3444.22	858.99	647.338	-1613.81	-656.032	446.787	
-8298.62	-7190.09	-7282.16	-6276.12	851.738	-1082.1	-995.475	-148.104	496.133	
-5143.09	-12476.8	-8091.84	-2353.13	-1035.49	265.499	311.035	-317.68	32.3862	
1090.44	727.33	2349.07	-147.789	-826.407	-276.556	-618.297	-22.8744	119.654	
-3307.21	-2123.21	-1467.07	-1796.32	-1608.99	-667.662	-1767.64	119.9	209.71	
-4352.56	-3885.45	-3820.35	-2569.75	-1612.12	-2058.66	-713.793	-182.148	314.638	
148.58	-9758.63	-99.9924	-2750.25	1531.65	-1696.75	-113.655	25.2372	76.9791	

847.691	-6426.82	-2151.63	-578.806	1656.95	2524.12	464.486	353.255	-81.7804	
-3183.99	-18522.2	-4928.23	-2303.31	1306.17	212.912	135.763	-663.345	20.9182	
-4349.98	-2158.76	6079.34	2223.72	144.798	2450.98	1011.03	-116.274	261.796	
-1954.39	1237.91	4715.14	564.158	141.174	2015.94	-64.2659	-217.261	502.52	
-4967.46	6753.84	6560.89	1582.59	225.029	1109.05	330.157	-146.562	277.214	
3261.12	8505.09	9228.45	1263.27	290.901	920.838	1222.44	58.5501	144.358	
3518.96	4689.7	3321.28	-1793.03	-425.766	1183.96	-69.3897	-45.2654	237.51	
860.33	3620.34	897.428	-660.599	-523.908	1279.28	-66.2987	-143.373	-112.119	
1180.79	5279.41	3745.64	1828.12	145.359	355.763	1071.11	-485.542	-273.761	
5714.4	15582.8	7854.81	1324.74	783.433	793.031	1202.66	-369.743	11.4646	

4966.33	10424.2	1042.47	1289.43	-1080.44	2903.98	-1407.56	466.501	327.726	
-6934.16	-11547.4	-11615.4	-4489.35	-2732.04	-902.083	18.9393	754.063	-0.0673546	
-12272.6	-11301.9	-6693.23	-1359.11	-1215.03	-1167.08	-815.22	-531.929	224.518	
-12020.2	-4415.36	-242.489	370.282	-1072.96	-423.249	-854.052	-201.246	545.468	
-15725.8	-7751.7	-673.457	19.8372	-1325.91	-24.6978	-1034.42	-358.413	3.32307	
-8843.55	-5409.19	479.809	562.358	-353.529	22.68	-466.17	-72.9064	-33.6366	
-510.797	-202.555	-813.466	1846.94	151.143	1023.21	49.613	393.353	91.2582	
3232.9	-2448.44	-3597.96	3293.39	-116.598	1347.07	-238.041	59.095	220.172	
4224.42	-811.706	-2384	-22.4824	-2639.68	-519.408	-187.128	-277.433	31.6303	
2989.59	3185.95	1010.06	-97.1017	-1274.08	-1442.91	324.379	53.4198	-172.358	

1910.81	-9721.08	386.157	-2559.41	1454.17	709.571	2973.24	-93.1462	307.659	
7161.42	2192.05	7564.97	-209.249	3705.89	-1006.61	3441.96	528.612	778.998	
964.172	-5346.3	-6085.75	-1848.54	-2677.34	-1178.42	-634.828	52.1304	78.9958	
2681.93	-11650.5	-4483.45	-3725.65	-3750.23	-260.824	-254.791	-128.995	-480.545	
4856.57	2607.68	3248.28	-1097.02	-1704.26	1539.15	1367.73	-38.0953	-362.393	
5175.74	-614.769	335.042	-2182.45	1024.39	1015.82	545.312	-288.715	209.671	
1619.73	7376.29	1367.09	-306.095	256.666	-529.779	85.5532	31.0949	358.604	
-3398.68	1940.64	8936.07	2719.94	-1245.34	-1462.01	168.94	373.634	274.527	
4281.33	10971.2	13902.2	-137.54	-146.361	64.6226	2197.59	-76.5364	-44.9628	
6017.35	9487.92	5802.5	-2819.27	557.725	-1102.47	1102.23	-436.211	-70.0495	

3335.05	1998.69	-992.4	-2707.52	-854.61	406.854	-208.778	-347.235	-55.5702	
-1104.81	3220.89	-8.30498	-2316.68	-195.962	1054.98	-557.734	326.551	130.191	
-9845.68	-1663.28	-6919.08	-3567.01	-169.409	462.934	-473.329	-74.6454	374.167	
-2689.19	7921.98	-5723.6	-959.903	-1075.1	-1273.27	-878.317	-230.644	-41.7945	
-5232.79	-93.8831	-8450.94	-1588.7	-1420.5	-1891.67	-785.572	-862.834	17.7499	
2424.69	4832.7	-1580.14	-542.634	717.606	282.91	-230.16	-116.199	49.8615	
706.132	7259.73	996.45	-200.031	1219.81	666.241	-202.794	-42.9219	-161.64	
-4394.97	4226.43	61.9211	-682.735	281.862	-103.949	-365.041	374.551	-26.083	
-4323.53	-1090.79	-4374.94	-2364.18	-823.543	214.744	-358.782	174.675	-319.734	
-4118.72	-901.716	-1215.25	139.281	-1197.51	751.23	452.768	-21.2856	-150.795	

3630.94	10282.1	-9013.37	2376.42	1615.81	1251.15	-927.151	386.801	638.876	
-5025.9	-10224.5	498.091	-3741.84	2654.35	-2732.06	-2409.85	963.85	158.987	
1488.67	-13665.4	-4116.42	-6709.38	656.917	-436.012	-497.228	-1427.41	-20.3235	
-9228.88	-22420.6	-9553.6	-7424.97	3914.25	-1179.16	-1274.96	1985.9	299.437	
-13975.1	-25177.1	-12983.5	-6491.87	-601.958	-734.055	-1777.28	-653.344	24.297	
-5128.46	-8689.34	-10267.2	-3626.7	-1500.68	279.313	526.78	-150.294	-495.19	
-12726.7	-15890.9	-11101.1	-4683.06	-252.194	-1583.42	-1457.86	385.191	-291.989	
-1817	8616.32	-5402.42	-3882.4	-2419.45	-1094.11	640.68	-380.748	-259.888	
-8016.32	-5826.02	-2522.33	460.578	630.792	-1209.17	41.645	549.145	-238.785	
-5974.58	-6873.9	-2355.3	-5001	-2174.05	-2417.09	-917.937	258.62	-114.065	
-3479.42	-10547.2	-4744.2	-1629.26	-2239.9	78.5756	-456.456	362.887	-107.072	
-2908.32	-2428.71	-660.968	291.852	-374.246	-692.211	-1635.99	-517.735	-19.1764	
-2245.76	3110.52	-783.786	688.523	-1363.69	-226.62	-156.447	518.573	-87.8346	
5061.05	7824.85	3577.85	5653.73	-843.214	37.6878	-573.97	-893.142	-21.2179	
2645.56	15083.3	4585.21	1692.8	1692.46	-79.6672	932.997	385.623	34.7631	
2094.79	-18.3451	-1747.03	3716.36	-1410.06	1581.88	254.08	-0.43644	331.402	
-2878.95	6754.23	7892.7	1325.55	2770.03	1888.67	1436.99	974.377	276.976	
-12374.5	-17346.9	-7910.62	-403.165	-3519.75	48.7233	27.6849	44.6942	64.4729	
-5904.62	-6747.31	5397.31	832.492	1480.27	646.379	659.381	72.5088	166.182	
-10525.3	-2866.24	-8570.41	-383.403	-1336.71	-687.398	-469.56	-126.959	11.5506	


10772.9	22477.4	13541.5	5326.7	1819.7	229.324	-542.261	604.002	138.72	
9778.48	22857.4	12161	-1768.56	2671.9	-972.13	1150.75	256.372	-819.652	
4094.07	5107.17	-2791.75	-668.053	1278.94	148.594	491.069	-344.887	-179.263	
3155.09	-15303.6	-9298.66	-2236.25	-1291.16	276.17	1127.43	193.795	86.506	
-2082.66	-12721.6	-7591.7	-3314.4	-1194.33	1142.88	889.899	263.983	-134.347	
4377.13	3100.65	-180.646	-551.545	-286.536	1520.04	1340.67	84.3947	-356.112	
2218.8	-3171.17	-2373.04	-3800.66	-2629.22	-185.816	7.61644	462.256	-127.541	
949.789	3327.66	-902.212	-1409.64	-186.366	1102.67	-434.99	555.14	140.919	
-30.8805	-1822.56	-5451.79	-5663.17	-76.6887	31.7959	-497.042	53.2581	-81.8577	
1602.64	-6168.21	-5171.25	-6358.43	-1990.41	-526.321	-654.631	-178.523	-494.472	

5417.55	1856.42	2591	1670.32	2043.12	-2402.47	-1452.02	-738.817	-77.7285	
10996.2	11878.2	7852.5	5354	1380.58	265.894	1187.83	-638.758	-118.174	
-6822.84	-18159.5	-9160.5	-2210.2	-2039.93	1122.14	300.036	-1196.58	236.555	
3487.47	6251.81	20.4297	321.391	416.961	346.166	-469.446	-669.401	96.065	
12140.1	18327.1	8068.52	4351.2	3979.65	-372.863	-1110.65	-762.229	170.4	
10231.1	19293.7	12021.4	5606.95	4001.5	-319.436	322.471	-9.64732	190.841	
-1396.75	-185.779	2172.97	-761.068	1920.31	-891.92	712.788	523.392	210.178	
-3610.62	-6286.25	-5659.8	-2903.52	544.55	-1719.96	121.466	222.72	470.461	
136.783	8017.65	-6058.41	-693.641	-1685.85	-1214.21	-495.647	-44.9968	183.094	
4855.55	15167.1	1280.56	1894.05	-600.506	530.07	829.665	300.403	122.287	

11084.9	808.818	2579.82	2138.98	-1637.6	2547.86	-752.804	465.275	-765.387	
-12050.4	-10989.8	6829.02	2993.61	103.71	511.592	2664.37	-859.898	71.1249	
-14538.1	-18352.1	-2541.75	-3294.67	1468.33	-351.163	-106.205	375.287	-185.916	
2508.95	-3661.67	4208.79	-513.928	2340.7	1561.22	-899.134	368.266	78.3228	
957.841	5409.71	2933.46	-3135.11	2784.78	1363.52	423.846	344.937	-86.5121	
1140.56	5575.88	-542.49	-2689.3	55.2386	2329.56	904.826	-246.777	-99.9191	
-4081.84	-1914.04	-3204.5	-2640.47	-1274.58	864.793	341.443	-159.786	-132.482	
-2920.29	2207.34	-2904.73	-248.595	2073.13	904.406	397.702	600.886	-42.4463	
-518.749	15897.1	5027.13	2323.88	3519.83	508.596	879.317	-112.51	-90.3912	
798.762	7293.58	4744.15	368.015	3035.27	-336.838	512.441	-871.192	211.294	

-9197.07	-16470.8	478.717	2397.97	250.831	1047.62	-2205.48	8.33479	-571.705	
8279.08	11008.5	7542.31	8988.85	844.559	4089.99	-52.9871	255.417	84.8594	
2487.47	14312.4	1967.72	4947.15	1587.74	-155.881	-859.39	350.335	-106.538	
-8284.47	6317.28	1090.17	-1178.09	2392.58	-1022	829.086	-135.077	257.348	
-5730.98	7163.17	-4671.65	899.385	2757.78	-787.041	665.848	130.031	25.1907	
-2709.32	-74.446	-401.597	347.401	1691.79	-1125.66	-327.321	129.752	408.857	
-4812.1	-989.338	421.767	-1318.45	441.143	-817.753	812.458	106.606	382.67	
8533.28	7074.42	1360.5	-4257.67	-501.496	-684.022	675.998	-915.365	31.5992	
13296.9	13853.8	2238.52	-1760.43	-1217.47	-655.042	101.049	-649.295	-132.022	
-909.047	4921.48	1056.09	-2376.1	-1148.45	-387.836	967.146	-498.887	-109.819	

2028.7	-12834	-3108.51	2399.9	1461.51	951.434	951.525	-504.968	302.962	
8069.41	5363.48	3261.49	-340.638	1991.04	605.357	-890.934	136.273	352.75	
3599.66	4671.38	-5048.93	2843.39	-148.09	1183.32	-1050.48	-0.49984	-106.937	
5579.89	6773.01	1855.67	4384.27	-224.667	702.62	-693.482	-77.4661	41.9677	
4010.24	6341.29	4387.79	3018.67	486.623	-323.951	471.563	9.99489	163.211	
113.271	3050.69	3643.57	2587.86	-709.58	-285.324	275.843	-99.6838	320.44	
2618.6	3714.58	4192.48	1374.7	300.67	334.634	1056.11	-65.6053	250.081	
-4264.8	-6574.45	-3914.81	-2015.55	2039.78	398.74	841.97	410.712	-13.0961	
-5474.8	-9427.32	-6130.67	-2311.17	725.894	-194.239	-312.902	364.637	42.9085	
2244.9	5041.07	2350.87	169.625	-59.6832	811.326	-335.985	240.814	23.3347	

-10340.2	-7875.54	7513.15	1513.34	2322.48	5117.25	-42.6382	719.643	214.252	
-12299.7	-5659.07	4515.05	567.692	-2162.25	2739.55	2257.45	1.34683	22.6034	
4652.79	5386.75	89.4359	2025.99	-41.5346	1139.62	771.314	243.968	-145.989	
4314.25	7727.8	955.263	1985.35	851.552	-478.185	492.257	-44.0427	-192.691	
5307.55	4981.94	3242.18	-928.508	1472.77	1173.45	-444.187	-162.095	-323.667	
2632.94	-1032.15	1626.76	840.113	693.77	683.565	-374.777	-258.674	-353.855	
640.439	-731.439	-1355.57	1825.88	502.525	425.834	-434.777	-204.713	-115.681	
-929.871	-1682.12	-1261.31	458.412	-989.075	-145.422	-97.2551	-607.406	-234.752	
778.797	3311.18	823.933	1463.07	899.759	-411.758	-718.032	38.6109	19.1746	
257.678	-2034.02	-1403.17	-2699.23	-359.104	-1756.62	-695.419	-611.288	-219.445	

12919.9	7612.77	7275.29	4440.91	-783.528	124.428	790.361	509.936	-120.794	
8876.29	5928	878.29	3626.78	-3672.46	-1814.79	1560.01	-246.341	-200.417	
-3754.69	-228.102	3741.64	-2710.34	-909.893	-477.149	141.288	-605.128	-151.433	
-3323.74	-5966.21	5137.36	-4816.55	523.029	978.716	-196.791	-428.209	64.6636	
8641.32	-2729.19	8621.06	1945.4	-2797.8	1453.77	203.887	325.187	148.014	
6647.52	-429.204	2685.82	546.014	-2471.92	450.037	385.928	-119.913	230.031	
1642.14	2157.62	-1639	-2024.32	801.456	-473.279	522.904	31.0369	329.545	
-2307.04	2535.27	-263.424	-678.366	711.587	-783.544	571.212	236.448	182.716	
-7474.2	3581.11	1310.53	-2602.97	-1646.8	-255.126	273.277	329.456	-13.2571	
-7937.75	-7190.85	-7501.07	-5465.56	-2582.8	-1231.34	-332.509	-333.379	35.0851	

-2118.29	11593.6	3839.59	782.973	1537.4	645.294	4108.71	-15.5872	-239.235	
8835.54	30853.7	10070	1875.78	2696.76	-280.192	5181.88	840.306	-279.33	
2958.92	25836.7	4854.35	657.277	544.093	145.715	392.505	363.666	-189.032	
14494.1	27277.9	7280.86	3826.32	800.998	2609.86	3631.51	535.91	521.153	
3680.25	8002.81	5898.81	3808.58	2281.61	1621.53	1354.39	923.822	505.267	
-4110.37	6477.1	839.523	3588.51	-1646.18	767.562	-99.2455	-79.6231	-159.727	
1045.33	12313.4	3868.05	4599.21	-314.985	930.504	1367.04	163.827	83.7599	
-3651.42	-7754.07	-1759.47	951.195	-2904.5	731.576	-194.661	767.854	-132.451	
3399.72	-11084.9	-5834.34	817.498	-3777	-810.047	356.939	903.617	151.505	
2697.21	-5639.76	570.751	390.702	-523.536	-292.347	-499.361	89.7709	188.899	

17028.8	18135.3	7714.87	11942.4	5896.41	2163.08	1229.71	809.249	532.923	
-2913.1	2868.6	5450.74	2344.79	3548.16	-2014.98	-528.107	1094.28	270.848	
1184.3	-4788.13	-8844.17	-2375.09	1482.3	-830.8	539.77	928.133	381.506	
-694.86	-8001.47	-11082.1	-2015.46	-266.678	-1016.33	-1491.96	53.1347	-100.176	
-932.72	6633.76	26.0341	-3054.6	-390.386	136.263	347.898	-703.69	-160.387	
1165.36	2298.35	3928.57	-316.233	511.426	-618.5	964.741	-98.8674	-192.15	
1578.65	3346.23	6782.82	1973.31	491.616	709.714	-296.777	213.229	47.8586	
247.097	982.514	2457.7	2713.98	732.967	439.576	-661.499	614.658	338.691	
-3632.25	-3083.41	-4115.89	-1156.54	540.767	-290.891	291.706	405.921	-182.127	
-9992.32	-18162.6	-8124.55	-6483.2	-1820.12	-1151.38	-375.95	-80.1977	-290.729	

-3162.53	-9979.46	-4446.47	40.1015	-3112.3	1346.68	-1555.2	1117.72	224.35	
-416.866	-4295.1	3159	-2537.88	-416.349	1452.06	-1793.44	-447.686	162.152	
-11557	-15137.3	-6948.15	-6468.66	-3311.8	-1423.26	-1606.45	-260.359	360.737	
4311.49	-272.178	-1603.29	173.892	-3111.69	-877.138	570.458	-70.8093	40.9201	
9921.51	22492.2	6596.51	6806.74	104.915	1558.73	2568.67	116.709	-69.9407	
-270.84	6179.63	3546.87	4364.6	227.427	755.655	1891.65	301.121	-176.851	
-1498.01	-6772.21	-2674.67	1040.47	-1069.3	-114.235	197.525	418.39	-62.2918	
2725.03	-650.492	-1757.62	1369.85	-1503.92	902.106	1370.31	683.661	33.9954	
-5440.86	-6090.36	-7992.52	-377.994	-1256.39	-432.263	446.182	427.039	293.837	
-437.769	6240.34	-643.054	1980.11	1226.38	-639.005	58.6589	-202.646	-32.4043	

400.874	-970.299	-5046.36	-2457.66	1736.53	93.2223	-425.221	-672.053	268.595	
1370.97	-13831.3	-4991.75	1381.83	-925.39	2241.28	-2447.89	-342.962	-184.121	
7780.45	2784.54	12441.9	7999.79	-1222.22	2667.56	58.5818	243.567	220.603	
1942.87	1448.58	5507.27	2109.3	788.468	1242.4	-682.997	-132.638	307.637	
-2347.32	1131.15	-2661.21	-505.116	1068.84	-98.375	-433.955	126.563	100.78	
566.021	-440.669	-1389.08	1504.99	-11.8622	-559.756	234.065	-21.93	-220.982	
2978.13	-4247.37	2351.2	133.499	391.853	118.794	1079.69	418.96	4.8647	
3189.14	-8799.24	3670.85	460.199	228.692	335.198	-587.481	188.52	236.312	
8690.42	468.969	3179.32	929.083	892.863	157.183	-1129.28	-24.8188	399.897	
933.873	-7115.17	-2328.65	-1924.74	-532.354	-549.648	-1237.6	418.749	-3.31801	

-4192.58	-15371.6	-3377.61	1713.68	-206.523	-1282.05	353.483	947.983	-950.52	
7704.18	-14892.8	-1587.54	5740.61	-1768.97	-1721.33	-1749.68	649.092	125.206	
9421.43	365.554	3162.11	5994.22	118.997	1435.89	921.462	712.69	454.007	
13142.5	18374	19119.9	6803.61	1423.64	3532.82	902.518	473.301	603.018	
4229.27	17304.7	13061.4	7855.67	1056.05	3040.12	2608.75	934.442	124.169	
925.932	9726.01	11296.2	4228.73	1860.43	2037.13	3018.58	740.267	300.96	
1327.6	4649.87	7548.03	6899.11	1566.45	792.025	1381.49	471.999	119.657	
-756.661	-2708.07	-204.121	5299.26	-1764.32	340.385	1179.61	515.155	-59.3932	
1642.17	-7221.34	-5746.56	44.7436	-3692.08	350.54	404.601	-500.553	409.443	
5956.9	-4781.77	-6342.56	-2613.29	-2161.35	-326.421	61.9514	-861.27	335.17	

-12950.8	-33341.8	-12924.5	-8986.71	-5248.05	577.003	-2580.22	59.7582	15.1583	
-2470.44	-962.257	-3524.66	3030	-3364.76	1573.66	-1626.2	-50.9447	125.383	
-4404.76	3618.22	-10312.4	5313.64	-316.771	-12.1599	-165.572	368.75	624.831	
-3481.64	6560.7	-3701.02	5543.16	328.303	492.666	-606.603	421.291	332.44	
108.471	5124.74	2812.58	3313.45	578.195	-779.478	883.207	318.275	-139.956	
-2940.85	2635.91	1767.97	-826.584	1393.98	-622.68	214.943	57.0743	-232.638	
-1987.58	-5104.28	2590.74	736.021	2168.85	12.0863	-65.2493	-110.401	-188.423	
-4193.45	-2724.55	3584.81	644.721	1860.36	266.67	-342.289	-952.961	-291.71	
3852.98	9660.26	8118.69	-1580.89	1269.23	906.305	675.659	-229.147	-151.114	
10307.8	13550.1	7602.24	2563.03	1596.92	-173.537	2018.46	-18.7374	112.593	

-2282.71	-12323.5	-11754.6	-5172.78	-3239.55	3443.39	-1617.83	-111.41	-444.474	
6056.86	14169.9	7142.28	2332.63	1874.22	1230.96	-249.75	206.271	102.274	
4991.61	6494.53	2139.61	3971.77	2774.73	1096.84	414.145	796.625	75.092	
3434.89	5611.4	-436.459	1790.07	166.123	1503.69	713.046	261.918	-324.466	
-96.7298	4725.97	3811.51	3313.93	967.397	1366.78	-155.503	-24.745	-14.6092	
-97.4486	-1394.95	1375.07	1899.52	-140.779	-498.813	677.789	-734.529	90.0739	
5639.81	7520.86	3428.28	-547.251	-659.131	445.71	484.086	-173.368	109.02	
4743.29	13456.5	1578.45	2702.36	904.25	875.917	-331.32	-452.765	-175.991	
-1684.25	-5493.16	-9437.53	658.378	-1137.73	-1012.52	-1460.02	-297.221	89.3316	
6594.87	6526.73	-795.892	795.724	327.404	-1310.29	-282.43	192.659	215.382	

10114.1	2581.48	8132.65	4403.65	3663.45	2263.47	1960.66	-549.616	153.867	
10615.9	3006.75	10019.7	999.023	959.956	1648.31	168.314	426.127	144.239	
-1656.63	837.621	2683	1388.47	1062.47	513.405	-310.771	444.32	-118.858	
2373.26	1325.9	-1591.25	1060.73	383.489	-724.247	-399.127	258.018	-174.814	
-2773	-2852.76	1675.04	-1629.92	-731.344	-738.475	-680.76	74.1262	-84.6507	
4501.19	-907.656	5706.92	-464.902	-463.144	-550.65	68.8363	293.537	-253.571	
5499.89	3861.76	3287.24	-320.72	585.215	496.787	133.341	111.612	-240.489	
1389.06	-3364.34	840.054	983.623	1916.35	685.53	488.841	79.2312	-22.347	
7160.17	-158.576	3834.15	4417.58	1311	404.105	627.268	497.462	116.219	
1107.72	-2299.43	3016	1330.23	-218.028	125.709	496.969	482.425	-205.02	

-6943.11	-11179.4	-3306.38	148.021	1002.11	-1961.45	-1374.87	-757.979	-638.814	
4263.3	8235.77	863.021	5076.06	4343.86	71.0073	566.143	-343.971	-680.76	
3326.86	1022.03	-718.19	-404.443	2308.91	-693.198	259.635	691.572	236.062	
712.869	584.85	1585.13	-1106.78	697.268	-527.562	-291.024	536.836	274.959	
-2895.88	-2537.57	-1259.81	-2305.15	112.349	-455.872	483.182	97.7078	2.86627	
-440.541	634.405	-1309.71	-1028.14	258.153	288.924	474.917	96.1308	169.38	
307.043	1200.75	219.275	2644.57	2527.6	522.171	-96.1665	130.182	96.0039	
3470.29	8566.75	2254.04	682.042	1079.02	285.079	88.4103	-264.063	36.7917	
4907.73	11970.2	2142.53	467.443	908.366	451.857	-201.855	-545.921	36.9477	
4840.29	5030.18	3599.82	297.199	1192.6	582.966	903.525	79.4871	139.417	

-16689	-21601.6	-15086.3	-6432.15	-1740.41	-1779.92	-888.337	-957.247	-395.222	
-3248.83	-898.645	-4832.33	-495.724	885.44	-1099.95	-413.269	-623.275	190.941	
1280.07	-1740.57	-2923.16	1841.54	1587.66	-465.886	-425.082	-475.587	498.389	
-4359.35	-8623.36	-5786.97	-826.826	-1453.96	-73.948	-504.594	-700.339	86.3414	
3359.14	1188.09	330.118	999.348	-984.212	-1075.46	532.878	-313.641	-453.124	
7756.42	4141	3356.25	2741.41	-2555.62	-923.115	1344	42.8638	-303.589	
3.44231	-9425.27	-4002.72	318.346	-2160.26	-377.643	925.824	-223.708	26.2172	
1833.19	-5089.06	-1961.28	-1900.83	634.575	-654.463	630.56	97.4326	62.174	
5242.11	7312.99	3352.08	-115.934	1462.73	-416.969	184.029	614.362	240.877	
1381.38	4887.13	3873.07	754.604	1400.27	-76.9418	-238.034	343.746	175.104	

3354.05	-1799.95	-1914.04	1088.47	-3151.38	-1554.16	2520.32	861.802	52.9747	
-9951.58	-13360.4	773.518	-628.589	-1733.23	-1556.95	131.042	-274.242	-327.766	
-2459.26	5591.53	2956.21	939.521	-1392.08	923.419	-1042	-24.6582	-448.206	
-8107.14	2205.84	403.111	87.1814	-786.39	-505.666	-604.041	234.994	-138.211	
-4383.32	-8968.49	-2493.98	-2870.23	-1741.31	-2022.67	-1418.9	-513.264	40.9798	
4693.54	15271	5567.77	1245.65	-2200.61	140.264	-255.121	-418.813	-275.424	
5829.57	23164.8	7023.94	3879.3	2594.31	461.037	496.701	248.91	-554.317	
6266.21	18100.7	9516.36	3299.33	5376.63	210.453	10.2184	535.57	255.394	
9864.39	10415.2	5350.65	0.322215	145.529	316.305	-310.394	-211.736	898.668	
157.746	-436.156	-2509.28	-2334.54	397.407	-542.436	-1855.28	-640.267	383.357	

-2504.99	-16103.4	-233.616	-5444.25	-2130.07	215.873	-850.264	258.64	-417.935	
613.103	-7890.27	4149.61	1115.96	-1420.8	226.188	-887.93	222.095	-407.005	
-8498.1	-5310.77	-1122.34	-458.099	150.954	-668.555	30.1589	-778.875	-11.3983	
-2285.57	-2900.53	1498.94	-79.5918	-326.827	280.258	329.234	661.759	85.3696	
6049.26	4174.24	4096.04	2245.87	581.784	774.286	-8.62832	448.612	-80.7997	
-1082.15	-2914.62	-3839.79	1213.57	736.498	680.194	-399.094	78.2911	129.817	
622.032	518.916	-2931.52	1867.91	-22.7202	1299.98	-99.9157	-341.092	148.304	
1243.74	-645.952	-1300.32	3161.38	307.847	566.11	-686.015	102.098	49.8802	
-2524.68	-7866.02	-5135.58	940.412	951.404	-252.356	-505.829	-232.935	181.743	
-3262.7	-3410.81	-4357.65	1904.09	1178.44	210.713	106.396	-573.776	323.296	

9500.1	37458.5	-1638.6	21.9465	280.525	2466.18	264.401	-542.653	-370.625	
1631.83	-13653.7	-10373.9	-4599.02	385.166	-30.1042	1125.03	-1051.32	-499.331	
3015.58	4344.63	4583.93	2440.65	5460.22	795.149	3596.07	-552.21	-116.719	
-4807.9	3068.73	-2154.95	-1167.62	-3182.11	424.719	-13.8877	43.3273	105.898	
-8192.3	-552.524	-2656.27	2699.96	-3881.17	-537.429	-217.573	392.221	392.124	
-1709.65	817.291	3976.94	2748.09	-764.721	746.669	83.6352	637.371	426.266	
-1611.18	1604.64	2779.86	-1311.16	-1501.58	404.75	-1130.46	654.204	-211.291	
-3256.06	-154.826	-4177.49	-3099.41	-1757.37	-854.365	-596.021	721.906	5.16224	
1261.02	-7797.96	-3469.7	-3380.32	-2063.59	-1331.39	-439.762	600.128	-64.6638	
-5100.42	-26200.4	-6892.41	-8405.27	-353.105	-1635.55	-1287.01	308.459	-174.041	

-1098.3	5883.29	-1170.86	512.002	-1528.11	949.719	730.324	-97.0582	-20.6342	
15149.1	18569.6	6537.25	6519.49	4698.69	1911.76	247.178	-90.3656	-248.937	
7610.33	9910.94	5756.84	6180.11	3188.35	64.7802	-298.407	-475.194	-49.2468	
1240.19	-2831.64	-2015.26	4530.06	1122.69	-189.947	195.295	-351.418	107.134	
2627.55	-1467.25	-3103.85	23.7852	1281.02	763.771	436.409	-221.402	277.177	
4792.1	999.001	-1817.8	18.772	520.393	-199.844	555.803	21.7048	39.5162	
6685.8	2103.59	-814.756	365.28	1125.23	-430.256	1066.66	144.506	152.105	
2783.22	4412.91	1706.6	-1852.16	-760.939	92.9702	1367.54	-110.281	146.986	
-3324.73	-4949.27	-2000.07	-3510.53	-2264.43	-815.424	-36.2483	-591.739	-56.4773	
772.069	2919.09	3003.97	799.045	-97.7165	-973.297	-379.121	11.9805	-145.334	

22688.2	27971.2	7557.39	2763.46	1491.63	2509.82	3495.43	301.555	716.212	
16365.3	28063.5	13480.7	4742	3720.48	3104.13	1366.4	782.678	435.101	
-6585.49	-6203.57	-4075.43	-1749.09	-713.513	-1057.91	866.678	532.684	220.427	
-8687.87	-18631.6	-10631.1	-5437.87	-2196.96	-1528.12	116.914	-740.558	361.723	
-512.107	-2555.7	790.256	-1057.98	-306.037	1221.97	-173.536	-47.0783	213.404	
5125.29	9128.26	9263.35	2262.69	2971.14	790.646	250.631	507.201	96.1835	
6041.47	11145.5	3677.97	221.452	732.241	396.263	843.781	473.436	-54.9112	
6714.76	19108.3	3741.18	639.168	767.335	-421.924	1390.83	474.782	37.0979	
2643.49	10760.1	756.001	-3774.38	52.5327	-540.452	13.7202	344.712	-268.655	
2104.65	8007.5	5549.14	-2011.2	3359.71	1208.06	-335.413	572.997	-188.092	

-12705.8	408.175	-5448.98	-786.366	-2021.08	-1235.39	-28.218	247.78	1.05863	
-12555.1	-7805.74	-9267.46	2236.4	-517.373	-75.7367	-1750.58	-75.0877	-159.666	
41.3438	4106.11	3023.89	4028.56	-8.98771	920.592	100.704	-430.208	-260.118	
4996.76	9397.69	4824.6	3192.08	1881.82	1622.29	503.729	-201.271	-235.654	
2105.56	-3797.38	-4063.04	-595.219	693.898	88.0187	-196.903	-479.009	-169.954	
4071.16	2028.09	3274.23	2200.56	2099.08	-92.6751	1077.88	-102.043	-152.296	
3522.05	808.088	5678.2	2767.38	1713.38	-219.402	325.697	-161.154	168.632	
773.586	-6961.64	-1311.29	1137.76	1157.42	-1541.31	-74.6991	-598.732	439.79	
-2586.64	-3636.23	-1395.07	-1967.84	449.833	-1753.88	-591.602	-730.011	21.7381	
1967.3	-1258.65	1438.25	-1624.66	1318.42	-495.778	-204.548	-184.11	-149.977	

1935.99	6598.05	-2405.39	1780.06	690.285	-1467.15	1136.03	444.249	123.909	
4265.08	13194.9	451.109	-1785.06	3758.96	75.2092	-503.132	310.098	-211.513	
2201.82	2037.96	-656.611	1291.23	1887.68	257.863	41.9389	434.856	-68.4198	
1697.21	-4855.07	-762.905	468.739	-645.794	-681.35	-1143.97	54.4341	7.62694	
1862.49	-1199.96	-2356.46	-1533.76	827.567	-713.083	142.633	-173.347	107.237	
2473.53	7108.52	2571.32	2213.24	1695.89	237.577	773.501	-57.722	268.056	
-1745.65	-27.7898	-1120.39	-23.3408	788.61	253.501	-434.14	-376.037	118.684	
975.393	-1946.58	-1016.47	141.077	728.106	605.453	-729.163	-146.473	44.9785	
3006.48	9216.62	5702.87	3097.78	783.125	905.961	697.295	-62.5492	110.357	
1319.97	3319.85	1028.34	-890.962	269.578	-807.783	-201.464	-232.999	-31.5332	

6887.53	3391.31	2389.76	1277.31	-4794.95	-2251.79	-1163.16	418.719	-372.53	
-727.721	4443.55	2195.92	-2464.7	-2012.4	-1198.58	464.234	-656.014	-36.3592	
-2412.31	-6441.56	2261.28	-5435.47	-975.424	-1309.98	751.898	-22.7061	58.2053	
4269.55	3859.95	2004.78	-853.891	55.8083	-13.3124	669.514	746.385	245.392	
-87.7562	-1688.25	-3039.36	-1149.16	667.8	866.999	-221.978	532.712	-433.343	
-4391.51	-6503.53	-2766.8	292.946	-390.693	935.743	-397.042	-78.4382	-239.209	
3293.08	4632.42	4965.13	2537.61	507.628	1364.94	318.744	-79.1993	-154.314	
5280.52	8570.78	-1248.48	1379.98	-626.691	1443.81	-989.084	-58.0003	-120.269	
1701.63	6034.91	1020.25	-69.0402	372.444	-602.865	-764.125	56.6056	-173.467	
551.16	6294.97	4163.7	1277.42	2932.89	268.388	1542.6	100.393	117.489	

-1570.89	16153.4	3468.01	2557.44	-465.624	-269.128	503.048	530.969	19.8713	
2911.59	7606.86	5419.56	3515.4	3615.63	-1001.67	-1141.7	56.4936	371.208	
-2641.78	-11713	-1196.39	782.866	-1611.77	199.053	-2204.69	537.593	-459.376	
5300	624.982	843.288	735.767	-42.8946	1209.06	-1408.93	1414.79	315.096	
646.413	1941.94	5911.67	1593.23	1541.87	-597.858	-551.643	248.992	557.439	
-2782.08	-9647.85	2719.81	-938.124	-875.321	423.451	-1364.66	-410.812	261	
1753.46	2507.39	7020.52	-1607.32	-848.91	1280.17	-1681.1	381.378	385.096	
2992.32	6051.1	3906.67	-2631.25	1699.95	-866.994	-861.53	182.869	53.73	
1623.8	-1289.23	-1455.84	-4723.73	2055.09	-3127.72	-859.516	57.9882	17.7179	
2761.69	4004.18	2107.71	-981.85	3027.28	-2089.05	-72.7109	44.4884	305.411	

-8400.68	-23252.5	-12797.9	-11268	3048.71	-881.769	-1657.27	-1536.92	8.816	
-12438.3	-21230.5	-14260.4	-13442.9	5927.21	878.634	-394.197	-597.452	180.99	
-14988.4	-30648.6	-18647.2	-9892.77	-598.525	263.275	-1261.24	-491.205	-236.839	
-7911.11	-16540	-6242.54	890.787	-61.7956	-348.702	21.4977	-524.716	-10.6582	
9831.32	8436.99	5398.23	5253.25	-280.63	1321.77	1605.59	10.5911	489.729	
8323.27	9513.55	2298.9	20.9743	-2740.8	774.256	1883.77	163.905	-23.9762	
-82.2826	11706.1	4319.23	2956.81	-2554.57	719.279	1942.76	-24.8392	-513.692	
492.406	7712.34	2305.03	5109.15	-2578.82	1432.4	1382.77	836.764	-433.08	
6834.15	1660.57	1027.46	362.504	755.733	1187.52	1457.16	699.073	257.377	
8128.62	11947.3	10702.3	3829.07	2539.31	329.957	2475.54	319.449	172.714	

7180.28	4449.04	-686.596	1169.67	802.506	297.437	-120.821	251.861	-40.654	
-2392.69	-7806.01	-11992.3	-2254.42	-1192.52	-249.014	62.1008	794.37	235.01	
-13013.5	-14445.7	-10226.2	-5834.91	-3472.07	-371.089	-71.4936	150.737	59.7691	
-3776.98	7248.9	487.697	101.606	329.939	1590.09	31.2065	-136.528	55.5218	
897.54	5778.77	963.511	1517.12	613.595	709.819	-471.067	52.6316	226.395	
-2284.31	3602.9	-407.052	1411.76	360.459	365.922	-485.723	24.4869	305.722	
-2678.14	-16.3627	3318.51	1197.84	787.463	189.687	-303.694	171.025	203.611	
-2628.28	3990.35	3520.21	1854.69	332.426	537.224	593.6	466.181	51.0569	
1276.37	3759.09	3596.55	1197.43	-499.137	106.073	-502.483	-327.6	104.899	
-3643.3	-4206.82	545.086	-1938.97	-1012.37	-1282.26	-460.873	-328.023	34.2753	

5840.03	4569.23	-9128.65	-4774.91	1410.22	2981.21	-1449.04	-571.086	-329.149	
15405.2	14967.6	6389.74	335.623	4766.72	4068.49	437.092	194.381	-271.308	
12074.3	12720.9	10983.5	995.575	2472.49	2807.33	1732.11	-698.098	-385.32	
-2363.2	-11475.2	-4147.81	-3825.5	-2630.26	66.6114	310.869	-675.205	-103.721	
2281.64	4060.39	-839.747	-1386.71	691.199	449.779	211.091	296.418	280.538	
-2531.02	5056.35	-2351.89	-1554.25	1654.49	1888.31	535.758	316.995	59.86	
-2433	5125.84	921.06	1953.75	847.408	2161.74	1535.26	146.788	60.1353	
-394.778	-2948.62	2180.27	4.48191	375.199	1381.64	379.96	212.787	146.349	
-717.807	534.464	1958.31	954.917	820.655	932.763	1247.91	-368.792	29.0434	
-3819.45	-6134.28	35.2	2445.26	-1149.66	417.617	59.2005	-238.471	184.75	

8704.72	23464	10849.5	1043.12	-273.013	2488.67	392.191	1414.92	568.526	
-4719.63	-16103.5	-1644.92	-6477.45	-3652.56	2946.55	-1944.95	269.436	-250.71	
2074.4	-7568.97	1647.39	183.73	-1430.06	1567.4	-2762.77	48.2005	449.903	
8993.91	12224.5	8001.69	5696.45	1362.73	1452.67	955.49	279.64	414.447	
2099.95	-8777.8	-8984.42	915.258	370.991	-724.271	172.345	-254.809	-96.5609	
-4281.06	-13998.5	-6493.58	1362.59	-1994.02	-454.332	432.909	-806.533	-69.18	
-4267.39	-8497.11	-1165.22	2420.73	-1421.92	-590.946	155.066	-477.914	-24.3573	
7977.79	-3782.25	2179.1	3623.81	93.9449	-1370.23	1424.48	300.064	203.258	
8828.94	-1614.18	-1940.17	-2027.65	1378.05	-1155.22	696.406	446.695	70.195	
-7325.57	-13802.5	-8759.29	-5247.6	44.5025	-1991.69	-1098.01	-643.948	-248.74	

2773.41	2933.98	-3147.36	6399	1654.39	1357.81	1241.57	246.949	53.7614	
-6122.1	-23649.6	-7528.05	111.119	-219.735	-645.513	-85.1416	-425.562	135.074	
-1715.09	-8796.47	-673.891	41.5044	-1666.29	93.8249	776.741	471.21	318.144	
-3166.98	-2997.12	-3229.27	333.642	-333.915	-209.201	1178.89	285.702	38.5752	
-560.615	-10195.4	-2453.06	-2428.01	-1225.09	-1660.84	-1194.51	-97.2917	-81.5712	
-548.61	-5933.25	-802.267	-2970.76	-1883.87	-677.122	-562.198	-158.37	245.562	
-1214	-6345.73	2331.35	1238.02	-268.232	544.043	-280.004	-49.5626	229.618	
-2389.8	-6751.99	-2346.35	-1055.23	444.344	-330.969	-1357.54	11.6499	-113.668	
-354.948	-1583.64	-3008.59	-2297.21	-298.565	188.373	719.64	-103.834	-517.275	
3005.93	5657.22	380.013	-1418.38	-198.727	1475.67	313.493	-190.784	-422.325	

-176.482	-859.32	-804.892	-931.747	-133.497	-50.3964	-334.004	19.0566	90.7517	
412.848	545.425	654.146	67.9058	159.378	291.989	197.188	107.795	17.3979	
-707.106	635.221	447.367	770.459	-45.6382	306.19	125.161	151.81	-91.276	
-201.211	706.812	362.402	462.668	-332.374	-78.6174	125.498	69.3571	-37.7281	
-246.621	1527.99	798.54	378.196	191.425	-54.7835	213.324	66.3501	-16.7338	
-424.359	-14.488	390.973	197.822	228.598	38.9929	129.962	12.1481	-41.1	
-182.109	-1619.32	-719.619	-826.034	-205.902	4.0722	45.0596	-28.0543	6.83571	
-80.7352	-1414.93	-245.688	-628.435	-73.9565	-172.501	42.3829	-18.4998	62.8961	
-479.698	-344.645	-720.394	-280.234	-49.865	-113.922	-108.866	-129.63	33.4777	
-604.472	-277.076	-721.076	204.414	-139.561	64.2743	-17.8321	-124.903	-0.733932	

493.594	16486.4	-2970.53	5399	-2846.93	1386.66	-257.048	1736.74	-568.715	
-4387.98	3240.31	386.215	-2131.4	-6360.72	-38.7405	-14.5781	68.5291	416.911	
4231.32	611.499	238.134	1572.35	-1911.87	106.095	963.609	-223.011	1039.25	
14378.3	29340.3	9433.79	3793.89	85.9079	478.156	3399.47	782.471	-161.991	
9868.31	14476.6	5293.48	-948.72	-1862.22	1623.11	2444.03	-448.973	-278.016	
11674.7	13614.8	9463.68	-1082.07	-744.617	1132.54	79.0569	-393.562	-160.096	
4378.11	-6230.78	1680.2	-6103.45	-1733.76	61.9325	-909.964	-220.134	71.1841	
2291.21	-1775.02	3563.23	-2372.57	-2154.68	-362.508	13.7452	2.54814	29.2408	
-3956.66	-2806.64	-494.109	-2084.32	-465.397	-1486.36	276.035	187.379	-192.049	
-4740.74	-6258.52	1196.93	-1703.7	-422.298	-837.895	335.971	-47.4669	-111.347	

856.331	4276.44	-1847.08	-2209.7	3309.54	356.823	416.811	-148.826	-554.439	
3968	15016.3	1544.07	2272.38	3730.78	1398.23	534.391	315.709	-675.639	
-3617.39	2625.52	1459.9	927.343	-27.3524	1136.59	-512.437	296.613	42.9555	
-9137.82	-15028	-3722.27	-2570.73	-2214.1	-865.529	-2364.42	-320.227	38.8373	
-5600.14	-9927.93	-10748.9	-1962.42	-1319.89	-837.677	-1907.13	-679.974	-187.662	
1396.76	2536.2	837.702	1768.68	-467.346	519.152	276.299	-436.074	-300.654	
1632.37	-3160.43	-2016.4	931.738	-1215.14	507.164	112.064	-259.028	-266.652	
1671.62	-6569.05	-5184.72	-887.981	-2031.38	-647.341	113.802	23.3681	-247.423	
-4025.53	-5802.62	-1476.06	-1295.99	-777.827	-1681.61	552.119	245.032	-159.066	
-4979.56	-952.735	1465.69	351.837	402.381	-614.802	586.162	255.359	174.357	

62.2806	-6167.32	-5077.97	-469.89	-3480.19	-1112.62	2058.94	-100.811	-302.862	
1504.09	-610.547	1918.25	105.197	128.642	-1173.92	805.803	264.157	-119.942	
5386.44	8413.07	7291.1	-1463.1	3561.83	-162.048	942.633	626.323	20.1224	
1410.88	3846.57	8143.08	376.899	-1121.89	372.719	1211.46	385.493	-38.8443	
2739.35	5377.76	9355.8	3536.83	848.576	74.9541	424.558	361.403	141.639	
3986.55	6413.13	8599.97	1921.64	1417.51	300.213	-365.612	59.3138	101.982	
5522.29	7367.86	1014.76	-1597.88	2093.4	-595.136	-1292.63	-50.1869	-3.43432	
6273.18	5202.72	861.017	-306.786	510.006	-1187.52	-1289.08	40.378	-46.0924	
6410.63	16986.3	7516.39	4334.24	2087.07	-897.109	-827.865	41.1809	16.4215	
352.12	12262.8	3407.01	3413.5	1953.61	58.2831	-687.95	-195.803	-152.545	

8858.48	-14411.5	-13927.9	-4624.83	1141.1	707.378	1577.84	422.408	-253.948	
-13364.8	-18033.6	-13615.5	-6683.43	-445.094	-1214.13	-2324.84	1045.41	-331.389	
-2903.43	12743.6	649.48	7377.56	873.077	-1939.62	1372.77	809.212	0.500416	
8299.97	17746.9	9641.49	2043.48	-3038.87	-2167.48	23.9724	216.738	-7.81583	
2385.85	5329.42	3675.31	-2336.46	-3386.71	-461.093	-1022.6	678.323	468.492	
-899.891	3212.13	5473.96	1212.14	-220.771	1179.4	-1002.16	555.749	114.477	
736.721	3902.78	3179.15	-1647	-1292.12	-1121.44	-590.867	-260.382	-382.399	
7891.54	18641.1	3473.62	-60.9393	145.736	783.24	1411.22	-442.483	99.0969	
4010.57	-4493.64	-3759.87	-1402.83	-785.116	1223.28	1368.14	37.956	15.2541	
183.082	2232.55	461.379	-2339.04	-1106.05	-173.298	-710.225	267.046	43.3477	

11970.7	20572.2	5221.06	7939.44	3781.57	1745.91	2183.89	222.336	313.011	
4952.94	14014.5	1514.95	165.819	965.963	312.89	-92.8843	-610.95	40.0642	
7366.25	21414.6	4261.13	3472.16	938.241	637.12	508.982	-187.028	183.793	
6481.33	9272.77	-1361.21	2889.02	-1178.53	213.765	623.634	84.578	-9.96675	
3768.77	6572.53	3512.33	4248.12	-732.839	1611.4	26.5213	472.682	74.0276	
-40.7288	196.588	2416.65	522.62	-804.808	734.211	90.4651	-32.3256	-202.509	
164.29	-1223.41	-1114.65	249.99	-1802.74	300.838	606.59	-228.063	-25.0535	
1152.46	-308.642	-4218.54	151.472	-603.953	44.2045	-29.8363	-80.5794	231.885	
6036.71	5951.6	-1520.41	3746.98	1153.37	715.966	-433.107	286.423	410.371	
3212.23	462.317	147.377	1843.73	197.633	942.019	-12.6296	177.727	-198.194	

-6104.19	-4859.32	-5746.1	-1644.72	-3584.02	-2079.14	-2038.51	247.44	143.087	
-5315.13	-14967.2	-10753.8	-5036.83	-5048.4	-2668.49	-1256.16	-264.805	57.0419	
-589.819	1484.23	-5447.25	-2008.5	-2833.69	-38.4561	-1310.44	-747.52	187.63	
-1442.07	8766.06	-3734.86	2478.52	-318.079	719.295	906.584	-19.1677	-103.411	
-64.5739	-914.15	-2393.65	2337.92	1645.07	439.267	1155.44	706.317	19.9766	
80.3319	861.558	2491.1	2076.74	514.296	-362.442	469.383	886.943	383.449	
2939.15	10437.7	4125.42	3123.88	70.8806	-648.423	220.996	241.482	290.329	
4539.33	12286.3	1762.23	1384.12	392.122	444.714	261.406	12.2397	167.184	
2836.01	1877.08	-312.575	-1956.47	1005.71	675.616	228.328	-520.328	408.716	
3531.15	3019.77	-2196.44	-515.217	1380.19	-9.71978	723.195	-532.572	117.039	

27542.8	13761.8	590.907	6954.84	4303.34	169.043	-16.5867	743.961	817.506	
9762.09	9890.88	3601.05	1168.06	5798.38	138.555	-2873.06	1401.56	381.095	
2719.17	6764.83	-2975.33	7575.91	5794.98	2658.07	-471.302	678.659	296.895	
3945.26	15684.9	8539.48	8144.55	3387.44	2567.05	1458.63	314.518	128.678	
5899.89	18152.6	12782.5	4019.21	2018.66	709.597	972.895	395.264	157.276	
2427.8	8490.21	262.378	-555.022	2366.14	113.246	172.925	511.351	417.803	
4000.16	10991.1	4312.41	2604.9	510.423	666.659	-164.055	84.599	344.993	
-6041.05	-2735.92	4888.46	1124.52	-1695.81	-465.838	755.082	65.7381	512.037	
-5452.25	-7254.5	1466.31	-272.567	-1110.77	-1358.41	1363.67	-196.56	221.575	
-7742.38	-1763.2	1362.58	-256.517	9.33169	-123.834	434.893	-623.505	41.7188	

-9129.97	-19821.4	-20169.7	-12464	389.108	3441.42	358.998	-851.073	-280.008	
-2851.09	-25586.9	-10691.3	-2390.04	1834.26	-1136.67	1448.36	357.325	-459.117	
1838.81	-5219.46	-4627.14	-3588.91	1450.16	-1479.7	-82.8869	1048.29	-230.469	
1263.44	756.266	-2387.99	-5111	-1029.36	-329.099	-621.157	506.586	-1.50882	
-2273.06	6225.9	-69.0309	2268.1	-360.735	2068.35	-1820.04	-473.646	99.8832	
-5530.99	-1530.7	-3273.07	3770.36	83.2981	1937.67	-1905.77	-793.468	-287.241	
-2488.47	-3560.64	-1537.56	-2658.11	-87.1041	1265.6	-351.745	-387.638	-7.31612	
-2712.7	1882.14	2703.05	-1310.84	-908.165	447.084	1162.21	-64.5452	358.021	
-5019.72	1334.22	3298.41	607.972	1192.37	-681.531	1947.59	-158.466	507.852	
-1097.02	4377.27	12741.1	6154.07	1922.82	-169.543	2192.3	300.159	130.303	

-24424.5	-13517.3	-9366.18	-5962.52	-2681.5	-1903.02	1206.82	-555.354	365.843	
-8468.18	-20329.4	-3733.85	-3445.16	-3258.32	375.574	-240.923	-816.72	-513.789	
-7303.51	-19583.1	-4934.21	1518.9	-1993.25	324.069	1251.66	-918.486	339.589	
2379.27	1425.67	-462.134	5962.6	-1738.05	1284.21	1715.8	-957.2	72.22	
12886.4	15713.5	5616.75	4845.69	1206.87	1143.49	342.082	-1288.22	99.2905	
5405.15	11396.5	1609.38	904.138	-3085.8	801.766	115.29	-1348.6	87.1623	
-4985.54	-2524.16	-1194.98	-797.405	-2494.53	-266.029	53.2813	-989.611	156.91	
-4538.83	-20083.1	-6835.55	-3685	-1062.82	138.496	-1803.96	-799.28	-117.627	
3446.12	7398.54	-4159.49	2709.85	1158.45	1545.15	-1502.55	-614.851	146.365	
11336.6	11145.4	-1997.35	2262.1	108.227	1381.73	-953.07	99.2523	162.679	

-1969.39	2292.37	9646.8	-86.7278	4172.45	4195.66	1072.93	950.979	191.495	
-513.895	4461.58	8937.15	2147.71	1467.24	3116.09	-1760.22	555.275	89.9832	
-14211.2	-22562.9	-12766.7	-1863.21	-4175.82	-186.482	-2518.41	213.842	88.3763	
-6960.69	-20684.3	-12647	-38.8162	-2629.96	-1315.69	-1687.47	469.027	-233.476	
4921	4907.42	-856.298	-4461.68	1002.56	1298.33	386.449	382.713	-308.332	
11844.9	12355.6	4057.5	-1250.86	3270.3	1508.04	2035.83	-709.75	-108.658	
2919.43	-8616.13	-2502.29	-537.422	574.34	-776.029	242.583	-663.293	17.2135	
-4087.64	-5709.08	-58.4585	3836.57	553.347	-268.618	-376.424	-329.053	186.568	
1903.43	11626.5	-454.37	1698.06	982.318	246.267	48.4243	-149.115	-199.224	
5193.91	17989.2	5968.27	4090.36	-400.753	366.329	791.772	-204.098	-195.121	

3292.06	-15329.6	-757.119	-4028.32	7293.9	288.069	-1983.88	-631.525	-798.379	
4177.74	-8806.58	-650.116	2748.54	3770.96	-3235.89	4082.88	-515.782	-606.094	
6637.14	-17208.8	-2862.02	-407.11	-1169.92	-1399.54	1603.04	-852.861	-618.01	
10010.8	8507.99	15439.4	1860.96	-302.242	-38.1523	2811.04	182.364	-70.1545	
-3776.68	-4420.1	6642.62	2743.06	706.186	1422.92	2306.66	476.206	602.336	
-1745.15	-1298.16	4184.75	-1555.74	-1416.43	1851.32	2205.54	475.83	272.206	
-3158.16	-997.786	1743.57	-5230.45	-1403.21	432.553	936.143	548.198	-43.3525	
5487.65	7301.05	5097.16	-1052.04	103.845	58.2161	581.651	136.94	4.14347	
972.834	2243.54	802.532	-3259.73	-801.247	1003.59	-193.027	-163.083	-66.8224	
-465.368	4554.35	-6463.01	-1181.08	-2755.03	-354.094	980.978	-255.575	-5.71298	

14778.4	-15040.1	-12518.9	-1428.31	-2340.95	-393.492	-2448.67	-848.571	240.006	
31354.5	12065.4	9691.21	4802.48	3382.84	2454.25	612.516	-560.257	429.16	
5014.58	22010.5	14662.9	-157.048	3816.62	324.595	280.183	-558.964	-561.977	
-9896.18	-2113.54	-8075.78	-5384.12	-1188.34	-1229.16	-2013.27	-525.027	242.888	
-3935.14	-1173.2	-2623.01	-1267.16	199.412	-649.847	-1117.39	687.405	492.484	
-1888.05	-6058.51	-466.577	-2216.16	456.322	-225.049	208.886	371.056	52.0593	
-1036.93	-4416.43	-363.766	-832.897	2012.03	535.829	-124.217	-3.89889	-321.037	
125.287	-1576.26	-1154.16	1521.69	-141.334	469.177	-1190.56	-464.26	-153.78	
3581.55	7408.07	2620.78	1428.09	-2480.47	518.159	-162.026	-476.074	51.326	
-2072.21	2859.13	-228.131	-494.393	-454.269	949.569	247.362	416.914	-81.7418	

-17568.7	5388.07	408.368	-900.121	-767.356	2897.44	-3384.62	466.669	-48.2542	
-25741.6	-25770.1	-17901.3	-8808.63	-5963.09	-1368.25	-1794.57	241.502	-156.146	
-4947.3	3476.71	1446.8	-2776.64	-4300.31	-2116.87	273.599	681.01	-548.342	
-9892.74	-18810.5	-11571.9	-806.334	-3496.66	1313.75	-88.0827	1266.89	-120.765	
1477.57	-12425.6	-6838.43	1796.35	-3.23099	-34.4683	271.247	253.98	569.464	
7659.81	8710.89	5008.5	1137.11	3361.53	-440.778	1333.71	-62.7233	176.225	
14261.5	13076.7	6068.55	6017.93	2622.91	2073.78	1993.1	-348.599	452.469	
-735.02	-6300.6	-5799.15	-1303.62	3117.47	1644.29	-95.9012	-459.702	-212.414	
-3383.69	4075.95	-2247.34	-1940.25	4156.56	4.8265	-576.913	-120.51	-432.067	
9878.61	7836.86	-1234.19	1229.23	3672.18	63.2575	-231.717	-855.739	407.103	

5694.6	13076.2	993.032	-3105.95	-1402.55	-1637.16	624.483	269.908	-120.918	
2496.93	-6422.31	304.299	30.6369	1679.64	-2055.72	-1986	-470.948	-223.307	
1532.48	760.839	-344.14	190.189	402.307	-1310.77	-147.817	-1101.69	205.328	
1618.07	-1627.75	-6006.98	-4957.64	-1399.02	-2040.46	-194.956	-292.82	314.951	
583.236	2601.81	-577.527	-4817.02	-1820.14	-131.767	-1312.93	-94.3518	-366.654	
6888.26	6056.13	6442.24	1291.41	309.034	-473.805	-903.495	-874.385	-68.455	
10713.9	6213.82	4994.56	1535.04	359.031	-143.047	-224.223	-429.896	222.13	
7558.94	7404.61	5397.59	2680.59	2170.87	913.051	-406.42	111.085	94.2029	
2131.86	-1288.5	3532.13	-556.709	-345.885	775.541	768.806	272.054	-431.268	
-1635.14	-10103.8	906.48	-3188.37	-14.6831	1319.97	9.1143	-275.69	-91.3746	

-3561.28	-5198.85	1496.88	938.189	2495.31	-212.508	-1447.98	-739.873	-356.428	
-3077.34	-9107.11	-3489.85	2816.87	707.029	749.659	-2449.7	101.839	-47.4321	
-10249.4	5278.31	-7446.52	4530.24	-775.583	-493.716	33.1709	635.202	80.154	
-4778.36	-17081.1	-10891.6	-2187.52	-2187.72	78.4606	-597.817	-43.4182	344.38	
-2646.68	-21211.8	-5447.05	-3296.8	-1304.27	234.99	739.109	-184.911	43.2814	
-1496.04	-54.0366	-224.107	-1948.37	1137.48	2055.74	1125.01	135.019	-95.0826	
1616.77	9393.89	5753.68	157.404	2427.54	3178.48	-425.28	-309.89	7.65571	
-2456.55	2036.98	-575.964	352.582	1099.01	1569.57	842.487	-113.016	-87.4143	
4714.3	-1164.55	-6348.94	4294.15	-408.264	1216.71	1612.91	221.454	-101.838	
6713.93	2216.31	62.7036	6186.82	-398.9	720.69	1182.9	-18.7705	18.8764	

-1657.4	18175.8	10677.4	7579.22	4105.2	1420.56	736.3	756.469	-14.2293	
3315.74	20488.2	11112	11459.6	1501.82	236.785	-346.101	714.119	-61.6848	
7155.03	14571	7222.43	6385.43	2472.65	2707.73	558.817	751.692	-261.449	
1875.64	-2654.52	-4152.53	-655.643	1763.85	1194	-130.408	289.576	16.18	
-4334.1	3974.56	-8341.29	-236.569	-1065.07	-1610.62	-920.755	-845.171	829.83	
-7865.91	-4861.54	-5527.19	-3482.91	-1052.93	-822.86	-960.221	-666.788	558.671	
942.896	2501.82	1207.7	-1228.95	910.004	1661.26	234.353	-218.78	-69.7229	
1629.35	74.8292	3022.12	1906.09	-74.8382	1128.9	831.531	58.9103	-425.29	
-165.138	1044.98	-2002.18	840.961	-677.004	-1528.54	1171.11	196.86	-182.608	
7747.97	9159.86	272.546	1737.46	2021.37	-526.17	628.286	-154.399	-101.58	

