ibin	iptbin	itheta	r0	V	sigma2	chi	Vn Errors
0	0	0	0.2067	0.0444	782.5124	0.4159	0.0037
0	0	1	0.2034	0.0451	782.5124	0.4226	0.0037
0	0	2	0.1962	0.0467	782.5124	0.4381	0.0039
0	0	3	0.1904	0.0482	782.5124	0.4516	0.0040
0	0	4	0.1870	0.0490	782.5124	0.4596	0.0041
0	0	5	0.1824	0.0503	782.5124	0.4714	0.0042
0	0	6	0.1796	0.0511	782.5124	0.4787	0.0042
0	0	7	0.1847	0.0497	782.5124	0.4655	0.0041
0	0	8	0.1842	0.0498	782.5124	0.4667	0.0041
0	0	9	0.1819	0.0504	782.5124	0.4726	0.0042


ibin	iptbin	avgmult	avgpt	Vn mean	Vn mean Error
0	0	262.1597	0.9547	0.0485	0.0019

ibin	Nevent	totmultall	avgmultall	avgtrk
0	3146070.0000	824772772.0000	262.1597	231.4951

