ibin	iptbin	itheta	r0	V	sigma2	chi	Vn Errors
0	0	0	0.2060	0.0445	782.5124	0.4172	0.0129
0	0	1	0.2267	0.0405	782.5124	0.3793	0.0117
0	0	2	0.2048	0.0448	782.5124	0.4198	0.0130
0	0	3	0.1950	0.0471	782.5124	0.4409	0.0137
0	0	4	0.2587	0.0355	782.5124	0.3323	0.0103
0	0	5	0.1902	0.0482	782.5124	0.4521	0.0140
0	0	6	0.1849	0.0496	782.5124	0.4649	0.0144
0	0	7	0.2439	0.0376	782.5124	0.3525	0.0109
0	0	8	0.1873	0.0490	782.5124	0.4590	0.0142
0	0	9	0.1844	0.0497	782.5124	0.4662	0.0144


ibin	iptbin	avgmult	avgpt	Vn mean	Vn mean Error
0	0	262.1597	0.9547	0.0446	0.0057

ibin	Nevent	totmultall	avgmultall	avgtrk
0	3146070.0000	824772772.0000	262.1597	231.4951

