-255.28	-68.115	84.438	80.5525	-93.7666	-206.589	-84.6783	-39.8951	-27.1043	-34.9996	-94.2316	-184.411	-194.044	-47.3036	147.745	
288.98	354.3	346.711	188.564	-84.4643	-157.051	164.526	412.395	392.892	252.445	81.8132	-46.4962	-159.23	-298.594	-392.47	
3747.01	3478.97	4303.61	4463.39	4044.3	4169.36	4618.9	4721.4	3973.91	3003.06	2387.09	2073.96	1060.44	-778.726	-4537.95	
-2817.06	-2783.07	-2955.06	-3471.45	-3250.77	-2585.35	-1984.52	-245.744	2023.02	3433.21	3289.75	1563.34	-267.62	-459.672	1024.34	
3244.33	2971.8	2133.2	-129.536	-251.759	2275.23	5058.68	4672.02	2396.96	717.862	-216.246	-907.009	-2048.45	-3260.2	-4819.57	
-486.331	-387.572	-190.043	-101.591	-36.2349	93.7947	272.618	347.17	237.986	122.774	76.3156	92.0974	113.835	168.181	267.686	
275.519	-207.618	-473.436	-418.284	-158.466	-171.3	-356.827	58.4037	384.767	647.123	808.344	839.206	762.305	495.323	-421.756	
977.356	2938.6	3011.84	1006.45	-97.9116	794.735	3009.96	4003.82	3320.3	1930.46	421.037	-36.2074	780.777	1572.46	2546.06	
55.1666	48.5802	270.851	362.941	350.897	450.364	312.701	107.572	19.6712	-0.595098	41.105	18.3054	-111.271	-185.078	-280.719	
-110.05	4493.54	7830.63	9349.56	9312.76	8933.71	10386.1	14028.4	13583.1	10966.1	7287.43	3655.28	848.982	-563.653	1629.17	
106.716	320.855	231.841	-2.51081	-167.793	-180.307	-18.4892	177.85	114.199	-33.5992	-70.2727	110.928	340.482	359.701	285.48	
-137.253	158.471	219.91	91.4153	5.88665	122.855	315.117	294.328	198.909	58.0422	-67.3034	-98.5966	-29.5494	83.0271	333.05	
-1594.25	-2380.55	-2907.36	-2206.12	-420.878	1222.6	2533.57	3568.77	4442.55	4756	4263.13	3102.95	1819.23	1127.47	440.724	
-7306.33	-6696.68	-5653.55	-3190.25	-122.731	1221.19	1556.53	5866.34	10657.2	13656	13802.7	11541.5	8671.81	6676.68	10199.9	
-7944.67	-2799.52	1783.18	6642.72	11774.6	15666.9	17421.5	13619.5	9883.6	8014.53	6451.98	4010.31	2035.07	2739.24	8689.02	
-2158.21	-511.173	1438.51	4780.56	7683.44	8306.01	6795.26	6235.94	6144.63	5867.37	4964.49	3625.61	3124.75	3409.03	4699.46	
-1865.38	203.735	1500.62	1483.88	1738.85	4096.11	8162.57	8868.84	8368.29	7723.18	6576.54	4987.72	3720.73	3257.24	3526.76	
-268.749	1152.76	1829.48	2520.81	3307.18	3580.52	3049.8	3846.18	3580.26	2439.42	1833.9	2104.27	1720.47	207.93	154.541	
-1381.83	-1581.43	-1771.84	-1210.75	234.12	2078.25	4488.64	6380.84	7333.8	7960.02	8545.63	8692.91	7749.8	6079.68	1837.18	
-3112.86	-2530.47	-637.18	1639.03	2893.33	1480.1	-1078.4	-688.398	716.309	1776.95	2375.36	2876.78	2973.02	2503.8	1710.18	
-8181.63	-6098.34	-2565.34	2009.16	4954.27	6056.93	7098.71	10605.2	12140.4	12489.5	12344.3	12045.5	11540.4	10297.9	9079.5	
-2109.66	-2084.09	-2200.33	-1323.55	333.756	1978.11	2956.6	1970.73	2725.65	3936.78	4101.33	3226.83	2674.77	2386.48	1556.06	
-2891.18	-2857.18	-1701.25	-8.27094	860.848	499.854	-759.48	66.3336	1537.44	2248.33	2824.52	4284.98	6041.1	5955.89	3111.2	
57.5962	-124.743	-266.571	-270.072	-201.633	-42.1792	250.218	249.103	163.637	202.581	313.03	359.783	340.233	273.552	107.616	
-68.3605	-1928.43	-1545.87	719.594	2875.99	3893.32	5260.83	7859.99	8502.46	9005.28	9965.43	10087.9	7438.41	3117.73	-2295.18	
-114.065	112.802	32.009	-223.271	-355.39	-316.739	-171.94	-200.026	-275.443	-309.639	-292.27	-228.095	-115.674	30.0091	340.427	
3843.59	1329.22	-820.114	-1807.85	-961.743	1025.05	3913.31	5231.65	6099.51	7342.65	8596.4	8681.19	6303.6	1999.96	-4489.8	
434.055	337.284	686.44	134.909	-1327.2	-2099.5	-1453.22	1184.97	2240.86	2956.83	3493.2	3131.92	1701.49	144.496	-2091.99	
-107.36	-53.767	43.5618	124.195	120.279	105.851	84.9525	44.403	-28.378	-38.6107	47.0066	128.526	73.8675	-22.7665	86.6738	
-3719.84	-1175.07	-35.1282	64.2789	-19.5221	-86.8463	-139.983	3027.33	6202.48	8572.79	10284.7	10615.3	9377.4	7842.92	6724.32	
-6503.44	-5236.7	-2321.32	320.672	1153.9	1759.9	3957.83	3984.35	4937.34	6000.86	6453.66	6701.46	7152.91	7746.64	5721.55	
1728.34	1313.21	1377.46	3385.05	6981.67	10313.9	12419.4	10989.8	7299.85	4296.45	2848.01	2870.72	2846.39	1210.39	-563.025	
-2868	-1716.33	-820.581	-190.369	132.134	542.818	1918.29	4539.03	5674.26	5071.7	3617.52	2615.18	2441.9	2422.65	2110.18	
-5457.86	-4023.55	-1940.71	434.884	2050.2	2910.87	3923.1	6323.68	6845.71	5566.35	3370.98	2416.35	3463.89	4749.93	4802.2	
574.636	1093.06	2309.98	3900.49	5389.94	5858.48	5880.49	6120.19	5353.18	4069.61	3316.17	3593.7	3841.38	3157.33	445.22	
-34.1147	196.557	321.179	336.37	372.912	517.221	560.589	280.575	92.1816	13.6477	42.2354	154.67	279.775	338.617	233.949	
342.021	182.722	-1685.69	-3176.68	-1662.54	585.93	1801.97	4731.4	6985.6	7515.77	6146.52	3122.17	387.226	-380.117	1277.27	
-3266.55	-2211.93	-402.082	2335.75	4920.84	7886.56	10928.3	11904.2	11295	10287	9974.25	10354.3	10269.7	8285.63	6163.24	
-28.1887	-76.4125	-162.81	-242.61	-182.147	-10.3506	214.038	353.015	375.902	339.608	295.523	246.387	191.914	160.755	48.0381	
-3357.59	-1296.91	1342.43	4143.39	5946.71	6589.86	6478.64	4318.42	3162.59	3371.77	3558.75	2882.83	2151.18	2309	4769.8	
-852.557	-799.099	-498.056	118.449	363.338	175.056	-146.765	-265.486	-231.002	-169.175	-103.95	10.1669	233.76	485.582	1091.37	
-2499.87	-1509.38	-1750.12	-1783.88	-638.884	1476.02	3265.13	4058.51	5411.63	6206.89	6239.78	5683.38	4991.12	4534.93	4536.58	
-63.5607	-643.724	1464.92	5025.08	6643.5	7426.03	8661.52	11110.2	10354.2	8004.46	5426.99	4075.33	4351.08	3891.51	-528.379	
-3918.95	-781.732	4327.36	7873.11	8728.39	7379.07	5047.88	5788.33	5839.58	6243.75	7561.45	8598.28	7885.62	6140.15	2545.34	
224.504	112.204	437.447	-280.766	-963.844	-438.171	1519.99	1780.74	2297.65	2795.49	2738.3	2015.06	1310.03	1038.38	-1841.37	
-2682.44	1737.58	3632.16	2848.56	3395.87	6502.48	8546.7	6734.69	6045.97	6772.32	7651.66	8147.2	9015.63	9554.66	6895.12	
-2646.12	398.814	2298.44	2649.34	3024.49	4243.73	4512.5	3866.4	2637.51	2784.19	5268.66	8033.89	8281.94	6520.54	4152.68	
1701.02	1275.39	1071.42	1084.76	1897.77	3207.66	4287.97	2631.27	1863.66	2975.66	4748.77	5494.77	4618.92	2568.57	-919.473	
4803.68	1672.2	699.177	2395.35	6880.08	12351.7	14365.9	12306.2	7610.38	3441.25	1707.07	1437.93	638.559	-881.702	-8003.44	
-6349.08	-3131.64	-1109.92	540.544	2958.08	4524.53	4601.57	5521.24	4970.62	4344.2	3578.1	2217.16	1992.15	4188.95	8617.29	
-1551.11	-209.169	-396.134	-994.621	-1650.04	-2140.44	-2080.08	-259.612	1666.7	2867.07	3570.41	4281.54	4902.35	4602.59	4888.26	
-3156.72	1363.11	2964.31	2839.91	1865.13	84.888	-9.46525	4789.88	7559.54	8425.56	7908.02	6619.02	5443.93	4805.34	7213.39	
-2908.9	-1739.93	104.194	1471.6	2183.09	3090.83	4583.9	5615.39	5980.49	5908.46	5804.93	5315.29	4042.16	2898.81	2083.7	
-576.351	339.387	2803.73	3616.68	1969.08	158.391	83.0735	2049.62	2264.71	1014.18	854.787	3232.1	5569.08	5072.24	-827.454	
-3997.31	-1455.74	1246	5668.35	9656.74	12647.5	14696.1	12764	11563.4	11548.9	11714.1	11021	9550.47	8022.91	9604.16	
-1217.36	-797.967	928.734	2736.18	2590.7	805.005	-272.02	967.139	1941.29	2643.39	3088.86	3746.94	4488.19	3885.2	1146.56	
-2108.3	142.158	2219.67	3136.44	2635.37	1866.01	1111.12	1527.34	3001.79	4063.89	4355.47	4189.83	3804.25	3221.18	3737.41	
12489.8	9019.56	7329.72	5751.56	5124.54	4587.22	5008.09	4543.87	3616.01	2509.55	471.531	-2565.94	-5226.67	-7369.12	-17725.8	
-1947.23	-1022.39	746.309	2342.88	2328.13	720.902	-1607.25	-2386.71	793.814	3914.82	5047.7	4332.68	2945.61	1385.85	936.958	
-698.726	997.35	2228.56	2320.08	851.264	-832.875	-884.117	1452.85	2800.7	2866.92	1933.03	1049.1	1055.96	1378.98	2978.31	
-2889.06	-2389.36	-1850.87	-531.269	1040.58	1776.59	1850.53	2071.89	1695.13	976.872	133.504	-933.139	-1516.28	-888.339	2220.74	
3476	5131.45	5342.78	5213.68	5274.09	4601.08	2287.73	69.4034	-874.951	-715.084	528.353	2316.97	3305.62	2352.43	1352.28	
12.121	459.965	1155.9	2795.52	4282.31	3943.01	839.057	3003.21	4193.76	4215.29	3549.07	2576.39	2088.41	1898.08	1213.16	
4579.93	4338.25	6284.96	8732.04	9558.04	9169.57	7898.36	8969.75	9659.86	9354.37	8874.64	8726.27	7926.4	5203.58	-3271.87	
1616.5	1809.41	929.979	-993.367	-2575.64	-2897.05	-1475.58	1525.74	3551.02	4588.71	4263.18	2714.05	1022.71	-71.704	-1539.54	
-2233.11	-883.105	1307.41	3299.93	5448.33	7865.19	8406.49	5968.37	5312.46	6039.08	7491.09	8184.76	7495.59	6262.11	3534.11	
-593.595	-2331.85	-3320.35	-1577.41	1495.6	2747.69	1845.49	4290.16	5956.13	6218.09	5986.15	5414.2	4924.05	4557.25	1422.5	
1528.98	3349.08	3660.41	3361.16	4516.4	6458.42	8269.61	6753.69	2848.98	581.569	1000.68	3487.75	5536.07	5064.83	3127.31	
-6286.77	-3122.4	-192.392	493.079	-628.516	-1073.47	802.922	6569.07	7736.52	5381.28	2415.95	1175.9	2059.88	3864.48	5515.69	
2528.72	1889.43	667.857	1099.45	2804.36	4122.37	3112.54	2016.54	311.541	-481.352	530.551	2128.2	2154.85	377.235	-1225.36	
-4645.73	-3823.8	-3651.12	-3303.94	-1761.9	913.4	4405.43	5299.07	4686.03	4199.12	3660.14	2494.72	1638.32	2538.53	4627.27	
103.071	795.37	387.073	565.711	1611.13	2941.51	4764.05	2662.29	2013.93	3596.84	5661.71	5636.51	3177.3	696.355	442.101	
-2600.16	826.071	3274.56	5203.19	5635.51	4146.89	2212.19	5584.69	8226.02	9948.27	10573.2	10186.4	9488.44	8222.49	9563.65	
-6940.82	-4327.51	-2002.69	-135.432	264.283	1.34432	-555.167	-853.446	913.027	3329.73	5295.9	5601.7	4906.67	4934.58	8367.94	
-5137	-4862.03	-2171.64	1514.26	4432.55	4982.62	2543.67	1943.04	2786.78	3838.31	4560.98	4761.23	4762.16	4759.29	3941.14	
-6802.39	-1603.84	4209.21	8146.54	8754.42	8738.27	8981.24	10666.4	10304.8	7975.41	4775.7	2528.09	2679.01	4671.08	7792.54	
-4332.51	-556.028	3090.36	4254.51	4226.63	5115.18	5902.54	9333.19	10811.3	9883.33	7872.87	5601.86	4146.44	4442.06	4373	
-3968.85	-2786.58	-1659.03	-616.008	901.606	2758.99	4270.82	5311.05	7407.09	8380.7	7592.39	6394.16	6238.39	6327.53	4472.81	
-1078.72	-320.998	-697.85	-1252.41	-802.65	450.437	1768.39	941.275	222.321	-475.084	-1086.48	-789.036	646.125	2015.93	2933.77	
-4331.87	-4455.25	-3327.8	-500.663	1563.63	2173.41	2361.5	4064.56	5835.21	6165.84	4804.88	2559.71	1313.06	1792.28	4362.21	
195.597	960.505	1147.94	1996.32	5097.87	8620.46	9540.33	8003.68	5121.35	2961.17	2799.7	4949.79	6653.18	5233.37	1683.54	
159.597	-1057.39	-1417.73	-1013.75	343.207	2091.73	3175.57	4027.36	3803.69	2886.98	2019.48	1368.6	872.403	610.113	-1673.59	
1391.55	159.844	-144.353	205.201	871.008	2218.69	3987.78	5964.45	6071.96	5727.44	5582.85	5011.54	3104.86	148.25	-2291.42	
-5541.42	-2117.1	420.853	2165.72	3461.26	4215.32	5974.39	9550.76	10579.6	9514.14	8371.84	8396.6	8644.66	8292.94	8575	
-927.791	-1921.25	-2328.3	-1925.49	-1075.78	-562.767	306.764	3185.44	4078.66	4100.29	3758.51	2770.34	1244.59	129.629	-947.853	
2724.05	3539.49	2950.32	1960.43	2855.8	4002.42	3637.97	2578.71	1801.66	2904.51	5350.42	7017.78	6384.16	4220.88	-617.719	
-7413.8	-2899.26	921.71	4099.32	8971.62	14963.5	18948	16298.7	13337.4	13693.1	15076.1	14197.5	11665.1	10144.4	8840.63	
7081.98	5649.52	6691.56	9236.24	9542.69	8871.31	8227.18	9587.75	9767.48	7962.26	6051.19	3769.5	-110.541	-4208.56	-8389.3	
640.601	-1519.19	-1420.12	2149.99	6836.73	10695.1	12848	11140.3	8163.74	7466.33	8754.93	8769.97	6057.29	2668.35	-2275.78	
-2320.78	-1167.99	42.5237	541.816	970.241	2031.64	3120.85	3201.83	4183.08	5397.81	5948.99	5150.75	3735.55	3179.16	3290.67	
-1686.27	-407.407	2405.86	5569.19	6715.12	5190.32	2199.14	2165.03	4622.89	7060.38	8035.98	7770.48	7518.91	6628.13	2327.56	
-8394.57	-2657.78	3474.13	7348.43	8354.76	7050.78	5107.8	8396.27	10256.4	9739.85	8595.22	7878.82	7959.64	9093.74	9136.53	
-4591.29	-1784.34	537.058	1382.62	1439.36	3311.03	6374.42	5866.84	4348.38	4208.75	5194.03	5879.67	5515.67	5093.81	6710.11	
-7664.24	-7216.13	-3584.18	989.337	4423.72	7362.99	10406.2	12144.2	11229.4	9086.04	6923.33	6038.91	7101.36	8627.95	5418.66	
-467.991	660.087	1673.96	2670.43	3060.93	2245.61	1843.56	3869.51	8188.31	12133.3	13171.1	11149.5	8123.83	5587.95	4054.64	
2234.8	2166.58	3583.79	5973.26	8264.45	9129.13	7881.15	5986.75	6052.61	7125.13	8093.31	7762.35	5396.58	1882.49	-3489.07	
-366.853	-386.588	-18.6273	414.241	484.146	262.435	-67.0523	27.1023	481.037	893.722	975.741	633.154	95.5898	-231.998	-242.351	
-4233.32	-2194.66	508.404	4952.94	10811.1	16838.4	18680.5	13620	11873.4	11466.8	11028.3	10853.7	11420.3	11839.3	7509.97	
2428.11	2925.34	2277.31	2383.25	3225.88	3608.98	2826.05	4035.1	5107.17	5416.7	5308.22	4628.1	3249.43	1136.88	-1244.46	
1720.23	2387.14	4051.45	5937.77	6246.95	4307.79	1288.56	2099.02	4092.71	6398.55	8477.66	8100.4	4428.65	162.133	-2093.39	
-9910.9	-10118.4	-7729.25	-2874.58	1644.37	4809.76	6669.48	8529.42	10437.3	9973.02	7714.79	6100.25	6307.91	6992.81	6766.47	
1772.93	2010.4	2640.14	3462.42	4146	4287.85	3794.54	6576.42	9011.87	8933.17	6795.85	4804.65	4322.97	3644.27	-494.621	
-2656.86	-3835.67	-3123.67	-1489.92	-502.133	-448.408	664.788	4798	6665.8	6570.1	5533.58	4374.86	3678.01	3306.34	352.391	
-1436.2	906.853	1791.44	2821.59	5491.53	8046.66	7375.15	8233.93	8911.85	9232.82	10300.7	10992	9358.89	6248.32	2796.56	
-4047.58	-464.195	1535.06	2070.2	2731.82	4273.46	5434.33	7738.34	8745.96	7747.22	5690.47	3924.95	3582.27	4809.78	7957.21	
-7107.52	-8475.62	-8510	-5882.65	-2192.55	323.746	1059.83	2005.3	5657.34	9369.94	11375.7	11534.5	10032.9	7234.36	5902.48	
-6697.55	-7202.93	-8374.64	-6085.5	-446.742	5753.74	11906.2	14633.6	14198.1	12875.1	11358.8	10018.8	8980.74	7891.82	8853.19	
-3448.72	-3745.13	-2442.21	-449.641	1628.13	2262.59	1388.54	1654.56	2609.06	3268.4	2908.36	2338.63	2733.96	3367.16	1564.44	
-2734.55	-2657.46	-2312.45	343.483	4598.11	8770.38	10904.1	9453.14	8338.3	7854.33	6160.45	3098.65	1233.72	1312.76	3794.04	
-7329.14	-2833.69	1061.43	4972.23	7945.93	8641.23	5653.7	5346.11	6100.69	7300.68	9094.57	10792.9	11410.6	10640.4	10404.1	
-5571.25	-4134.88	-3461.18	-1191.28	1115.29	2216.17	2439.95	3699.28	3309.39	2856.5	3831.15	5814.66	6384.46	4966.74	8462.21	
-556.606	-2629.21	-3982.28	-2594.67	425.071	3061.79	6772.14	9747.05	7607.39	3280.59	-360.2	-1242.24	-191.648	818.54	-366.082	
-1217.05	2960.62	6908.53	8133.45	7246.61	5854.43	3501.63	1858.18	2492.67	4046.09	4780.56	4297.72	3934.64	4191.83	3888.14	
-448.514	-1454.47	-1405.1	-893.601	42.7715	445.99	897.297	3377.52	4726.13	4869.25	3529.38	1085.82	-767.41	-974.869	-2270.43	
-23.592	-1327.11	-1561.59	286.115	2949.25	5731.97	9046.07	11372.6	11811.7	11632.2	11313.3	10366.9	8100.77	4933.84	-341.015	
-2797.41	-2831.88	-1169.06	945.93	2610.87	3278.93	3256.87	4642.91	5069.79	6360.5	8282.54	8737.83	6599.25	4005.22	1660.73	
-2250.76	2481.25	2717.75	1685.81	2790.62	4886.9	6640.58	7555.18	6433.26	5591.53	5484.16	6112.22	7044.08	7025.78	8689	
-1560.74	-845.134	1591.96	4618.26	4983.94	2783.85	-521.389	2308.74	5798.39	7290.88	6211.56	3997.28	2706.16	1899.23	1866.47	
4666.93	3487.13	2950.01	3226.34	4186.14	5856.12	7428.04	7352.45	6520.04	6000.22	5418.28	4345.1	2779.43	716.071	-5492.79	
-3306.2	-359.481	2809.62	4361.7	2811.1	1168.1	3027.28	6237.94	7261	6189.99	4410.89	3637.89	4081.32	4827.29	4557.93	
-2451.68	-3404.22	-2522.93	-1436.63	-245.003	1164.79	2581.01	5321.79	7965.78	9214.89	8389.86	5509.94	1859.27	-354.445	-2136.52	
-1864.49	-1081.73	-1051.79	-1331.41	-43.9538	1930.84	3936.14	4463.38	4248.05	4148.69	4868.42	5505.32	4757.93	3608.46	1703.69	
-6187.06	-2906.21	-2418.82	-1993.28	774.956	4497.42	6150.76	4209.06	4272.92	6371.3	8856.54	9902.16	9733.61	9295.63	11289.7	
-772.301	-1424.21	-1948.57	-2634.82	-2047.91	597.341	5179.98	6275.49	4959.45	4177.31	3846.89	3263.34	2204.95	1178.43	-498.081	
-3223.68	-2179.57	1754.37	6213.85	8993.68	9644.74	8189.53	5741.28	5137.32	5592.04	5933.64	6385.05	6641.91	5746	2608.92	
-3491.42	-1573.26	697.695	3175.27	4223.91	3882.19	2642.45	2752.38	3303.46	3307.03	2975.83	3027.75	3651.18	4432	6213.62	
-964.377	-484.983	-817.296	-1794.08	-2104.36	-1689.05	-449.626	1460.33	2315.9	2880.29	4348.5	7106.12	9061.66	8154.97	4013.1	
-4075.27	-3692.49	-2998.42	-2387.59	-827.792	1658.88	3147.29	3237.62	3845.87	4669.21	4880.53	3799.67	2349.22	1846.14	3241.2	
-2979.36	28.945	1748.52	5548.5	10626	14310.2	15576.9	15410.6	14314.9	11781.6	8924.03	7295.65	7623.8	8168.27	9257.95	
834.263	2110.17	3804.67	4356.55	2023.99	-1122.21	-1014.35	1943.66	3062.24	3489.36	4030.04	4562.85	4373.78	3428.56	1326.45	
-994.138	787.384	711.387	-320.422	-496.303	462.134	1349	1638.86	1697.09	1307.04	612.185	616.147	1716.34	2591.1	3010.18	
-203.393	-2218.92	-1389.72	2456.48	7389.13	11158.6	12254	9333.46	5693.79	4380.68	6821.94	10528	11143.6	7624.79	-1717.72	
-5892.33	-4149.58	-2064.58	1234.08	4539.03	5970.21	4874.83	3414.38	3341.18	4005	4770.7	5477.12	6111.61	6412.65	7020.46	
-1068.24	2809.1	5758.36	7148.29	6127.68	6550.81	10031.6	13052.7	14328.2	14145.3	13252.8	11331.8	8646.5	6605.96	5339.23	
-1286.6	298.407	2003.16	3689.95	4917.74	5397.68	5339.14	5465.18	5010.91	4853.87	4999.27	4272.33	1935.96	-53.9607	-220.293	
-9979.4	-2180.63	3925.92	7844.67	12061.8	15708.9	14697.3	11235.7	9739.92	9404.64	9203.32	8967.72	9076.6	10026.3	11057.8	
1037.53	51.8681	-1129.64	-749.132	2056.59	6519.59	10186.7	10122	8022.49	6061.52	4935.64	4380.16	3919.15	3043.5	1228.84	
-6880.23	-1590.39	1452.38	3049.56	5670.41	8099.59	8184.64	8411.45	9008.66	9089.21	8821.95	9175.39	10183.6	10934	12125	
-985.28	-714.859	251.079	1147.04	1632.23	1496.85	-1130.53	-292.063	3170.47	6577.55	8773.61	9009.73	7319.56	4776.54	949.696	
-256.853	396.16	588.094	950.086	1213.76	2269.25	3827.81	4391.11	4257.35	3501.85	2054.29	746.268	430.81	414.465	1162.78	
1967	3423.28	3563.08	3693.09	4645.73	5377.3	4991.57	5663.04	6381.19	6197.4	5132.56	3279.21	1696.78	1327.87	638.927	
-71.1031	715.441	748.842	731.953	1186.72	1789.45	1431.87	1673.77	1917.18	1751.85	1624.46	1863.73	2409.05	2663.98	1852.92	
-4546.51	-2149.44	-151.876	1451.45	2413.01	2743.85	2390.69	1279.11	1143.35	2095.31	3232.22	4035.89	4560.73	4822.36	5583.33	
-2484.75	-1880.6	-569.692	1047.65	2240.49	2462.46	2008.53	3084.47	2900.33	1675.67	19.9132	-855.439	-178.336	913.491	2149.5	
-4658.4	-1597.98	-900.871	-2044.08	-4015.12	-3791.08	774.163	6745.01	9406.05	9467.37	8616.45	8182.15	8526.54	8495.66	7612.34	
655.655	644.843	2375.57	4027.15	3824.13	1884.83	391.1	2877.49	6485.04	8848.96	9299.14	8633.59	7653.92	5653.94	893.81	
-6685.29	-4130.57	-1664.09	-270.8	17.6186	-778.127	-2027.44	1771.04	4628.46	5841.76	6088.13	5644.55	5354.49	5747.7	8599.34	
1617.65	2650.71	2262.57	1574.5	2568.92	4401.06	4719.67	4231.94	3670.5	3253.3	3269.29	3385.62	3088.04	2280.13	826.063	
-3343.82	-3164.71	-3003.46	-1804.15	748.316	3486.76	5047.07	5654.71	4898.85	4360.7	4114.45	3869.28	3731.57	3734.93	3564.82	
-621.426	1591.53	2300.61	1621.8	302.369	-945.724	-392.632	4420.51	7559.58	8835.34	8288.23	7001.12	6256.87	5116.56	4980.26	
-5061.52	-2053.76	580.673	1939.19	2284.57	4766.47	7792.27	6893.33	6982.03	7656.7	8391.06	8980.56	9367.3	9276.95	7427.9	
-663.425	2473	3324.5	3633.86	4433.56	4052.73	2073.27	3132.34	5203.81	6918.81	7816.13	7748.58	7129.13	5988.82	5733.34	
-4668.82	-2882.44	-1602.55	-525.265	-105.585	979.573	3577.67	5405.96	6360.63	6485.27	5927.25	5455.35	5689.57	5788.78	5939.92	
-2749.93	-1645.73	203.301	1520.83	2148.41	4441.25	6861.05	5600.32	3848.2	3956.1	5394	5333.36	2574.34	146.835	1047.57	
-1095.81	-144.455	572.3	1321.36	2468.15	3616.83	4204.92	6603.74	7552.01	7246.48	7074.12	7454.32	7260.51	5859.36	2963.56	
-3566.75	-2751.98	-46.3451	1717.18	1500.1	85.3812	-702.008	2519.17	5445.99	8206.8	10756.1	11508	9513.49	6405.16	1037.41	
-5482.95	-4530.84	-1067.26	1185.48	875.789	687.372	4001.49	11890.8	13435.4	10138	5638.66	2994.22	2256.45	2585.13	972.759	
2576.03	558.693	-562.636	-8.89979	2396.49	4719.4	5406.76	5269.97	4960.01	5722.13	7279.85	7902.97	5784.57	1771.3	-3395.84	
-3317.19	-3024.3	1679.63	7446	8328.38	6737.24	5033.77	3388.36	4228.65	5089.43	4585.38	3111.97	1727.13	416.2	776.074	
-2875.55	-3693.14	-4489.1	-3758.05	-1450.02	444.584	213.013	-1591.34	-260.346	1552.96	2561.35	2960.44	3048.71	2504.25	1728.02	
-3313	-2671.54	-2642.09	-2435.48	-1175.8	245.757	1825.53	3963.18	4514.81	4554.25	4420.72	4443.86	5140.07	5495.3	5469.92	
-3812.37	-5887.48	-6049.11	-3201.48	183.525	2005.73	3098.15	3899.25	3402	2250.7	1364.17	1174.96	1361.02	1357.78	2098.44	
-1473.67	341.569	1104.87	453.786	-166.267	1228.86	4290.41	4734.87	3416.75	2367.94	2130.25	2230.71	2451.62	2864.32	2171.89	
-3983.63	-1695.18	190.506	1506.82	1902.12	1805.71	1857.64	5097.31	6376.96	5629.92	4394.94	3851.17	4031.82	4139.1	4725.99	
-1019.09	-3930.91	-4557.58	-3181.58	-616.272	2840.56	6087.75	7709.7	8154.71	7360.65	6132.52	4717.64	2252.16	-291.216	-2770.88	
78.6786	-252.979	-452.496	-430.898	-27.0574	471.265	815.387	626.717	-146.699	-713.941	-731.983	-324.304	-110.727	-317.273	-445.854	
2653.59	3133.34	2806.27	2749.65	3565.22	4881.02	5557.6	5697.22	5190.91	5089.29	5728.52	6550.11	6291.66	4278.19	675.143	
-1241.1	-964.182	-1654.25	-1499.23	41.1352	1246.93	1136.34	1466.18	2738.25	4205.43	5005.04	4411.26	2365.11	251.238	2252.92	
4907.44	4845.91	3102.23	1110.21	793.77	1856.7	3835.82	5146.39	5700.58	6121.19	6540.01	6584.3	5402.33	3006.78	-1878.44	
-2720.96	-1765.52	-2040.97	-1068.66	2451.37	6706.59	10042.8	8562.44	6600.25	6002.13	5881.87	5986.67	6255.4	6215.52	6409.3	
2045.88	3948.07	5870.33	5757.06	4648.64	4029.67	4862.44	5077.77	4912.45	3648.27	658.819	-2825.06	-4873.02	-4623.69	-3523.36	
-1039.82	327.852	1848.84	2835.45	3037.49	2186.3	907.035	1321.69	2919.83	4245.88	4983.22	5392.33	5400.06	4714.47	1817.29	
-3797.16	-3197.96	-2092.42	-209.464	2055.99	3528.56	3488.66	3761.79	4338.97	4197.76	3373.02	3019.13	4187.01	5749.58	5794.66	
-4118.14	-4749.95	-3341.68	-1387.22	-301.785	-32.1954	-874.547	-1752.53	-1561.47	-1201.43	-661.06	442.947	1925.39	2896.05	852.622	
-598.252	-322.183	-157.331	-311.922	-685.308	-906.589	-589.014	-216.325	-196.641	-260.409	-183.454	109.622	464.581	709.684	732.869	
-6113.35	-5641.85	-2098.78	3445.9	8138.3	11251.9	12709.8	14014	12330.4	10136.1	8653.28	8080.86	7696.88	7092.25	5471.68	
-2412.49	165.465	133.995	-339.834	1196.85	3697.2	6029	7339.2	7480.72	9262.64	11950.2	12986.8	10777.6	7305.92	6167.3	
-650.776	-2630.3	-2384.91	1048.87	5340.36	8591.21	10209.2	9135.57	9284.36	9720.97	9116.66	6614.34	3072.21	188.415	-1857.23	
-4363.28	-646.648	2210.39	3279.42	2891.38	2166.26	1321.48	2465.8	2504.86	2194.82	2639.09	3622.33	4274.81	4715.76	5333.23	
-5861.25	-3895.68	-1617.77	-159.535	1883.23	5006.48	7734.12	6199.07	3172.42	1524.8	2351.86	4693.88	6250.81	6293.39	7125.76	
-995.042	-920.421	371.156	2054.32	2831.67	2127.42	-286.07	-39.1386	912.092	2394.68	4457.6	5924.13	5302.75	2990.13	237.456	
2436.72	3481.32	4010.82	3906.41	4238.73	4252.96	1244.49	1853.19	3920.29	5843.53	7273.22	7196.99	5219.22	2493.05	-798.249	
-5046	-866.162	671.27	858.232	1619.54	2611.54	3918.52	8353.79	9756.08	9027.5	8075.86	7571.03	7689.22	8192.92	9917.29	
916.53	2207.38	6064.19	10179.1	11927.5	10796.7	8085.64	7144.23	7170.28	7814.04	7680.2	5495.28	2207.32	-66.3159	-1448.25	
-6094.13	-2199.01	794.369	3736.83	6024.62	7918.93	9101.54	8716.19	7801.28	7474.78	8784.75	10896.5	11857.5	11236	10964.9	
1864.87	2353.72	900.386	352.15	3870.78	9423.36	12862.7	10089.8	8431.45	8564.33	9539.39	9311.78	7058.67	4580.89	1774.41	
49.7844	-1657.2	-1106.89	873.237	2354.76	3301.99	3986.13	3396.99	2162.4	360.732	-902.777	-1007.73	-801.67	-1004.8	-2727.59	
-4948.8	-3097.35	-2336.28	-1066.91	1223.81	3722.81	5417.25	6475.71	7316.52	8056.07	8443.28	8161.26	7562.77	6924.71	7434.45	
5446.86	5286.17	4663.15	3575.9	4879.41	8580.44	12348.3	12923.8	14176.9	14737.3	13308	10352.2	7418.22	4269.14	-2769.83	
-6195.38	-2026.49	1324.32	3670.14	4117.64	4163.74	3456.71	5862.51	6852.24	6893.99	6911.99	6924.74	6662.7	6785.57	10157.9	
-5953.89	-5778.34	-3870.88	-893.616	2040.01	5368.92	9908.01	13454.5	14474.2	13915.2	11624.3	8443.98	5886.07	4227.21	4278.48	
568.009	716.054	478.641	1979.42	5179.27	9409.67	14162.9	12289.6	9976.46	8332.07	6862	5766.52	5511.83	5007.66	1210.35	
-7836.74	-3730.6	-998.031	1190.48	3138.47	4255.17	4210.25	5743.32	6794.55	6892.78	6978.09	8009.38	9583.41	10039.8	11643.4	
1101.05	1224.61	-280.588	-1288.38	-1127.78	-28.5858	2334.45	4237	5084.61	4727.74	3600.77	2169.93	636.658	-314.443	771.657	
6408.02	6041.79	4220.19	2655.82	2757.79	3535.66	4255.61	5004.51	6654.83	8027.73	7925.87	6264.74	4291.98	1926.54	-2816.75	
277.397	-1313.87	-883.781	616.546	2119.35	2099.47	-247.953	-484.023	796.742	1692.41	1660.25	388.066	-1175.06	-1447.89	-2929.33	
762.354	1236.42	2745.76	4091.85	4833.88	6036.64	8454.21	8451.18	8119.68	7641.06	6569.21	4498.63	1671.59	-364.221	-848.305	
-6266.91	-6687.27	-6211.94	-4457.85	-1045.27	2586.75	4933.65	6875.58	8200.24	8225.79	6927.92	4452.84	2709.14	3317.96	5023.46	
-620.234	655.468	1905.98	2368.81	2673.83	4310.45	7054.02	7772.08	7297.92	6007.09	4193.28	2475.72	900.303	194.796	521.489	
-2689.27	-892.311	824.753	2133.1	2866.75	4086.05	5185.29	5629.66	6422.5	6504.65	5365.86	3150.25	1597.45	1987.19	5845.27	
-2153.75	-331.88	1597.68	3010.13	3656	3528.33	2852.74	3439.96	5222.92	6497.98	5751.5	3608.46	1917.9	1512.65	2244.69	
-4132.86	-2959.03	-2600.5	-1952.48	-1404.33	-2562.84	-4645.48	-609.368	3761.43	6103.84	7431.3	8565.5	9088.7	8063.11	7027.74	
1294.78	-29.7779	-1235.04	-1228.8	1043.44	4785.35	6262.45	4807.55	4971.77	5857.06	5805.9	4612.34	3328.56	1793.57	-2477.95	
-5611.79	-3651.91	-1519.62	1373.65	4457.86	8803.8	13242	12875.4	10550.6	8548.97	6802.77	5218.59	4629.53	4661.13	6472.64	
9926.9	6798.24	4075.61	2913.73	3341.02	3884.49	3834.02	3371.44	3583.78	4405.38	5252.8	4589.06	1086.47	-4258.73	-9326.48	
-10573.4	-10928.5	-11675	-8684.86	-2942.91	1781.25	3274.69	5337.66	8500.52	10547	11064.8	11089.9	10982.9	9824.12	12020.6	
-4732.9	-2771.02	-399.174	2267.4	3442.03	4247.54	4490.24	2639.54	2015.91	3417.18	5259.35	5532.14	4509.95	3658.17	6845.34	
947.562	2012.87	3639.83	2974.42	1546.73	1648.95	1968.03	2662.64	3680.55	4007.38	4571.26	5309.99	5021.36	3743.16	-1862.28	
-6862.89	-5354.42	-3404.82	-1696.07	-871.115	-334.919	59.7493	3095.85	5464.5	6072.25	5577.31	4719.69	4241.35	4546	5461.44	
1506.22	3667.95	5105.34	5471.09	5618.11	5936.58	5973.75	6127.94	5462.81	4764.71	4430.08	4212.52	3780.75	3087.47	1508.48	
790.683	1273.94	1261.15	366.903	-655.691	-1141.37	659.95	2732.61	3486.08	4405.53	4995.29	4169.86	2231.35	507.326	-998.028	
-4279.37	-3697.27	-2802.56	-1446.18	321.495	2687.89	4924.68	6168.34	7164.79	7890.71	7942.59	6863.99	5216.46	3993.76	6377.99	
-4354.76	-1651.65	-312.544	1107.84	4168.85	8201.17	9991.01	8115.5	6228.52	5338.93	5264.47	4868.34	4852.4	5947.44	8171.64	
-968.723	3142.61	5402.62	6615.5	9043.45	12721.7	13242.5	8543.67	6080.6	6547.86	7532.71	6538.83	4276.08	2502.06	3499.02	
-866.777	285.834	1308.95	1278.97	379.532	283.419	1045.84	1890.47	1924.82	1897.22	2956.47	3720.1	2469.02	1113.38	1657.1	
-1385.06	1294.59	2217.01	3731.35	6025.37	6088.95	3643.35	3496.03	3891.12	4676.58	5701.8	6674.24	8039.36	8625.37	8172.42	
4073.4	-664.878	-3348.46	-3075.33	-1932.91	-2368.4	-4446.25	-794.491	2381.55	3738.84	4057.07	3386.89	1121.49	-2167.43	-5526.77	
-2313.38	-2102.88	-2158.13	-489.464	1357.55	760.143	-467.765	3161.21	5951.02	6871.54	6566.93	5977.77	5415.11	4388.49	3434.73	
-1318.4	1867.01	4272.66	6194.11	7094.01	8663.52	9208.65	5725.1	4541.95	5623.42	7475.89	8429.52	7870.8	6282.1	5363	
-1059.29	-2432.21	-3185.14	-2141.24	-45.001	1709.15	2079.75	1999.72	2892.34	3992.37	4289.46	3072.05	637.277	-1168.63	-87.1123	
896.761	293.218	202.343	1131.44	1780.21	1813.54	1743.3	2246.32	2186.99	2022.35	2629.08	3913.17	4615.26	3501.75	-199.375	
-6518.59	-3029.83	-106.091	2001.31	3264.76	4550.9	5220.17	4046.76	2999.46	2557.55	3412.37	4712.79	4547.71	3906.41	7295.99	
-5470.54	-1706.92	2707.09	5750.3	6536.77	7439.88	7964.74	6202.67	5813.88	6258.13	6578.38	7251.22	8919.51	10279.8	8458.64	
-1482.75	-1786.19	-1655.83	-1674.92	-1138.95	1822.82	6216.42	8083.17	9391.11	10088.8	9458.85	7960.74	6671.36	5296.56	2159.75	
-3659.94	-3502.4	-1590.22	993.135	2146.33	1196.25	-2159	-1976.74	-62.8216	2003.13	3525.75	3761.59	2680.7	1387.63	2571.33	
191.212	-856.344	-1027.33	1853.76	6767.55	10152.6	11303.2	11731	11586.8	12228.2	12646.9	11239.5	8140.15	4482.12	1014.66	
-1717.32	783.591	3650.6	5710.96	6979.9	8647.65	9612.35	8495.72	6745.01	4612.97	2421.95	684.846	-204.666	-83.208	298.777	
-1225.06	410.56	2548.42	4095.91	5754.97	8487.78	11104.4	10976.5	10751.9	11092.1	11346.7	10658	8235.22	5114.03	2255.45	
-5747.65	-1308.27	3376.73	5576.22	5093.23	3595.46	2861.22	1883.23	2160.09	4103.23	6992.25	9306.75	9761	9100.68	7832.78	
2406.07	6185.34	8119.38	9216.25	8869.98	8988.61	9247.25	10146	10348.3	9620.35	8326.56	7445.63	7431.62	6506.82	5084.87	
-1222.96	2357.14	3350.36	3520.13	4793.74	6367.64	6906.29	3880.53	1023.95	-491.836	-400.899	1535.87	4256.58	5488.12	8730.15	
2294.34	5107.84	6583.38	5287.57	3606.49	3866.3	5306.82	5125.37	5337.7	4678.81	3107.31	2044.81	1947.91	1627.04	-536.091	
-6396.33	-6160.55	-6171.89	-4941.2	-1732.21	365.479	186.326	2695.43	5429.02	7127.83	7207.03	6931.89	8024.25	9226.15	7401.12	
-4908.05	-3341.95	-1137.45	1065.71	2277.23	2845.04	3547.48	5725.47	6205.01	4917.68	3774.84	3702.72	3637.44	3368.46	5616.22	
-2429.46	3903.75	6252.37	5400.7	4851.83	6244.57	8185.32	6820.93	6987.01	7926.86	8412.14	8476.73	8810.3	8995.2	10355.4	
-4094.31	-1145.2	1538.44	4110.58	5988.56	7146.36	7066.49	7394.63	7881.49	8287.88	8765.04	8926.79	7668.06	5417.14	5746.02	
-3326.01	-2066.87	354.557	1216.57	502.908	1106.1	2706.5	2895.06	3500.31	5456.66	7061.05	6566.89	5160.82	4450.61	2344.2	
-1794.59	-4054.32	-5522.54	-5527.19	-2408.08	2972.75	7032.61	5861.09	4481.01	4093.91	3613.71	1319.07	-1440.92	-1440.64	128.421	
-2083.9	-2588.13	-2538.85	-1275.94	793.562	2688.18	3611.33	3100.83	2408.44	2395.91	3221.66	4086.88	3918.65	3039.72	2519.24	
7417.05	6491.95	6572.64	5963.73	3848.84	3068.57	5392.85	9375.81	10032.3	9493.12	9476.36	9444.06	7094.18	1836.94	-6589.51	
-4882.65	-5014.51	-3765.39	-3390.62	-3821.47	-3884.63	-2902.36	107.796	2614.89	3693.24	3576.58	2789.44	2229.54	2572.92	2044.21	
-7705.85	-2950.83	1806.48	3574.99	2005.91	564.653	-301.994	1740.25	4359.44	4922.7	2923.38	1068.84	2673.41	6273.98	7878.1	
2543.14	-960.088	-2845.77	-3687.8	-3023.24	-830.951	3142.9	5844.1	5366.8	2482.37	-1441.51	-4268.02	-4900.77	-4490.21	-6309.48	
-2619.83	-3712.44	-4560.81	-2505.38	1347.01	4992.16	8227.8	7724.97	6200.41	5358.18	5372.23	5530.36	5165.99	4189.36	2693.35	
-994.606	-2378.75	-2546.33	-1315.26	-276.277	-1408.43	-2601.06	163.801	1835.79	2284.35	2392.25	2425.51	1916.52	457.714	-140.686	
-456.214	1051.52	1367.57	1586.91	1692.03	464.191	-1206.54	1570.95	3255.83	3386.89	2107.51	819.895	1075.9	1776.83	3785.98	
-262.398	2303.33	3273.06	2299.32	1531.87	2311.84	4097.8	3976.35	2776.2	889.214	-329.108	647.414	2913.44	3994.26	3371.07	
1585.43	491.046	-189.211	-164.837	358.541	207.835	1434.65	2422.51	1720.55	2601.3	4835.21	5878.14	4767.99	2799.72	-2495	
-3888.37	-1973.54	-679.464	-588.425	-1092.74	-1214.46	-482.412	819.74	1476.24	1820.33	1649.09	1322.25	2022.07	3530.31	6760.79	
-2545.69	-454.265	159.157	-472.544	-164.86	1323.88	3370.31	2368.94	590.797	26.2741	852.174	2887.4	5273.43	6403.05	4669.72	
3059.37	2494.95	2432.47	3024.96	4922.05	7108.86	8796.12	7829.44	5043.62	2469.04	790.836	444.073	1212.33	1393.8	-3493.39	
-4025.65	-4752.37	-3279.46	-955.851	546.448	1691.76	2627.35	3519.95	3740.68	3638.34	3809.51	3717.16	2476.36	838.256	1854.71	
-2256.28	-2068.55	194.92	2123.68	2672.27	2115.88	49.1566	425.45	1712.71	1854.71	1495.95	1564.2	1183.16	206.23	-178.775	
-4482.02	-2469.93	-1159.37	-1440.01	-903.284	1733.54	6503.41	8478.28	6648.61	4536.92	3837.5	4439.8	4962.95	5355.06	5282.97	
1540.22	3555.97	4047.5	3473.68	3881.64	4919.4	5466.77	5955.63	4647.67	2751.17	1583.86	1695.71	2198.85	2180.56	363.956	
1065.19	4607.88	6898.68	7563.25	8156.2	9251.64	10393.6	12030.8	11789.2	10360.7	8019.48	5364.19	3603.19	2531.2	-314.048	
-1765.45	-176.471	2197.93	3910.61	4401.03	4668.21	5573.08	5980.45	5237.6	5109.06	5558.92	5731.01	4463.79	2671.09	1200.42	
-1069.52	2359.77	5537.65	7516.74	6866.54	4653.95	2468.19	1285.74	536.641	365.169	353.018	125.298	225.526	952.878	3993.47	
-1668.64	-1929.59	-1354.16	215.836	3036.78	5857.01	6971.14	5146.02	3286.04	1535.03	511.134	565.139	1261.34	2099.92	739.822	
-6312.99	-5303.36	-4308.47	-2204.76	1244.08	3204.66	3110.4	4568.31	3973.33	2137.83	1187.71	2007.88	3190.92	4060.91	6190.45	
780.951	56.5858	-811.145	-1031.32	-401.729	835.26	2470.01	3692.96	2465.99	884.344	728.004	1251.07	431.523	-1006.61	663.783	
-104.3	-2495.14	-1574.92	899.495	3013.69	5103.06	6862.05	7523.18	7304.05	7369.53	7274.27	5295.12	996.964	-3000.26	-6432.48	
-1750.83	-2034.18	-996.255	1688.62	5278.16	7618.47	5640.57	3854.75	2857.09	2806.2	3052.59	3103.14	3486.23	3807.67	1778.17	
-6197.42	-3873.79	-1505.15	-543.792	-717.491	-269.639	637.508	1653.97	2162.01	2525.23	2408.76	2210.67	2986	4738.49	6860.3	
4821.45	3033.51	2772.67	4527.72	6380.29	6566.69	3727.67	1370.69	2086.95	4722.26	7669.35	8790.19	6518.9	1635.64	-3483.47	
-4059	-2870.32	-1886.85	-2111.52	-2150.69	-2106	-2463.77	63.5665	4536.42	9481.8	13256.3	13946.7	11557.9	7843.31	3266.32	
1280.91	-2096.02	-3555.61	-3184.26	-1164.98	1230.74	2572.62	1472.39	-446.269	-855.667	247.866	1713.54	1777.14	-35.8815	-3360.24	
-779.585	1172.35	2565.32	4094.81	5000.38	5740.88	6029.87	4910.77	4489	4365.92	3621.31	2197.69	1703.68	2592.44	4708.64	
49.8119	-79.7659	-604.763	141.723	2341.21	4114.86	3804.34	3952.98	4437.86	4159.99	3343.54	2833.54	3083.63	2851.78	2125.17	
1912	2667.62	1920.68	1263.6	1448.74	2014.61	3215.82	6648.46	8501.97	8875.4	8700.31	8604.88	8560.32	7055.78	2208.12	
1901.69	1356.85	1400.69	1902.64	3027.99	4215.42	3568.67	3325	4005.31	4232.87	2783.11	-355.695	-2922.27	-3674.21	-2568.24	
58.1115	-369.626	-838.584	-330.951	1774.72	4452.04	5524.27	5809.86	5610.39	4716.45	3465.48	2642.43	2269.08	1765.68	1564.59	
-3127.3	-1609.27	475.071	1086.92	509.949	-176.545	-594.856	412.797	-71.5487	-1998.92	-2954.66	-1427.44	1251.52	3421.67	2810.75	
428.91	1807.46	2785.91	4287.81	4915.84	3060.98	-908.197	294.611	2459.35	3612.5	2581.05	-139.003	-1778.85	-1469.15	2754.33	
-3358.25	-1018.55	529.79	1835.92	3067.73	3705.31	3607.16	5765.07	6349.37	5971.87	5317.69	4736.48	4994.6	5457.19	5641.1	
-2176.29	-3037.26	-3318.84	-2611.62	-2213.97	-3496.58	-5174.51	-3353.98	-304.349	2805.95	4726.66	4484.75	2856.9	1362.41	709.873	
-11111.3	-6112.07	-1544.84	1752.51	3881.18	6676.58	10198.2	9575.91	7964.93	7300.1	7923.35	9109.63	10215.2	11478.4	14080.5	
453.178	-105.995	-13.1597	210.054	700.628	1420.74	1649.23	2506.36	2492.58	1048.27	-960.685	-2055.41	-1556.28	-737.796	-995.633	
2453.33	1571.19	1522.98	2009.02	2279.5	2025.75	1095.79	1286.98	1889.05	2437.45	2710.98	2811.55	3043.22	2402.61	-1287.81	
-3162.69	-3249.75	-1064.35	1110.85	2380.1	3551.09	3490	2645.61	1954.51	1717.83	2497.96	3568.47	2808.49	816.604	-13.6748	
-6708.13	-3887	-1963.82	-592.998	-131.896	589.586	1455.17	315.023	-983.993	-1980.23	-2213.13	-644.578	2582.45	5474.56	9226.74	
-5116.58	-4813.47	-2411.08	1179.86	3349.78	4475.62	5307.13	5565.98	5481.51	6326.17	7450.65	7249.2	5284.1	3441.09	3411.8	
-1054.55	-314.786	1024.96	1875.54	2288.14	2523.64	2712.97	2055.41	590.687	-218.883	649.91	2397.65	2685.96	2174.84	1035.37	
2407.35	5045.54	7067.47	7643.45	7136.52	7202.68	9913.03	12386.2	12209.1	10503.2	8110.57	5967.71	4503.13	3051.37	-1281.6	
1572.57	-529.112	-1908.37	-2050.04	-138.161	3299.86	6692.63	7288.8	6345.19	5654.84	5994.13	6050.39	3741.34	-356.654	-2844.53	
-9430.38	-6392.03	-2474.94	1435.35	6609.68	12370.3	16272.6	15413.3	12906.2	11115.2	10244.5	9814.51	9630.09	10349.3	8865.44	
-45.3005	-397.081	2576.88	6016.99	8858.66	11073.6	10530.9	9876.33	10244	10751.6	10652.9	9592.89	7261.04	3903.31	-1814.4	
7562.66	3768.16	2304.33	1233.39	615.959	1696.58	4614.82	6622.57	7019.63	6842.87	5773.25	3369.19	308.185	-2756.02	-11358.3	
-2626.1	-2529.34	-2339.29	-1953.73	-213.762	3946.87	9697.01	11841.4	11006.7	10583	11241.2	11294.7	9481.63	6526.83	2041.87	
327.522	451.143	581.253	1411.6	3174.92	5237	6620.05	5900.02	4608.75	3541.44	3075.77	3147.12	2900.4	1842.97	-684.184	
-5401.76	-7912.72	-3995.75	-107.076	910.581	1946.28	5717.2	8887.61	8562.94	6982.46	4939.47	2598.62	192.287	-887.969	-4370.01	
3314.38	3111.24	3101.21	4293.13	5143.72	5067.19	4757.79	4873.7	4563.13	3355.65	1443.56	170.71	515.408	620.64	-2577.61	
111.585	3168.04	5381.66	7215.52	7211.6	6429.89	6656.09	7674.86	6475.52	3958.35	1400.16	871.877	2380.99	3224.19	3157.55	
-1222.68	-1470.99	-463.07	816.429	2067.89	4368.29	6127.66	7585.8	7777.55	6980.57	6742.49	7151.87	6444.31	4004.82	-431.521	
-6242.48	-2406.37	-286.614	292.902	-815.602	-2723.18	-3648.01	-907.41	1327.66	2997.56	4061.71	4262.02	3784.04	3657.4	9899.28	
4154.04	1969.67	1901.47	2412.77	1973	1066.1	960.279	4538.19	5209.8	4554.47	4263.14	4372.17	3324.21	232.361	-6057.96	
-950.533	-1220.55	-73.6396	-310.352	-1904.44	-3516.59	-1594.82	2566.42	4811.62	4770.27	3887.9	3154.57	2034.1	973.684	-1895.34	
1004.07	1937.29	3433.26	4891.29	5125.68	4540.34	3581.78	1214.27	1477.43	2999.82	4435.94	5383.52	5673.13	3912.21	-280.846	
-3778.92	-3307.35	-2999.85	-1551.92	758.559	2590.53	2913.44	3079.15	4140.46	4988.29	5730.08	6655	6910.71	5682.19	5438.15	
-3497.75	-459.856	1234.63	546.634	-1434.35	-2452.83	-354.94	3947.96	6001.57	6051.73	4987.88	3787.44	3777.44	4925.39	5914.51	
-3099.96	-1979.31	-891.615	-15.9581	953.836	1757.67	2502.15	2903.05	3152.18	3697.57	3868.49	3735.43	3564.92	3259.94	3798.64	
2740.79	2813.94	2756.26	3885.8	4666.05	3471.14	645.387	2248.54	4319.7	5784.13	7423.09	8668.54	8212.92	5691.25	-30.5006	
-4545.13	-3942.79	-3718.39	-1566.02	2188.4	4425.91	3155.26	3513.95	4985.12	7859.64	11358.2	12943.3	11480.8	8506.82	5657.77	
433.918	241.987	983.818	2236.96	4582.94	6823.76	5898.45	3520.37	1628.03	625.613	673.613	1444.65	2276.45	2178.14	-286.734	
-3917.1	-4020.52	-1776.3	-1353.23	-1938.97	-1182.86	1453.65	3607	5252.86	6077.03	5624.16	3266.88	279.67	-555.459	-1721.13	
-410.377	-900.984	-711.294	237.248	1301.18	2432.06	3030.48	3972.34	4561.84	4694.83	4487.95	3932.32	3497.28	2920.94	1006.9	
-176.472	-168.837	-26.4363	390.857	694.874	636.169	288.656	-105.012	-419.047	-703.39	-889.531	-830.138	-500.508	-133.505	644.374	
-10252.8	-6357.08	-1564.07	4586.46	8860.67	11617.6	13016.1	11184.2	8922	6785.3	5080.42	4665.79	5628.3	7267.3	13007.1	
-3214.05	-1401.2	1617.2	4335.11	5722.55	6893.25	8876.31	9669.98	9890.21	11151.2	12756.2	12483.5	9251.13	5506	4844.95	
-2263.11	-1386.87	-1355.8	-1929.63	-1738.02	-240.622	1498.48	1913.77	2080.39	2613.21	3432.43	3938.59	4132.17	4448.37	2788.4	
-4661.98	-1838.29	372.064	3028.26	5109.8	5602.03	6180.27	6674.27	7480.04	8183.68	8045.51	7495.49	7156.12	6636.42	7625.26	
-1927.79	-1415.95	-553.731	-1691.14	-3674.65	-3672.8	-336.407	4408.37	6317.15	6784.62	7324.36	7962.72	7315.22	5376.48	822.475	
1540.38	2564.59	3432.73	4860.62	5599.42	5908.02	5537.6	8071.87	10235.4	10540.7	7981.34	3506.85	954.02	316.254	-739.339	
-4543.34	-2518.8	1553.01	5760.2	5897.91	4037.94	4050	7653.19	8540.35	8465.97	8316.55	8068.55	6930	4904.51	4379.76	
-4807.43	-4812.42	-5013.89	-3624.13	-293.643	2843.98	2523.52	174.604	-705.046	738.892	3405.75	5384.09	5615.79	4833.59	5166.36	
-4294.38	-1919.25	-428.512	555.074	1388.69	2002.62	2373.82	3518.85	2940.52	1808.74	1118.47	1337.87	2268.51	3491.97	6366.45	
-2945.54	822.846	3709.33	4730.54	4172.38	5306.75	9222.99	8480.78	6718.58	4827.87	3293.2	3057.55	3859.57	4537.99	6127.09	
-3831.64	-2842.13	-2316.95	-1072.18	671.236	1584.66	1326.33	2891.89	3405.61	3860.17	4950.18	6144.17	6750.44	6440.37	6600.87	
4209.51	3870.98	3118.01	2078.96	1658.49	2433.25	3708.61	4954.78	4265.42	2773.83	1834.89	1671.98	1533.92	533.536	-1830.36	
-54.8909	1114.53	960.048	-428.789	-1158.93	-700.927	351.128	2435.59	4752.08	6148.21	7129.16	8378.97	9056.46	7723.57	2962.28	
-1866.71	-511.665	596.034	1252.71	932.254	322.314	207.558	1414.37	2760.42	3992.32	4691.32	4321.27	3289.03	2405.08	3609.48	
-6568.4	-4148.97	-1620.06	789.6	1459.82	1484.66	893.841	1292.73	3564.64	5197.11	5729.09	6009.8	6583.16	6185.43	6889.62	
-4501.53	-1793.07	-681.357	-624.037	-656.838	-696.804	409.865	5621.78	8939.24	8757.84	6021.28	3249.42	3036.57	5141.8	6463.47	
-940.175	1567.3	2300.77	938.624	-192.735	493.315	3717.34	4084.12	1830.12	-933.671	-2644.6	-1779.52	1573.63	4503.2	2928.49	
-2871.28	-2172.12	-19.7583	3405.64	6567.37	5938.06	2075.37	1311.78	2064.58	3600.51	5294.58	7396.49	9521.14	9124.46	3511.57	
-4506.52	651.792	3914.87	5085.59	6828.61	8551.44	8479.89	7393.3	7631.94	7117.28	6276.46	7266.7	9566.61	10476.8	9379.28	
-2317.95	-822.348	352.758	1578.28	3249.84	3747.22	1962.4	-245.458	-284.465	1460.58	3884.43	5210.65	5087.99	4706.18	3431.58	
1599.31	2495.07	2021.95	-399.87	-2365.88	-2551.94	218.084	4545.87	5741.09	6090.5	6662.93	7696.61	8006.9	6347.73	1154.34	
-3064.05	129.007	2146.46	3168.49	4522.22	6193.57	7082.15	6244.57	4514.18	2848.18	1722.98	1782.26	3596.89	5894.97	5815.8	
2487.26	1949.75	2694.32	3664.68	4949.29	6323.15	8390.61	9527.74	11081.4	12057.1	10992.6	8487.49	6121.21	3450.4	-1338.02	
-3155.79	-1669.45	-188.07	1199.7	1908.83	1929.52	1616.73	2745.68	3384.96	3670.82	3963.61	4254.9	4123.61	3674.74	3361.3	
4111.42	-119.928	-2645.18	-1341.41	1457.77	2617.09	1037	925.388	259.741	-23.6095	783.805	1528.31	321.662	-2581.88	-3881.37	
1001.19	484.851	893.341	1284.21	2086.04	2679.49	2996.7	4126.01	4338.54	4791.64	5342.11	4623.22	2185.49	-247.074	-1740.2	
-7702.26	-4833.36	-796.419	3286.32	6915.56	10014.7	11322.7	9624.67	7209.23	5839.61	5638.87	5737.26	5813.46	6414.29	7310.54	
-1048.78	-1193.38	587.303	2944.91	4231.19	4727.61	3763.99	4115.32	4702.79	5077.9	4650.6	3075.36	1695.96	1445.77	184.616	
-7639.97	-7540.4	-6763.35	-4213.03	-203.573	4418.12	9984.28	11416.9	9711.16	7654.54	5913.28	5220.25	4778.62	3782.16	5335.99	
-2656.26	-358.088	1777.51	2431.79	2764.31	3733.35	3969.35	3794.15	2872.92	2807.33	4103.31	5123.47	4433.13	3705.84	3505.69	
-7444.21	-7302.99	-2404.52	2625.36	5084.01	6153.5	8673.81	8585.45	7245.41	6010.06	5212.48	4992.33	4061.63	2579.51	3311.12	
-8491.77	-5909.2	-3491.9	89.2308	4827.82	7973.63	7189.38	5822.21	5377.59	6322.88	7894.43	8784.16	9185.62	9578.58	9998.14	
238.338	2740.55	3905.17	3648.15	2666.51	1695.53	1211.47	2102.15	1734.44	1032.66	765.838	846.089	786.634	702.522	1401.08	
-3133.26	-1157.76	2701.95	6117.73	7740.57	8788.93	9665.29	11594.4	13596.3	15146.9	15501.4	14286.1	11166.7	7057.49	4855.16	
-2276.41	-3496.7	-2839.81	-860.138	1275.52	2720.04	3980.8	4637.57	4810.95	5685.81	6901.73	7155.44	6099.01	4574.96	287.323	
-3384.69	-1667.32	-1507.31	-935.347	1154.43	2507.02	4323.02	7166.23	7060.77	7107.94	8048.92	8564.82	7395.5	5186.75	4710.78	
-1417.03	-1605.72	675.346	4975.62	8436.13	9196.6	8291.25	7604.91	8362.81	9918.3	10460.3	8939.94	6224.99	4088.75	2061.23	
-131.746	-985.852	-614.117	-1152.27	-2511.53	-3288.04	-3598.67	-1105.72	2004.46	4213.06	5351.6	5889.3	5798.58	4122.62	108.747	
-5235.12	-2639.74	358.454	2389.51	2711.1	2329.55	1621.65	2156.8	2597.43	2366.6	2106.15	2426.77	3801.39	5599.25	7676.18	
437.418	263.373	-564.773	-2201.27	-3355.82	-2590.5	13.2179	101.443	-88.217	469.794	1505.26	2017.05	1329.21	363.753	-2929.67	
5192.68	6361.93	6556.67	6086.79	5708.07	5990.01	7019.31	6683.07	6283.86	5678.06	4749.29	3553.97	2130.5	661.528	-2807.54	
-3233.37	-1835.79	-2453.94	-3881.89	-3762.81	-1885.27	753.068	3420.56	4426.23	4408.72	3916.06	3373.41	3344.99	3814.64	5753.97	
-2257.5	-946.398	647.264	1970.02	2086.75	1623.28	1729.61	3244.57	4307.77	4992.52	5269.04	4601.37	2843.32	1318.99	2367.66	
2896.57	2785.3	2281.65	1687.78	1885.77	2752.52	2727.18	2505.14	1541.33	1001.47	1038.58	876.647	139.156	-1049.1	-2771.54	
-372.139	668.467	1614.82	1285.69	1621.03	1448.24	1058.34	3775.77	6022.65	7437.32	7564.85	5986.05	3442.74	1837.03	-1423.56	
688.815	2016.65	4456.46	4288.11	2497.98	3227.42	6616.81	6023.43	3707.5	3183.19	4516.82	5641.08	4774.68	2690.98	-1001.28	
979.937	966.662	183.292	336.323	2668.31	5526.05	7519.05	4931.63	2466.52	1389.81	1370.41	1786.15	1909.41	1332.46	1368.94	
-5022.08	1707.96	3827.14	2471.29	742.811	-192.648	-1283.05	180.451	1636.45	2262.11	3287.89	5281.67	7473.07	8629.77	10979.6	
975.337	2732.27	4271.7	4313.15	3762.89	4518.2	5263.3	8407.61	8914	8679.3	8797.98	8672.53	6722.97	3440.16	1612.73	
-4673.65	-395.51	3885.31	5573.25	5513.95	6451.57	8327.57	8724.71	8284.52	8797.91	9014.62	7920.71	6745.95	6482.36	6560.86	
-331.098	-1588.6	-1488.71	501.999	2386.45	2218.87	-193.683	-471.807	-1237.01	-2538.91	-2697.14	-1005.89	767.542	1074.43	-189.958	
-9954.83	-8352.88	-7512.04	-6006.86	-4656.01	-4173.05	-4096.14	-1439.29	535.787	2761.53	5752.71	8345.22	9431.09	9662.18	11302.2	
-2869.14	748.271	3582.54	4255.1	2917.46	512.705	-1611.88	-224.333	2750.29	4824.14	5599.81	5472.75	5151.61	4963.38	2354.24	
-2361.27	328.557	2626.66	3025.08	1208.76	-1834.82	-3098.09	3719.2	11046.4	14534.8	13531.3	9644.71	6058.77	4496.9	3966.63	
-7577.33	-4248.33	-1766.65	-224.803	2308.35	6991.95	12556.6	9622.95	5611.11	3911.48	3607.59	3795.35	5431.1	7895.22	8377.91	
-1114.76	-1569.46	-1409.16	-1087.9	-452.12	1402.63	3686.98	2892.89	3538.62	5335.7	6956.73	7186.49	5693.59	3418.06	148.975	
1524.73	1892.63	134.642	-1961.15	57.2646	4651.68	7044.96	7117.11	5832.22	4414.39	4123.18	4428.76	3834.01	2418.56	-423.324	
2858.62	4864.14	6467.27	6111.31	4479.96	2439.5	-311.158	310.435	1316.88	2615.8	4590.5	7504.79	9544.19	7538.16	-284.003	
-3004.84	-1891.01	-1557.85	-1358.74	-898.568	-206.47	395.247	-84.6352	213.76	987.66	1128.43	663.037	1421.15	3386.66	3979.74	
-7791.68	-4175.81	-546.847	2760.52	5802.02	7074.48	5945.95	4142.62	4986.06	7076.88	8478.1	8696.51	8721.82	8874.42	7784.89	
-3969.32	-4648.99	-3890.03	-885.864	3383.94	6464.27	6149.51	6000.12	6799.9	7827.26	8161.86	7362.23	5578.59	3714.16	2194.09	
2056.71	3205.6	2453.08	1621.47	2497.31	4564.62	7130.56	8007.09	6473.42	5396.81	5577.93	6350.69	6096.25	4010.49	-629.186	
2853.28	3069.5	4999.22	7354.3	8015.15	7877.64	9078.76	12051	13815.5	13612.5	11031.7	7240.29	4180	1765.81	-1107.01	
-2138.72	-3517.82	-1911.24	821.26	2118.32	2483.64	2520.74	2860.13	4281.05	5953.2	7693.72	8880.18	7860.29	4699.04	574.528	
-3385.07	-2953.43	-1831.82	-1229.39	-1746.56	-2461.05	-1818.88	-600.87	32.2078	1022.42	2376.16	3254.57	3317.08	3164.14	2286.64	
-5120.21	-3920.16	-3387.96	-946.707	3090.66	6702.93	8062.46	5951.9	5343.09	6539.73	7594.92	7534.42	7698.86	8142.57	10035.2	
0	0	0	0	0	0	0	0	0	0	0	0	0	0	0	
714.057	627.247	474.201	82.8529	-317.408	-464.601	-308.127	-33.2909	-33.2092	-111.243	-170.426	-181.255	-224.306	-338.907	-599.124	
-5613.74	-6189.13	-2169.01	3208.37	5987.81	6877.6	7458.52	7207.3	6189.32	4850.64	3933.47	3950.31	4357.32	4861.97	1034.46	
3655.05	3687.33	6369.74	9240.95	10127.4	9734.7	8115.55	8144.5	8000.19	6376.91	3572.23	1372.33	790.475	-97.1013	-5238.27	
-3283.94	-158.66	1308.09	2296.37	4168.68	6654.35	8666.82	8663.46	7552.15	7224.08	6907.29	5861.96	4987.33	5010.82	6870.46	
70.2224	3667.17	4899	3739.34	2326.12	1267.04	1845.47	4877.74	7530.1	10582.1	12363	11293.8	9215.92	7995.2	4931.68	
-1467.63	-600.316	-439.798	232.113	1802.02	4851.44	8776.46	6403.4	3916.28	2559.76	2389.63	4004.68	6402.89	7215.48	3866.45	
-7115.77	-5404.25	-4624.58	-2978.36	741.497	3729.37	1861.32	700.95	2325.22	4817.88	6210.14	5786.94	5803.05	7351.36	9373.73	
399.46	878.363	58.5417	-823.346	-329.832	879.969	2131.45	1737.31	2744.04	4903.15	6397.74	5565.52	2772.14	411.163	456.417	
2411.69	3618.96	5282.4	6996.11	9487.85	11486.4	10743	7079.45	3752.9	2168.4	2537.27	4095.32	4979.92	3831.92	-1882.56	
-1298.55	273.536	1868.6	2407.55	2735.98	2987.06	3790.45	7270.51	9154.22	9795.44	9690.4	9567.4	9467.52	7839.22	3964.38	
2354.11	1882.25	3575	5670.68	6496.53	6962.33	7147.9	7472.28	7913.76	8126.02	7735.84	5988.15	3078.47	616.142	-4125.83	
-5714.99	-4434.85	-2015.07	140.057	1868.45	3156.76	3217.38	4317.49	3106.05	1521.11	1048.3	1385.06	2061.37	3380.98	3719.93	
541.093	655.254	46.7337	-478.479	1205.12	4786.95	9296.37	9216.6	7813.19	7682.06	8617.9	8477.82	5570.6	1846.44	-1335.61	
6210.22	2057.75	-815.61	-1464.2	468.118	4121.76	9086.83	9273.26	6638.28	4484.08	4021.77	4841.24	4224.66	610.755	-8037.4	
-1807.33	-2620.42	-2199.13	-813.409	1423.42	3765.12	5139.13	5148.08	5393.32	5539.95	5116.41	3934.9	2815.9	2545.33	-228.651	
689.127	578.549	594.246	1250.98	3089.02	4916.35	5033.56	5491.59	5156.32	4881.39	4596.08	3491.54	1567.72	-162.693	-2027.18	
-844.255	1336.3	1407.9	1329.93	3159.31	6028.27	6853.45	6677.29	4546.45	1845.7	325.528	948.509	2877.24	3888.3	4513.44	
-1294.26	841.87	1503.99	454.627	-241.627	-630.718	-283.652	2642.55	5048	5821.21	5396.4	5214.52	5854.89	6239.5	4072.54	
-7282.21	-5954.05	-4565.32	-2496.02	2.38023	1709.45	2086.71	1173.96	237.775	-292.739	-239.871	570.087	2023.89	3646.11	7653.2	
-411.254	-382.099	-831.107	-395.298	534.243	2597.77	6465.56	7521.67	6899.84	6059.19	5142.53	4189.6	3585.15	2941.27	1745.46	
3126.87	2476.88	3648.11	5883.16	6915.14	5884.14	1776.47	-40.7787	1428.34	3960.16	6457.12	7773.24	6811.28	3359.63	-4147.92	
-6100.6	-4856.29	-3972.74	-2106.56	799.048	3491.63	5109.43	5308.1	5871.27	7819.26	11087.3	12680.6	10548.1	7443.2	7415.27	
-8939.74	-6588.26	-3644.95	-426.457	2158.74	4644.96	6031.18	4143.68	3101.19	3984.12	5644.79	6563.03	6578.54	6602.89	9384.5	
915.883	257.589	-46.4516	1250.03	3436.73	4860.14	5397.13	4046.1	3900.33	5151.44	6664.56	7002.65	5577.55	3272.56	44.9004	
-2524.02	-1723.39	-1655.88	-1688.56	-339.066	1989.11	3414.9	3339.28	2526.02	1267.12	-558.652	-2014.78	-1946.93	-774.296	2211.29	
34.5593	-1422.54	-2124.99	-752.14	1005.58	1607.45	1642.68	2199.58	3061.29	4198.45	5934.79	6609.29	4338.83	970.597	1019.39	
-2391.03	1292.64	3443.64	3920.92	4099.2	4126.6	4555.15	6605.31	6661.86	6151.04	6590.31	8340.16	9412.28	8493.02	6840.04	
1992.32	2986.02	3872.17	4272.67	4534.76	4642.4	2818.64	3310.26	3774.21	3539.98	3472.03	3797.77	3509.11	2121.59	-1069.65	
-2269.48	12.2859	1448.76	2410.35	3518.97	5401.38	5913.63	3504.59	1584.68	953.869	959.56	1564.26	2602.72	3505.72	4261.95	
-7420.48	-4121.61	-1332.76	-665.834	-1436.84	-2061.59	-1547.13	3009.59	4462.99	4719.58	6276.56	9327.11	12183.6	12909.7	10739.4	
554.471	82.3812	-115.32	-79.6273	94.6503	312.01	551.309	1163.1	1084.22	615.716	13.5971	-481.216	-651.652	-649.261	-875.834	
-4710.27	-3246.62	-1316.18	497.119	1609.94	2499.65	3547.51	3525.88	3510.33	3924.43	4330.34	4159.97	3571.37	3418.78	4743.89	
278.102	254.22	415.084	861.276	1256.56	1403.89	1266.04	565.155	-105.291	-493.851	-370.776	60.3186	141.159	-91.0662	-106.219	
-1858.69	-592.295	986.904	2166.97	2725.56	2994.54	3041.74	4336.18	4400.27	3472.36	2418.82	1980.12	2216.54	2557.22	1961.67	
626.149	154.136	-103.973	-97.1084	90.0582	-175.6	-841.979	-718.416	-189.269	272.602	419.86	272.076	-12.0467	-317.085	-885.077	
-1228	-898.463	-831.157	-810.369	-679.086	-515.674	-548.753	-479.759	-200.516	52.7135	192.525	313.711	573.564	906.334	1684.36	
-54.5043	-271.666	-195.982	161.921	389.053	291.649	66.1502	467.473	520.993	334.083	189.052	161.939	113.864	-37.6745	-55.0061	
-367.197	-553.503	-582.421	-310.343	10.2773	-92.9562	-646.163	-757.389	-575.135	-310.954	-182.893	-276.152	-377.5	-287.403	-22.006	
778.805	1035.88	-67.3402	-966.879	392	3260.38	5767.47	7336.29	7914.87	7696.54	6138.98	3196.17	539.577	-544.621	-796.175	
-7800.46	-2026.33	2229.82	4888.58	4939.87	4832.35	6053.72	7399.49	8946.9	9480.26	8820.25	7952.34	8603.48	10136.7	11960.4	
-2779.35	1047.38	4579.26	7174.27	8901.82	10792.4	11388.2	9360.42	7530.64	5957.04	4847.79	4490.44	4955.63	5788.4	5499.45	
-312.214	-113.934	-174.253	-296.828	-282.616	-108.627	122.756	342.553	302.356	91.7324	-117.875	-150.299	66.4301	393.189	609.603	
677.959	652.401	365.738	-43.9397	-141.333	70.6632	326.47	492.646	378.388	247.15	265.977	285.81	51.999	-340.003	-613.967	
-34.0915	239.459	310.696	281.7	459.615	707.257	930.59	894.504	594.599	173.453	-59.8187	88.5637	235.036	162.297	345.575	
181.237	179.548	45.567	-44.4382	2.75751	109.535	223.409	125.319	-163.339	-347.997	-362.08	-240.847	-47.0945	122.656	230.913	
1986.26	2765.14	3524.87	2735.98	2184.89	2341.66	2217.89	1747.85	1149.64	484.915	159.151	696.85	1882.83	2333.57	-480.178	
405.363	2810.39	3287.15	2191.6	1493.51	2663.04	4986.72	5417.23	4868.97	4683.59	5105.1	5130.77	4317.89	3096.75	1659.59	
1388.76	2108.55	2143.13	2862.13	3522.41	3573.48	2665.66	3004.1	3725.1	3837.51	3633.34	3444.71	2721.56	927.307	302.865	
-2015.4	-1040.52	-1240.37	-1646.14	-611.998	1209.8	2916.4	2432.46	1617.29	1366.13	2193.16	4049.72	5389.37	5243.74	2856.87	
-1135.53	-215.267	1269.43	1878.91	1844.09	1637.5	2226.63	4310.34	5250.04	5674.67	5661.5	4876.1	3851.74	3272.7	307.777	
-1123.86	553.539	795.929	1264.95	2209.24	4226.36	6599.96	9064.42	10064.9	9831.48	9591.64	10120.4	10465.1	9037.78	6773.27	
-921.502	1272.14	2298.68	1780.46	753.182	-107.046	-514.686	828.108	2074.73	2567.78	2489.41	2038.29	1449.23	1022.77	1839.38	
222.213	307.875	312.669	340.4	442.02	486.962	478.699	235.902	27.6457	-57.5606	-64.516	18.427	170.814	233.109	13.0616	
-16.4522	607.614	1056.02	1188.64	561.275	49.4411	523.706	2248.89	5075.5	6948.36	7638.87	7127.71	5806.61	4014.4	1193.83	
-320.444	-372.54	-376.999	-271.465	-98.3851	96.3612	279.952	238.505	88.7525	18.5176	42.4056	75.2871	65.069	70.1621	241.829	
-6670.62	-6375.83	-4839.33	-2673.36	-951.061	212.076	3552.07	10570.9	14674.3	16509.4	15959.4	12570.9	7960.27	5394.94	2947.94	
-379.647	5.657	166.526	-10.0355	-243.969	-360.674	-379.025	-349.652	-150.149	70.2018	154.428	73.2537	33.5937	232.844	656.863	
-2921.38	-204.637	1252.67	1823.28	2606.07	5137.98	7663.54	8596.17	7924.97	7747.65	8935.14	10534.6	10841.1	9299.88	7828.31	
-646.095	-520.631	2554.84	6521.88	7776.89	7562.99	7774.98	9576.65	10400.6	11340.4	12372.9	11962.2	9038.16	4264.39	-1369.87	
-952.545	1876.02	3828.98	3986.82	3052.59	2232.39	1436.15	578.773	-505.844	-107.123	1961.09	3865.02	4219.77	3678.13	2419.25	
-6414	-3480.93	-3018.11	-2617.34	-459.333	995.361	685.048	2068.06	1962.07	1284.72	1707.24	3947.78	6777.32	8309.68	8733.19	
364.944	1903.55	2072.43	1411.86	1271.54	1780.48	2190.68	1367.17	1075.82	1201.1	1042.44	1292.53	3118.45	4823.43	4643.34	
-6909.63	-5962.44	-5275.8	-2903.51	2213.36	7613.89	10332.4	8788.92	9065.7	10803.5	11076.7	8146.76	5480.93	6229.97	7481.45	
412.979	2217.44	3349.12	3357.62	2743.08	2600.04	1568.03	709.153	1179.62	1522.63	1110.7	204.193	-59.2855	479.39	2103.84	
2049.33	2651.45	2176.05	591.039	-1491.14	-2445.43	-587.824	3512.55	5573.19	5753.62	5616.57	6167.35	6414.34	4845.12	1185.33	
-11289.7	-6704.76	-1213.74	4996.55	9058.49	10855.2	8733.27	5840.34	5322.01	6266.31	9055.02	13155.2	15760.6	15643.6	14109.6	
-5126.98	2205.58	7107.91	9320.87	9589.19	8347.53	6891.37	8270.73	8441.49	8622.4	9412.55	10790.9	12686.6	14304.9	14782.7	
1602.89	1433.7	3147.57	5104.35	7035.85	9085.34	9522.62	8423.55	7660.21	8530.04	9417.63	7728.04	3972.09	1189.69	-3895.31	
-781.223	-452.44	-243.211	59.9545	343.216	1000.57	1672.06	1593.9	2093.77	2323.26	1428.22	484.793	905.042	1889.19	1914.1	
-243.973	-1827.91	-2057.91	-1055.1	873.063	3625.53	6642.56	7738.04	6907.42	6373.23	6337.98	5367.73	3334.61	1397.97	-1722.82	
-10546.1	-2942	3885.88	8367.39	11122.1	13101	14250.4	11347.7	10164.4	11080.7	12040.4	12417.9	13134	13769.8	15634.6	
-4040.81	-2037.44	-447.465	1339.09	3228.38	4611.19	4942.36	4073.37	3460.29	3050.88	2977.54	3658.64	4771.28	5309.42	6562.32	
-7098.43	-3919.47	-1705.5	396.725	2786.69	5722.64	9110.43	8776.08	7649.58	6789.05	6840.54	7411.78	7264.4	7379.53	8910.41	
-5386.17	-2252.13	-92.2213	1673.07	3186.19	5184.85	7867.29	8311.96	10133.1	12863	14901.9	14739.3	12548.5	10211.4	9391	
-3480.54	-2587.53	-1743.79	-744.465	548.772	2337.5	5797.59	9121.04	10141.1	9841.3	7291.89	3201.22	1478.21	2797.69	5183.81	
-5432.46	-2438.73	-1399.6	1236.29	5585.47	9409.28	11347	9331.28	9296.09	10020.1	9869.8	9026.5	8865.48	9124.09	10499.8	
-2031.84	-2360.24	959.564	7170.72	11463.4	10795.3	6154.54	7312.09	8936.72	8999.49	8864.87	9435.43	9282.79	6951.44	1136.6	
-5835.25	-4491.23	-3662.02	-2545.84	-361.141	2082.95	4340.28	5363.16	5306.7	4969.96	4448.26	4449.09	5228.78	5850.95	6312.9	
-2301.24	1649.83	3974.28	4678.51	3924.3	2987.09	2672.97	902.041	-463.432	-368.627	1060.72	2924.87	4477.63	5006.49	6943.58	
-641.429	-990.885	177.621	588.105	-467.272	305.628	6101.76	13118.5	14415.8	13943.1	13053.8	11626.5	9601.22	6688.41	2639.52	
102.395	-2772.91	-3455.27	-2963.25	-1851.75	-1584.79	-3087.57	-121.517	2829.26	5294.13	6704.63	5377.24	1963.44	-336.075	-3340.86	
-3013.64	-1246.91	1735.79	6214.67	9664.42	10375.3	9916.1	8319.77	6844.22	5681.21	5521.43	6168.82	5859.32	4633.37	3612.2	
-3633.9	-441.256	1299.85	2506.33	3767.15	4937.91	6234.89	6994.01	7549.65	7919.34	7373.33	5754.76	4506.33	4528.45	6793.59	
-7845.55	-6618.82	-6220.69	-4787.16	-2191.89	1140.67	6078.15	10918.1	10735.2	10423.6	13107.9	17331.9	18347.5	15230	12068.8	
-7801.72	-4611.55	-2280.28	-509.398	4111.75	9905.58	13266.4	12660.3	10924.6	9726.81	9438.13	9228.01	9096.85	9751.42	10662.9	
-8696.57	-7175.21	-6188.68	-4942.77	-1998.46	2148.64	8964.5	12793.4	13156.2	13309.8	12960.1	10366.1	5634.47	2839.31	6986.64	
-3007.17	1731.74	5655.73	7662.89	6698.14	4671.19	2524.6	4042.27	7236.35	11103.6	13682.3	12869.9	9986.15	8107.95	8886.18	
