1.11455e+07	
1.0398e+07	
7.45001e+06	
1.39917e+07	
1.17786e+07	
1.42131e+07	
1.07412e+07	
1.3637e+07	
1.255e+07	
1.12468e+07	
1.17277e+07	
1.05641e+07	
1.04665e+07	
1.18013e+07	
9.73925e+06	
1.1034e+07	
7.2984e+06	
1.0412e+07	
9.77981e+06	
9.4047e+06	
9.49487e+06	
4.88749e+06	
9.33603e+06	
8.87833e+06	
8.69228e+06	
9.51972e+06	
8.48255e+06	
8.96099e+06	
8.4926e+06	
8.35244e+06	
8.04924e+06	
8.35936e+06	
7.99688e+06	
7.51803e+06	
1.11282e+07	
1.8715e+07	
1.38308e+07	
1.7325e+07	
7.1474e+06	
7.02668e+06	
1.70232e+07	
7.11731e+06	
1.60499e+07	
4.91541e+06	
1.54033e+07	
1.55415e+07	
1.38996e+07	
1.37527e+07	
1.35852e+07	
1.2764e+07	
