20380
55.4046	0.401229	93.9309	0.716306	40.4743	1.2155	17.7316	1.71694	8.09558	2.21801	3.79392	2.72034	2.85152	3.39319	0.830471	4.40943	0.29524	5.41853	4.00799e+06

4.55306e+06

25087
55.3015	0.401226	93.8807	0.716292	40.4434	1.21539	17.7604	1.71667	8.09363	2.21803	3.83414	2.71977	2.86244	3.39345	0.840874	4.40665	0.292064	5.42824	4.93254e+06

5.60216e+06

23945
55.3422	0.401226	93.9493	0.716217	40.4175	1.21558	17.7664	1.71639	8.12094	2.2184	3.8109	2.72054	2.86427	3.39505	0.831531	4.40733	0.295009	5.42152	4.70993e+06

5.34927e+06

14328
55.395	0.401243	94.0311	0.716094	40.4635	1.21565	17.7485	1.71727	8.05297	2.21812	3.8126	2.7203	2.85762	3.39209	0.841639	4.40931	0.295017	5.43103	2.81934e+06

3.20228e+06

25935
55.4535	0.401229	93.9166	0.716336	40.4324	1.21536	17.7761	1.71684	8.03474	2.21858	3.81754	2.71986	2.85757	3.39435	0.830152	4.40853	0.292462	5.41845	5.09966e+06

5.79416e+06

31859
55.34	0.401202	93.8456	0.716326	40.5021	1.21552	17.7765	1.71689	8.0608	2.21803	3.80517	2.72018	2.85382	3.39373	0.830629	4.41163	0.296871	5.42364	6.26297e+06

7.11448e+06

30406
55.2976	0.40124	93.8786	0.716317	40.4755	1.21549	17.744	1.71677	8.06742	2.21851	3.80839	2.72007	2.85582	3.39366	0.83523	4.40872	0.292771	5.42226	5.97674e+06

6.7883e+06

28104
55.3261	0.40109	93.9739	0.716386	40.4267	1.21545	17.7347	1.71661	8.07479	2.21822	3.82074	2.72021	2.87859	3.39256	0.841375	4.40817	0.297146	5.42488	5.52596e+06

6.2777e+06

27435
55.4144	0.401268	93.8746	0.716306	40.4356	1.21547	17.8133	1.71695	8.08289	2.21829	3.81093	2.72048	2.8515	3.39318	0.836486	4.40877	0.29251	5.41919	5.39564e+06

6.12931e+06

25836
55.2702	0.401228	93.8912	0.716255	40.4378	1.2154	17.7845	1.71666	8.05291	2.21828	3.81448	2.71978	2.85478	3.39268	0.840455	4.40737	0.293157	5.41855	5.07791e+06

5.76761e+06

25076
55.4005	0.401173	93.8232	0.716404	40.5202	1.21551	17.7577	1.71691	8.08155	2.21846	3.82409	2.71945	2.86557	3.39484	0.843077	4.40898	0.300885	5.42196	4.93143e+06

5.6024e+06

24263
55.3941	0.401108	94.0328	0.716397	40.4619	1.21541	17.7308	1.71676	8.07336	2.21871	3.80843	2.71989	2.86795	3.39462	0.833326	4.41172	0.302024	5.41792	4.7731e+06

5.4229e+06

23172
55.3836	0.401146	93.9149	0.716228	40.488	1.21533	17.7681	1.71705	8.0766	2.21808	3.81283	2.71915	2.85914	3.39406	0.835318	4.40704	0.291904	5.42473	4.55718e+06

5.17733e+06

22129
55.3774	0.401163	93.8788	0.716502	40.4198	1.21553	17.7317	1.71705	8.07868	2.21889	3.81156	2.71971	2.86651	3.39527	0.824529	4.40925	0.299652	5.42339	4.34944e+06

4.94116e+06

11468
55.491	0.401324	93.8296	0.716069	40.4917	1.2155	17.7063	1.71681	8.04369	2.21784	3.81819	2.72101	2.83223	3.39581	0.843826	4.41823	0.288106	5.42741	2.2545e+06

2.56132e+06

15634
55.3478	0.401262	93.7908	0.716452	40.3963	1.21564	17.7909	1.71695	8.1042	2.21734	3.84303	2.72019	2.89574	3.39326	0.836254	4.40265	0.291096	5.42069	3.07356e+06

3.49101e+06

13256
55.471	0.401141	93.9558	0.716255	40.4266	1.21554	17.7489	1.71704	8.04202	2.21712	3.81322	2.71972	2.84799	3.39186	0.847164	4.40817	0.294584	5.42629	2.60673e+06

2.96202e+06

12576
55.3632	0.401123	93.8675	0.716426	40.4268	1.21542	17.7823	1.71726	8.09327	2.21805	3.7989	2.72121	2.85592	3.39274	0.836514	4.40287	0.289758	5.4302	2.47179e+06

2.8084e+06

11432
55.3417	0.401145	93.8927	0.716507	40.4676	1.2156	17.7477	1.71655	8.03508	2.21779	3.80581	2.72043	2.85506	3.39138	0.84176	4.40578	0.290325	5.4226	2.24701e+06

2.55251e+06

12991
55.4032	0.401173	93.8688	0.716309	40.4331	1.21536	17.7431	1.71704	8.05358	2.21862	3.81341	2.72018	2.83843	3.39388	0.841044	4.41036	0.293126	5.42988	2.55301e+06

2.90073e+06

13888
55.3324	0.401038	93.8991	0.716203	40.3985	1.21542	17.8435	1.71677	8.05494	2.21874	3.79263	2.71984	2.86787	3.39392	0.833813	4.41268	0.288738	5.42797	2.72979e+06

3.10135e+06

15261
55.4353	0.401246	93.9762	0.716507	40.3787	1.21544	17.7627	1.71698	8.09573	2.21812	3.81489	2.71967	2.88887	3.39423	0.848437	4.40551	0.298932	5.41489	3.00244e+06

3.41083e+06

19238
55.326	0.401148	93.9294	0.716423	40.4947	1.21537	17.757	1.71685	8.08099	2.21804	3.82384	2.7205	2.86501	3.39432	0.836989	4.40837	0.28844	5.41687	3.78328e+06

4.29782e+06

16551
55.44	0.401149	93.9738	0.716188	40.4224	1.21535	17.7589	1.71679	8.06362	2.21857	3.82424	2.7205	2.84073	3.39226	0.834089	4.41004	0.293396	5.41488	3.2544e+06

3.69834e+06

19157
55.3481	0.401238	93.9815	0.716264	40.3705	1.21564	17.7584	1.71751	8.10659	2.21846	3.8351	2.72002	2.84726	3.39282	0.837553	4.40829	0.29394	5.42271	3.7674e+06

4.27927e+06

