12478
55.5135	0.401253	93.9711	0.71634	40.3676	1.2154	17.7479	1.71732	8.0783	2.21842	3.80237	2.72067	2.83876	3.39296	0.836673	4.41075	0.294839	5.42493	2.45365e+06

2.78822e+06

12589
55.4122	0.401211	93.9388	0.716259	40.4337	1.21557	17.7421	1.71696	8.06387	2.21841	3.82961	2.71989	2.86409	3.39392	0.846215	4.41011	0.291683	5.41303	2.47603e+06

2.81266e+06

11911
55.3828	0.401145	94.0891	0.71628	40.4772	1.21556	17.7851	1.71701	8.04257	2.21855	3.79254	2.72059	2.85753	3.39443	0.830073	4.41189	0.295273	5.42862	2.34366e+06

2.66273e+06

9170
55.4513	0.401279	94.0863	0.716405	40.4095	1.21524	17.7291	1.71695	8.02585	2.21793	3.82486	2.71978	2.8578	3.39306	0.830207	4.40683	0.282552	5.43426	1.80397e+06

2.04947e+06

11402
55.465	0.40117	93.8039	0.716283	40.4675	1.21512	17.8534	1.71614	8.11051	2.21828	3.80047	2.7197	2.87485	3.39292	0.835731	4.40727	0.2903	5.42545	2.24296e+06

2.54837e+06

19238
55.4028	0.401279	93.9143	0.716415	40.4788	1.21506	17.7479	1.71667	8.1049	2.21804	3.80694	2.71874	2.86308	3.39461	0.835378	4.40852	0.295093	5.4202	3.78467e+06

4.29872e+06

19232
55.3801	0.401167	94.033	0.716278	40.3873	1.21528	17.7447	1.71694	8.07909	2.21805	3.80324	2.71959	2.86309	3.39207	0.838654	4.40867	0.297993	5.41977	3.78249e+06

4.29695e+06

10435
55.3897	0.401208	93.9587	0.716337	40.4548	1.21554	17.7504	1.71705	8.04734	2.21863	3.79061	2.71944	2.83095	3.39304	0.841495	4.40891	0.287782	5.41461	2.05173e+06

2.33068e+06

10307
55.42	0.401086	93.9287	0.716332	40.4355	1.21535	17.7917	1.71695	8.02367	2.21815	3.81682	2.72047	2.85165	3.39381	0.846706	4.40317	0.30261	5.41491	2.02629e+06

2.30276e+06

2257
55.2255	0.401193	93.7683	0.715922	40.4781	1.21503	17.7333	1.71668	7.98006	2.21804	3.72663	2.72052	2.82942	3.39057	0.809039	4.41219	0.312362	5.40784	442859

503001

23044
55.253	0.401218	93.9658	0.716306	40.4654	1.21549	17.751	1.71711	8.05958	2.21886	3.81995	2.71985	2.85411	3.39361	0.828459	4.41055	0.297995	5.41965	4.53147e+06

5.14561e+06

29679
55.3629	0.401202	94.0128	0.716345	40.4421	1.21551	17.8075	1.71688	8.05145	2.21833	3.82122	2.72058	2.83022	3.39342	0.832878	4.40576	0.294451	5.42015	5.8383e+06

6.63194e+06

35983
55.3839	0.401169	93.9114	0.716309	40.4698	1.2155	17.7894	1.71702	8.11147	2.21816	3.80335	2.72058	2.8653	3.39267	0.843176	4.41081	0.295028	5.4215	7.07829e+06

8.04122e+06

11693
55.3353	0.401107	94.0635	0.716187	40.5156	1.21547	17.7298	1.71662	8.07415	2.21836	3.8033	2.71969	2.85427	3.39303	0.82528	4.40308	0.291371	5.4133	2.30036e+06

20251
2.6133e+06

55.4274	0.40115	94.0698	0.716409	40.5072	1.21534	17.7286	1.71686	8.06237	2.21803	3.83305	2.72056	2.83077	3.39331	0.833243	4.41111	0.286504	5.4183	3.9852e+06

4.5277e+06

20813
55.32	0.401202	94.0664	0.716407	40.4253	1.21561	17.6894	1.71651	8.07255	2.21824	3.82785	2.71953	2.85773	3.39091	0.837025	4.41062	0.290299	5.41915	4.09363e+06

4.64934e+06

664
54.75	0.402211	94.3705	0.716679	40.1792	1.21522	17.5527	1.71664	8.14157	2.22075	3.8012	2.71638	2.70331	3.39089	0.774096	4.40931	0.27259	5.42024	130403

147770

614
55.202	0.401754	93.7068	0.716678	39.702	1.21468	17.6368	1.71852	7.84528	2.21654	3.74104	2.72488	2.71336	3.38984	0.838762	4.40844	0.299674	5.39602	119918

136115

17494
55.4503	0.401175	94.004	0.716316	40.444	1.21518	17.7671	1.71673	8.10644	2.21825	3.81359	2.72025	2.85566	3.39264	0.832171	4.40835	0.295873	5.42102	3.44179e+06

3.91112e+06

12948
55.3828	0.401322	93.9003	0.716545	40.4393	1.21563	17.7738	1.71619	8.05885	2.21876	3.82631	2.72021	2.89512	3.39201	0.830012	4.41193	0.288462	5.41724	2.54685e+06

2.89252e+06

18573
55.4703	0.401182	93.969	0.716314	40.3557	1.21521	17.7994	1.71641	8.0799	2.2185	3.83013	2.71935	2.85877	3.39334	0.841113	4.40528	0.305443	5.42604	3.65338e+06

4.15125e+06

23763
55.3593	0.401097	93.9499	0.716259	40.5192	1.21536	17.7438	1.71649	8.07103	2.21885	3.80886	2.71978	2.85827	3.39169	0.834996	4.40806	0.291167	5.42405	4.67319e+06

5.30952e+06

31234
55.2752	0.401318	93.7969	0.716476	40.5019	1.21535	17.7699	1.71696	8.11536	2.21855	3.83508	2.71966	2.85353	3.39302	0.837517	4.40761	0.295383	5.4254	6.14186e+06

6.97395e+06

21557
55.3396	0.401221	93.9583	0.716407	40.4477	1.21523	17.7779	1.71696	8.07932	2.21884	3.78995	2.71984	2.84474	3.39131	0.829151	4.40781	0.298465	5.42053	4.23897e+06

4.81508e+06

550
55.8309	0.401099	93.6436	0.716858	40.1455	1.21457	17.5218	1.71737	7.70545	2.22004	3.77091	2.71979	2.67636	3.40141	0.778182	4.40727	0.270909	5.39909	107545

122289

614
54.8648	0.401604	94.399	0.716406	39.7052	1.21511	17.3844	1.71866	7.93322	2.21876	3.72313	2.72327	2.7557	3.38968	0.763844	4.41734	0.309446	5.41057	120058

136209

428
55.1402	0.401451	93.3388	0.716476	40.5818	1.21421	17.2126	1.71741	7.88084	2.21734	3.91355	2.72087	2.8014	3.4024	0.824766	4.42576	0.292056	5.42603	83725

95010

467
55.0964	0.402305	93.4475	0.715813	40.2848	1.21763	17.6702	1.717	8.09422	2.21838	3.82441	2.72294	2.88865	3.37313	0.843683	4.40101	0.312634	5.40034	91650

103890

20380
55.4046	0.401229	93.9309	0.716306	40.4743	1.2155	17.7316	1.71694	8.09558	2.21801	3.79392	2.72034	2.85152	3.39319	0.830471	4.40943	0.29524	5.41853	4.00799e+06

4.55306e+06

460
54.9152	0.401352	93.5478	0.716614	40.0761	1.21458	17.6065	1.71664	8.22391	2.21464	3.6413	2.71887	2.89565	3.39929	0.86087	4.39978	0.297826	5.45472	90013

102150

34729
55.2005	0.401214	93.9021	0.716341	40.5048	1.21544	17.7797	1.71683	8.10369	2.21803	3.82821	2.71967	2.87659	3.39484	0.852026	4.40985	0.2952	5.4237	6.83133e+06

7.75647e+06

25087
55.3015	0.401226	93.8807	0.716292	40.4434	1.21539	17.7604	1.71667	8.09363	2.21803	3.83414	2.71977	2.86244	3.39345	0.840874	4.40665	0.292064	5.42824	4.93254e+06

5.60216e+06

18288
55.4693	0.40128	93.9437	0.716302	40.4025	1.21546	17.748	1.71694	8.05599	2.21816	3.8207	2.71981	2.85871	3.39196	0.837434	4.41129	0.298392	5.42353	3.5965e+06

4.08617e+06

23945
55.3422	0.401226	93.9493	0.716217	40.4175	1.21558	17.7664	1.71639	8.12094	2.2184	3.8109	2.72054	2.86427	3.39505	0.831531	4.40733	0.295009	5.42152	4.70993e+06

5.34927e+06

19668
55.3495	0.401335	93.8599	0.716268	40.4037	1.21549	17.7486	1.71689	8.10143	2.21856	3.82255	2.72067	2.86943	3.39313	0.833232	4.40254	0.297132	5.42224	3.86674e+06

4.39158e+06

12746
55.4004	0.401158	94.0044	0.716508	40.4084	1.21498	17.7074	1.71727	8.10905	2.21888	3.83163	2.72034	2.84223	3.39057	0.836341	4.40503	0.291542	5.42933	2.50655e+06

2.84786e+06

16097
55.5175	0.401192	93.9077	0.716126	40.4785	1.21531	17.7897	1.71669	8.05181	2.2186	3.80425	2.71943	2.85699	3.39296	0.852954	4.4093	0.287818	5.43091	3.16641e+06

3.59844e+06

14328
55.395	0.401243	94.0311	0.716094	40.4635	1.21565	17.7485	1.71727	8.05297	2.21812	3.8126	2.7203	2.85762	3.39209	0.841639	4.40931	0.295017	5.43103	2.81934e+06

3.20228e+06

20279
55.4333	0.401141	94.0407	0.716096	40.3923	1.21558	17.7467	1.71671	8.06938	2.21813	3.78663	2.72003	2.8635	3.39282	0.837665	4.40311	0.29247	5.41789	3.98827e+06

4.5316e+06

12454
55.4304	0.401376	94.0719	0.716205	40.424	1.21539	17.7165	1.71681	8.0155	2.21819	3.7995	2.72021	2.86318	3.39396	0.835555	4.40855	0.291714	5.42564	2.45032e+06

2.78282e+06

15404
55.3883	0.401197	93.9559	0.716288	40.4831	1.21505	17.7194	1.71694	8.0803	2.21882	3.84147	2.72021	2.85621	3.39319	0.842054	4.41039	0.29343	5.41921	3.03024e+06

3.44218e+06

14761
11749
55.296	0.401231	93.9647	0.716345	40.3766	1.21548	17.7561	1.71687	8.0812	2.21831	3.82799	2.71968	2.85139	3.39412	0.832667	4.41028	0.312452	5.42806	2.3101e+06

2.62354e+06

55.2992	0.401201	93.9568	0.716399	40.4593	1.21534	17.7983	1.71734	8.07012	2.21908	3.79893	2.71983	2.88415	3.39364	0.84161	4.40801	0.300454	5.42237	2.90361e+06

3.29774e+06

18928
55.3987	0.401232	93.9641	0.716357	40.5246	1.21556	17.7614	1.71689	8.06065	2.21844	3.79639	2.71975	2.85006	3.39297	0.837859	4.41256	0.28973	5.42355	3.72401e+06

4.23009e+06

25935
55.4535	0.401229	93.9166	0.716336	40.4324	1.21536	17.7761	1.71684	8.03474	2.21858	3.81754	2.71986	2.85757	3.39435	0.830152	4.40853	0.292462	5.41845	5.09966e+06

5.79416e+06

15032
55.3735	0.401193	93.9355	0.716174	40.5216	1.21545	17.7282	1.7165	8.11303	2.21831	3.7961	2.72003	2.86342	3.39215	0.825705	4.40937	0.302288	5.42215	2.95743e+06

3.35904e+06

19010
55.3585	0.401263	93.9704	0.716438	40.4884	1.21538	17.7259	1.71675	8.05529	2.21814	3.81468	2.7201	2.87806	3.39313	0.832667	4.40566	0.299737	5.42505	3.74e+06

4.24728e+06

17270
55.3719	0.401253	93.7757	0.716279	40.3757	1.21528	17.8234	1.71682	8.09323	2.21796	3.82837	2.71987	2.87157	3.39278	0.840127	4.40665	0.287261	5.42102	3.3947e+06

3.85583e+06

23171
55.3788	0.40116	93.8907	0.716278	40.4852	1.21544	17.7424	1.71704	8.05149	2.21909	3.80799	2.72026	2.86505	3.39306	0.836779	4.40402	0.295973	5.426	4.55537e+06

5.17534e+06

27479
55.3389	0.401207	93.9311	0.716413	40.3901	1.21546	17.7633	1.71698	8.08017	2.21809	3.8029	2.72025	2.87157	3.39398	0.831435	4.40579	0.290986	5.42356	5.40151e+06

6.13607e+06

13486
55.3524	0.401239	93.8274	0.716249	40.4901	1.21538	17.7278	1.71693	8.07549	2.21795	3.81566	2.72082	2.86868	3.39076	0.831307	4.40958	0.304983	5.42513	2.65095e+06

3.01134e+06

17716
55.4226	0.401218	93.8986	0.71627	40.4259	1.21539	17.7683	1.71716	8.06418	2.21876	3.79979	2.72053	2.83749	3.39388	0.826315	4.41045	0.292391	5.41929	3.4821e+06

3.95661e+06

17905
55.4096	0.401097	93.983	0.716284	40.4985	1.21539	17.7385	1.71712	8.02714	2.21764	3.79246	2.71983	2.87467	3.39251	0.842111	4.40822	0.289863	5.42618	3.52107e+06

4.00098e+06

17941
55.4029	0.401162	93.8278	0.716281	40.4904	1.21579	17.7918	1.71665	8.08026	2.21763	3.84923	2.7199	2.86054	3.39397	0.850231	4.4097	0.298423	5.42112	3.52875e+06

4.00894e+06

21425
55.2013	0.401249	93.8737	0.716501	40.4292	1.21566	17.7898	1.71705	8.09984	2.21813	3.83328	2.71909	2.87295	3.39075	0.846208	4.41009	0.298623	5.41919	4.21193e+06

4.78302e+06

24921
55.3665	0.401258	93.9173	0.716389	40.5139	1.21532	17.7092	1.71677	8.0752	2.21797	3.81397	2.71953	2.85903	3.39361	0.828418	4.40499	0.293046	5.41781	4.90072e+06

5.56677e+06

17646
55.4131	0.401205	93.9035	0.716249	40.4349	1.21532	17.7709	1.7166	8.05763	2.21777	3.81072	2.71912	2.85368	3.39494	0.83577	4.41318	0.292361	5.41974	3.46967e+06

3.94163e+06

46567
55.3701	0.401189	93.8666	0.716351	40.4866	1.21554	17.7955	1.71705	8.10692	2.21862	3.81614	2.71969	2.87212	3.39195	0.832907	4.40846	0.29493	5.41865	9.15945e+06

1.0405e+07

15586
55.3648	0.401231	93.9021	0.71625	40.4739	1.21525	17.8018	1.71676	8.0573	2.21785	3.80309	2.72042	2.8711	3.39337	0.846144	4.40658	0.290517	5.42517	3.06557e+06

3.48208e+06

22762
55.269	0.401158	93.9607	0.716418	40.445	1.21566	17.7616	1.71701	8.14076	2.21781	3.82589	2.71989	2.8689	3.39344	0.843423	4.40586	0.301379	5.41773	4.47744e+06

5.08541e+06

10807
55.3855	0.401282	93.9163	0.716276	40.393	1.21585	17.8139	1.71697	8.12011	2.21845	3.84177	2.71981	2.86176	3.39339	0.828259	4.40829	0.2912	5.42303	2.12635e+06

2.41484e+06

23840
55.3135	0.401195	94.0074	0.716167	40.4346	1.21559	17.806	1.71709	8.09107	2.21879	3.80482	2.7202	2.85143	3.3935	0.841401	4.40895	0.294337	5.42111	4.69046e+06

5.32692e+06

31859
55.34	0.401202	93.8456	0.716326	40.5021	1.21552	17.7765	1.71689	8.0608	2.21803	3.80517	2.72018	2.85382	3.39373	0.830629	4.41163	0.296871	5.42364	6.26297e+06

7.11448e+06

14581
55.3215	0.4013	93.977	0.716136	40.4368	1.21541	17.7781	1.71687	8.10006	2.21828	3.81387	2.71997	2.84782	3.39463	0.825732	4.4064	0.297716	5.42144	2.86856e+06

3.25738e+06

44302
55.3268	0.401209	93.9232	0.716316	40.5311	1.21543	17.7624	1.71711	8.07697	2.2183	3.83125	2.71971	2.85427	3.39311	0.841858	4.40609	0.294705	5.42115	8.71537e+06

9.89895e+06

23179
55.1778	0.401179	93.8919	0.716498	40.4568	1.21566	17.7436	1.71689	8.09755	2.21799	3.83218	2.7194	2.87402	3.39406	0.852841	4.40919	0.292894	5.42394	4.5565e+06

5.17401e+06

11135
55.3965	0.401148	93.8849	0.716375	40.5645	1.21552	17.7494	1.71719	8.06313	2.21859	3.82236	2.72013	2.86376	3.39273	0.827391	4.41229	0.306331	5.42045	2.19002e+06

2.48843e+06

31509
55.2975	0.401245	93.8017	0.716313	40.5328	1.21538	17.7409	1.71679	8.09734	2.21788	3.82443	2.7197	2.85509	3.39236	0.839506	4.40973	0.29325	5.41937	6.19506e+06

7.03541e+06

30406
55.2976	0.40124	93.8786	0.716317	40.4755	1.21549	17.744	1.71677	8.06742	2.21851	3.80839	2.72007	2.85582	3.39366	0.83523	4.40872	0.292771	5.42226	5.97674e+06

6.7883e+06

19752
55.3357	0.401305	93.9652	0.716181	40.4331	1.21553	17.7743	1.71688	8.11822	2.21862	3.81126	2.71994	2.86108	3.39428	0.833789	4.40805	0.298906	5.42629	3.88627e+06

4.41322e+06

21533
55.3081	0.401227	94.0536	0.716334	40.4175	1.21543	17.834	1.71683	8.07129	2.2184	3.77764	2.71936	2.85808	3.39321	0.839084	4.4079	0.296614	5.42077	4.23718e+06

4.81168e+06

24184
55.3712	0.401198	93.9843	0.716258	40.4104	1.21516	17.7099	1.71672	8.04875	2.21824	3.79755	2.71968	2.85147	3.39361	0.837579	4.40632	0.29321	5.42049	4.75415e+06

5.40039e+06

41892
55.2552	0.401232	93.8605	0.716376	40.3969	1.21546	17.8172	1.71687	8.09816	2.21889	3.83577	2.71958	2.86764	3.39416	0.833286	4.40723	0.297837	5.42399	8.23554e+06

9.35291e+06

31901
55.2809	0.401239	93.8882	0.716414	40.4537	1.21539	17.7882	1.71713	8.07392	2.21823	3.81797	2.7194	2.85082	3.39215	0.84013	4.40918	0.299395	5.42151	6.27259e+06

7.12328e+06

20130
55.3251	0.401206	93.8182	0.716304	40.5	1.21548	17.8117	1.71697	8.07	2.21863	3.79319	2.7202	2.86865	3.39243	0.840934	4.40537	0.294486	5.42531	3.95795e+06

4.49548e+06

20133
55.3131	0.40117	93.9427	0.716302	40.4918	1.21538	17.7624	1.71655	8.09691	2.2182	3.80589	2.71996	2.84821	3.3949	0.838375	4.40752	0.294144	5.42235	3.95933e+06

4.49758e+06

22627
55.3717	0.401179	93.8983	0.716444	40.4831	1.21544	17.8057	1.71704	8.12419	2.21807	3.82813	2.71977	2.84258	3.39566	0.843019	4.40739	0.299686	5.41928	4.45132e+06

5.05705e+06

24096
11730
55.2414	0.401108	93.909	0.71648	40.4936	1.21521	17.7274	1.71716	8.09003	2.2178	3.81083	2.72103	2.84152	3.39384	0.838107	4.40704	0.291304	5.42491	2.30508e+06

2.61864e+06

55.3257	0.401252	93.884	0.716232	40.4297	1.21559	17.8075	1.71719	8.08943	2.21813	3.80864	2.71937	2.87952	3.39222	0.827772	4.40658	0.299469	5.42156	4.73871e+06

5.38188e+06

30587
55.3417	0.401261	93.9125	0.716358	40.4603	1.21551	17.7719	1.71664	8.07912	2.21811	3.83843	2.72054	2.86337	3.39424	0.850557	4.40804	0.29542	5.42422	6.01732e+06

6.83354e+06

30419
55.3035	0.401264	93.8978	0.716272	40.4431	1.21532	17.8048	1.71703	8.10053	2.21857	3.84983	2.72074	2.87251	3.39298	0.847497	4.40689	0.294881	5.42537	5.98478e+06

6.79604e+06

33782
55.3411	0.401151	94.0314	0.716489	40.4315	1.21537	17.8072	1.71667	8.09082	2.21827	3.82289	2.71939	2.87085	3.3938	0.833314	4.40782	0.290095	5.42497	6.64778e+06

7.55092e+06

21425
55.3762	0.401233	94.0237	0.716362	40.3921	1.21551	17.7557	1.71678	8.06917	2.21841	3.82362	2.71968	2.85942	3.39354	0.835193	4.40648	0.295403	5.41917	4.21412e+06

4.787e+06

30192
55.3976	0.40114	93.9711	0.71635	40.4464	1.21558	17.7514	1.7168	8.07297	2.21782	3.81707	2.71985	2.85642	3.3946	0.840819	4.40788	0.295144	5.41863	5.9382e+06

6.74637e+06

29290
55.3035	0.401298	93.8808	0.716316	40.5108	1.21543	17.7346	1.71698	8.08047	2.21848	3.81926	2.71974	2.8537	3.39282	0.839228	4.40828	0.295869	5.41757	5.76035e+06

6.54099e+06

13081
55.3221	0.401219	93.7119	0.716213	40.4276	1.21552	17.8229	1.71638	8.07171	2.21843	3.84527	2.71908	2.8705	3.39405	0.845425	4.40589	0.306781	5.42013	2.5704e+06

2.92e+06

11586
55.2963	0.401246	94.0577	0.716136	40.4171	1.21536	17.7533	1.71641	8.07794	2.21845	3.81167	2.71919	2.86156	3.3947	0.829018	4.41076	0.295356	5.42424	2.27904e+06

2.58831e+06

21400
55.3489	0.401211	93.8618	0.716299	40.431	1.21528	17.8016	1.71679	8.09416	2.2185	3.83313	2.71929	2.86051	3.39235	0.846682	4.40717	0.293037	5.42149	4.2075e+06

4.78014e+06

1772
55.3284	0.400897	93.7788	0.715784	40.2675	1.21527	17.5835	1.71585	7.96275	2.21946	3.74323	2.72143	2.81828	3.39412	0.772573	4.41687	0.28386	5.40006	346809

394339

32861
55.343	0.401214	93.9124	0.71631	40.4839	1.21539	17.7455	1.71677	8.1136	2.21866	3.80043	2.71972	2.87115	3.3919	0.840936	4.41059	0.295517	5.41819	6.46353e+06

7.34136e+06

24044
55.2912	0.401253	93.9547	0.716404	40.492	1.21553	17.7604	1.71616	8.07187	2.21788	3.8242	2.72011	2.87698	3.39228	0.836051	4.40795	0.298786	5.42448	4.73022e+06

5.37158e+06

28104
55.3261	0.40109	93.9739	0.716386	40.4267	1.21545	17.7347	1.71661	8.07479	2.21822	3.82074	2.72021	2.87859	3.39256	0.841375	4.40817	0.297146	5.42488	5.52596e+06

6.2777e+06

28300
55.3561	0.401192	93.9994	0.716333	40.4325	1.21546	17.7406	1.71642	8.08717	2.21848	3.81021	2.71925	2.86148	3.39305	0.830424	4.40614	0.296219	5.41883	5.56625e+06

6.32262e+06

20272
55.402	0.401234	93.9449	0.716444	40.4691	1.21531	17.7276	1.71706	8.09402	2.21782	3.81556	2.72019	2.87194	3.39129	0.846586	4.4092	0.298244	5.42076	3.98831e+06

4.53018e+06

31795
55.2821	0.401176	93.9053	0.716403	40.4574	1.21525	17.7704	1.71655	8.11124	2.21827	3.84476	2.71979	2.86161	3.39376	0.838308	4.41138	0.292719	5.42219	6.25271e+06

7.10185e+06

27692
55.3403	0.401288	93.9791	0.716365	40.4271	1.21544	17.7723	1.71689	8.08143	2.21797	3.80958	2.72001	2.83869	3.39536	0.83627	4.40878	0.293803	5.41886	5.44728e+06

6.1858e+06

13572
55.2506	0.401125	94.0181	0.71625	40.4447	1.21575	17.8142	1.7167	8.09726	2.21862	3.813	2.71999	2.86612	3.39431	0.843354	4.40923	0.289861	5.41769	2.66975e+06

3.03249e+06

19677
55.3044	0.401156	93.7612	0.716147	40.487	1.21525	17.7419	1.7165	8.06586	2.21817	3.77822	2.72031	2.84505	3.3935	0.847843	4.4057	0.290136	5.4214	3.8644e+06

4.39036e+06

446
55.0987	0.401125	93.6614	0.717013	40.4417	1.21459	17.7152	1.71658	8.24888	2.21744	3.76457	2.71688	2.83632	3.39861	0.764574	4.3814	0.318386	5.4322	87443

99391

12515
55.3052	0.401253	93.9052	0.716249	40.44	1.21536	17.7731	1.71704	8.0676	2.21888	3.81502	2.71973	2.8354	3.39261	0.847143	4.41259	0.292529	5.41738	2.46051e+06

2.79436e+06

19440
55.3595	0.401235	94.0042	0.716363	40.4272	1.21572	17.7599	1.7162	8.05664	2.21855	3.79069	2.71971	2.87191	3.39301	0.83215	4.40809	0.295319	5.42318	3.82294e+06

4.34285e+06

22790
55.2892	0.401205	93.9398	0.716303	40.5048	1.21532	17.7829	1.7169	8.10794	2.21866	3.80527	2.72081	2.86819	3.39379	0.82466	4.4044	0.298113	5.41646	4.48315e+06

5.09176e+06

22523
54.9908	0.40142	94.1348	0.716479	40.5261	1.21539	17.7752	1.71652	8.10407	2.21839	3.80362	2.72048	2.86889	3.3936	0.83781	4.40446	0.288905	5.42025	4.43393e+06

5.03006e+06

17578
55.3446	0.40115	93.9606	0.716282	40.5095	1.21541	17.727	1.71696	8.09626	2.21825	3.80834	2.72008	2.86307	3.3948	0.837695	4.41605	0.290135	5.4237	3.45746e+06

3.92758e+06

13167
55.4103	0.401201	93.9641	0.716395	40.5508	1.21527	17.855	1.71653	8.06266	2.21888	3.83945	2.72031	2.87727	3.3965	0.829118	4.40895	0.296499	5.41529	2.59325e+06

2.94526e+06

32114
55.3626	0.401335	93.8541	0.716441	40.4675	1.21529	17.7318	1.71679	8.08896	2.21792	3.79837	2.71977	2.86209	3.39367	0.842592	4.40718	0.290465	5.42056	6.31375e+06

7.17101e+06

23681
55.2885	0.401178	93.8982	0.71632	40.506	1.21514	17.7842	1.71686	8.10637	2.21902	3.83193	2.71976	2.87665	3.39464	0.841772	4.40634	0.296736	5.41532	4.6587e+06

5.29106e+06

13583
55.3908	0.401177	93.9706	0.716477	40.4974	1.21555	17.7207	1.71691	8.11021	2.21859	3.81602	2.72046	2.88913	3.39437	0.829566	4.41033	0.29213	5.42815	2.67283e+06

3.03602e+06

11349
55.2959	0.401165	93.8803	0.716183	40.4414	1.21566	17.7387	1.71647	8.08309	2.21852	3.85311	2.71981	2.88334	3.39112	0.841396	4.40551	0.29659	5.40977	2.2312e+06

2.53439e+06

14815
55.4239	0.40119	93.9143	0.716258	40.4069	1.21514	17.7655	1.71701	8.07918	2.21816	3.7998	2.72059	2.85467	3.39381	0.842052	4.41013	0.292204	5.41413	2.9129e+06

3.30935e+06

18931
55.245	0.401153	93.9602	0.716442	40.3951	1.21535	17.7804	1.71716	8.09503	2.21885	3.83936	2.7192	2.86319	3.39145	0.847182	4.40968	0.288733	5.42268	3.72222e+06

4.22756e+06

12038
55.4398	0.401138	93.8785	0.716263	40.432	1.21504	17.7379	1.71681	8.13756	2.21896	3.791	2.72046	2.87531	3.39532	0.827961	4.40593	0.290081	5.42917	2.36685e+06

2.68941e+06

16580
55.4244	0.401192	94.0016	0.716305	40.3133	1.21545	17.7803	1.71661	8.04385	2.21832	3.82346	2.71975	2.84819	3.39498	0.820326	4.40553	0.299517	5.4226	3.2594e+06

3.70322e+06

12794
55.4653	0.401126	93.986	0.716313	40.3887	1.2156	17.777	1.71681	8.05979	2.21907	3.78138	2.72111	2.85665	3.39365	0.842739	4.4129	0.301313	5.41635	2.51562e+06

2.85893e+06

22331
55.316	0.401215	93.9189	0.716341	40.4789	1.21558	17.7641	1.71658	8.10134	2.21822	3.81747	2.71975	2.8653	3.39395	0.835341	4.40907	0.287851	5.41879	4.39162e+06

4.98842e+06

16442
55.3526	0.401119	93.9379	0.716174	40.4038	1.21565	17.7557	1.71683	8.07767	2.21841	3.83062	2.71915	2.85239	3.39176	0.830678	4.40736	0.291145	5.42319	3.23198e+06

3.67203e+06

23044
55.3896	0.401171	93.848	0.716221	40.4402	1.21557	17.7685	1.71676	8.08614	2.2184	3.80355	2.71982	2.85042	3.39237	0.829023	4.40931	0.288578	5.42069	4.52946e+06

5.14582e+06

24960
55.274	0.401181	93.8865	0.716117	40.4846	1.21537	17.7629	1.71699	8.06306	2.21782	3.81554	2.72034	2.87079	3.39209	0.83722	4.40905	0.294111	5.41855	4.90691e+06

5.57329e+06

439
54.3166	0.400685	93.1367	0.71712	40.5718	1.21571	17.8815	1.71747	8.14123	2.22009	3.77449	2.72352	2.72437	3.39399	0.888383	4.39714	0.291572	5.38514	85775

97338

457
55.512	0.401239	93.8884	0.715932	40.3939	1.2137	17.5514	1.71577	7.96061	2.21923	3.7593	2.72536	2.88403	3.38297	0.805252	4.41098	0.260394	5.46111	89669

101918

18585
55.3312	0.401165	93.917	0.71624	40.5299	1.21508	17.7358	1.71666	8.10051	2.21773	3.81178	2.72001	2.84859	3.39414	0.841485	4.40747	0.292978	5.42875	3.65516e+06

4.15206e+06

12979
55.3871	0.401294	94.0154	0.715977	40.4617	1.21563	17.789	1.71706	8.04962	2.21786	3.79652	2.7206	2.84136	3.39597	0.828723	4.40568	0.298097	5.41954	2.55384e+06

2.90038e+06

28480
55.3496	0.40122	93.9573	0.716328	40.4625	1.21542	17.7549	1.7168	8.08532	2.21846	3.83508	2.72016	2.86907	3.39461	0.844452	4.40916	0.290239	5.41468	5.6026e+06

6.36381e+06

439
54.9977	0.401082	93.7995	0.71625	40.2118	1.21403	17.6287	1.71695	8.30296	2.2172	3.70387	2.72094	2.83827	3.39537	0.835991	4.42323	0.250569	5.44535	86030

97708

428
55.0794	0.401679	94.0958	0.716831	40.3481	1.21444	17.4206	1.71526	7.99299	2.21659	3.70794	2.71797	2.70561	3.39245	0.836449	4.41688	0.301402	5.40821	83923

95225

27245
55.3707	0.401209	93.9053	0.716251	40.5097	1.21531	17.7617	1.71682	8.07539	2.2184	3.81898	2.71936	2.8697	3.394	0.831565	4.41027	0.295797	5.42005	5.35965e+06

6.0876e+06

23936
55.3321	0.401229	93.9098	0.716562	40.4889	1.21516	17.8227	1.7172	8.07921	2.21812	3.81718	2.71975	2.84985	3.39348	0.835854	4.40773	0.294368	5.42396	4.70889e+06

5.34802e+06

27435
55.4144	0.401268	93.8746	0.716306	40.4356	1.21547	17.8133	1.71695	8.08289	2.21829	3.81093	2.72048	2.8515	3.39318	0.836486	4.40877	0.29251	5.41919	5.39564e+06

6.12931e+06

25836
55.2702	0.401228	93.8912	0.716255	40.4378	1.2154	17.7845	1.71666	8.05291	2.21828	3.81448	2.71978	2.85478	3.39268	0.840455	4.40737	0.293157	5.41855	5.07791e+06

5.76761e+06

23461
55.3442	0.401293	93.7963	0.716313	40.4658	1.21505	17.735	1.71673	8.09296	2.21868	3.82405	2.71965	2.85798	3.39255	0.852393	4.40842	0.294702	5.42388	4.61219e+06

5.23798e+06

26600
55.2462	0.401164	93.9002	0.716411	40.4474	1.21542	17.7932	1.71703	8.09041	2.21868	3.81665	2.72041	2.86199	3.39343	0.836429	4.40605	0.296353	5.42196	5.22957e+06

5.93948e+06

14782
55.2793	0.401274	93.9853	0.716323	40.4323	1.21545	17.7739	1.71663	8.08943	2.21807	3.8053	2.72035	2.87404	3.39408	0.84542	4.40922	0.290894	5.42603	2.9075e+06

3.30194e+06

19746
55.2845	0.401323	93.8752	0.716205	40.5348	1.21567	17.7849	1.71647	8.11025	2.21877	3.84088	2.72054	2.86585	3.39502	0.838094	4.40668	0.292971	5.41491	3.88564e+06

4.4118e+06

16573
55.4496	0.401081	93.8902	0.716453	40.4769	1.21554	17.7417	1.71689	8.07398	2.21819	3.8115	2.71992	2.84607	3.3945	0.837084	4.40507	0.290171	5.42074	3.25794e+06

3.70269e+06

14070
55.2695	0.401181	94.1045	0.716318	40.4149	1.2149	17.7559	1.71679	8.04833	2.2179	3.82317	2.7207	2.84982	3.39296	0.834257	4.41071	0.291613	5.41647	2.76747e+06

3.14313e+06

15232
55.4193	0.401153	93.9086	0.716525	40.5404	1.21519	17.7918	1.71689	8.1231	2.21851	3.81414	2.71994	2.87651	3.394	0.838564	4.4118	0.303112	5.42089	2.99785e+06

3.40611e+06

26976
55.3255	0.401241	93.9372	0.716245	40.4216	1.2152	17.755	1.71689	8.06914	2.21829	3.82559	2.71964	2.86165	3.39476	0.838412	4.4095	0.297301	5.42128	5.30431e+06

6.02459e+06

13348
55.4647	0.401178	93.8311	0.716581	40.5034	1.21573	17.789	1.71686	8.07679	2.2185	3.78933	2.71995	2.83878	3.39232	0.843572	4.40743	0.297648	5.42343	2.62447e+06

2.9824e+06

17849
55.4106	0.40125	93.9333	0.716404	40.4467	1.21517	17.8025	1.71679	8.08309	2.21844	3.79999	2.72061	2.86341	3.39492	0.839319	4.41061	0.293518	5.4239	3.51131e+06

3.98876e+06

29932
55.3058	0.401223	93.8726	0.716334	40.4927	1.21532	17.7517	1.71664	8.07738	2.21797	3.82323	2.71965	2.85898	3.39494	0.830984	4.41139	0.299111	5.42266	5.88485e+06

6.68419e+06

23428
55.4376	0.401146	93.8245	0.716363	40.4779	1.21537	17.7351	1.71674	8.05596	2.21808	3.83285	2.7202	2.85697	3.39368	0.839551	4.40502	0.290464	5.42044	4.60508e+06

5.23267e+06

15145
55.3648	0.401171	93.9253	0.716495	40.3573	1.21546	17.7526	1.71685	8.08722	2.21816	3.84048	2.72122	2.86623	3.39123	0.835853	4.41102	0.299307	5.42037	2.97708e+06

3.38232e+06

17731
55.3084	0.401201	94.0067	0.716265	40.4945	1.21532	17.7423	1.71681	8.1155	2.21814	3.81783	2.71899	2.82968	3.39387	0.850431	4.40893	0.29581	5.41535	3.48831e+06

3.96219e+06

25561
55.312	0.401195	93.9215	0.716304	40.4507	1.21547	17.7452	1.71712	8.10633	2.2188	3.8342	2.71963	2.87227	3.39333	0.841908	4.40791	0.293103	5.42273	5.02717e+06

5.70975e+06

545
54.4477	0.401987	93.7541	0.715886	40.055	1.21664	17.8936	1.71455	8.05321	2.2216	3.94312	2.7261	2.85505	3.39877	0.798165	4.39541	0.308257	5.39872	106873

121049

28819
55.2735	0.401238	94.0066	0.716317	40.4097	1.21537	17.7458	1.71683	8.10358	2.2181	3.79337	2.71914	2.82761	3.39389	0.834623	4.4095	0.297339	5.41855	5.66604e+06

6.43506e+06

18959
55.42	0.401209	94.0064	0.716266	40.4429	1.21527	17.7405	1.71681	8.08666	2.21821	3.79582	2.71953	2.84398	3.3953	0.847935	4.41088	0.30144	5.41827	3.72973e+06

4.23706e+06

25369
55.2517	0.401235	93.93	0.716306	40.5242	1.21539	17.7709	1.71669	8.07635	2.21828	3.80153	2.71946	2.85853	3.39308	0.830935	4.40589	0.298948	5.42511	4.98898e+06

5.66599e+06

22497
55.3845	0.40119	93.9824	0.716282	40.4395	1.21543	17.7227	1.71726	8.06703	2.21841	3.81331	2.71946	2.86265	3.39384	0.825621	4.40803	0.287594	5.4254	4.42323e+06

5.0255e+06

30920
55.3333	0.401236	93.9221	0.716213	40.4245	1.21556	17.7936	1.71684	8.10103	2.21831	3.81255	2.71916	2.84667	3.3935	0.835317	4.41006	0.299224	5.422	6.08142e+06

6.90655e+06

16857
55.2264	0.401215	93.8975	0.716369	40.5691	1.21539	17.8026	1.71707	8.0929	2.21852	3.8193	2.71904	2.8689	3.39359	0.826778	4.40341	0.292104	5.42802	3.31664e+06

3.76578e+06

15805
55.423	0.401223	94.0494	0.716253	40.4212	1.21544	17.771	1.71652	8.09687	2.21788	3.82632	2.71905	2.88213	3.39443	0.829231	4.40477	0.305093	5.42439	3.11079e+06

3.53407e+06

23548
55.4133	0.401207	93.9221	0.716203	40.4742	1.21553	17.7798	1.71695	8.10468	2.21817	3.79603	2.72059	2.84377	3.39389	0.834636	4.40515	0.293061	5.41623	4.63193e+06

5.26207e+06

25961
55.3038	0.401211	93.8829	0.716373	40.4231	1.21526	17.7713	1.71699	8.09087	2.21881	3.82281	2.71974	2.85463	3.39316	0.843457	4.40672	0.296676	5.42373	5.10346e+06

5.79682e+06

17789
55.4739	0.401107	94.0402	0.71625	40.4491	1.2154	17.7704	1.71684	8.07713	2.21843	3.81123	2.72058	2.86542	3.39206	0.845129	4.40816	0.296307	5.41871	3.50044e+06

3.97814e+06

15092
55.2599	0.401152	93.9575	0.716447	40.4266	1.21552	17.7542	1.71664	8.07918	2.21786	3.79492	2.72014	2.86152	3.39278	0.838457	4.40751	0.291148	5.42303	2.96633e+06

3.36949e+06

16433
55.1826	0.401169	93.9186	0.716072	40.4571	1.21532	17.7855	1.71692	8.08002	2.2181	3.83764	2.71976	2.87178	3.39431	0.842573	4.40573	0.297207	5.42448	3.23095e+06

3.66904e+06

28127
55.3503	0.401282	93.8846	0.716222	40.4454	1.21534	17.7703	1.71708	8.04096	2.21784	3.80396	2.71945	2.85423	3.39511	0.827426	4.4094	0.290824	5.42518	5.52893e+06

6.27986e+06

24840
55.3654	0.401177	93.9456	0.716282	40.4821	1.21547	17.7444	1.71707	8.06828	2.21828	3.78543	2.72026	2.85733	3.39326	0.828905	4.40773	0.292874	5.42176	4.88373e+06

5.54852e+06

16101
55.4013	0.401084	94.0397	0.716317	40.4285	1.21546	17.788	1.71672	8.08614	2.21795	3.81548	2.71906	2.86827	3.39285	0.830259	4.40848	0.293336	5.41791	3.16805e+06

3.59939e+06

12204
55.3668	0.401131	93.9939	0.716136	40.4212	1.21558	17.6873	1.71691	8.05318	2.21795	3.80375	2.71952	2.84415	3.39189	0.821616	4.40851	0.300639	5.42287	2.39855e+06

2.72506e+06

29630
19419
55.2937	0.401182	93.9256	0.71644	40.44	1.2155	17.7665	1.71675	8.11802	2.21828	3.80516	2.7201	2.86328	3.39281	0.843166	4.40994	0.298684	5.42902	5.82646e+06

6.61798e+06

55.329	0.401172	94.051	0.71631	40.3692	1.21534	17.7467	1.71678	8.07106	2.21839	3.83326	2.72027	2.85293	3.39243	0.831557	4.40615	0.29569	5.4246	3.819e+06

4.33783e+06

15162
55.3612	0.401195	93.9582	0.71638	40.5104	1.21557	17.8221	1.71737	8.05949	2.21816	3.81071	2.71972	2.85246	3.39472	0.836301	4.40709	0.292903	5.43264	2.98312e+06

3.38876e+06

9943
55.2909	0.401191	93.9352	0.716533	40.5105	1.21536	17.8203	1.71696	8.06547	2.21826	3.78548	2.71969	2.86533	3.39661	0.830132	4.40351	0.295786	5.42269	1.95597e+06

2.22126e+06

32967
55.4132	0.401163	93.9609	0.716321	40.4423	1.21551	17.7576	1.7169	8.09482	2.2186	3.81366	2.72004	2.84418	3.39247	0.835654	4.40799	0.29848	5.42412	6.4845e+06

7.36683e+06

36555
55.2988	0.401125	93.9166	0.716416	40.4545	1.21533	17.7964	1.71682	8.09118	2.21807	3.80569	2.72017	2.86412	3.39382	0.829709	4.40703	0.288469	5.42192	7.18686e+06

8.16439e+06

20327
55.2505	0.401178	93.9262	0.716252	40.4672	1.21534	17.8324	1.71665	8.10498	2.21792	3.80558	2.72057	2.86304	3.39264	0.835736	4.40659	0.293354	5.4227	3.99788e+06

4.54062e+06

14792
55.3415	0.401229	93.8268	0.716453	40.4644	1.21567	17.7832	1.71727	8.05571	2.21801	3.83018	2.72034	2.87358	3.39441	0.838561	4.40555	0.297188	5.42635	2.9078e+06

3.30322e+06

19167
55.3444	0.401147	93.9827	0.716254	40.4005	1.21546	17.764	1.71682	8.05228	2.21797	3.80409	2.71945	2.85642	3.39156	0.830855	4.40799	0.293734	5.42563	3.76685e+06

4.28055e+06

19596
55.2546	0.401261	93.8346	0.716436	40.4619	1.21543	17.7869	1.71671	8.14375	2.21839	3.82655	2.72014	2.84492	3.39467	0.83267	4.40738	0.2995	5.42053	3.8529e+06

4.3755e+06

29364
55.3071	0.401269	93.9084	0.716351	40.5149	1.21542	17.7632	1.71699	8.08224	2.21809	3.82397	2.72019	2.85043	3.39322	0.834832	4.40651	0.299142	5.42427	5.77613e+06

6.55945e+06

19209
55.3265	0.401182	93.8465	0.716305	40.4984	1.21532	17.801	1.71657	8.07486	2.21893	3.79161	2.72063	2.87745	3.39341	0.84627	4.40836	0.299755	5.42245	3.77738e+06

4.29057e+06

1967
55.2608	0.401212	94.1749	0.716612	40.0188	1.21531	17.5516	1.71687	8.02949	2.2184	3.74021	2.71951	2.72649	3.39619	0.831723	4.4092	0.289273	5.42922	385303

437900

27355
55.3696	0.40114	93.9881	0.716194	40.4025	1.21509	17.7104	1.71683	8.1028	2.21823	3.79762	2.7197	2.85805	3.39192	0.834144	4.40815	0.296655	5.42091	5.37809e+06

6.11001e+06

22024
55.4033	0.401229	93.9385	0.716244	40.4145	1.2157	17.751	1.71745	8.07319	2.21789	3.8044	2.72138	2.84621	3.39408	0.831093	4.40989	0.293498	5.42038	4.33043e+06

4.91919e+06

20080
55.3376	0.40128	93.8009	0.716467	40.4682	1.21548	17.7732	1.71709	8.09422	2.21828	3.83207	2.71963	2.8628	3.39505	0.833466	4.41221	0.294074	5.42692	3.94788e+06

4.48379e+06

14352
55.3535	0.4012	94.0645	0.716231	40.4611	1.21548	17.7788	1.71677	8.02376	2.21737	3.81083	2.72119	2.85152	3.39431	0.832915	4.41331	0.287904	5.43268	2.8235e+06

3.20717e+06

22773
55.2398	0.401203	93.8437	0.716471	40.4875	1.21536	17.8266	1.71688	8.12923	2.21803	3.81553	2.72059	2.88262	3.39505	0.839766	4.41228	0.294208	5.42133	4.47915e+06

5.08655e+06

12802
55.3326	0.401106	93.986	0.716376	40.442	1.21553	17.7713	1.71667	8.06647	2.2186	3.81714	2.72094	2.86244	3.39431	0.844243	4.40737	0.288627	5.42043	2.51768e+06

2.8601e+06

14003
55.3068	0.401209	93.8204	0.716263	40.5153	1.21579	17.8175	1.71686	8.07777	2.21865	3.84103	2.72033	2.87917	3.3937	0.841177	4.40926	0.298793	5.42261	2.75475e+06

3.12824e+06

2204
55.647	0.401443	93.8004	0.716151	40.3553	1.21544	17.7418	1.71567	8.03085	2.21769	3.7255	2.722	2.78539	3.39164	0.803085	4.40166	0.291742	5.41187	432801

491891

13065
55.2715	0.401154	94.0132	0.716564	40.4219	1.21504	17.7454	1.71606	8.07447	2.21755	3.80321	2.71977	2.86736	3.39455	0.834902	4.40705	0.299426	5.42794	2.56876e+06

2.91782e+06

12401
55.4475	0.401149	93.8118	0.716339	40.4063	1.21545	17.7815	1.71653	8.13725	2.21852	3.8459	2.72088	2.85033	3.39631	0.82453	4.40835	0.29296	5.42365	2.4383e+06

2.77036e+06

50486
55.3041	0.40124	93.9599	0.716264	40.4654	1.21536	17.7665	1.71697	8.07505	2.21836	3.80715	2.72024	2.85131	3.39199	0.832389	4.40634	0.293527	5.42093	9.92866e+06

1.12763e+07

11776
55.4419	0.401217	93.9918	0.716432	40.4789	1.21574	17.7077	1.71698	8.1008	2.21911	3.81904	2.71935	2.87415	3.39317	0.827191	4.41193	0.291525	5.42668	2.31716e+06

2.63232e+06

13781
55.2095	0.401169	93.8175	0.716242	40.5667	1.21556	17.8144	1.71637	8.09854	2.21829	3.84566	2.72052	2.85959	3.39357	0.833757	4.40914	0.295189	5.42516	2.71021e+06

3.07786e+06

16588
55.3119	0.401202	93.9471	0.716297	40.4266	1.21525	17.7916	1.71696	8.1023	2.21861	3.81179	2.72079	2.85465	3.39408	0.83898	4.40788	0.29027	5.42386	3.26212e+06

3.70535e+06

13151
55.2907	0.401239	93.8948	0.716448	40.4605	1.21565	17.8067	1.71663	8.11284	2.21847	3.83127	2.71986	2.874	3.3915	0.845867	4.40635	0.286062	5.43268	2.58746e+06

2.93797e+06

11849
55.6102	0.401119	94.0149	0.716124	40.4429	1.2155	17.7829	1.71624	8.08583	2.21785	3.83442	2.71922	2.85602	3.39269	0.834332	4.41194	0.300025	5.41778	2.3326e+06

2.65135e+06

12700
55.255	0.40129	93.9718	0.7163	40.397	1.21571	17.7782	1.71675	8.09228	2.21779	3.8648	2.71963	2.86551	3.39381	0.832756	4.40625	0.287874	5.42426	2.49794e+06

2.83648e+06

13191
55.3444	0.401231	94.0076	0.716353	40.3844	1.21548	17.7598	1.71717	8.09067	2.21777	3.81449	2.72022	2.89053	3.39406	0.841331	4.40812	0.298688	5.42586	2.59441e+06

2.94729e+06

11718
55.2248	0.401204	93.801	0.716442	40.582	1.21561	17.7401	1.71701	8.07527	2.21809	3.81336	2.7196	2.86004	3.39432	0.845878	4.40666	0.28836	5.42799	2.30349e+06

2.61582e+06

11660
55.2402	0.401302	93.9738	0.716452	40.4496	1.21529	17.7063	1.71694	8.05386	2.21833	3.78456	2.71915	2.87075	3.39436	0.834048	4.41384	0.283962	5.4202	2.29174e+06

2.60248e+06

14532
55.3285	0.401342	93.955	0.71648	40.4482	1.21574	17.7588	1.71685	8.09331	2.21891	3.80106	2.71899	2.8612	3.3955	0.838013	4.41132	0.297344	5.4212	2.85875e+06

3.24618e+06

28950
55.2336	0.401279	93.8994	0.716517	40.4944	1.21541	17.779	1.71658	8.0799	2.21803	3.80059	2.72033	2.86335	3.39478	0.837098	4.40676	0.292642	5.41795	5.6929e+06

6.46396e+06

47955
55.261	0.401169	93.9366	0.716381	40.4938	1.21573	17.8018	1.71722	8.10139	2.21849	3.8307	2.71981	2.85101	3.3927	0.841664	4.40992	0.293921	5.42443	9.43332e+06

1.07137e+07

19354
55.339	0.40126	93.9563	0.71618	40.4168	1.21549	17.7495	1.71683	8.04035	2.21795	3.78237	2.71977	2.85466	3.39377	0.831146	4.41146	0.291516	5.41983	3.80438e+06

4.321e+06

10931
55.2726	0.401273	93.9074	0.716525	40.5144	1.21558	17.7465	1.71703	8.13924	2.21801	3.85244	2.71984	2.88985	3.39171	0.861037	4.4098	0.29979	5.42189	2.15144e+06

2.4429e+06

17167
55.3674	0.401215	93.9237	0.716176	40.4011	1.2155	17.7971	1.71671	8.09175	2.21844	3.80375	2.72071	2.90546	3.39344	0.841032	4.41282	0.297373	5.42534	3.3767e+06

3.8356e+06

10639
55.2104	0.401258	93.9216	0.716167	40.5257	1.21518	17.7787	1.71666	8.07275	2.2179	3.81154	2.72028	2.86897	3.39372	0.846038	4.40764	0.284801	5.42282	2.09266e+06

2.37591e+06

10503
55.2332	0.401192	93.971	0.716247	40.4802	1.21561	17.707	1.71669	8.07531	2.21829	3.8329	2.71956	2.87204	3.39421	0.846044	4.4083	0.295439	5.41982	2.06533e+06

2.34546e+06

22132
55.3041	0.401239	93.8395	0.716239	40.4835	1.21525	17.7698	1.7168	8.08458	2.21816	3.81543	2.71986	2.86427	3.39408	0.837882	4.40875	0.295545	5.41976	4.35135e+06

4.94196e+06

46243
55.3452	0.401215	93.9567	0.716359	40.4734	1.21543	17.7405	1.71709	8.07225	2.2184	3.82194	2.72005	2.87724	3.39318	0.840754	4.40946	0.295699	5.41877	9.09592e+06

1.03318e+07

23139
55.3091	0.401213	93.847	0.716361	40.4744	1.21555	17.8061	1.71686	8.05359	2.21834	3.83279	2.71971	2.87009	3.39447	0.847314	4.41045	0.294524	5.42567	4.54974e+06

5.16775e+06

27202
55.2694	0.401183	93.9056	0.716395	40.507	1.21553	17.7725	1.7172	8.1165	2.21871	3.8249	2.71992	2.8638	3.39356	0.838946	4.4114	0.29292	5.42376	5.3502e+06

6.0767e+06

45013
55.2589	0.401169	93.9299	0.71634	40.4697	1.21535	17.7753	1.71652	8.07935	2.21846	3.8296	2.71989	2.87073	3.39262	0.840668	4.40895	0.293226	5.42485	8.85169e+06

1.00535e+07

25772
55.3024	0.401233	93.9019	0.716373	40.4785	1.21549	17.8001	1.7172	8.10577	2.21814	3.81348	2.72107	2.86225	3.39506	0.835325	4.40395	0.295941	5.42389	5.06959e+06

5.75735e+06

25892
55.3589	0.401174	93.9596	0.716253	40.4304	1.21521	17.7114	1.71682	8.11077	2.218	3.81172	2.72008	2.84462	3.39437	0.835548	4.40684	0.297775	5.42746	5.09126e+06

5.78325e+06

26092
55.3165	0.401183	93.9578	0.716317	40.4994	1.21539	17.7838	1.71688	8.10275	2.21834	3.83374	2.72043	2.86778	3.39458	0.851985	4.40787	0.290664	5.42096	5.13426e+06

5.83168e+06

17870
55.3575	0.40123	93.9983	0.716313	40.4883	1.21554	17.6891	1.71717	8.06245	2.21918	3.79407	2.72101	2.8427	3.39251	0.834247	4.40877	0.295915	5.42743	3.51452e+06

3.99149e+06

42979
55.3672	0.401204	93.9295	0.716322	40.4545	1.21551	17.7756	1.71691	8.09944	2.21849	3.8187	2.71974	2.86361	3.39295	0.843575	4.40801	0.294772	5.4229	8.454e+06

9.60352e+06

24550
55.349	0.401238	93.9253	0.716409	40.4302	1.21505	17.7881	1.71725	8.06379	2.21811	3.82664	2.71957	2.87079	3.39197	0.824481	4.40734	0.290387	5.4177	4.82804e+06

5.4837e+06

20565
55.2726	0.401172	93.8872	0.71628	40.4691	1.21539	17.8089	1.71679	8.05646	2.21784	3.81994	2.72033	2.87343	3.39469	0.831947	4.40785	0.291952	5.41965	4.04324e+06

4.5924e+06

25072
55.2837	0.401171	93.8736	0.71664	40.5355	1.21548	17.7981	1.71753	8.06808	2.21789	3.81055	2.72001	2.8815	3.39419	0.841656	4.40877	0.298859	5.41733	4.93119e+06

5.60087e+06

22103
55.4379	0.401216	93.9087	0.716106	40.4376	1.21529	17.7508	1.71676	8.07261	2.21854	3.81681	2.72016	2.85038	3.39443	0.829525	4.41245	0.294259	5.42011	4.34651e+06

4.93778e+06

27765
55.4151	0.401247	94.0096	0.716377	40.4313	1.21536	17.7444	1.71683	8.08766	2.21812	3.80623	2.71967	2.84055	3.39496	0.833243	4.40818	0.292599	5.4193	5.46199e+06

6.20439e+06

25076
55.4005	0.401173	93.8232	0.716404	40.5202	1.21551	17.7577	1.71691	8.08155	2.21846	3.82409	2.71945	2.86557	3.39484	0.843077	4.40898	0.300885	5.42196	4.93143e+06

5.6024e+06

11760
55.4917	0.401218	93.9461	0.716434	40.4515	1.21548	17.7573	1.71678	8.05646	2.21783	3.7943	2.7193	2.86361	3.39206	0.85102	4.4106	0.292432	5.41229	2.31342e+06

2.62841e+06

41918
55.2864	0.401257	93.9542	0.71623	40.431	1.21539	17.7787	1.71669	8.08481	2.21834	3.8216	2.72029	2.87483	3.39337	0.839496	4.41148	0.299108	5.41874	8.2452e+06

9.36323e+06

17936
55.4326	0.401161	93.9196	0.716387	40.4668	1.21521	17.7244	1.71713	8.07666	2.21848	3.82934	2.72009	2.87037	3.39318	0.831178	4.4082	0.292206	5.42282	3.52731e+06

4.00768e+06

9703
55.3547	0.401101	93.9264	0.716488	40.4941	1.21548	17.7565	1.71743	8.03483	2.21844	3.79161	2.72122	2.84273	3.39283	0.832217	4.41485	0.289189	5.41572	1.90687e+06

2.1669e+06

34337
55.3197	0.401188	93.9355	0.716363	40.4143	1.21546	17.7704	1.71682	8.04907	2.21823	3.81722	2.71933	2.85578	3.39295	0.829746	4.40674	0.292833	5.42115	6.7493e+06

7.66692e+06

24166
55.3389	0.401299	93.9148	0.716267	40.4522	1.21536	17.7705	1.71656	8.07871	2.21813	3.826	2.7196	2.86531	3.39274	0.831954	4.40969	0.297691	5.41776	4.75354e+06

5.39811e+06

23585
55.2855	0.401243	93.8837	0.71646	40.4782	1.21581	17.7397	1.71731	8.08908	2.21837	3.81552	2.72077	2.86322	3.3947	0.836845	4.40982	0.299894	5.42173	4.63731e+06

5.26634e+06

22628
55.2745	0.401203	93.8842	0.716396	40.4672	1.21547	17.7669	1.71694	8.08763	2.21878	3.81275	2.72086	2.85341	3.39398	0.842717	4.4089	0.290746	5.42156	4.44854e+06

5.05238e+06

19027
55.4322	0.401118	93.9887	0.716183	40.4899	1.21517	17.7676	1.71678	8.08467	2.21834	3.7985	2.71971	2.85421	3.39291	0.832449	4.40758	0.29353	5.41487	3.74373e+06

4.25333e+06

27307
55.2518	0.401208	93.8568	0.716433	40.45	1.21547	17.8093	1.71682	8.06321	2.21745	3.8206	2.71978	2.86029	3.39419	0.839968	4.40846	0.293185	5.42616	5.36764e+06

6.09616e+06

21546
55.3438	0.401239	93.9153	0.716372	40.451	1.21569	17.721	1.71672	8.06925	2.2181	3.82591	2.71968	2.85492	3.39286	0.829806	4.40493	0.293744	5.4199	4.23589e+06

4.81132e+06

29742
55.2397	0.401225	93.8797	0.716384	40.4903	1.21539	17.7911	1.71646	8.11317	2.21805	3.82116	2.72058	2.88131	3.3919	0.84036	4.40963	0.293928	5.42059	5.84992e+06

6.6429e+06

10294
55.3725	0.401159	94.0895	0.716498	40.4636	1.2158	17.716	1.71669	8.08403	2.21749	3.8164	2.72037	2.86818	3.39371	0.840101	4.40648	0.288226	5.41815	2.02558e+06

2.30111e+06

11894
55.3226	0.401208	93.945	0.716361	40.427	1.21548	17.6845	1.71693	8.10392	2.21827	3.8194	2.71918	2.85858	3.39532	0.844628	4.40661	0.298386	5.41701	2.33815e+06

2.65598e+06

11912
55.3241	0.401158	93.8183	0.716324	40.5205	1.21545	17.7965	1.71651	8.10343	2.2186	3.8049	2.72024	2.89112	3.39542	0.843939	4.41187	0.294493	5.42506	2.34263e+06

2.66111e+06

24263
55.3941	0.401108	94.0328	0.716397	40.4619	1.21541	17.7308	1.71676	8.07336	2.21871	3.80843	2.71989	2.86795	3.39462	0.833326	4.41172	0.302024	5.41792	4.7731e+06

5.4229e+06

13142
55.3737	0.401248	93.9133	0.716179	40.4473	1.21568	17.7732	1.71698	8.08834	2.21875	3.8151	2.71974	2.8539	3.391	0.827195	4.40689	0.291965	5.42272	2.58462e+06

2.93571e+06

19367
55.3066	0.40115	93.8884	0.716362	40.4491	1.21549	17.7587	1.71707	8.11039	2.21861	3.80513	2.71942	2.87334	3.39396	0.838746	4.41236	0.296174	5.42123	3.8077e+06

4.32516e+06

31820
55.304	0.401239	93.8235	0.716237	40.5204	1.21526	17.7797	1.71654	8.07049	2.21801	3.83595	2.72026	2.86716	3.39273	0.840383	4.41433	0.292363	5.4213	6.25704e+06

7.10648e+06

10850
55.475	0.401197	93.9209	0.71619	40.4176	1.21512	17.7894	1.71604	8.1023	2.21811	3.84498	2.72043	2.85724	3.39291	0.827742	4.41119	0.294101	5.423	2.13464e+06

2.42529e+06

19819
55.3594	0.401199	93.7772	0.71626	40.479	1.2153	17.756	1.71672	8.0999	2.21915	3.80912	2.71989	2.86523	3.39346	0.831576	4.40874	0.292396	5.42011	3.89474e+06

4.42498e+06

38222
55.2116	0.401235	93.9205	0.716519	40.4573	1.21542	17.7609	1.71679	8.08681	2.21812	3.79996	2.71986	2.87293	3.39314	0.842551	4.40782	0.295615	5.42356	7.51485e+06

8.53299e+06

11521
55.3173	0.401223	93.9242	0.716426	40.4071	1.21558	17.8712	1.71656	8.05538	2.21921	3.83916	2.72009	2.88213	3.39732	0.834129	4.40573	0.294332	5.41514	2.26625e+06

2.57408e+06

32154
17372
55.3181	0.401245	93.9421	0.716119	40.442	1.21513	17.7718	1.71696	8.11958	2.21821	3.78612	2.72031	2.83843	3.39263	0.837439	4.40647	0.292094	5.41556	6.32333e+06
55.3983	0.401206	94.0094	0.716253	40.463	1.21531	17.789	1.71663	8.06367	2.21874	3.80923	2.71851	2.86875	3.39344	0.828344	4.40739	0.290813	5.42694	3.41831e+06


3.883e+06
7.18152e+06


16450
55.3753	0.401174	93.9409	0.716189	40.4897	1.21553	17.7871	1.71677	8.12249	2.21817	3.84498	2.72087	2.86875	3.39258	0.836596	4.40741	0.300122	5.42017	3.23757e+06

3.67766e+06

31676
55.3619	0.401154	93.9419	0.716396	40.5021	1.21541	17.7503	1.71712	8.06674	2.21858	3.82353	2.71956	2.85456	3.39227	0.831071	4.40729	0.288231	5.41945	6.22989e+06

7.07706e+06

15773
55.3068	0.401155	93.8035	0.716162	40.5078	1.21538	17.7972	1.71697	8.07627	2.21824	3.8254	2.72092	2.85329	3.39548	0.83364	4.41002	0.295378	5.42045	3.10085e+06

3.5221e+06

23172
55.3836	0.401146	93.9149	0.716228	40.488	1.21533	17.7681	1.71705	8.0766	2.21808	3.81283	2.71915	2.85914	3.39406	0.835318	4.40704	0.291904	5.42473	4.55718e+06

5.17733e+06

14227
55.2653	0.401112	93.8078	0.716568	40.4955	1.21573	17.7545	1.71648	8.12012	2.21774	3.82196	2.72049	2.86273	3.3919	0.842272	4.40863	0.287552	5.4176	2.79618e+06

3.17629e+06

29913
55.2984	0.401272	93.8023	0.716385	40.5075	1.21551	17.7559	1.71659	8.09832	2.21849	3.8292	2.71955	2.87029	3.39334	0.834453	4.40709	0.29208	5.41393	5.88189e+06

6.67922e+06

21238
55.3691	0.401138	93.9087	0.716347	40.499	1.21539	17.7521	1.71691	8.09794	2.21805	3.83176	2.72042	2.87442	3.39542	0.827714	4.40649	0.289669	5.42902	4.17686e+06

4.74564e+06

30767
21298
55.411	0.401193	93.9327	0.716299	40.4421	1.21551	17.8102	1.71696	8.08873	2.21825	3.81168	2.72033	2.84808	3.39497	0.846524	4.40761	0.299444	5.41631	6.0524e+06

55.3276	0.401164	93.94	0.716194	40.366	1.21539	17.7354	1.71636	8.07794	2.21803	3.79313	2.72072	2.85351	3.39412	0.841441	4.40875	0.291999	5.42431	4.18519e+06

4.75429e+06

6.87613e+06

20087
55.3228	0.401264	94.0176	0.71638	40.4523	1.21571	17.7546	1.71706	8.0924	2.21834	3.81819	2.72006	2.87345	3.39358	0.845173	4.40706	0.293424	5.42476	3.95302e+06

4.48884e+06

48891
55.3563	0.401257	93.9117	0.716351	40.505	1.21548	17.7625	1.71688	8.09738	2.21787	3.81404	2.71916	2.86476	3.39393	0.836207	4.40603	0.294349	5.42152	9.61804e+06

1.09243e+07

22129
55.3774	0.401163	93.8788	0.716502	40.4198	1.21553	17.7317	1.71705	8.07868	2.21889	3.81156	2.71971	2.86651	3.39527	0.824529	4.40925	0.299652	5.42339	4.34944e+06

4.94116e+06

14614
55.3569	0.401167	93.9282	0.716237	40.5277	1.21554	17.7401	1.71646	8.09422	2.21851	3.82524	2.72	2.86191	3.39433	0.843506	4.40654	0.285001	5.42644	2.8748e+06

3.26569e+06

40832
55.35	0.401201	93.9132	0.716176	40.5156	1.21563	17.7687	1.71684	8.0927	2.21838	3.80922	2.71993	2.87409	3.39366	0.843162	4.4102	0.296875	5.42079	8.03388e+06

9.12446e+06

28499
55.266	0.401257	93.9888	0.716222	40.4654	1.21518	17.7691	1.71707	8.06105	2.2184	3.80175	2.71881	2.84919	3.39287	0.83245	4.40216	0.293414	5.41723	5.60487e+06

6.3646e+06

24556
55.3889	0.401183	94.0607	0.71619	40.4467	1.21531	17.7704	1.71688	8.08202	2.21781	3.80432	2.72015	2.86236	3.39203	0.829044	4.4095	0.287832	5.42095	4.83231e+06

5.48906e+06

11468
55.491	0.401324	93.8296	0.716069	40.4917	1.2155	17.7063	1.71681	8.04369	2.21784	3.81819	2.72101	2.83223	3.39581	0.843826	4.41823	0.288106	5.42741	2.2545e+06

2.56132e+06

12947
55.3403	0.401171	94.0113	0.716171	40.4203	1.21545	17.7855	1.71664	8.07647	2.21779	3.80775	2.71942	2.85	3.39327	0.820113	4.40781	0.291882	5.42433	2.54601e+06

2.89241e+06

24613
55.2446	0.401221	93.7697	0.716356	40.5513	1.21555	17.8372	1.71662	8.08008	2.21821	3.83241	2.72003	2.86759	3.39594	0.849226	4.40789	0.291472	5.42361	4.84037e+06

5.49666e+06

15634
55.3478	0.401262	93.7908	0.716452	40.3963	1.21564	17.7909	1.71695	8.1042	2.21734	3.84303	2.72019	2.89574	3.39326	0.836254	4.40265	0.291096	5.42069	3.07356e+06

3.49101e+06

23118
55.3128	0.401213	93.8895	0.716448	40.4849	1.21532	17.8141	1.71701	8.06493	2.21834	3.82023	2.71988	2.84177	3.39403	0.829613	4.40683	0.294965	5.4228	4.54566e+06

5.16347e+06

21859
55.3703	0.401209	93.9096	0.716276	40.4437	1.21536	17.7372	1.71689	8.08573	2.21807	3.81925	2.71982	2.87945	3.39442	0.837001	4.40734	0.291413	5.42181	4.29826e+06

4.88272e+06

13256
55.471	0.401141	93.9558	0.716255	40.4266	1.21554	17.7489	1.71704	8.04202	2.21712	3.81322	2.71972	2.84799	3.39186	0.847164	4.40817	0.294584	5.42629	2.60673e+06

2.96202e+06

10918
55.4287	0.401204	93.8846	0.716497	40.5567	1.21501	17.7252	1.7173	8.0457	2.21859	3.81563	2.72026	2.86628	3.3945	0.837333	4.41227	0.294743	5.42498	2.14734e+06

2.43968e+06

0
-nan	-nan	-nan	-nan	-nan	-nan	-nan	-nan	-nan	-nan	-nan	-nan	-nan	-nan	-nan	-nan	-nan	-nan	0

0

27369
55.4006	0.401197	93.8955	0.71636	40.4875	1.21555	17.7775	1.71677	8.092	2.21854	3.82677	2.72022	2.83704	3.39225	0.842742	4.40934	0.293763	5.42163	5.38345e+06

6.1157e+06

12576
55.3632	0.401123	93.8675	0.716426	40.4268	1.21542	17.7823	1.71726	8.09327	2.21805	3.7989	2.72121	2.85592	3.39274	0.836514	4.40287	0.289758	5.4302	2.47179e+06

2.8084e+06

24457
55.3641	0.401196	93.9361	0.71639	40.4626	1.21549	17.7626	1.71702	8.11138	2.21817	3.81813	2.7198	2.86949	3.39309	0.832972	4.41056	0.298974	5.42041	4.8109e+06

5.46507e+06

46811
55.3229	0.401242	93.9838	0.716382	40.4817	1.21549	17.7438	1.71685	8.0859	2.21828	3.8143	2.71994	2.86772	3.39336	0.832198	4.40907	0.296084	5.42285	9.20912e+06

1.04589e+07

818
55.1064	0.401038	93.9034	0.715494	40.3521	1.21685	17.7653	1.71785	7.99511	2.22112	3.83619	2.71907	2.98289	3.38762	0.892421	4.40657	0.327628	5.40894	160764

182546

14557
55.2376	0.401244	93.791	0.716334	40.4725	1.2159	17.8059	1.71694	8.11287	2.21899	3.82414	2.71887	2.88624	3.39425	0.862197	4.40641	0.300474	5.42533	2.86212e+06

3.25047e+06

12740
55.4415	0.401179	93.9488	0.716199	40.4082	1.21578	17.827	1.71666	8.07143	2.21896	3.79451	2.72006	2.84929	3.39345	0.835243	4.41019	0.293093	5.41673	2.50562e+06

2.847e+06

45317
55.331	0.401209	93.8584	0.716301	40.498	1.21547	17.7638	1.71683	8.09515	2.21844	3.81691	2.71968	2.85147	3.39268	0.839729	4.41102	0.296114	5.42006	8.91131e+06

1.01216e+07

18906
55.3929	0.40118	93.9454	0.716428	40.4415	1.21538	17.7347	1.7171	8.07796	2.21796	3.80488	2.71996	2.85962	3.3935	0.844124	4.40664	0.292553	5.42969	3.71728e+06

4.22348e+06

23542
55.3298	0.401186	93.9177	0.716337	40.5268	1.2158	17.7821	1.71723	8.07514	2.21845	3.80902	2.72011	2.86781	3.393	0.8371	4.40806	0.292881	5.41964	4.63111e+06

5.26018e+06

11432
55.3417	0.401145	93.8927	0.716507	40.4676	1.2156	17.7477	1.71655	8.03508	2.21779	3.80581	2.72043	2.85506	3.39138	0.84176	4.40578	0.290325	5.4226	2.24701e+06

2.55251e+06

21248
55.3929	0.401248	93.9003	0.71634	40.4236	1.21543	17.7303	1.7168	8.08448	2.21794	3.83156	2.71953	2.85862	3.39347	0.83462	4.4071	0.294004	5.42965	4.17757e+06

4.74575e+06

43915
55.3052	0.401226	93.9234	0.71639	40.4847	1.21522	17.7986	1.7168	8.10033	2.21822	3.83361	2.71943	2.86173	3.39307	0.837003	4.40922	0.299214	5.4215	8.63959e+06

9.81253e+06

20206
55.3893	0.401209	93.9	0.716378	40.4905	1.21502	17.7529	1.71671	8.08468	2.21809	3.82604	2.7197	2.85801	3.39382	0.830001	4.40776	0.296694	5.42324	3.97443e+06

4.51459e+06

12058
55.4958	0.401123	93.8911	0.716277	40.5396	1.21542	17.7489	1.71703	8.08799	2.21836	3.83098	2.71974	2.84716	3.39276	0.837121	4.41345	0.299469	5.42233	2.37212e+06

2.6959e+06

22314
55.2823	0.401237	94.0211	0.716409	40.3652	1.21565	17.7876	1.71668	8.07256	2.21833	3.82226	2.71987	2.86264	3.39372	0.840683	4.40953	0.29188	5.42369	4.38878e+06

4.98375e+06

29151
55.4247	0.401167	93.965	0.716307	40.4847	1.21535	17.7357	1.71692	8.09372	2.2182	3.8197	2.71983	2.86024	3.39251	0.823677	4.40622	0.289596	5.42741	5.7347e+06

6.51516e+06

41494
55.3568	0.40115	94.0281	0.716289	40.4727	1.21529	17.7855	1.71685	8.07013	2.21815	3.80265	2.7199	2.84986	3.39266	0.838603	4.40758	0.294211	5.42108	8.16409e+06

9.27385e+06

13281
55.3135	0.401225	93.8283	0.716438	40.5202	1.21561	17.7818	1.7168	8.05722	2.21819	3.81018	2.71948	2.85453	3.39423	0.836232	4.4061	0.287102	5.41929	2.61076e+06

2.9655e+06

30365
55.3925	0.401199	93.8409	0.716307	40.4696	1.21551	17.7475	1.71693	8.07542	2.21841	3.81383	2.71954	2.85783	3.39355	0.836983	4.40846	0.287667	5.42249	5.96999e+06

6.78118e+06

27591
55.3703	0.401161	93.9738	0.716389	40.4402	1.21551	17.733	1.71676	8.07151	2.21859	3.82175	2.71948	2.8684	3.39386	0.828386	4.41034	0.297053	5.42011	5.42594e+06

6.16395e+06

24931
55.323	0.401207	93.9863	0.716278	40.4435	1.21525	17.7676	1.71676	8.09707	2.21785	3.81966	2.7203	2.8712	3.39384	0.833661	4.40923	0.294653	5.4207	4.90443e+06

5.5705e+06

27850
55.4062	0.401202	93.9153	0.716422	40.4331	1.21567	17.7262	1.71676	8.08833	2.2179	3.81192	2.71961	2.8618	3.39362	0.834219	4.40604	0.296194	5.41593	5.47598e+06

6.22095e+06

14550
55.372	0.40121	94.0253	0.716322	40.4615	1.21523	17.7112	1.71689	8.05649	2.2185	3.78062	2.71955	2.85498	3.3912	0.834158	4.40874	0.283368	5.4298	2.86112e+06

3.25017e+06

12372
55.433	0.40122	93.7758	0.716636	40.449	1.21523	17.7109	1.7169	8.10564	2.21888	3.82937	2.72002	2.87811	3.3907	0.839395	4.40494	0.303346	5.41797	2.4319e+06

2.76297e+06

26402
55.3068	0.401167	93.9911	0.716509	40.3652	1.2153	17.7517	1.71675	8.05227	2.21779	3.81179	2.71933	2.83626	3.39329	0.829066	4.40679	0.291645	5.42762	5.18827e+06

5.89387e+06

12777
55.4377	0.401138	93.9703	0.716419	40.3632	1.21549	17.7797	1.7169	8.072	2.21872	3.77953	2.72007	2.86014	3.39489	0.824842	4.40962	0.295296	5.42867	2.5117e+06

2.85416e+06

20877
55.3258	0.401181	93.9941	0.716342	40.4295	1.21565	17.7822	1.7164	8.08905	2.21895	3.81664	2.71999	2.86286	3.39354	0.844326	4.41032	0.287398	5.4219	4.10675e+06

4.66459e+06

14465
55.3661	0.401075	93.9161	0.716429	40.3986	1.21552	17.7496	1.71669	8.07494	2.21806	3.8168	2.72086	2.83546	3.39181	0.850743	4.40705	0.291531	5.42156	2.84314e+06

3.23003e+06

12409
55.3729	0.401242	93.9058	0.716198	40.4421	1.21555	17.7684	1.71643	8.07051	2.21889	3.82037	2.7198	2.8688	3.39261	0.847611	4.41069	0.294786	5.4203	2.44037e+06

2.77206e+06

20485
55.4039	0.401199	93.7908	0.716134	40.4418	1.21563	17.7566	1.71711	8.08035	2.21833	3.83017	2.71928	2.87713	3.39422	0.839346	4.40812	0.301489	5.4182	4.02662e+06

4.57474e+06

23161
55.2903	0.401218	94.0294	0.716395	40.4433	1.21544	17.7641	1.71671	8.06666	2.21843	3.82596	2.72066	2.87216	3.39476	0.847804	4.40932	0.297958	5.42481	4.55663e+06

5.17504e+06

39714
55.3415	0.401219	94.0278	0.716286	40.5388	1.21543	17.7443	1.7169	8.08602	2.21852	3.8041	2.71958	2.86634	3.39217	0.833761	4.40823	0.298812	5.41995	7.81657e+06

8.87773e+06

12991
55.4032	0.401173	93.8688	0.716309	40.4331	1.21536	17.7431	1.71704	8.05358	2.21862	3.81341	2.72018	2.83843	3.39388	0.841044	4.41036	0.293126	5.42988	2.55301e+06

2.90073e+06

15508
55.2971	0.40115	93.9532	0.716191	40.4796	1.21551	17.7078	1.71673	8.09543	2.21832	3.7914	2.71971	2.82744	3.39248	0.829959	4.40659	0.295654	5.4194	3.04832e+06

3.46259e+06

15050
55.3714	0.401211	93.9751	0.716229	40.4132	1.21559	17.774	1.71697	8.04664	2.2174	3.80558	2.71993	2.86146	3.39282	0.830299	4.40996	0.293688	5.42026	2.95954e+06

3.36174e+06

37462
55.3298	0.401221	93.8855	0.716253	40.4538	1.21548	17.7419	1.71706	8.07987	2.21775	3.81974	2.71982	2.87958	3.39579	0.844429	4.40971	0.293684	5.41981	7.36595e+06

8.36632e+06

29022
55.2621	0.401241	93.9508	0.716287	40.4219	1.21556	17.769	1.71706	8.08924	2.21899	3.80566	2.71964	2.87551	3.39451	0.838502	4.40767	0.297533	5.42247	5.70648e+06

6.48091e+06

1550
55.3955	0.401311	93.7032	0.715837	40.6652	1.21537	17.4329	1.71721	8.07871	2.21684	3.82452	2.71951	2.74581	3.39638	0.822581	4.40071	0.263871	5.41924	304219

345545

13147
55.417	0.401106	94.0343	0.716521	40.4983	1.21504	17.7563	1.7165	8.0283	2.21857	3.78984	2.71981	2.8411	3.39314	0.823534	4.41186	0.290713	5.42161	2.58571e+06

2.93808e+06

13477
55.4008	0.401195	93.8126	0.716411	40.4265	1.21515	17.7767	1.71686	8.0529	2.21777	3.80114	2.71921	2.88061	3.39265	0.828523	4.40398	0.292721	5.43014	2.64825e+06

3.00904e+06

12372
55.4328	0.401213	93.8333	0.716376	40.4736	1.21597	17.7081	1.71702	8.06393	2.21816	3.81321	2.72011	2.85871	3.39377	0.834707	4.4072	0.296314	5.42286	2.4316e+06

2.76285e+06

14120
55.2863	0.401116	94.0222	0.716111	40.4479	1.21549	17.7527	1.7164	8.1114	2.21859	3.81473	2.71998	2.84391	3.39442	0.835623	4.40886	0.290156	5.417	2.77684e+06

3.15448e+06

25995
55.3281	0.401129	93.9211	0.716422	40.455	1.21541	17.7566	1.71695	8.09948	2.21837	3.82427	2.71945	2.86824	3.3916	0.841354	4.40789	0.292518	5.42709	5.11177e+06

5.80694e+06

29385
55.3386	0.401189	93.9881	0.716246	40.4624	1.21565	17.7816	1.71633	8.05717	2.21862	3.81858	2.72014	2.85789	3.39391	0.833452	4.40841	0.299677	5.42034	5.78025e+06

6.56571e+06

14511
55.3042	0.40113	93.9086	0.716419	40.5197	1.2153	17.7818	1.71719	8.1126	2.21892	3.8273	2.7205	2.84432	3.3937	0.837089	4.41094	0.29171	5.42318	2.85427e+06

3.24215e+06

36641
55.2626	0.401193	93.906	0.716352	40.4679	1.21566	17.8074	1.71689	8.09992	2.21838	3.8297	2.72024	2.87579	3.3933	0.840561	4.41038	0.287028	5.4198	7.207e+06

8.18476e+06

13888
55.3324	0.401038	93.8991	0.716203	40.3985	1.21542	17.8435	1.71677	8.05494	2.21874	3.79263	2.71984	2.86787	3.39392	0.833813	4.41268	0.288738	5.42797	2.72979e+06

3.10135e+06

11895
55.5016	0.401239	93.9343	0.716561	40.4797	1.21556	17.768	1.71659	8.07137	2.21804	3.79697	2.71981	2.85809	3.39228	0.843884	4.40583	0.293232	5.42082	2.34032e+06

2.65909e+06

27447
55.3231	0.40115	94.0713	0.716339	40.4142	1.21566	17.7732	1.7168	8.0756	2.21892	3.79134	2.71976	2.86396	3.3931	0.85084	4.40871	0.303822	5.42489	5.39942e+06

6.13351e+06

15261
55.4353	0.401246	93.9762	0.716507	40.3787	1.21544	17.7627	1.71698	8.09573	2.21812	3.81489	2.71967	2.88887	3.39423	0.848437	4.40551	0.298932	5.41489	3.00244e+06

3.41083e+06

21948
55.2936	0.401253	93.9386	0.716278	40.4912	1.21532	17.8328	1.71734	8.08019	2.21822	3.79283	2.71995	2.87211	3.39199	0.836249	4.40643	0.293011	5.4219	4.3183e+06

4.90386e+06

39671
55.2866	0.401233	93.8538	0.71633	40.4535	1.21533	17.7939	1.71704	8.08845	2.21837	3.82322	2.72002	2.85052	3.39375	0.841597	4.4071	0.297472	5.41909	7.80003e+06

8.8581e+06

22958
55.289	0.401204	93.8872	0.716493	40.457	1.21535	17.7408	1.71655	8.07239	2.21797	3.81174	2.72019	2.86654	3.39344	0.842451	4.40957	0.297674	5.41869	4.5137e+06

5.12572e+06

18053
55.3289	0.401185	93.9256	0.716373	40.4457	1.21566	17.6589	1.71706	8.02	2.21781	3.791	2.72021	2.88002	3.39154	0.830222	4.40947	0.296904	5.42138	3.54644e+06

4.02902e+06

20391
55.4001	0.401231	93.8946	0.716476	40.4821	1.21554	17.8036	1.71713	8.10745	2.21794	3.80354	2.72065	2.86896	3.39281	0.843313	4.41217	0.292188	5.42299	4.01216e+06

4.5573e+06

26281
55.3679	0.401239	93.9545	0.716338	40.4897	1.21545	17.7671	1.71714	8.11042	2.21836	3.79582	2.7196	2.85769	3.39264	0.83528	4.4104	0.289601	5.42593	5.17043e+06

5.87296e+06

16058
55.3813	0.401156	93.9053	0.716283	40.4206	1.21532	17.6805	1.71709	8.08787	2.21791	3.82283	2.71974	2.84917	3.39306	0.837651	4.40669	0.293748	5.42103	3.15564e+06

3.58541e+06

27247
55.3609	0.401208	93.9296	0.716166	40.5011	1.21521	17.7606	1.71711	8.09241	2.21839	3.79763	2.7197	2.85074	3.39464	0.836863	4.41132	0.288692	5.42223	5.35985e+06

6.08748e+06

17890
55.4011	0.401155	93.9474	0.716306	40.4831	1.2155	17.7719	1.71677	8.06132	2.21798	3.80648	2.72121	2.85942	3.39511	0.828899	4.40662	0.288765	5.42501	3.51842e+06

3.99749e+06

38153
55.4121	0.401156	93.9534	0.716297	40.4431	1.21537	17.7111	1.71668	8.08159	2.21832	3.79603	2.71989	2.857	3.39438	0.841847	4.40894	0.302597	5.42002	7.50189e+06

8.52333e+06

18963
55.2368	0.401295	93.8338	0.716152	40.5083	1.21554	17.7874	1.71655	8.08406	2.21891	3.82081	2.71971	2.85324	3.3931	0.843854	4.40929	0.296156	5.42084	3.72942e+06

4.23376e+06

14824
55.4071	0.401129	93.8848	0.716388	40.4967	1.21535	17.8615	1.71666	8.13161	2.21865	3.8186	2.71928	2.85948	3.39297	0.827982	4.40553	0.296006	5.42359	2.91684e+06

3.31441e+06

13192
55.3853	0.40103	93.9131	0.716083	40.4882	1.21566	17.8709	1.71689	8.10681	2.21751	3.85036	2.71952	2.86621	3.39339	0.83634	4.41217	0.299651	5.42575	2.5962e+06

2.94995e+06

26204
55.3836	0.401243	93.9003	0.716159	40.3932	1.21518	17.8026	1.71686	8.05617	2.21783	3.81907	2.71966	2.86651	3.39263	0.837964	4.40928	0.293009	5.42426	5.15261e+06

5.85273e+06

33575
55.4994	0.40122	93.909	0.716283	40.4272	1.21537	17.7574	1.71652	8.06737	2.21796	3.82413	2.71986	2.84468	3.39249	0.829069	4.40819	0.293254	5.41842	6.6027e+06

7.50238e+06

26919
55.3246	0.401187	93.9114	0.716318	40.4522	1.21549	17.778	1.71666	8.11505	2.21797	3.81619	2.72017	2.84947	3.3934	0.83194	4.40829	0.293213	5.42206	5.29359e+06

6.01295e+06

49862
55.2989	0.401229	93.8516	0.716363	40.4962	1.21546	17.7568	1.71694	8.10379	2.21853	3.8258	2.72023	2.86755	3.39468	0.83705	4.4091	0.294352	5.42101	9.80629e+06

1.11358e+07

16658
55.2673	0.401246	93.9486	0.716382	40.5037	1.2151	17.7242	1.71704	8.09509	2.21863	3.8013	2.72041	2.85653	3.39461	0.831432	4.41047	0.295534	5.42366	3.27576e+06

3.72012e+06

48198
55.3156	0.401231	93.9019	0.716304	40.4523	1.2153	17.7564	1.71702	8.09909	2.218	3.81059	2.71945	2.88639	3.39275	0.838437	4.40668	0.297523	5.42398	9.47864e+06

1.07654e+07

24727
55.3656	0.401068	93.9367	0.716445	40.385	1.21528	17.7543	1.71654	8.0825	2.21793	3.81021	2.71977	2.85603	3.39338	0.842035	4.40558	0.292231	5.41457	4.85969e+06

5.52215e+06

22918
55.3574	0.401073	93.8951	0.716462	40.5126	1.21541	17.7729	1.71687	8.11807	2.21853	3.8129	2.71944	2.87473	3.39431	0.841609	4.40943	0.296797	5.42177	4.50794e+06

5.12176e+06

28031
55.3739	0.401124	93.9386	0.716395	40.4709	1.2152	17.7602	1.71696	8.04777	2.21821	3.80044	2.71965	2.86369	3.3932	0.826692	4.40951	0.292854	5.42046	5.51102e+06

6.26142e+06

18830
55.3995	0.401143	93.8441	0.716246	40.4551	1.21514	17.7311	1.71732	8.09225	2.21826	3.8402	2.72007	2.87509	3.39475	0.830802	4.40634	0.291237	5.41955	3.70114e+06

4.20586e+06

12283
55.4089	0.401181	93.9353	0.716223	40.3513	1.21539	17.754	1.71706	7.99699	2.21797	3.85053	2.72068	2.88659	3.39308	0.840104	4.40778	0.287959	5.42297	2.41419e+06

2.74294e+06

27865
55.3832	0.401194	93.9189	0.716433	40.4156	1.21509	17.7866	1.71678	8.10386	2.21821	3.80423	2.72033	2.86754	3.3924	0.831509	4.40806	0.295388	5.42133	5.47944e+06

6.22523e+06

22634
55.2472	0.401263	93.9398	0.716307	40.3679	1.21544	17.757	1.71694	8.10383	2.21882	3.79783	2.71994	2.8819	3.3927	0.833171	4.40842	0.292392	5.42012	4.44922e+06

5.05238e+06

13907
55.3916	0.401156	93.9254	0.716584	40.427	1.21541	17.7742	1.71705	8.12382	2.21796	3.82865	2.71976	2.86848	3.39301	0.843316	4.40638	0.296182	5.41904	2.73559e+06

3.10792e+06

19238
55.326	0.401148	93.9294	0.716423	40.4947	1.21537	17.757	1.71685	8.08099	2.21804	3.82384	2.7205	2.86501	3.39432	0.836989	4.40837	0.28844	5.41687	3.78328e+06

4.29782e+06

13713
55.408	0.401143	94.054	0.716192	40.4969	1.21544	17.7281	1.71699	8.08189	2.21838	3.82535	2.72049	2.84628	3.39411	0.82688	4.40898	0.294319	5.42927	2.69863e+06

3.0657e+06

26254
55.3341	0.401225	93.965	0.716425	40.4105	1.21547	17.7411	1.71708	8.09823	2.21801	3.80643	2.72016	2.86318	3.39352	0.834006	4.40757	0.295193	5.42191	5.1625e+06

5.86377e+06

12933
55.4409	0.401169	93.9605	0.716323	40.4678	1.21566	17.7043	1.71695	8.12302	2.21788	3.82309	2.72029	2.87543	3.3939	0.848682	4.41174	0.293281	5.42164	2.54455e+06

2.891e+06

18173
55.4001	0.401186	93.9175	0.716338	40.3856	1.21553	17.8015	1.71677	8.09487	2.21825	3.81417	2.72111	2.87597	3.39272	0.836681	4.40673	0.28768	5.4209	3.57421e+06

4.0601e+06

16551
55.44	0.401149	93.9738	0.716188	40.4224	1.21535	17.7589	1.71679	8.06362	2.21857	3.82424	2.7205	2.84073	3.39226	0.834089	4.41004	0.293396	5.41488	3.2544e+06

3.69834e+06

11385
55.3657	0.401096	93.8445	0.716464	40.4177	1.21565	17.8314	1.71642	8.09811	2.21805	3.81344	2.72031	2.86842	3.39405	0.846465	4.40616	0.299517	5.41449	2.23815e+06

2.54324e+06

11724
55.3835	0.401106	93.8235	0.716798	40.5174	1.21553	17.7471	1.71648	8.11046	2.21845	3.83879	2.71999	2.86489	3.39163	0.842545	4.40949	0.293501	5.42496	2.30517e+06

2.6194e+06

9441
55.4728	0.401136	93.8798	0.716223	40.4319	1.21565	17.7794	1.71705	8.09353	2.21785	3.81411	2.72101	2.85679	3.39447	0.823218	4.41106	0.285987	5.42801	1.85639e+06

2.10947e+06

21086
55.3494	0.401292	93.901	0.716415	40.4562	1.2153	17.8241	1.71704	8.07403	2.21835	3.83425	2.71948	2.85934	3.39211	0.832401	4.40654	0.29171	5.42721	4.14817e+06

4.71109e+06

19157
55.3481	0.401238	93.9815	0.716264	40.3705	1.21564	17.7584	1.71751	8.10659	2.21846	3.8351	2.72002	2.84726	3.39282	0.837553	4.40829	0.29394	5.42271	3.7674e+06

4.27927e+06

11688
55.3014	0.401137	93.925	0.716455	40.4658	1.21548	17.8205	1.71664	8.08513	2.21862	3.80467	2.71969	2.87235	3.39498	0.845825	4.40994	0.286704	5.4285	2.29871e+06

2.61118e+06

25923
55.365	0.401194	94.0169	0.716238	40.4516	1.21561	17.7085	1.71668	8.06604	2.21813	3.80045	2.72066	2.8489	3.39465	0.832118	4.40675	0.296493	5.424	5.09759e+06

5.79083e+06

12888
55.3933	0.401157	93.9512	0.716248	40.4649	1.21532	17.7446	1.71693	8.09497	2.21878	3.83295	2.72099	2.87298	3.3932	0.834652	4.40958	0.296012	5.41841	2.53519e+06

2.88028e+06

15503
55.4455	0.401114	93.9438	0.716322	40.5436	1.2156	17.744	1.71716	8.10101	2.21818	3.7854	2.72056	2.85912	3.39411	0.839128	4.41055	0.291556	5.42237	3.05e+06

3.46574e+06

24800
55.3488	0.401239	93.9031	0.716406	40.4348	1.21531	17.7174	1.71654	8.0577	2.21823	3.83089	2.7198	2.8356	3.39287	0.841573	4.40837	0.291492	5.43092	4.8743e+06

5.53688e+06

13293
55.3231	0.401166	93.9518	0.716171	40.5396	1.21558	17.7383	1.71656	8.07741	2.21814	3.80764	2.72114	2.86045	3.39288	0.817949	4.40903	0.29572	5.42382	2.61427e+06

2.96982e+06

23312
55.3242	0.401301	93.862	0.716431	40.4819	1.21539	17.7271	1.71687	8.08695	2.21826	3.8119	2.72013	2.85926	3.39231	0.842613	4.4075	0.29547	5.4215	4.58383e+06

5.20537e+06

20284
55.2489	0.401214	93.897	0.716361	40.4656	1.21535	17.7791	1.71677	8.09086	2.2188	3.82725	2.72005	2.87266	3.392	0.84155	4.40978	0.296194	5.42422	3.98825e+06

4.5298e+06

19115
55.3422	0.401175	93.9143	0.716472	40.3974	1.21507	17.7285	1.71683	8.07737	2.21764	3.80518	2.72063	2.87183	3.39305	0.833691	4.40586	0.290766	5.42871	3.75702e+06

4.26764e+06

34756
55.2159	0.401204	93.9046	0.716249	40.485	1.21541	17.7608	1.71656	8.08413	2.21832	3.80012	2.71915	2.8768	3.39335	0.844775	4.40716	0.296841	5.42076	6.83343e+06

7.75994e+06

16375
55.5163	0.401147	94.0565	0.716179	40.4006	1.21565	17.7213	1.717	8.05539	2.21832	3.82492	2.72051	2.84684	3.39486	0.833771	4.40944	0.286534	5.4219	3.22104e+06

3.6605e+06

18649
55.3364	0.401204	94.0174	0.716195	40.4817	1.21535	17.7812	1.71703	8.08306	2.21866	3.82144	2.72014	2.86911	3.39195	0.838865	4.41168	0.294118	5.42268	3.67001e+06

4.16848e+06

36063
55.3323	0.401226	93.905	0.71625	40.514	1.2154	17.7633	1.71683	8.0683	2.21866	3.82339	2.72074	2.8463	3.39227	0.835482	4.40806	0.291351	5.41847	7.09224e+06

8.05573e+06

2336
55.3823	0.401176	93.8159	0.715943	40.3099	1.21528	17.6678	1.7172	8.01884	2.21819	3.80693	2.72229	2.84632	3.38954	0.815925	4.40917	0.284247	5.42635	458371

520807

2656
55.0889	0.401515	93.4721	0.716053	40.5851	1.21546	17.6386	1.71645	8.01958	2.2164	3.78125	2.71972	2.89759	3.39807	0.82116	4.40639	0.285015	5.43722	520923

591197

2667
55.2801	0.401335	94.1189	0.715839	40.2617	1.21538	17.5261	1.71645	7.99363	2.21865	3.69854	2.71892	2.74991	3.39157	0.812523	4.41039	0.27859	5.4052	523138

593994

1949
55.2842	0.401143	93.5593	0.715854	40.0918	1.21513	17.7347	1.71566	8.10056	2.21753	3.75321	2.71984	2.82145	3.40022	0.795793	4.40524	0.282709	5.4068	381518

433504

14768
55.409	0.401171	93.9108	0.716637	40.4126	1.21537	17.8042	1.71687	8.0732	2.21836	3.79428	2.72078	2.85936	3.39369	0.834033	4.41256	0.290628	5.42415	2.9037e+06

3.299e+06

18963
55.3909	0.401189	94.043	0.716294	40.4222	1.21533	17.77	1.71683	8.04962	2.21796	3.79249	2.72036	2.83906	3.39492	0.834942	4.408	0.295206	5.42087	3.72967e+06

4.23704e+06

24474
55.3675	0.401216	93.8624	0.716187	40.4385	1.21544	17.7334	1.71713	8.10011	2.21782	3.81303	2.71986	2.8784	3.39351	0.835254	4.40799	0.291166	5.42432	4.81111e+06

5.46553e+06

15403
55.3034	0.401281	93.7861	0.716384	40.4337	1.21527	17.7734	1.7167	8.05798	2.21778	3.82127	2.71952	2.86743	3.39515	0.830228	4.40696	0.291567	5.42401	3.02655e+06

3.43741e+06

1383
55.5741	0.40133	93.9826	0.716278	40.363	1.2147	17.3608	1.71618	7.84454	2.21894	3.6992	2.7219	2.74331	3.38104	0.832249	4.3983	0.307303	5.43898	271001

308004

1183
55.0549	0.40102	93.8107	0.716002	40.3001	1.21517	17.8183	1.71801	7.99662	2.21811	3.8377	2.71802	2.87574	3.39077	0.766695	4.41333	0.307692	5.4109	231871

263535

1131
55.6145	0.401314	94.2555	0.716141	40.2891	1.21583	17.7984	1.71875	7.95402	2.21792	3.66313	2.71915	2.855	3.38892	0.847038	4.42311	0.268789	5.42025	222505

252830

1178
54.972	0.401742	93.7385	0.716445	40.208	1.2157	17.4228	1.71633	7.9601	2.21835	3.70543	2.71696	2.82258	3.39037	0.844652	4.4191	0.293718	5.43405	230526

261478

1145
55.0218	0.401341	93.6087	0.716525	40.2367	1.21673	17.5336	1.71754	8.04629	2.21618	3.79301	2.72254	2.77729	3.39077	0.847162	4.41847	0.30655	5.41764	224139

254386

1153
55.314	0.401396	93.8534	0.716417	40.1431	1.2148	17.6548	1.71594	8.0425	2.21766	3.73114	2.72053	2.81093	3.39301	0.780572	4.41304	0.283608	5.41358	226057

256674

19693
55.4612	0.401075	93.8518	0.716257	40.4856	1.21535	17.7765	1.71699	8.09526	2.21841	3.8144	2.71998	2.87107	3.39431	0.839486	4.40638	0.292439	5.42866	3.87279e+06

4.40114e+06

17578
55.4181	0.401295	93.9641	0.71623	40.4091	1.21548	17.7311	1.71675	8.08175	2.21781	3.82433	2.71964	2.84321	3.39293	0.827682	4.40831	0.295085	5.42337	3.4569e+06

3.92683e+06

16991
55.3508	0.401262	93.9987	0.716314	40.513	1.21511	17.7779	1.71719	8.0927	2.21806	3.77877	2.71975	2.8458	3.39464	0.836855	4.40601	0.294921	5.41831	3.34342e+06

3.79731e+06

15256
55.4215	0.401201	93.9015	0.716328	40.4724	1.21548	17.7794	1.71655	8.05683	2.21834	3.80742	2.72044	2.84223	3.39207	0.822037	4.40803	0.290443	5.4193	2.99976e+06

3.4081e+06

20805
55.2804	0.401181	93.8475	0.716233	40.5217	1.21554	17.7641	1.71708	8.08839	2.21824	3.79707	2.71962	2.85201	3.39473	0.843643	4.41002	0.288969	5.4235	4.08975e+06

4.64542e+06

1170
54.912	0.401528	93.6803	0.71594	40.0171	1.21683	17.4556	1.71838	8.09573	2.21704	3.80171	2.72087	2.97265	3.39015	0.803419	4.41035	0.264957	5.42318	228937

259744

914
55.0492	0.401743	93.6247	0.715546	40.5131	1.21463	17.6313	1.71706	8.0372	2.2196	3.77899	2.7204	2.72538	3.38496	0.76477	4.42358	0.277899	5.43134	179301

203276

673
55.7548	0.401122	94.052	0.715991	40.3031	1.21407	17.8039	1.71671	7.79495	2.21482	3.73403	2.72505	2.71025	3.39245	0.783061	4.4118	0.282318	5.41999	132085

150226

14078
55.5604	0.401157	94.0087	0.716197	40.3786	1.2154	17.6976	1.71692	8.04837	2.21814	3.8173	2.72062	2.84984	3.39213	0.822205	4.39919	0.288677	5.42402	2.76807e+06

3.14603e+06

28246
55.4428	0.401187	93.8422	0.716327	40.4726	1.21526	17.7564	1.7167	8.08203	2.21835	3.81551	2.72027	2.83909	3.39355	0.843093	4.40996	0.290307	5.41951	5.55283e+06

6.3097e+06

18994
55.4028	0.40118	93.8125	0.716337	40.4867	1.21563	17.7658	1.71715	8.11172	2.21837	3.79551	2.72194	2.87696	3.39172	0.838054	4.41152	0.288249	5.42699	3.73445e+06

4.24285e+06

22244
55.4218	0.401182	93.9627	0.716208	40.4492	1.21527	17.7047	1.71696	8.06411	2.21902	3.81429	2.71973	2.86698	3.39245	0.833663	4.40486	0.293652	5.42633	4.37424e+06

4.96956e+06

19964
55.267	0.401229	93.9477	0.716087	40.4507	1.21506	17.7866	1.71649	8.086	2.21828	3.81953	2.72033	2.85479	3.39277	0.834652	4.40881	0.288569	5.41665	3.92586e+06

4.45867e+06

18616
55.4136	0.401146	93.8507	0.716203	40.5168	1.21574	17.8129	1.71678	8.05748	2.21876	3.85657	2.72007	2.86404	3.39122	0.835948	4.41305	0.299796	5.42346	3.66243e+06

4.16082e+06

13136
55.3809	0.401179	93.9219	0.716453	40.3613	1.21533	17.7323	1.71646	8.09402	2.2182	3.81836	2.72022	2.87865	3.39652	0.832065	4.40435	0.29933	5.42048	2.58191e+06

2.93352e+06

13245
55.4228	0.401268	93.8726	0.716355	40.5135	1.21543	17.7326	1.71732	8.02778	2.21845	3.77848	2.71978	2.84636	3.39173	0.832692	4.40616	0.295357	5.41919	2.60419e+06

2.9579e+06

14079
55.3935	0.401253	93.8473	0.716279	40.4654	1.21526	17.7719	1.71671	8.06648	2.21762	3.77037	2.71969	2.85738	3.39248	0.828184	4.40797	0.293132	5.42152	2.76727e+06

3.14375e+06

19482
55.3295	0.401197	94.0051	0.716393	40.5284	1.21564	17.745	1.71637	8.06093	2.21807	3.80428	2.71976	2.85197	3.39503	0.833333	4.41323	0.29499	5.42121	3.83302e+06

4.35332e+06

22804
55.3631	0.401286	93.8709	0.71631	40.5127	1.2154	17.7919	1.71719	8.06196	2.21779	3.8106	2.71979	2.86831	3.39554	0.834064	4.41017	0.29394	5.42346	4.4853e+06

5.09458e+06

20937
55.2835	0.401199	93.8482	0.716349	40.5168	1.2155	17.7789	1.71684	8.10059	2.21807	3.82595	2.72012	2.87037	3.39191	0.842145	4.41016	0.302956	5.42832	4.11761e+06

4.67668e+06

15659
55.4374	0.401316	93.9492	0.716184	40.4721	1.21523	17.7338	1.71714	8.11329	2.21849	3.80535	2.72061	2.85721	3.39312	0.836005	4.40713	0.300722	5.42039	3.08146e+06

3.49987e+06

16817
55.3316	0.401203	93.9731	0.716315	40.4231	1.21537	17.7407	1.71713	8.07284	2.21846	3.8222	2.71888	2.85229	3.39415	0.849557	4.40824	0.298805	5.41865	3.30708e+06

3.75632e+06

21699
55.3374	0.401276	93.9413	0.716208	40.3816	1.21526	17.7695	1.71718	8.09959	2.21856	3.79441	2.71961	2.86469	3.39312	0.833725	4.40792	0.297157	5.41466	4.267e+06

4.84581e+06

14380
55.5042	0.401259	93.9768	0.716592	40.3485	1.2153	17.6667	1.71697	8.04736	2.21915	3.81196	2.71946	2.8573	3.39383	0.85	4.41169	0.295897	5.42363	2.8268e+06

3.2119e+06

13404
55.3435	0.401255	93.9387	0.716288	40.3394	1.21551	17.7929	1.71681	8.0746	2.21804	3.81796	2.72011	2.8822	3.39192	0.822217	4.40759	0.293494	5.41888	2.63521e+06

2.99318e+06

12067
55.2724	0.401169	93.9688	0.716278	40.4458	1.21563	17.8516	1.71726	8.12746	2.2182	3.81023	2.71888	2.88622	3.39371	0.838982	4.41035	0.286235	5.41836	2.37474e+06

2.69683e+06

20263
55.3388	0.401138	93.937	0.716456	40.4628	1.21544	17.7986	1.71677	8.08434	2.21861	3.80842	2.71915	2.83897	3.39301	0.829591	4.40687	0.300597	5.4255	3.9851e+06

4.52674e+06

13489
55.3012	0.401274	93.893	0.716168	40.4458	1.21527	17.7429	1.71727	8.08125	2.21878	3.80006	2.72042	2.8524	3.39578	0.832827	4.40931	0.293276	5.42183	2.65163e+06

3.01132e+06

31783
55.3719	0.401303	93.814	0.716285	40.4523	1.21531	17.7558	1.7168	8.08017	2.2185	3.8182	2.72025	2.8542	3.39423	0.834943	4.40811	0.297234	5.4246	6.24771e+06

7.09647e+06

22593
55.3486	0.401234	93.8699	0.716291	40.4374	1.2154	17.7636	1.71674	8.07281	2.21838	3.80264	2.71964	2.85062	3.39147	0.836985	4.40821	0.293011	5.41878	4.44112e+06

5.04447e+06

15497
55.4249	0.401152	94.0223	0.716495	40.4078	1.21499	17.8006	1.71643	8.07421	2.21735	3.7886	2.72159	2.85378	3.39322	0.823514	4.40883	0.286184	5.42457	3.04778e+06

3.4633e+06

22479
55.3554	0.40124	93.845	0.716268	40.434	1.21549	17.7511	1.71678	8.06099	2.2188	3.80884	2.72026	2.87157	3.39319	0.842431	4.41052	0.296099	5.4163	4.41847e+06

5.01878e+06

13173
55.3207	0.401241	93.9557	0.716369	40.4943	1.2155	17.824	1.71738	8.05564	2.21876	3.80536	2.71949	2.86252	3.39037	0.841342	4.40775	0.292796	5.42289	2.59189e+06

2.94354e+06

36213
55.3874	0.401215	93.9001	0.71631	40.4316	1.21549	17.7768	1.71715	8.0655	2.21829	3.80615	2.72032	2.85897	3.39477	0.847292	4.40768	0.293431	5.42392	7.12007e+06

8.0888e+06

15103
55.233	0.401192	93.9149	0.716115	40.471	1.21512	17.7284	1.717	8.05476	2.21833	3.81613	2.71981	2.84778	3.39375	0.850295	4.41277	0.301	5.42333	2.9687e+06

3.37125e+06

14051
55.3532	0.401133	93.9976	0.71643	40.3808	1.21523	17.7431	1.7164	8.0817	2.21816	3.84186	2.72019	2.87965	3.39372	0.833321	4.40808	0.301971	5.41982	2.76358e+06

3.13918e+06

14403
55.4105	0.401152	93.8065	0.716382	40.4818	1.21518	17.8083	1.71696	8.11713	2.21851	3.8031	2.7193	2.86607	3.39077	0.843158	4.40884	0.294383	5.42602	2.83241e+06

3.21808e+06

20044
55.4042	0.401191	94.0129	0.716427	40.4164	1.21543	17.7201	1.71708	8.0451	2.21767	3.7748	2.71945	2.84324	3.39428	0.838855	4.40833	0.289613	5.42725	3.94021e+06

4.47673e+06

13461
55.2634	0.401318	94.0894	0.716447	40.3289	1.21539	17.6967	1.71689	8.04613	2.21836	3.79125	2.71979	2.82795	3.39272	0.810044	4.40904	0.284897	5.41587	2.6451e+06

3.00367e+06

12373
55.2696	0.401244	94.0477	0.716194	40.4089	1.21539	17.7798	1.71702	8.06045	2.21861	3.8146	2.7195	2.87416	3.39262	0.826154	4.41073	0.288127	5.4231	2.43363e+06

2.76375e+06

19343
55.4078	0.4013	93.9679	0.716423	40.4276	1.21533	17.7184	1.71661	8.08949	2.21841	3.82314	2.71986	2.86109	3.39115	0.83591	4.40866	0.294835	5.42045	3.80512e+06

4.32173e+06

19037
55.354	0.401202	94.0213	0.716323	40.4268	1.21531	17.6562	1.71676	8.07617	2.21843	3.79104	2.7195	2.83248	3.39316	0.839891	4.40468	0.29679	5.42585	3.74205e+06

4.25086e+06

14630
55.3239	0.401247	93.9457	0.71615	40.4973	1.2152	17.712	1.71663	8.09863	2.21888	3.81552	2.71989	2.86535	3.39284	0.848462	4.40803	0.304101	5.42867	2.87825e+06

3.2685e+06

15211
55.4879	0.401137	93.9896	0.716317	40.4799	1.21536	17.7464	1.71687	8.04122	2.21827	3.79936	2.72024	2.82066	3.39457	0.823746	4.41303	0.289856	5.42576	2.99089e+06

3.39934e+06

3370
55.4665	0.401308	93.9024	0.716134	40.3685	1.21546	17.7175	1.71649	8.07003	2.21847	3.79792	2.72067	2.87567	3.39562	0.842136	4.40323	0.320772	5.4148	662695

752728

18715
55.2401	0.401279	93.8879	0.716413	40.4871	1.21574	17.76	1.71696	8.0871	2.21884	3.8133	2.72004	2.87801	3.39269	0.832487	4.40856	0.29479	5.42076	3.68018e+06

4.1787e+06

30070
55.3119	0.401287	93.7623	0.716421	40.51	1.21513	17.7808	1.71689	8.10359	2.21798	3.81383	2.72026	2.85397	3.39419	0.845527	4.40747	0.295244	5.42112	5.91189e+06

6.71394e+06

28523
55.2913	0.401254	93.9181	0.716329	40.4611	1.21536	17.7676	1.71683	8.0366	2.21816	3.80952	2.72011	2.86267	3.39339	0.846931	4.4089	0.292851	5.42153	5.60846e+06

6.3688e+06

16751
55.408	0.401219	94.0538	0.716139	40.4006	1.21562	17.7724	1.71667	8.05982	2.21866	3.81028	2.72012	2.8507	3.39449	0.82813	4.40922	0.297415	5.42423	3.29543e+06

3.74353e+06

15284
55.5331	0.401165	93.9455	0.716156	40.4199	1.21552	17.7399	1.71726	8.05267	2.21822	3.83604	2.72003	2.8414	3.3932	0.835187	4.41268	0.287948	5.42209	3.006e+06

3.41584e+06

14538
55.3635	0.401215	93.955	0.716414	40.504	1.21539	17.7345	1.71696	8.08853	2.21818	3.81738	2.72054	2.86608	3.39422	0.841656	4.40999	0.293025	5.41569	2.86018e+06

3.24872e+06

13130
55.453	0.401197	93.9094	0.716161	40.4949	1.21536	17.7719	1.71648	8.0642	2.21806	3.82993	2.71923	2.84928	3.39261	0.829855	4.40934	0.286291	5.41861	2.58266e+06

2.93441e+06

12458
55.1297	0.401197	93.9212	0.716309	40.3622	1.21541	17.7927	1.71646	8.08621	2.21866	3.82236	2.72006	2.87895	3.39441	0.847006	4.40804	0.295312	5.41972	2.44857e+06

2.77982e+06

