1.98254e+07	
1.46328e+07	
7.28299e+06	
1.16618e+07	
1.5522e+07	
1.12693e+07	
1.30941e+06	
2.34799e+07	
1.78816e+07	
2.16058e+07	
1.42016e+07	
1.37624e+07	
1.23583e+06	
1.00647e+07	
1.49389e+07	
1.1701e+07	
1.35064e+06	
1.92122e+07	
1.67101e+07	
2.10747e+07	
1.41271e+06	
1.02064e+07	
1.44927e+07	
2.73757e+07	
1.47e+07	
2.09426e+07	
1.31045e+07	
1.08355e+07	
2.11582e+07	
2.23472e+07	
1.13038e+07	
2.2321e+07	
9.44229e+06	
2.76344e+07	
1.36084e+07	
1.90541e+07	
2.34173e+07	
1.14904e+07	
1.76008e+07	
1.28345e+07	
3.02066e+07	
1.77827e+07	
2.9629e+07	
1.88437e+07	
3.45146e+07	
1.12941e+07	
9.08067e+06	
1.6723e+07	
1.78067e+07	
9.40325e+06	
1.40545e+07	
4.24041e+07	
1.42575e+07	
1.10863e+07	
2.49511e+06	
1.47127e+07	
1.39125e+07	
1.22551e+07	
2.0857e+07	
1.23058e+07	
2.74379e+07	
1.44045e+07	
1.26765e+06	
1.17224e+07	
1.32308e+07	
1.27524e+06	
2.14197e+07	
2.07457e+07	
2.32805e+07	
1.18203e+07	
1.40426e+07	
2.69911e+07	
1.43874e+07	
9.49369e+06	
1.94279e+07	
1.63606e+07	
1.126e+07	
2.75601e+07	
1.35752e+07	
1.0886e+07	
1.47745e+07	
2.60322e+07	
2.23886e+07	
1.36011e+07	
1.19495e+07	
1.02717e+07	
1.26339e+07	
1.26873e+07	
2.18328e+07	
2.15979e+07	
1.89112e+07	
1.91981e+07	
2.12524e+07	
1.94643e+07	
1.70572e+07	
2.0919e+07	
1.31309e+07	
3.45856e+07	
1.34099e+07	
2.93718e+07	
2.96055e+07	
3.40514e+07	
1.03719e+07	
1.18908e+07	
9.29003e+06	
2.65948e+07	
3.9672e+07	
1.15514e+07	
2.44855e+07	
1.91653e+07	
1.73615e+07	
1.36717e+07	
1.16874e+07	
1.16788e+07	
2.57814e+07	
1.38136e+07	
1.822e+07	
1.68855e+07	
4.72228e+07	
1.11481e+07	
2.5106e+07	
1.19513e+07	
1.38847e+07	
1.38301e+07	
1.0665e+07	
1.34747e+07	
2.42208e+07	
1.30977e+07	
1.24263e+07	
1.37354e+07	
2.86953e+07	
1.53387e+07	
2.81628e+07	
1.11526e+07	
1.86683e+07	
2.63208e+07	
1.33869e+07	
1.80313e+07	
2.24446e+07	
1.53839e+07	
1.1089e+07	
2.56451e+07	
2.22377e+07	
1.44681e+07	
2.86189e+07	
1.58668e+07	
2.89537e+07	
1.69964e+07	
1.83594e+07	
2.48219e+07	
1.26693e+07	
1.28517e+07	
1.62578e+07	
1.6474e+07	
3.53861e+07	
1.2471e+07	
1.83644e+07	
1.3352e+07	
2.22179e+07	
1.4174e+07	
1.5134e+07	
2.45779e+07	
2.33333e+07	
1.67629e+07	
1.08796e+07	
2.61849e+07	
1.44733e+07	
1.96678e+07	
1.57652e+07	
3.07095e+07	
1.29428e+07	
1.51228e+07	
1.78847e+07	
3.9975e+07	
2.38964e+06	
2.04837e+07	
2.71032e+07	
1.40433e+07	
1.48948e+07	
1.33315e+07	
2.66851e+07	
3.43214e+07	
1.08072e+07	
1.46255e+07	
1.56103e+07	
4.68312e+07	
1.30528e+07	
1.49501e+07	
