-12919.4	
-7340.05	
-13276.7	
-13457	
-5529.83	
-2513.66	
-22629.6	
-19676.5	
-21142.2	
-13352.5	
-9696.27	
-1242.83	
-12151.1	
-15986.8	
-8967.98	
-2228.6	
-16694.3	
-13353.7	
-24336.4	
-3055.95	
-10251.5	
-14332.1	
-26943	
-18767.1	
-19504.7	
-10625.2	
-11082.8	
-21548.2	
-24617.4	
-11684.3	
-19107.7	
-13821.7	
-27561.7	
-12807.4	
-14218.9	
-16609.9	
-11270.2	
-16812.8	
-16365.9	
-31756.2	
-20838.1	
-35065.5	
-16268.2	
-31583.1	
-13901.1	
-6870.99	
-15987.1	
-19053.6	
-8741.01	
-17185.2	
-40292.8	
-16838.3	
-10864.7	
-1572.88	
-13525.4	
-14537.8	
-19882.6	
-11302.8	
-9463.45	
-26300.7	
-17183.3	
-920.16	
-11010.5	
-11030.5	
-1899.08	
-17067.7	
-24128.2	
-21206.4	
-11738.4	
-15203.7	
-22331.4	
-15230.6	
-4938.03	
-18905.7	
-15083.6	
-9911.48	
-25470	
-11999.4	
-14450	
-12741	
-23832.7	
-25858.8	
-10209.9	
-11181.7	
-7722.62	
-10186	
-10089	
-21771.5	
-18686.1	
-15824.7	
-18060.8	
-22221.4	
-17000.2	
-20696.6	
-18019.3	
-14317.9	
-23969.7	
-14144.1	
-27939.2	
-26288.4	
-35787.5	
-8405.29	
-12352.1	
-4418.62	
-23974	
-41608.6	
-10916.5	
-20262.2	
-12804.9	
-15268.8	
-14716.6	
-12551.5	
-9748.24	
-25425.8	
-11539.1	
-20972	
-18729.3	
-37203	
-13056.4	
-24840.2	
-11794.4	
-13558.5	
-14943.1	
-9960.53	
-13899.6	
-19423.2	
-16154	
-11248.4	
-15113.7	
-23799.6	
-15964	
-21241.8	
-13034.2	
-16250.5	
-20341.1	
-14014.6	
-19378.4	
-13328.4	
-10739.9	
-12340.7	
-23874.8	
-20133.7	
-16977.6	
-29739.9	
-14481.3	
-29668	
-15980.9	
-20577.7	
-22487.5	
-10864.8	
-17529.7	
-14303.6	
-14180.3	
-39503.7	
-10782.3	
-20414.8	
-12030.4	
-22320.3	
-18000.5	
-18297.2	
-22347.2	
-22509.1	
-23812	
-11640.3	
-18514	
-13145	
-17441.6	
-17444.7	
-25365.9	
-12970.6	
-12165.8	
-20220.6	
-40344.6	
-890.16	
-15944.8	
-26561.6	
-11442.6	
-15418.6	
-9894	
-27030.4	
-38016.8	
-12099.1	
-17789.7	
-11227.3	
-48835.9	
-10132.5	
-17345.8	
-22264.9	
-16328.2	
-7124.29	
-25958.3	
-36097.7	
-8317.35	
-14734.6	
-29795.4	
-24540.6	
-23810.9	
-13194.5	
-17048.4	
-11578.7	
-22377.7	
-27484.2	
-15136	
-13872.4	
-11880.2	
-6888.99	
-30564.3	
-18058.9	
-12753.1	
-19096.2	
-19934.7	
-35076	
-17795.9	
-13735.9	
-14617.5	
-8690.99	
-31352	
-15475.3	
-13185.9	
-10739	
-18957.4	
-13853.8	
-37434.6	
-17919.4	
-11192.7	
-24490.8	
-16003.1	
-33660.6	
-35351.5	
-11546.3	
-32500.8	
-22702.3	
-13717	
-12972.1	
-12453.9	
-28021.6	
-22509.2	
-17420.9	
-18283.9	
-17497.3	
-12789.5	
-2443.34	
-13478.7	
-18295.6	
-18309.3	
-21501.3	
-13850	
-38506.8	
-11522.9	
-13344.8	
-11577.2	
-25678.4	
-12293.2	
-33812.4	
-18045	
-28661.7	
-15664.9	
-32477.7	
-8918.09	
-22058	
-19299.6	
-24907.2	
-19256.6	
-19816	
-20072.6	
-23561.7	
-31933.5	
-15972.5	
-39660	
-30866.9	
-17956.6	
-26788.3	
-20290.2	
-10974.7	
-41397	
-11105.1	
-23717.3	
-28078.6	
-40569	
-34194	
-19039.3	
-31448	
-19491.1	
-12621.1	
-7742.35	
-10372.3	
-14435.5	
-16583.6	
-12897.3	
-10189.1	
-18782	
-26320.4	
-16070.5	
-18608.8	
-15052.9	
-17402.3	
-19690.1	
-14477.3	
-22430.9	
-42697	
-13747.9	
-30673.3	
-23063.5	
-19284.7	
-33235.5	
-22078.9	
-21274.1	
-13980.6	
-21060.2	
-32355.3	
-4274.11	
-12388.9	
-14702	
-21334.6	
-17142.1	
-24906.9	
-15391.6	
-9299.19	
-27614.3	
-31300.4	
-15499.7	
-13544.8	
-17533.7	
-8022.85	
-21710.6	
-31372.3	
-15602.7	
-20323.3	
-35551.6	
-24758.7	
-27989.2	
-22938.8	
-12757.5	
-14879.4	
-10530.5	
-17704.7	
-17707	
-20170.1	
-21559.9	
-13801.3	
-13190.6	
-8297.53	
-44000.3	
-23977.8	
-18461.2	
-9435.45	
-9782.11	
-10581.7	
-25571.7	
-16203	
-17407.8	
-32436.8	
-14955.6	
-38680.9	
-17982.7	
-20989.1	
-23736.5	
-29724	
-24847.2	
-30459.3	
-30856.5	
-30339.8	
-16740.9	
-12841.9	
-25766.5	
-10708.9	
-20283.9	
-21948.8	
-25387.8	
-15897.6	
-13092.2	
-24702.5	
-13295.1	
-9545.28	
-37728	
-23749.6	
-22826.9	
-27129.2	
-20970	
-22296.2	
-23615.5	
-34191.9	
-27775.1	
-26697.4	
-31010.2	
-29894.6	
-9167.41	
-7056.02	
-18433.6	
-16613.1	
-23763.9	
-18854.1	
-14417.8	
-20324.2	
-27823.7	
-18467.9	
-8719.16	
-23637.1	
-25088	
-22996.6	
-14648.4	
-16049.2	
-27227.6	
-39650.1	
-21358.6	
-16168.5	
-15964.7	
-17230.4	
-13391.6	
-13364.7	
-22274.1	
-29055.6	
-14094.3	
-28652.8	
-9790.05	
-25239.5	
-27046.7	
-25393.1	
-19468	
-25285.6	
-8354.27	
-19608.5	
-13115.2	
-20987	
-15136.6	
-40497.7	
-27585.7	
-53641	
-10430.6	
-23147.2	
-28110.3	
-8061.41	
-25497.1	
-37389.1	
-3158.38	
-22112.6	
-6296.13	
-11096.9	
-27745	
-21532	
-9732.66	
-14236.3	
-28389.4	
-25084.1	
-18518.5	
-18410.7	
-12427.8	
-24145.4	
-10904.6	
-39866.8	
-20899.2	
-23794.9	
-20137.8	
-12704.4	
-14954	
-20069	
-22460.1	
-11357.6	
-18524.5	
-17171.3	
-21432.4	
-13316.1	
-31508.1	
-9265.22	
-25640.4	
-15125.9	
-27539.3	
-12467.8	
-20697.9	
-30868.9	
-13948.8	
-17925.7	
-25273.3	
-13389.7	
-12275.4	
-24842.3	
-46811.2	
-29747	
-23597.3	
-27315.5	
-27052.6	
-8696.68	
-12168.3	
-31508.3	
-11562.3	
-21582	
-23015.9	
-26905.6	
-14066.2	
-21653	
-32173	
-28464.7	
-32097.9	
-12383.3	
-17934.7	
-22717	
-14351.2	
-27036.7	
-33398	
-24983.5	
-12919.3	
-20633	
-22639.7	
-29062.3	
-2595.98	
-15397.2	
-33094.5	
-11139.8	
-19420.6	
-27291.8	
-12292.7	
-24492.7	
-54162.7	
-13406.3	
-28034	
-21652.6	
-12098.6	
-27274.3	
-21433.1	
-7578.02	
-19082.6	
-23120.3	
-8409.16	
-31472.7	
-22086.1	
-23356.1	
-13758.5	
-16248.9	
-9980.51	
-26446.7	
-26169.3	
-22628.1	
-11755.7	
-15514.6	
-24605.4	
-21293	
-8338.72	
-27625.3	
-20536.6	
-12320.7	
-20173.6	
-9514.53	
-28317.7	
-14959.7	
-20353.1	
-27451.9	
-23699.6	
-30083.9	
-29941.2	
-40747.3	
-16527.7	
-12121.7	
-22632.8	
-21561.7	
-22249.1	
-25600.5	
-18679.6	
-43513.7	
-17396.2	
-18857.9	
-15928.4	
-42249.3	
-8900.4	
-34839.8	
-21625	
-18110.1	
-9429.71	
-24490.3	
-6803.48	
-21206.7	
-15953.1	
-16800.2	
-20936.3	
-20814.2	
-12003	
-9798.14	
-21573.9	
-20737.3	
-25522.8	
-20132.3	
-30985.3	
-35016.2	
-11859.2	
-26960.3	
-12042.3	
-21219.7	
-51672.3	
-23969.5	
-16233.8	
-28879.1	
-21404.9	
-16643.1	
-16289.3	
-24285.9	
-12645.1	
-16438.5	
-17981	
-25363	
-22727.8	
-15945.1	
-27029.7	
-26142.9	
-19013.4	
-12733.4	
-16630.6	
-24598	
-39642.6	
-22438.4	
-36071.8	
-19634	
-27368.7	
-7132.09	
-24764.7	
-25568.1	
-20587.4	
-24802.7	
-42581.3	
-21568.2	
-18320.5	
-20446.4	
-30570.9	
-26142.8	
-28207.5	
-28344.6	
-19126.6	
-19645.5	
-10426	
-21343.1	
-17926.8	
-13635.4	
-20554.3	
-28004.4	
-9756.04	
-27199.8	
-32803.5	
-22654.9	
-18741.2	
-18855.9	
-18986.7	
-47570.4	
-23527.6	
-24096.4	
-19352.6	
-21629.2	
-11205	
-9947.87	
-40894.4	
-1705.38	
-17477.4	
-17957	
-10868.5	
-12762.6	
-21847.1	
-25043.7	
-21591.3	
-34788.1	
-29362.1	
-22182.2	
-12594	
-14410.9	
-15100.3	
-26710.6	
-9614.14	
