ibin	iptbin	itheta	r0	V	sigma2	chi	Vn Errors
0	0	0	0.1411	0.0385	1921.4969	0.3888	0.0078
0	0	1	0.1230	0.0442	1921.4969	0.4461	0.0089
0	0	2	0.1208	0.0450	1921.4969	0.4543	0.0091
0	0	3	0.1194	0.0455	1921.4969	0.4594	0.0092
0	0	4	0.1194	0.0455	1921.4969	0.4595	0.0092
0	0	5	0.1248	0.0435	1921.4969	0.4396	0.0088
0	0	6	0.1539	0.0353	1921.4969	0.3565	0.0071
0	0	7	0.1541	0.0353	1921.4969	0.3561	0.0071
0	0	8	0.1339	0.0406	1921.4969	0.4096	0.0082
0	0	9	0.1468	0.0370	1921.4969	0.3738	0.0075
					1591.5717	0.4553


ibin	iptbin	avgmult	avgpt	Vn mean	Vn mean Error
0	0	442.6922	0.9099	0.0410	0.0037

ibin	Nevent	totmultall	avgmultall	avgtrk
0	8960440.0000	3966716761.0000	442.6922	196.6406

