ibin	iptbin	itheta	r0	V	sigma2	chi	Vn Errors
0	0	0	0.2531	0.0514	458.9546	0.4434	0.0028
0	0	1	0.2516	0.0517	458.9546	0.4462	0.0028
0	0	2	0.2546	0.0511	458.9546	0.4410	0.0028
0	0	3	0.2516	0.0517	458.9546	0.4461	0.0028
0	0	4	0.2610	0.0498	458.9546	0.4301	0.0027
0	0	5	0.2510	0.0518	458.9546	0.4472	0.0028
0	0	6	0.2540	0.0512	458.9546	0.4419	0.0028
0	0	7	0.2454	0.0530	458.9546	0.4575	0.0029
0	0	8	0.2419	0.0537	458.9546	0.4640	0.0029
0	0	9	0.2407	0.0540	458.9546	0.4664	0.0030


ibin	iptbin	avgmult	avgpt	Vn mean	Vn mean Error
0	0	184.9485	0.9384	0.0519	0.0013

ibin	Nevent	totmultall	avgmultall	avgtrk
0	10499707.0000	1941904643.0000	184.9485	162.1051

