ibin	iptbin	itheta	r0	V	sigma2	chi	Vn Errors
0	0	0	0.2689	0.0484	458.9546	0.4175	0.0042
0	0	1	0.2728	0.0477	458.9546	0.4115	0.0041
0	0	2	0.2638	0.0493	458.9546	0.4256	0.0043
0	0	3	0.2559	0.0508	458.9546	0.4387	0.0044
0	0	4	0.2647	0.0491	458.9546	0.4241	0.0042
0	0	5	0.2589	0.0502	458.9546	0.4336	0.0043
0	0	6	0.2636	0.0493	458.9546	0.4259	0.0043
0	0	7	0.2493	0.0522	458.9546	0.4503	0.0045
0	0	8	0.2449	0.0531	458.9546	0.4584	0.0046
0	0	9	0.2431	0.0535	458.9546	0.4617	0.0046


ibin	iptbin	avgmult	avgpt	Vn mean	Vn mean Error
0	0	184.9485	0.9384	0.0504	0.0020

ibin	Nevent	totmultall	avgmultall	avgtrk
0	10499707.0000	1941904643.0000	184.9485	162.1051

