484453	
515226	
366485	
405899	
416570	
1.12975e+07	
8.1411e+06	
1.06158e+07	
1.37113e+07	
1.03662e+07	
1.14561e+07	
9.33468e+06	
1.12602e+07	
1.96936e+06	
1.33049e+07	
1.75304e+07	
402782	
398634	
386730	
377945	
1.09168e+07	
372555	
1.72693e+07	
515733	
1.81908e+07	
1.71709e+07	
1.02093e+07	
2.45334e+07	
2.05641e+07	
1.59919e+07	
1.54351e+07	
1.18382e+07	
2.266e+07	
1.34709e+07	
1.33225e+07	
9.30219e+06	
2.06579e+07	
2.64843e+07	
1.56557e+07	
1.69379e+07	
1.87207e+07	
1.22124e+07	
1.46188e+07	
1.48204e+07	
1.39549e+07	
3.21953e+07	
1.03584e+07	
3.1291e+07	
1.78858e+07	
1.16668e+07	
2.24417e+07	
4.17679e+07	
1.60587e+07	
2.14939e+07	
1.07053e+07	
1.80566e+07	
1.31062e+07	
1.1672e+07	
2.11934e+07	
9.78465e+06	
1.62408e+07	
1.5672e+07	
1.38497e+07	
1.22485e+07	
2.22107e+07	
1.66601e+07	
1.17202e+07	
1.02754e+07	
1.68309e+07	
1.7115e+07	
1.31089e+07	
1.00918e+07	
2.13718e+07	
2.80148e+07	
1.9258e+07	
2.11622e+07	
1.9178e+07	
1.51491e+07	
1.46862e+07	
1.77734e+07	
1.45034e+07	
1.02807e+07	
2.04051e+07	
1.00231e+07	
1.68564e+07	
1.14555e+07	
2.49351e+07	
1.27699e+07	
3.13351e+07	
2.20474e+07	
2.54605e+07	
1.3298e+07	
9.21803e+06	
1.35989e+07	
3.98939e+07	
1.99587e+07	
1.49937e+07	
1.79169e+07	
1.57179e+07	
2.01276e+07	
2.30052e+07	
1.91567e+07	
2.24823e+07	
1.78788e+07	
9.84735e+06	
1.91062e+07	
1.70009e+07	
2.05182e+07	
1.24705e+07	
1.52829e+06	
2.74166e+07	
1.24067e+07	
1.85616e+07	
2.30182e+07	
1.59776e+07	
1.68489e+07	
1.18668e+07	
2.22056e+07	
1.17879e+07	
1.97401e+07	
2.43105e+07	
1.78721e+07	
3.01515e+07	
2.15831e+07	
2.08905e+07	
1.80884e+07	
1.47516e+07	
2.14866e+07	
1.42216e+07	
1.18883e+07	
1.77992e+07	
2.08157e+07	
1.58491e+07	
1.72223e+07	
2.07701e+07	
3.73955e+07	
1.87217e+07	
1.2632e+07	
1.46488e+07	
2.62954e+07	
2.85197e+07	
1.23075e+07	
2.16537e+07	
1.38575e+07	
2.26747e+07	
1.65114e+07	
1.65625e+07	
2.32186e+07	
1.73525e+07	
1.58533e+07	
1.48529e+07	
1.85598e+07	
1.78423e+07	
2.81336e+07	
1.09664e+07	
2.03767e+07	
1.2756e+07	
1.93085e+07	
1.81796e+07	
2.93939e+07	
1.03451e+07	
1.73707e+07	
1.21098e+07	
1.06802e+07	
2.13186e+07	
2.1012e+07	
1.72747e+07	
1.66227e+07	
2.72255e+07	
1.77356e+07	
3.21847e+07	
1.07753e+07	
1.98893e+06	
2.53171e+07	
1.73295e+07	
2.39538e+06	
1.14067e+07	
2.35138e+06	
1.69933e+06	
1.55524e+07	
3.26261e+07	
1.25396e+06	
964683	
951022	
2.85521e+07	
2.04823e+07	
1.71101e+07	
1.18317e+07	
1.02375e+06	
984327	
1.06083e+06	
1.9278e+07	
2.85472e+07	
1.604e+07	
1.38085e+07	
1.60689e+07	
2.70311e+07	
1.38523e+07	
2.95813e+07	
2.81271e+07	
2.52516e+07	
2.19902e+07	
1.7663e+07	
1.01102e+06	
756870	
540075	
2.12018e+07	
1.94962e+07	
1.18559e+07	
1.36715e+07	
1.49479e+07	
2.47548e+07	
1.02007e+07	
2.44291e+07	
7.86637e+06	
1.82503e+07	
2.74488e+07	
3.05661e+07	
1.79355e+07	
2.87691e+07	
2.74948e+07	
1.80963e+07	
1.77004e+07	
1.45655e+07	
2.45125e+07	
2.0073e+07	
1.74203e+07	
1.58488e+07	
2.67816e+07	
3.23495e+07	
2.00956e+07	
2.14981e+07	
2.55699e+07	
1.3543e+07	
2.5987e+07	
1.35355e+07	
1.34341e+07	
1.99495e+07	
2.8129e+07	
1.79965e+07	
1.78652e+07	
2.66665e+07	
2.85583e+07	
2.31568e+07	
2.84453e+07	
2.65065e+07	
1.31849e+07	
1.77006e+07	
1.75464e+07	
1.72248e+07	
1.40493e+07	
2.3768e+07	
2.11369e+07	
1.79224e+07	
2.55193e+07	
2.20181e+07	
2.09928e+07	
2.45071e+07	
1.73223e+07	
1.26722e+07	
2.01061e+07	
1.03614e+07	
2.25733e+07	
1.14746e+07	
1.68437e+07	
2.74882e+07	
2.5374e+07	
8.627e+06	
1.67849e+07	
2.64856e+07	
1.26237e+07	
1.73659e+06	
2.03733e+07	
1.885e+06	
2.25112e+07	
1.68005e+07	
1.56167e+07	
2.01769e+07	
2.70511e+07	
1.98765e+07	
1.06878e+07	
2.17074e+07	
2.4799e+07	
1.67677e+07	
2.85072e+07	
1.09404e+07	
2.29466e+07	
1.17175e+07	
2.61402e+07	
1.24942e+07	
2.46414e+07	
1.17668e+07	
1.97118e+07	
1.4964e+07	
1.88508e+07	
1.08772e+07	
1.18556e+07	
2.2046e+07	
2.42317e+07	
2.5129e+07	
2.07753e+07	
1.21712e+07	
1.27936e+07	
1.28653e+07	
1.47122e+07	
1.10077e+07	
8.87404e+06	
1.87675e+07	
2.19621e+07	
1.87533e+07	
1.18991e+07	
1.16207e+07	
2.44837e+07	
2.29847e+07	
1.17864e+07	
2.70713e+07	
1.9758e+07	
1.09384e+07	
1.10255e+07	
1.98807e+07	
9.21026e+06	
1.10889e+07	
4.50167e+07	
1.06372e+07	
1.91316e+07	
1.29495e+07	
2.35603e+07	
2.6617e+07	
1.13141e+07	
1.14884e+07	
1.33599e+07	
1.02305e+07	
2.06604e+07	
2.20792e+07	
2.61003e+07	
1.31643e+07	
1.06616e+07	
1.29945e+07	
1.04918e+07	
1.47682e+07	
1.47931e+07	
1.38755e+07	
1.19449e+07	
1.10673e+07	
1.13057e+07	
1.40215e+07	
2.20118e+07	
9.75309e+06	
2.5457e+07	
1.36394e+07	
1.18387e+07	
1.05078e+07	
1.23549e+07	
2.90318e+06	
1.26291e+07	
1.04468e+07	
1.10977e+07	
1.1862e+07	
2.44109e+07	
1.02794e+07	
3.42755e+07	
9.84713e+06	
1.15394e+07	
2.19302e+07	
1.05253e+07	
1.11003e+07	
1.29814e+07	
1.61523e+07	
9.45098e+06	
1.05739e+07	
2.65781e+07	
1.02958e+07	
8.37961e+06	
2.35273e+07	
1.17803e+07	
9.45403e+06	
1.23825e+07	
1.44869e+07	
2.4763e+07	
2.06212e+07	
4.27107e+07	
1.17024e+07	
1.05307e+07	
2.61873e+07	
1.58073e+07	
1.28733e+07	
1.30774e+07	
2.50988e+07	
1.15648e+07	
1.22315e+07	
4.41071e+07	
1.32523e+07	
1.35645e+07	
1.93432e+07	
1.15788e+07	
2.4166e+07	
1.54805e+07	
2.3568e+07	
1.39285e+07	
1.38153e+07	
3.42991e+07	
1.19137e+07	
1.66894e+07	
1.83121e+07	
1.72733e+07	
1.94817e+07	
4.16321e+07	
1.96252e+07	
2.23988e+07	
4.21976e+07	
9.88755e+06	
0	
2.99176e+07	
1.48011e+07	
774512	
2.01291e+07	
2.34077e+07	
2.08362e+07	
1.35369e+07	
1.71149e+07	
2.21703e+07	
1.30013e+07	
2.34817e+07	
1.0234e+07	
2.39434e+07	
4.01027e+07	
1.02742e+07	
4.06469e+07	
8.97311e+06	
2.07161e+07	
2.44748e+07	
1.86122e+07	
8.13437e+06	
2.10639e+07	
1.03679e+07	
2.50626e+07	
2.32365e+07	
4.44696e+07	
1.34711e+07	
3.83079e+07	
1.69629e+07	
1.09582e+07	
3.92126e+07	
2.32521e+07	
4.29742e+07	
3.73643e+07	
2.25417e+07	
3.6834e+07	
2.14886e+07	
3.68495e+07	
3.57549e+07	
2.08187e+07	
2.46458e+07	
3.5365e+07	
1.25407e+07	
1.60702e+07	
3.35084e+07	
1.88078e+07	
1.35116e+06	
3.26309e+07	
