652.416	
968.61	
300.623	
-190.017	
-322.224	
9896.68	
5722.96	
10960.5	
7058.71	
6699.51	
5340.3	
5171.08	
9548.68	
-1033.18	
13308.2	
15061.4	
984.559	
392.975	
701.968	
214.336	
8751.08	
-68.393	
8442.04	
-260.083	
9479.15	
8556.54	
9966.4	
16849.6	
14179.9	
8934.46	
4721.8	
4175.49	
23540.5	
10924.5	
9696.21	
4237.5	
15124.6	
14957.9	
12588.3	
12993.8	
12341.6	
7845.24	
9398.02	
10545	
9484.71	
22662	
7225.34	
19425.3	
13516.6	
7289.35	
17933.8	
33592	
11956.8	
13178.1	
2039.5	
21820.2	
8322.6	
6145.37	
15851.9	
7135.86	
12247.2	
10056.9	
11597.1	
6163.24	
15258.4	
11058.7	
8265.2	
6980.55	
14340.1	
10386.4	
7616.45	
5557.58	
17915.5	
20181.4	
12841.4	
15138.5	
11607.7	
10149.2	
6024.12	
13349.3	
9201.37	
6489.28	
11086.8	
6657.77	
13635.8	
11210.8	
16202.4	
6784.82	
22463.4	
16729.6	
8156.96	
11332.8	
7552.52	
7578.79	
31646.8	
8725.01	
9700.06	
16033.6	
8384.31	
10268.5	
20795.7	
14272.4	
12380.3	
14176.7	
2464.49	
14190.2	
9536.09	
8917.87	
9121.07	
1443.95	
16528.1	
7154.87	
14676.7	
15503.7	
15261.6	
7688.86	
6011.59	
16920.7	
6346.03	
18368.9	
15659.2	
19758.6	
21790.4	
11252.1	
12770.6	
10947.5	
11020.7	
12777.8	
6522.99	
11394.8	
6774.64	
11745.3	
11379.2	
11421.5	
14986.5	
27840.7	
14279.7	
9400.74	
4167.52	
17839.6	
18112.2	
9286.35	
13715.2	
7107.28	
11541	
14807.2	
10560.4	
13450	
11247.2	
8790.33	
10859.5	
12772.3	
14788.6	
20509.7	
8445.2	
13813.6	
8646.66	
15295.9	
11666.5	
13698.4	
5993.89	
14546.6	
5737.19	
10062.7	
15758.7	
19259.3	
13260.6	
11020.5	
24672.4	
10742.9	
24627.5	
5903.52	
-91.7869	
18161.9	
13499.7	
1905.62	
8143.28	
573.838	
967.145	
15783.7	
24954.5	
545.047	
190.126	
648.642	
20667.8	
13298.5	
13459.9	
7742.03	
1.99944	
501.375	
486.423	
11774.3	
20988.4	
16989.2	
13326.9	
10888.5	
16377	
7569.56	
18652.5	
19123.2	
17633.9	
19497.7	
8650.82	
591.382	
490.665	
-168.774	
21802.7	
16303	
9428.09	
11536.4	
8522.11	
15610.6	
8082.38	
18222.8	
5775.23	
11429.6	
24476	
22983.9	
13571.5	
20074.3	
21079.4	
13248.8	
13912.1	
9793.32	
18548.3	
14492.2	
8597.83	
12066.6	
18888.3	
20037.8	
16747.3	
17489.4	
17603.2	
10035.3	
15178.9	
8848.86	
7191.35	
12681.3	
16924.7	
5744.36	
12506.6	
21366.8	
22360.1	
18984.7	
13398.5	
18432.6	
10493.5	
11133.1	
6492.8	
10922.7	
10168.4	
19823.3	
16681.7	
5793.57	
15439.8	
14767.5	
19065.4	
18125.4	
10873.9	
12570.8	
14561.9	
11581.2	
12142.2	
8765.76	
7475.45	
17881.7	
20788.2	
-2447.44	
11058.7	
15706	
8329.52	
1032.28	
10151.5	
1385.63	
16927.4	
9361.51	
8025.16	
8232.66	
18468.8	
14628.2	
2582.58	
15013.2	
20239.9	
14844.6	
18989.8	
11125.2	
19325.7	
6265.2	
12285.2	
9495.59	
12955.5	
7710.84	
13230.1	
7118.19	
11985.5	
5609.01	
6891.71	
20533.1	
13073	
15335.4	
9833.9	
6267.58	
7103.02	
9050.63	
8789.92	
4406.83	
4875.49	
11393.4	
18346.7	
13729.2	
6615.98	
6042.51	
18498.2	
16044.3	
7417.89	
21390.3	
13394.9	
7818.01	
8219.51	
13390	
2761.15	
8547.38	
23271.1	
4349.56	
17782.6	
6166.34	
17929.1	
20464.4	
8648.35	
5543.82	
7769.35	
8368.31	
20036.3	
14437.9	
13632.8	
3433.76	
10728.4	
10174.4	
8566.76	
6798.3	
11833.3	
7116.9	
7857.71	
6303.7	
4726.61	
14847.8	
17504.5	
7858.18	
16459.9	
7630.37	
10403	
7027.88	
6091.66	
1487.1	
7501.04	
6689.15	
5758.9	
10102.1	
6766.87	
7703.63	
24538.9	
8920.31	
7951.3	
15316.3	
1572.31	
7864.39	
2923.08	
15172	
5819.85	
4292.81	
18132.6	
6238.06	
8460.65	
17112.6	
9528.51	
5436.69	
10409.7	
14579.9	
19431.2	
18385.1	
27163.9	
8248.31	
10304.5	
13502	
8292.14	
7253.12	
10240	
20912.2	
5027.24	
9648.4	
34260.4	
5272.16	
7247.6	
14117	
5862.69	
13598.4	
16211.8	
13393.7	
14262.5	
8756.27	
27368.7	
7395.29	
7714.69	
7404.56	
11215.2	
13201	
26279.4	
15629.8	
12704.4	
30398.6	
6673.74	
0	
20197.4	
8909.82	
-785.086	
11369.9	
14792.6	
13701.5	
8125.09	
12455.6	
14459.1	
5909.76	
11935.1	
5182.15	
10525.8	
25927.3	
8159.32	
26798.8	
6377.96	
16832.6	
18363.9	
15611	
6011.1	
15705.3	
5221.63	
21387.6	
17166	
29590	
8636.9	
20704	
13744.9	
7889.66	
26095.7	
16686.9	
35238.5	
27027.8	
13060.2	
24457.7	
11325.3	
19345.3	
23228	
17646.8	
17905	
27753.4	
6691.42	
9458.72	
25253.6	
7454.62	
725.38	
20468.5	
