-408.137	
-69.546	
-251.073	
-1011.43	
-39.158	
-13997.4	
-9626.43	
-10789.1	
-14265.3	
-8890.58	
-8746.92	
-9667.4	
-10378.5	
-1179.48	
-14895.9	
-19177.1	
-866.036	
-665.223	
-335.413	
-914.256	
-6766.51	
-218.218	
-13335.5	
-603.852	
-18970.9	
-12863.3	
-11560.9	
-25676.9	
-19530.4	
-14916.9	
-17450.6	
-9845.21	
-23041.1	
-11644.1	
-15448.3	
-12007.6	
-21859.1	
-29152.5	
-23123.9	
-17969.7	
-17282.2	
-11789.5	
-15696.9	
-15061.1	
-12754	
-29806.5	
-7462.88	
-32075	
-17164.6	
-9453.03	
-20783	
-32307.6	
-15997.2	
-22911.6	
-10572.5	
-19424.5	
-15341.7	
-10285.3	
-20621.1	
-8658.71	
-12815.9	
-14499.3	
-11135.3	
-7133.16	
-26535.2	
-20032.5	
-6633.6	
-12509	
-17216.6	
-16566	
-9661.21	
-7714.01	
-21258.6	
-26055.8	
-16426.3	
-17394.1	
-17051.7	
-9600.93	
-16174.4	
-17287.8	
-17619.5	
-9108.76	
-19347.9	
-8925.71	
-16926.5	
-14352.6	
-28865.4	
-10008.9	
-27287.6	
-24308.6	
-20583.8	
-17717.7	
-12676.9	
-9628.5	
-36146.3	
-16390.1	
-14083.7	
-17190.4	
-12758.1	
-16664.3	
-29299.7	
-16928.5	
-25019.6	
-16511.1	
-8009.42	
-18543.1	
-15009.4	
-21515	
-11777.6	
-1442.61	
-24829.9	
-12899.6	
-20084.5	
-8809.06	
-16797.7	
-17478.1	
-12612.7	
-27171.6	
-9969.91	
-16852.5	
-15821.2	
-14565.5	
-34242.4	
-23824	
-26116.4	
-10090.1	
-18280.5	
-22909.9	
-8332.77	
-10321.9	
-15806.2	
-22483.3	
-17676.6	
-12625.1	
-16023.7	
-35513.9	
-16715.2	
-14002.2	
-11135.8	
-29237.5	
-33116.9	
-14861.8	
-20156.1	
-10583.1	
-17957.5	
-15966.3	
-18540.7	
-25673.4	
-19802.3	
-19053.3	
-11950.7	
-16646.1	
-21185	
-26266.9	
-11457.3	
-19466.6	
-17106.8	
-19562.5	
-20431.6	
-31991.3	
-8678.23	
-18182.6	
-10620.7	
-6641.19	
-20686.5	
-22627.1	
-20457.7	
-21303	
-26884.2	
-19421.1	
-29810.6	
-10604.3	
-2555.76	
-22176.6	
-16416.7	
-4485.21	
-11388.5	
-2928.53	
-2017.69	
-10792.5	
-31260.2	
-1624.24	
-631.982	
-212.367	
-30736.5	
-12789.8	
-18633.8	
-12840.9	
-2125.13	
-1260.75	
-2769.14	
-17066.5	
-22408.8	
-15039.9	
-16204.6	
-19533.1	
-25270.1	
-15710.5	
-30086.7	
-21981.4	
-27140.6	
-18463.2	
-18583.9	
-1410.62	
-787.04	
-1074.65	
-23603.3	
-19306.1	
-9266.95	
-12583.3	
-17687.6	
-23138.3	
-9840.61	
-26283.6	
-8799.46	
-21368.1	
-22919	
-30316.1	
-14691.8	
-23873.2	
-24650.9	
-17698.2	
-16237.1	
-13098.8	
-23428.8	
-19695	
-17511.7	
-11340.6	
-25746.8	
-34705.2	
-17735.3	
-18399.9	
-19564.1	
-14683.2	
-36728.9	
-16070.2	
-14827.4	
-23134.7	
-29027.5	
-20998.9	
-19625.3	
-17673.7	
-26365	
-24736.5	
-23509.8	
-21653.3	
-8598.67	
-15723.9	
-14824.5	
-14041	
-12226.1	
-19535.9	
-14568.2	
-16343.1	
-26644.4	
-20972.9	
-22613.8	
-23703	
-16913	
-10967.3	
-21136.8	
-3984.73	
-20282.6	
-13915	
-19853.1	
-22953	
-24884.1	
-9434.34	
-15954.2	
-24462.3	
-8229.39	
-1680.1	
-18188.8	
-1426.01	
-22701.4	
-18513.2	
-14254.5	
-21325.8	
-29081.4	
-22418.9	
-11107.9	
-30399.3	
-23335.3	
-15903.9	
-28773	
-9139.3	
-18376.8	
-13054.2	
-26142.5	
-15118	
-27129.9	
-7943.7	
-24057.1	
-12375.6	
-22244.3	
-9204.86	
-7726.79	
-22146.7	
-25217	
-18758	
-19097.4	
-9709.62	
-15379.4	
-14657.4	
-14122.6	
-14291.6	
-5899.54	
-18791	
-17045.8	
-22168.9	
-11175.3	
-12734.6	
-22163.1	
-26101.2	
-12229.3	
-26087.4	
-19020.5	
-10571.7	
-10163.3	
-20580.3	
-10236.7	
-9314.95	
-39564.1	
-12989.8	
-25867.6	
-16049.8	
-24741.4	
-24742.5	
-12340.7	
-7541.09	
-11789.7	
-10791.9	
-20749.8	
-18941.4	
-26891.2	
-14013.3	
-11429	
-13412.4	
-8367.65	
-11002.8	
-11043.8	
-14094.3	
-11168	
-7925	
-10623.2	
-12887.8	
-14757.8	
-7228.44	
-26624.4	
-13502.6	
-12301.3	
-15361	
-9983.69	
-3913.32	
-11198.9	
-8559.4	
-14114.7	
-10424.4	
-25275.8	
-12116.9	
-43127.1	
-7237.92	
-6128.8	
-23642.3	
-8661.51	
-10012.9	
-14540.3	
-16930.6	
-10273	
-9434.88	
-26910	
-9351.12	
-7456.46	
-22767.4	
-8720.08	
-4956.19	
-16843.3	
-13063.9	
-28381.4	
-16394	
-40321.9	
-15269.3	
-8842.37	
-29257.9	
-16194.2	
-10122.7	
-8467.14	
-21976.1	
-12348.6	
-12467.9	
-37906.6	
-10846.3	
-15593.2	
-17909.8	
-11075.3	
-23860.7	
-14598.7	
-26264.9	
-12286.2	
-13521.1	
-34915.4	
-9567.14	
-16930.9	
-14444.9	
-14644.6	
-18363	
-43287.6	
-22329.9	
-19487.9	
-42484.5	
-9481.45	
0	
-27377.1	
-18173.9	
3.09266	
-24219.5	
-17076.7	
-19505.5	
-14525.1	
-16552.1	
-24807.5	
-12634.7	
-20388.2	
-5980.55	
-21719.7	
-46443	
-7626	
-43159.9	
-6662.78	
-17754.3	
-23120.1	
-17489.7	
-7099.21	
-16902.3	
-7850.65	
-25379.1	
-16558.4	
-42472.8	
-12410.1	
-28740.6	
-22061.8	
-11691.9	
-43919.4	
-18596.7	
-42610.5	
-37226.6	
-27511.8	
-33015.2	
-20386	
-35377.8	
-35950.3	
-17655.9	
-21008.5	
-38381.4	
-9525.89	
-21432.7	
-28773.9	
-20445.5	
-695.194	
-27217.9	
