3507.5	
6801.01	
3735.17	
3683.86	
2423.87	
1252.39	
2467.89	
7771.8	
3783.16	
12775.2	
7513.34	
7188.73	
10375	
36.2069	
6167.25	
11714.8	
3075.05	
10894.8	
8256.75	
7902.31	
4945.86	
5139.89	
11438.5	
16789.8	
2159.36	
4471.8	
6563.35	
8420.75	
2124.08	
1456.15	
5569.1	
7566.65	
7257.34	
4603.21	
19536.9	
6814.75	
20519	
10088.3	
8160.49	
9612.03	
3987.2	
25256.1	
10335.2	
9672.32	
16530.2	
1391.2	
2383.8	
4846.94	
4871.38	
429.832	
4090.63	
9329.82	
3582.22	
7053.71	
3082.53	
1269.51	
7952.04	
-606.883	
781.209	
8645.41	
9295.03	
5122.58	
4052.65	
912.919	
7968.5	
-848.434	
2932.6	
8845.37	
11717.5	
884.628	
12264.7	
4843.71	
11027.2	
15194.4	
14.0452	
17655.4	
3841.11	
9582.11	
7141.41	
1612.3	
17066.5	
14107	
10482.9	
5907.34	
4038.5	
10012.3	
18890	
15000.3	
14484.5	
9692.12	
5980.81	
7514.35	
7805.97	
10052.5	
12268.3	
5912.35	
16763.9	
4128.54	
5232.84	
13006.1	
6197.41	
1616.62	
16866.3	
1472.89	
7278.97	
10286.1	
-754.193	
9276.46	
6840.41	
7923.72	
6990.53	
7887.15	
7117.53	
4258.93	
16394.8	
5852.15	
8878.38	
14060.1	
6507.67	
24873.4	
20218.9	
11956.3	
12267.8	
4688.6	
6137.93	
2327.81	
4678.41	
2572.11	
5807.24	
6531.59	
4540.47	
3751.59	
3062.67	
3971.4	
6721.37	
7094.35	
4218.07	
3647.58	
8997.67	
1991.96	
12361.1	
13788.5	
14903.4	
7985.99	
15537.7	
8499.67	
3503.56	
9437.63	
12144.2	
5400.42	
3944.84	
16268.8	
2819.27	
3791.4	
13135.9	
8512.23	
6312.45	
9920.54	
5963.13	
3228.93	
7087.22	
6623.7	
4273.22	
8135.47	
14232.7	
3767.68	
6889.71	
6861.76	
20452.1	
13809.4	
2649.96	
10954.1	
9166.51	
5722.24	
5862.68	
7045.05	
8139.18	
14746.1	
16539.8	
10295.1	
7580.47	
5261.08	
13281.9	
15119.6	
7578.99	
14351.1	
14092.4	
12389.6	
6221.06	
8205.59	
5470.91	
4964.34	
4958.91	
3967.01	
5274.62	
13056.5	
12497.9	
7587.39	
11446.5	
6748.9	
9442.67	
9285.37	
12339.6	
5221.23	
8760.36	
12184.5	
5416.86	
16670.3	
15295.5	
5356.19	
15125.6	
3782.58	
5565.2	
3154.83	
3672.22	
10501.7	
4362.14	
6184.15	
15051.4	
6815	
3282.23	
2573.97	
5665.41	
1331.6	
9495.28	
15023.7	
8405.51	
11620	
5541.97	
7532.31	
11074.5	
8411.14	
8002.03	
4719.03	
2695.44	
20990.9	
0	
7585.48	
5198.6	
3029.07	
5406.88	
2813.86	
7183.36	
411.533	
8844.92	
11035.1	
3192.67	
8126.08	
6480.97	
5895.13	
3140.37	
12070.1	
6467.98	
6611.45	
4523.77	
4993.01	
5371.01	
13094.2	
3442.64	
2661.59	
3775.26	
10497.9	
2506.47	
4334.31	
4249.79	
7958.93	
982.386	
2868.93	
7210.61	
2732.81	
17637.5	
17876.7	
13139.7	
18090.3	
8755.54	
5633.62	
2309.82	
6254.94	
6541.32	
10194.1	
8637.25	
1659.77	
13112.1	
11746.6	
8258.63	
12137	
1917.33	
5725.47	
4946.59	
5721.09	
2158.79	
1617.08	
4477.15	
4979.15	
6385.68	
5776.08	
9330.99	
6273.04	
5588.66	
3590.44	
3947.74	
4771.5	
14497.2	
3052.18	
3926.15	
8063.95	
1566.82	
12145.1	
8963.98	
5650.18	
5601.59	
16557.3	
2936.55	
3321.89	
4540.6	
10412.3	
722.861	
7708.54	
4025.82	
4260.8	
11921.2	
1943.73	
6282.45	
6735.34	
17194.1	
5500.14	
16949.6	
4438.46	
17017.7	
3883.53	
8482.94	
9672.13	
183.85	
10246.2	
5720.54	
3316.47	
2828.54	
17662.5	
5141.73	
8640.5	
14366.7	
8613.89	
9512.57	
2929.03	
2690.38	
6496.15	
1419.96	
9946.42	
12385.9	
1632.54	
5204.23	
8560.86	
12952.1	
12886.7	
5937.07	
8202.56	
12037.7	
11446.3	
7225.42	
6847.46	
7269.41	
9792.48	
6422.73	
4525.34	
4318.39	
4598.03	
13954.4	
4513.47	
5269.57	
6278.81	
11731.3	
9576.01	
4509.5	
7033.26	
10039	
7197.65	
12014	
4356.54	
11438.4	
4007.62	
16268.1	
7867.13	
5015.03	
10630.5	
17761.6	
9275.01	
8136.72	
11410.3	
17350.2	
5883.48	
4747.27	
6399.18	
7895.81	
8980.46	
12761.2	
9666.55	
624.026	
6658.63	
5100.17	
7963.17	
8308.7	
3656.43	
12732.3	
7487.38	
3051.86	
7490.44	
15451.7	
960.682	
10763.4	
16306.9	
4156.93	
6561.86	
8503.07	
4492.67	
4758.28	
16456.8	
9496.64	
13656.5	
10940.9	
13783.7	
12147	
8891.58	
6607.19	
9563.36	
3615.55	
6321.4	
9770.48	
5692.33	
18600	
16196.9	
7761.72	
13814.9	
10321	
1126.58	
21846.4	
18520.7	
7485.27	
14077.2	
13546.7	
14328.8	
15721.9	
7442.71	
4190.22	
2137.42	
14297.5	
7751.93	
7818.99	
4273.29	
10663.4	
13321.1	
8866.92	
9860.73	
10124.3	
4786.48	
12452.2	
11404.9	
9245.44	
10044.4	
1566.02	
14541.4	
13514.9	
9461.13	
