464.449	
107.158	
-124.537	
9.27007	
-2.07497	
460.772	
41.1622	
1216.83	
1553.4	
-1190.29	
22.9797	
938.435	
503.739	
579.381	
307.77	
-211.189	
325.359	
671.896	
10.4923	
-10.935	
209.961	
553.499	
-144.188	
-43.6591	
58.3665	
-236.728	
0.282658	
458.157	
-115.783	
144.276	
268.892	
219.519	
-66.6312	
238.362	
-232.927	
207.545	
770.561	
-185.32	
742.295	
197.684	
0	
1101.17	
511.173	
382.519	
16.874	
69.951	
677.651	
719.026	
528.533	
852.72	
864.197	
97.7834	
109.421	
878.296	
492.788	
489.357	
127.958	
295.055	
513.855	
414.197	
-74.6558	
109.17	
-73.6507	
261.338	
724.339	
1483.24	
95.6433	
685.554	
-227.814	
883.28	
392.97	
-27.2535	
518.895	
569.728	
121.748	
942.005	
256.92	
164.459	
1.9503	
166.037	
84.4517	
-163.662	
946.653	
-161.421	
34.1421	
502.453	
575.288	
32.5883	
825.093	
565.121	
417.995	
645.66	
-81.4694	
188.366	
178.334	
-590.473	
-69.9161	
476.319	
658.727	
523.298	
260.074	
-242.85	
582.903	
1006.16	
306.487	
-1051.75	
-260.885	
188.678	
880.9	
418.531	
460.78	
128.995	
-392.916	
1146.56	
241.081	
128.257	
363.848	
-85.8829	
55.2345	
107.032	
845.789	
-337.858	
537.658	
-286.258	
550.623	
52.5406	
-172.225	
384.603	
619.45	
792.363	
-174.165	
-68.5047	
444.134	
789.23	
72.149	
-454.122	
836.404	
405.24	
-146.513	
-159.733	
20.3025	
511.172	
330.644	
238.831	
1058.39	
523.436	
-1.62966	
-391.784	
695.544	
805.198	
420.073	
517.22	
-526.423	
740.557	
71.8824	
344.279	
81.341	
45.1724	
81.3539	
482.166	
-103.434	
491.506	
351.487	
607.391	
553.051	
613.793	
-66.4784	
1093.17	
398.4	
921.879	
419.895	
105.637	
547.43	
-229.289	
863.798	
109.266	
-186.23	
382.736	
494.972	
413.972	
-143.711	
1361.09	
969.295	
487.586	
664.626	
147.404	
860.395	
1016.44	
373.423	
-250.826	
-19.502	
26.9902	
-387.139	
34.4843	
1070.53	
421.592	
-222.525	
106.531	
118.694	
-10.6562	
961.131	
328.085	
1450.61	
140.847	
-65.2037	
751.663	
143.036	
267.703	
-220.309	
559.266	
278.613	
410.707	
404.604	
315.105	
-58.0909	
-25.0255	
655.418	
197.308	
-72.3531	
324.515	
140.501	
648.843	
-22.9541	
-681.038	
-255.486	
-2.682	
391.109	
512.762	
-399.388	
136.032	
392.889	
529.925	
-143.809	
373.061	
717.677	
118.437	
714.783	
-201.957	
270.079	
455.823	
880.258	
630.79	
154.354	
105.382	
329.147	
-841.429	
142.057	
267.376	
979.522	
9.28196	
-290.526	
257.726	
370.352	
100.292	
326.328	
320.635	
396.379	
719.312	
558.521	
27.8814	
-260.302	
-436.605	
893.64	
807.007	
18.2569	
277.47	
-277.976	
894.807	
-13.9942	
-23.5387	
846.146	
758.747	
-44.5317	
313.823	
763.922	
508.087	
561.769	
96.5291	
200.845	
483.568	
-551.848	
334.063	
-593.375	
459.482	
272.536	
307.112	
68.2547	
385.503	
-96.4223	
-96.7261	
-41.1044	
187.399	
8.80597	
183.824	
306.296	
-26.4311	
142.465	
357.191	
952.913	
865.321	
323.272	
-262.468	
206.514	
842.208	
47.398	
235.074	
44.2791	
447.279	
-495.868	
173.477	
-36.5434	
191.557	
-392.123	
404.553	
235.072	
-89.2442	
-18.2944	
505.916	
59.428	
1868.76	
333.936	
-699.292	
1043.32	
-573.731	
65.7583	
513.568	
842.316	
409.783	
245.956	
516.247	
-539.673	
-57.1377	
603.309	
-629.185	
225.208	
-42.4234	
-9.13035	
52.6719	
275.055	
475.889	
-215.513	
881.83	
-57.219	
-841.2	
-13.341	
358.087	
1146.95	
821.001	
539.433	
257.634	
337.395	
48.2248	
-190.354	
63.8899	
754.967	
1611.98	
957.62	
699.449	
412.236	
754.617	
494.873	
488.433	
18.1784	
-142.118	
20.0647	
160.419	
-19.775	
221.665	
453.826	
-837.957	
31.6969	
334.394	
1247.3	
76.9929	
907.173	
-533.858	
1104.82	
324.632	
-395.614	
809.116	
-52.8176	
-2.11923	
-227.06	
-192.786	
37.4596	
-17.4444	
359.92	
50.2266	
399.385	
-152.664	
1284.43	
570.76	
257.252	
616.266	
576.207	
176.206	
0	
5.64305	
45.4774	
-630.058	
886.761	
-112.789	
111.687	
831.213	
-48.4426	
346.703	
143.663	
-21.5004	
182.155	
859.905	
317.409	
886.855	
29.0754	
328.608	
418.926	
690.91	
536.165	
309.097	
-60.0292	
193.214	
429.672	
680.046	
277.731	
1985.01	
898.866	
748.261	
550.8	
494.339	
301.884	
297.878	
53.1843	
296.284	
-80.2172	
85.4964	
226.46	
-75.657	
490.547	
431.611	
487.301	
-209.602	
986.481	
16.9614	
112.037	
53.3839	
343.039	
79.7726	
-69.4707	
953.56	
1164.35	
-68.8005	
505.75	
35.6889	
78.8271	
568.852	
581.895	
815.722	
431.707	
550.663	
1111.34	
432.732	
