-2217.7	5276.18	7884.19	6022.82	3825.62	1940.24	-449.102	-1827.97	-1433.37	435.016	4016.26	9103.76	12586.1	12687.2	9507.2	
3782.54	1365.1	-1491.54	-2213.13	396.391	4777.54	8906.25	9608.62	7774.87	7490.43	9441.95	11166.8	9229.73	2548.43	-2490.21	
-707.337	-1911.32	-2518.69	-606.843	2090.03	3435.17	3100.79	4126.36	7368.32	9442.94	9596.5	8463.22	5406.77	2347.48	515.473	
-8139.13	-9155.23	-6027.98	2233.63	12096.7	19579.2	22848.3	22219.4	18863.7	15356.5	13623.6	12417.9	8637.15	5137.27	5685.82	
-7156.65	798.678	6806.86	6889.06	5635.84	7228.62	9986.49	10882.2	9864.83	7976.65	5903.06	5935.35	8102.3	9876.32	10279.1	
-7060.02	-3485.85	529.016	3124.67	3655.43	3080.29	2261.51	3513.14	7005.56	9672.66	10304.7	10027.7	10059.1	10287.8	9403.26	
1681.09	3471.89	3066.09	3291.27	5270.56	7518.85	9764.01	8483.16	4506.55	5321.34	10759.5	11975.3	6510.72	1319.85	-445.696	
13843.7	13849.2	14795.7	14753	11856.5	7497.87	3340.32	2694.02	5811.04	9610.02	12539	12532.5	7666.52	-2185.05	-10483.8	
7615.51	6342.47	2693.33	-102.967	-473.234	731.539	2126.63	1196.7	-1179.99	-594.576	3513.57	7754.2	7927.2	2699.37	-3268.83	
-3732.52	-2083.48	-3352.96	-2904.39	1059.67	4797.51	6962.18	10229	12461	12082	11326.4	13095.5	14434.2	14137.8	9295	
-5308.21	-5178.88	-2529.07	3381.12	7653.66	9492.21	10389.3	8885.16	6160.36	5646.59	7952.83	9466.94	8422.21	6213.29	5284.59	
-9342.73	-8023.25	-6665.9	-638.612	7366.61	13073.2	15256.5	14971.3	15263.4	17017.1	19533.5	21233.8	20316.2	16009.6	12324.3	
-3243.98	3436.34	10724.7	15100.7	16541.4	15995	12722.3	10032.6	9960.47	12445.1	17082.5	19482.4	16269.2	11020.9	7280.36	
-8046.96	-1223.21	5787.85	7676.16	7446.02	7922.67	7448.32	8230.84	11173.1	13086.4	13708.9	13675	12132.4	11103.4	10143.5	
-5432.36	-1018.37	2357.92	1239.53	-342.76	1244.28	5331.24	9471.43	11649.8	12129	12936.2	13599.5	9516.14	4389.91	4826.7	
-6154.93	2118.04	11016.2	16053.9	17745.5	17014.8	14811.1	13974.2	13840.7	13326.4	13110.9	12165.7	10460.8	11089.4	10436.1	
-6970.56	-1001.12	253.004	-1212.67	-813.676	1429.24	4223.47	7184.26	10560.3	14267.3	18193.1	20283.7	20261.7	18025.6	13764.4	
-6081.7	2113.15	5274.71	4462.32	2677.38	2847.46	6340.99	12305.1	15567.3	15391.7	13562.6	13084	15069	15616.8	13670	
-5955.79	-3497.67	1771.68	8718.95	11413.1	10333.9	8166.63	8335.77	9873.34	11995.7	15287	17715.1	19844.9	16397.3	10896.9	
-2924.44	-728.348	87.486	575.023	2608.67	6731.96	13720.1	19883.6	20381.9	17919.3	16075	14394.1	12059.7	9053.49	6065.21	
-15388.7	-8693.17	-1775.44	5780.66	13142	18511.9	21193.3	21719.2	24024.4	26678.2	24754	19610.8	17039.4	19368	19233.4	
-3593.82	-610.921	2833.81	7217.65	11603.1	15983.1	19762.9	20049.9	15758.1	10933.8	8752.18	10383.7	12248	10457.8	6803.13	
-5028.39	3971.33	13109.2	14973.5	11563.1	7521.63	4095.59	2855.07	4242.45	6759.39	9235.8	10578.5	10012.1	8886.21	8309.4	
-1559.6	1566.21	5589.17	9455.11	10602.9	10162.5	9373.29	8132.91	6284.56	6406.72	8227.09	9016.43	7954.64	5177.04	3733.12	
-4316.79	-1127.36	358.475	1979.68	4485.72	6613.6	6216.55	3352.89	2224.05	2379.97	1331.22	223.333	1960.07	6027.65	7453.84	
-5402.97	-7869.81	-7550.14	-3101.44	2245.73	7513.53	14233.6	20910.1	24861.7	26382.8	24978	19845.1	11848.6	5088.72	2893.92	
1577.2	-180.215	-458.276	481.749	2754.07	6642.75	9792.25	8610.6	5845.19	4743.9	5596.34	6604.52	5540.32	971.346	-2243.27	
2865.91	5468.88	5857.52	4073.45	1916.81	1479.62	3229.28	4996.88	4435.22	2253.29	613.426	1407.94	2633.44	3396.07	1309.34	
-7351.12	-5722.34	-3650.29	-3389.88	-2978.28	594.416	6029.51	10759	16730.5	23764	26552.7	18044.5	7738.74	3366.7	5804.24	
-2844.01	-4594.66	-5190.73	-476.449	5347.06	9401.15	12219.9	13410	11881.8	10590.8	11350.1	12666.8	12805.6	8660.2	4143.36	
-2407.49	116.238	1416.85	-274.411	-1101.55	679.369	4783.54	11514.2	16424.9	16291.1	14130	14123	16013.5	13059.9	6856.26	
603.587	3149.48	6098.98	7445.99	6988.12	8607.1	11276.8	9604.43	5483.73	3186.4	2915.5	2835.55	4292.56	5252.82	3317.84	
-9133.91	-9295.71	-4973.32	1812.62	5395.43	5346.37	5771.69	10382.8	14985.8	17012.4	17245.4	14443.2	9266.5	6471.44	6851.37	
-1160.97	3217.28	9923.95	15333.3	18786.1	21841.1	23833.9	23516.7	22798	22036.4	19967.1	15809.4	11341.3	7267.97	4087.46	
-10265.1	-2560.82	4003.82	6956.79	7071.49	5768.34	4407.48	5316.65	7778.99	7584.02	6314.27	10454.7	17100.7	18816.2	16559.5	
5697.85	2605.77	-2863.63	-4745.14	-2409.48	-239.436	2056.29	6428.57	10167.7	11773.1	12296.3	12871.5	11057.7	4420.46	-2704.63	
-4704.3	-4006.54	3064.84	12555.6	15695.7	16143.1	19820.3	28388.5	37049.1	39577.2	33246.3	21806.8	13251.3	8864.92	5853.61	
6162.68	2864.82	631.328	1533.35	3280.01	4164.66	4894.21	6374.93	6748.65	4709.23	1056.93	-2245.57	-3053.9	-3360.33	-5462.22	
-1983.17	5075.41	8565.73	7512.52	5530.51	3421.28	2349.48	6318.34	11856.8	13037.4	11121	11018.3	12816	12579.9	8825.63	
-20337.2	-12036.1	-1986.94	5870.19	9871.91	10860	10098	10230.5	10770.6	11492.2	12811.1	14312.9	16272	19343.8	21561.1	
-10491.1	-3558.16	112.762	9111.54	20663.7	26566.7	24975.7	22280.6	21788.3	20501.9	18824.5	17135.3	18274.4	19766.2	17075.5	
-334.862	1281.35	3472.69	7752.73	11342	12211.3	11235.1	10044.2	10830.8	13233.9	16117	16885.4	15817.6	10919.8	4982.93	
-10462.9	-3743.8	1123.21	2938.23	6655.88	14035.6	21840.2	20819.2	13517.4	9814.25	11558.6	14805.3	17304.5	17101	15486.2	
-1254.26	-317.726	-715.819	-1317.17	212.134	2397.67	4106.37	5477.02	6067.52	4696.55	2810	3303.98	5011.08	5571.12	3908.08	
-7109.4	-267.003	4483.93	6802.09	7756.68	8183.48	8994.07	9730.38	7977.01	5556.85	4836.3	7797.66	13176.5	15208.9	13242.2	
-6899.01	-7710.32	-5714.17	-1328.32	3466.5	8862.66	14775.8	17771.8	19235.9	20388.9	19080.5	13181.3	5519.95	2048.35	3343.81	
2613.93	5572.4	5736.83	4026.95	2089.79	701.572	502.384	2845.38	6750.74	9374.73	10601.1	10299.4	9720.88	6268.57	1949.54	
-11764.8	-6842.29	260.091	7211.22	9649.99	11711.4	16514.3	17522.6	13109.4	12561.8	18836.2	23736.8	23459.2	17839.8	14532.2	
-4449.52	-1485.47	1802.94	3834.56	5213.56	4868.38	2093.48	-362.882	-321.358	2035.99	4958.5	6752.53	6131.52	4503.63	4846.34	
-3936.72	-2755.21	543.651	754.737	-386.307	-1101.03	-467.56	4316.36	10699.8	14773.8	14883.3	9146.63	1947.56	-1670.03	335.671	
-10031.4	-8776.42	-8303.37	-5497.72	-318.755	3752.5	4424.42	3960.65	4397.15	3802.05	1787.92	829.237	4041.1	8325.92	10445.6	
239.635	2394.55	5095.6	7707.36	7811.52	5517.87	4264.59	5882.13	8251.41	8865.63	7980.48	5872.43	4902.54	3775.47	1995.28	
-1779.21	357.356	1487.96	-124.984	-1929.45	-1109.56	2140.88	5729.08	7110.92	6230.35	4590.06	4524.32	5803.07	6376.15	4445.45	
-8769.71	-10904.2	-11474.5	-7583.17	-2188.62	2514.58	5452.69	7236.68	10370.8	12174.5	11163.6	9031.55	7280.42	6785.59	7169.52	
5620.07	4839.97	1653.57	-2591.92	-3218.75	-1612.78	-499.878	990.824	3608.25	6255.58	7054.97	4577.75	14.1171	-2957.05	-4465.64	
-6273.65	-5907.73	-3310.4	-1427.55	-1507.86	-191.168	3568.61	4305.38	383.394	-2009.6	716.97	5714.45	6586.64	6053.34	5335.38	
-10573.9	-7348.43	-2665.21	143.577	462.759	1452.7	4203.9	6534.45	6278.42	4744.92	4307.91	5484.64	7351.04	8997.5	10860.6	
862.556	42.2727	671.931	1671.18	1549.42	382.398	-810.533	193.624	2294.57	2827.74	1778.62	977.457	-293.962	-1322.57	-1823.17	
-3527.21	-556.702	3898.91	5580.17	4262.33	4114.86	5673.17	6147.27	4874.32	3620.57	3199.96	1440.44	-2817.06	-1957.34	1456.3	
862.088	2981.38	5050.92	5735.54	6869.18	9118.72	9871.49	6620.29	3989.87	4982.58	8501.98	11270.2	10016.5	6627.26	2516.98	
-8530.22	-9368.82	-10546.2	-6334.56	1100.07	7088.18	10618	10951.8	10952.5	11229.8	10062	7044.84	6668.42	8772.77	9717.47	
-17228.8	-9163.49	-290.422	5468.09	8810.57	12768.8	14817.3	13266.8	10989.6	8751.65	6898.36	9471.57	13853.6	19616.7	20654.4	
