1.15705e+07	
8.02153e+06	
2.4075e+07	
2.2923e+07	
1.20347e+07	
2.33404e+07	
1.67306e+07	
2.19538e+07	
1.59576e+07	
1.50396e+07	
1.58521e+07	
2.0877e+07	
1.64545e+07	
2.11612e+07	
1.88307e+07	
1.78463e+07	
3.11539e+07	
2.09701e+07	
2.01754e+07	
2.97736e+07	
1.99616e+07	
8.85026e+06	
2.93697e+07	
1.93873e+07	
2.86788e+07	
1.8848e+07	
2.82545e+07	
2.65452e+07	
2.72651e+07	
2.74565e+07	
2.62848e+07	
2.64704e+07	
2.59277e+07	
2.59131e+07	
2.4937e+07	
1.48213e+07	
2.44783e+07	
2.54857e+07	
2.37498e+07	
2.48339e+07	
2.30387e+07	
1.08813e+07	
2.43375e+07	
1.73285e+07	
2.23966e+07	
9.27155e+06	
8.59663e+06	
8.60447e+06	
8.64773e+06	
1.28984e+07	
