698107	
1.38448e+06	
692409	
752387	
1.47436e+06	
698356	
1.56769e+06	
1.40157e+07	
1.53676e+07	
1.52531e+07	
1.67164e+07	
1.27169e+07	
1.66126e+07	
1.38284e+07	
1.44332e+07	
1.40902e+07	
1.66325e+07	
1.62907e+07	
2.05758e+07	
1.4704e+07	
2.11839e+07	
2.25825e+07	
2.22189e+07	
1.43378e+07	
1.53548e+07	
2.38693e+07	
2.0547e+07	
2.88037e+06	
1.84411e+07	
2.25644e+07	
2.17095e+07	
2.04348e+07	
608336	
690094	
2.26081e+07	
2.94896e+07	
1.42658e+07	
2.22596e+07	
2.5627e+07	
1.45505e+07	
2.96827e+07	
3.34984e+07	
2.52773e+07	
652208	
2.18894e+07	
698325	
1.53538e+06	
2.59815e+07	
628590	
1.7781e+07	
634757	
1.39529e+07	
1.27874e+07	
649155	
1.44442e+06	
1.45742e+07	
1.57663e+07	
452680	
1.98847e+07	
1.29836e+07	
1.56722e+06	
4.359e+07	
3.20135e+07	
3.12966e+07	
4.11808e+07	
1.61354e+06	
3.02158e+07	
1.96593e+07	
1.42591e+07	
2.05484e+07	
3.50567e+07	
3.30056e+07	
3.34253e+07	
1.42101e+07	
1.68145e+07	
1.8445e+07	
1.53551e+07	
1.46543e+06	
2.23203e+07	
3.44625e+07	
2.05103e+07	
1.45991e+07	
2.22784e+07	
1.4545e+06	
1.6077e+07	
1.87218e+07	
1.70389e+07	
1.45488e+07	
1.92857e+07	
1.56721e+07	
1.01021e+06	
1.50789e+07	
1.20529e+07	
1.36244e+07	
813029	
1.24427e+07	
1.53877e+07	
2.06753e+07	
2.15814e+07	
932814	
991687	
1.22783e+07	
1.68424e+07	
2.36614e+07	
1.93832e+07	
4.33412e+07	
1.30136e+07	
1.49349e+07	
1.40254e+07	
1.48245e+07	
1.76319e+07	
2.37425e+07	
5.18382e+07	
1.48307e+07	
2.26101e+07	
1.64935e+07	
1.44642e+07	
1.37418e+07	
3.37079e+06	
1.67501e+07	
2.13171e+07	
2.92531e+07	
1.47517e+07	
2.07921e+07	
2.27626e+07	
2.10968e+07	
1.30884e+07	
2.32274e+07	
4.0263e+07	
1.30945e+07	
1.39445e+07	
3.36401e+07	
2.36366e+07	
5.15043e+07	
1.36133e+07	
3.10018e+07	
2.13617e+07	
1.34162e+07	
1.51013e+07	
1.70022e+07	
1.9627e+07	
858221	
1.38672e+07	
1.35975e+07	
851899	
2.13712e+07	
2.50153e+07	
755663	
2.12022e+07	
1.38186e+07	
3.04152e+07	
649938	
4.30359e+07	
1.31258e+07	
3.44166e+07	
545205	
1.47446e+07	
2.17004e+07	
1.60387e+07	
1.52105e+07	
1.28234e+07	
2.98628e+07	
1.84031e+07	
1.55167e+07	
2.45821e+07	
2.87379e+06	
1.28087e+07	
2.33905e+07	
2.90702e+07	
3.39122e+07	
2.26257e+07	
2.23385e+07	
2.78054e+07	
2.30562e+07	
3.41129e+07	
1.48206e+07	
1.33963e+07	
1.61276e+07	
2.23e+07	
2.57689e+07	
2.15001e+07	
1.50689e+07	
4.08858e+07	
1.54216e+07	
1.74556e+07	
1.38662e+07	
1.3145e+07	
1.76848e+07	
2.58992e+07	
1.6431e+07	
2.49885e+07	
3.30432e+07	
1.98155e+07	
1.67522e+07	
1.29258e+07	
2.78316e+07	
3.08855e+07	
1.33572e+07	
1.95162e+07	
2.2204e+07	
2.27058e+07	
1.85511e+07	
3.3783e+07	
1.21678e+07	
2.34961e+07	
1.59066e+07	
1.64406e+07	
2.31116e+07	
1.42773e+07	
1.5521e+07	
2.59857e+07	
3.38164e+07	
1.70722e+07	
1.25098e+07	
1.66154e+07	
2.44846e+07	
2.27089e+07	
2.88689e+07	
1.73049e+07	
2.2599e+07	
4.28812e+07	
2.76966e+07	
2.09164e+07	
1.77281e+07	
1.30385e+07	
3.27588e+07	
1.40401e+07	
1.44928e+07	
2.49005e+07	
2.68413e+07	
5.27419e+07	
1.19371e+07	
2.57879e+07	
2.69075e+07	
2.60221e+07	
1.9059e+07	
1.81517e+07	
1.22382e+07	
3.37802e+07	
1.42223e+07	
3.03027e+07	
2.23185e+07	
1.57617e+07	
2.43886e+07	
1.43219e+07	
1.26793e+07	
3.1981e+07	
1.54452e+07	
2.89211e+07	
1.47459e+07	
1.13505e+07	
5.02481e+07	
2.3381e+07	
3.33327e+07	
3.20933e+07	
1.33145e+07	
1.26897e+07	
3.11316e+07	
1.42704e+07	
1.90661e+07	
3.06564e+07	
3.44171e+07	
2.02144e+07	
1.98278e+07	
1.67323e+07	
1.2286e+07	
2.65483e+07	
1.72057e+07	
2.27111e+07	
2.08633e+07	
2.93811e+07	
2.7719e+07	
1.60711e+07	
2.20947e+07	
1.60625e+07	
2.59407e+07	
3.32658e+07	
1.81612e+07	
1.31184e+07	
1.37114e+07	
2.24832e+07	
1.41319e+07	
1.95235e+07	
2.17214e+07	
2.72774e+07	
3.20109e+07	
4.25503e+07	
1.18495e+07	
1.89064e+07	
2.7282e+07	
2.72483e+07	
2.2402e+07	
1.56311e+07	
1.78293e+07	
1.5574e+07	
2.05039e+07	
1.33016e+07	
2.70363e+07	
3.57569e+07	
2.53919e+07	
1.74129e+07	
1.42803e+07	
1.87171e+07	
2.38644e+07	
1.37492e+07	
1.90624e+07	
1.09179e+07	
1.69963e+07	
1.51044e+07	
1.60217e+07	
1.53479e+07	
3.26729e+07	
2.69087e+07	
3.23596e+07	
1.52222e+07	
2.18667e+07	
3.14703e+07	
3.59191e+07	
2.8199e+07	
2.52129e+07	
2.066e+07	
1.78146e+07	
2.57365e+07	
5.18312e+07	
8.46257e+06	
3.18868e+07	
1.55349e+07	
1.5277e+07	
1.22543e+07	
1.10537e+07	
2.54991e+07	
2.12109e+07	
2.18509e+07	
1.26745e+07	
1.70448e+07	
1.99479e+07	
1.67785e+07	
2.9475e+07	
1.45831e+07	
1.22302e+07	
2.52008e+07	
2.14893e+07	
1.58251e+07	
1.68244e+07	
1.49501e+07	
2.43296e+07	
1.83464e+07	
2.38094e+07	
2.1381e+07	
1.51992e+07	
1.08256e+07	
1.44696e+07	
4.08627e+07	
2.5715e+07	
2.35172e+07	
3.21018e+07	
2.54299e+07	
1.37812e+07	
1.54969e+07	
3.03801e+07	
2.50889e+07	
2.4529e+07	
2.41474e+07	
2.52797e+07	
1.61118e+07	
1.40251e+07	
1.64723e+07	
1.42072e+07	
1.51772e+07	
3.15092e+07	
3.24501e+07	
2.13562e+07	
2.4705e+07	
1.5492e+07	
3.2198e+07	
1.82424e+07	
2.65484e+07	
1.89007e+07	
2.65295e+07	
3.10703e+07	
2.41669e+07	
1.6891e+07	
2.32163e+07	
1.2141e+07	
2.38394e+07	
4.92828e+07	
1.49272e+07	
1.97441e+07	
1.31545e+07	
2.76558e+07	
2.07387e+07	
2.27982e+07	
2.13441e+07	
1.57621e+07	
3.17028e+07	
1.58199e+07	
2.10909e+07	
3.11879e+07	
4.02168e+07	
3.06583e+07	
2.45409e+07	
1.71156e+07	
4.06651e+07	
1.57615e+07	
5.08905e+07	
1.39228e+07	
1.95342e+07	
1.42344e+07	
2.43075e+07	
2.54925e+07	
3.47714e+07	
2.94652e+07	
2.7514e+06	
1.6916e+07	
1.63293e+07	
1.95841e+07	
1.7412e+07	
2.29237e+07	
3.17302e+07	
2.0963e+07	
1.45062e+07	
2.99251e+07	
2.44122e+07	
2.57126e+07	
3.06815e+06	
1.88366e+07	
1.33442e+07	
2.2477e+07	
1.72161e+07	
1.55914e+07	
1.53226e+07	
2.41528e+07	
2.24679e+07	
1.76026e+07	
3.22974e+07	
1.46237e+07	
1.34963e+07	
3.84973e+07	
3.35857e+07	
2.59279e+07	
2.05117e+07	
2.17072e+07	
1.55918e+07	
2.76069e+07	
1.86512e+07	
2.41575e+07	
1.84353e+07	
2.39504e+07	
2.35438e+07	
1.23971e+07	
3.00252e+07	
2.68015e+07	
3.16196e+07	
3.06763e+07	
1.48369e+07	
1.44637e+07	
3.01033e+07	
2.69199e+07	
1.28231e+07	
2.25771e+07	
1.86217e+07	
3.10224e+07	
2.91158e+07	
1.65271e+07	
1.43979e+07	
2.89918e+06	
1.59187e+07	
1.80647e+07	
4.00957e+07	
1.69259e+07	
2.15402e+07	
1.36087e+07	
1.94791e+07	
3.33758e+07	
1.31969e+07	
1.49319e+07	
1.95074e+07	
4.37954e+06	
1.24807e+07	
2.36478e+07	
1.88073e+07	
1.431e+07	
1.7708e+07	
2.41859e+07	
2.30413e+07	
4.8133e+07	
3.64021e+06	
2.33977e+07	
2.27749e+07	
2.64871e+07	
1.79163e+07	
1.47789e+07	
1.33787e+07	
4.95209e+07	
3.44004e+07	
1.34442e+07	
2.9232e+07	
3.26013e+06	
2.26158e+07	
1.70213e+07	
2.67135e+07	
1.30784e+07	
1.48851e+07	
1.70794e+07	
1.16002e+07	
1.89179e+07	
2.83522e+07	
3.02977e+07	
2.51487e+07	
1.65487e+07	
2.1854e+07	
3.88653e+07	
3.0287e+07	
2.98395e+07	
2.30025e+07	
1.41905e+07	
1.71486e+07	
1.91951e+07	
2.97245e+07	
1.4777e+07	
3.29293e+07	
2.09024e+07	
4.4605e+07	
3.10048e+07	
1.37746e+07	
2.2027e+07	
1.16234e+07	
1.09629e+07	
1.61538e+07	
3.76109e+06	
2.23257e+07	
1.70187e+07	
1.87613e+07	
2.45965e+07	
3.66016e+06	
2.32643e+07	
3.09691e+07	
1.86935e+07	
3.32348e+07	
1.83358e+07	
1.77616e+07	
2.4256e+07	
2.18759e+06	
4.20142e+07	
2.26715e+07	
2.77152e+07	
1.18741e+07	
1.36379e+07	
1.45503e+07	
1.6098e+07	
2.82209e+07	
2.8069e+07	
2.69503e+07	
1.05831e+07	
2.60553e+07	
3.52116e+07	
2.47652e+07	
2.187e+07	
2.30173e+07	
1.71231e+07	
1.42934e+07	
1.57649e+07	
4.26926e+07	
3.03378e+07	
3.98232e+07	
3.01456e+07	
3.88032e+07	
1.77555e+07	
2.28099e+07	
2.23834e+07	
1.26784e+07	
2.89382e+07	
2.79254e+07	
2.28699e+07	
4.75276e+07	
1.29886e+07	
2.3292e+07	
2.19415e+07	
1.39271e+07	
1.42449e+07	
4.92832e+07	
3.68926e+07	
1.7283e+07	
3.17257e+07	
2.18042e+07	
2.23283e+07	
1.77309e+06	
1.90438e+06	
2.31559e+07	
2.41329e+07	
1.66093e+06	
1.81817e+07	
2.62478e+07	
2.78325e+07	
1.43104e+07	
1.47018e+07	
3.19801e+07	
1.28997e+06	
2.154e+07	
3.70831e+07	
2.27643e+07	
1.63317e+07	
3.96042e+07	
2.17095e+07	
2.93946e+07	
1.50067e+07	
2.2225e+07	
2.04067e+07	
2.60173e+07	
3.943e+07	
3.38982e+07	
1.43193e+07	
2.80405e+07	
1.42649e+07	
2.29726e+07	
2.1916e+07	
2.77652e+07	
5.55282e+07	
2.62894e+07	
1.66822e+07	
1.56454e+07	
4.36422e+07	
2.401e+07	
1.28778e+07	
1.90824e+07	
2.88126e+07	
2.39429e+07	
1.35416e+07	
2.19626e+07	
2.20064e+07	
1.39514e+07	
1.26462e+07	
1.34023e+07	
2.06017e+07	
2.69766e+07	
2.80664e+07	
1.7377e+07	
1.58391e+07	
2.9282e+07	
2.11917e+07	
1.49704e+07	
2.13432e+07	
1.52934e+07	
1.73898e+07	
2.81338e+07	
3.17614e+07	
2.35825e+07	
2.48111e+07	
1.77987e+07	
1.78078e+07	
2.30765e+07	
3.80263e+07	
2.01238e+07	
4.82213e+07	
2.22473e+07	
1.443e+07	
2.6935e+07	
1.99792e+07	
3.32987e+07	
3.68239e+07	
2.7843e+07	
2.71258e+07	
2.70229e+07	
3.60689e+07	
4.5125e+07	
1.68688e+07	
2.80772e+07	
2.31339e+07	
1.73181e+07	
2.08367e+07	
2.60211e+07	
2.07423e+07	
1.40815e+07	
3.02559e+07	
3.02555e+07	
2.58654e+07	
1.94293e+07	
2.07259e+07	
2.65981e+07	
1.28586e+07	
1.63508e+07	
4.61338e+07	
2.18296e+07	
4.09544e+07	
1.33199e+07	
3.66599e+07	
3.98648e+07	
1.48828e+07	
2.20058e+07	
1.32513e+07	
2.59199e+07	
2.41082e+07	
1.41476e+07	
3.07536e+07	
2.49359e+07	
5.54164e+07	
1.99774e+07	
2.46016e+07	
2.48334e+07	
2.23533e+07	
2.10645e+07	
2.73006e+07	
1.63098e+07	
2.63226e+07	
1.98025e+07	
3.23761e+07	
2.86728e+07	
2.85689e+07	
3.2578e+07	
2.96789e+07	
2.59525e+07	
1.35285e+07	
1.56055e+07	
1.79319e+07	
1.45037e+07	
2.27238e+07	
1.36327e+07	
1.8594e+07	
2.59669e+07	
3.52388e+07	
1.4763e+07	
2.0218e+07	
2.7549e+07	
1.52722e+07	
3.37577e+07	
4.68219e+07	
2.30634e+07	
4.44535e+07	
2.73815e+07	
1.65774e+07	
3.65132e+07	
3.91866e+07	
2.63864e+07	
2.66804e+07	
1.38068e+07	
2.42613e+07	
2.46224e+07	
1.5226e+07	
1.48617e+07	
2.69142e+07	
3.0237e+07	
1.79943e+07	
2.48144e+07	
2.21181e+07	
5.10526e+07	
3.19701e+07	
1.38437e+07	
2.8041e+07	
3.20855e+07	
1.25549e+07	
2.70153e+07	
2.28969e+07	
2.67982e+07	
1.36788e+07	
3.51761e+07	
2.67702e+07	
1.35357e+07	
2.20029e+07	
2.72583e+07	
1.2989e+07	
2.39231e+07	
3.39268e+07	
3.52925e+07	
2.58665e+07	
3.59654e+07	
3.56426e+07	
1.81363e+07	
2.84479e+07	
1.32168e+07	
1.21173e+07	
1.68876e+07	
1.33993e+07	
1.76357e+07	
2.47444e+07	
5.38335e+07	
4.51271e+07	
3.49404e+07	
2.68481e+07	
3.16594e+07	
3.10945e+07	
2.93599e+07	
2.76614e+07	
4.59474e+07	
2.72193e+07	
1.59957e+07	
2.42761e+07	
1.28788e+07	
1.23936e+07	
3.18701e+07	
3.20463e+07	
3.63809e+07	
3.47242e+07	
2.66878e+07	
2.51319e+07	
2.46688e+07	
3.53653e+07	
1.59568e+07	
1.30651e+07	
1.96696e+07	
2.35196e+07	
1.61809e+07	
1.30009e+07	
3.30541e+07	
2.56131e+07	
2.85935e+07	
2.71719e+07	
5.56703e+07	
3.68538e+07	
1.20596e+07	
3.58877e+07	
2.9042e+07	
2.2499e+07	
3.15997e+07	
1.26645e+07	
3.03293e+07	
2.03601e+07	
3.40756e+07	
3.49993e+07	
3.41362e+07	
2.62601e+07	
1.89782e+07	
3.21182e+07	
3.34897e+07	
2.15585e+07	
2.48454e+07	
1.25312e+07	
2.6602e+07	
2.61561e+07	
2.83138e+07	
3.25719e+07	
2.2467e+07	
3.42708e+07	
1.27551e+07	
1.29952e+07	
3.59944e+07	
3.49917e+07	
1.32789e+07	
3.06189e+07	
2.92161e+07	
2.77349e+07	
3.37945e+07	
5.29207e+07	
3.15707e+07	
5.48519e+07	
2.22724e+07	
1.62171e+07	
3.36047e+07	
2.55417e+07	
2.20077e+07	
3.25656e+07	
3.20358e+07	
2.85305e+07	
5.5084e+07	
2.0853e+07	
2.68489e+07	
3.5614e+07	
1.72218e+07	
2.71855e+07	
2.58115e+07	
3.12072e+07	
2.04352e+07	
1.36134e+07	
2.58109e+07	
5.09934e+07	
2.8062e+07	
2.58978e+07	
3.3664e+07	
1.28402e+07	
2.4763e+07	
3.09415e+07	
2.75623e+07	
2.42291e+07	
2.53913e+07	
5.36206e+07	
5.13659e+07	
5.44982e+07	
2.60121e+07	
3.00596e+07	
5.22958e+07	
2.53665e+07	
2.96793e+07	
5.10032e+07	
2.52652e+07	
2.25781e+07	
4.90783e+07	
4.61053e+07	
4.65276e+07	
4.55343e+07	
4.40697e+07	
