-1387.4	
-1238.07	
-250.688	
4.73129	
-1548.96	
-1791.27	
-2875.88	
-14911	
-18680	
-18528.1	
-19044.6	
-13471.3	
-18283.6	
-19840.8	
-13737.1	
-12143.6	
-17575.1	
-21911.2	
-18721.8	
-13355	
-23862.5	
-25745	
-20130.5	
-16364.3	
-21690.4	
-27606.5	
-23975.6	
-2186.53	
-24911.9	
-23396.8	
-21184.7	
-25261	
-1454.8	
-832.748	
-26933	
-36304.6	
-14288.1	
-24730.2	
-29060.8	
-14691.8	
-40204.9	
-35810.1	
-23223.4	
-725.691	
-29502.3	
-826.992	
-3040.39	
-30798.3	
-1323.19	
-19350.4	
-368.665	
-14387.6	
-13356	
-878.799	
-1454.31	
-14268	
-17162.6	
-262.869	
-30564.6	
-14485.5	
-2457.66	
-42594.4	
-36104.6	
-31042.6	
-49036.4	
-3866.27	
-31781.6	
-22191.5	
-16445.2	
-25861.7	
-40040	
-43088.4	
-32257.2	
-14791.9	
-18641.2	
-17617	
-15488.2	
-1394.05	
-24401	
-44821.8	
-20845.9	
-14602.1	
-23773	
-2368.68	
-19523.4	
-17651.3	
-16855.8	
-17110.6	
-23629.4	
-21480.4	
-1482.41	
-16764	
-12969.6	
-12566.5	
-1091.22	
-15908.4	
-16898.2	
-19249.2	
-29976	
-1444.51	
-1081.46	
-15420.9	
-16968.4	
-30905.3	
-19741.3	
-44617.7	
-12827.9	
-16999.5	
-17631.5	
-17089.6	
-23784.3	
-28045.4	
-46764.4	
-13785.7	
-21030.3	
-17977.6	
-12903.9	
-16735.7	
-2456.09	
-22221.6	
-24997.7	
-34766.7	
-17500.8	
-24509.6	
-31101.7	
-26688.3	
-16490.4	
-28150.7	
-42737.1	
-12050.2	
-17654.3	
-29358.4	
-25625	
-51728.7	
-16077.6	
-38861.3	
-25946.2	
-12056.2	
-13673	
-21439.9	
-21043.6	
-920.316	
-18125.4	
-15892.8	
-797.854	
-26307.4	
-24450.1	
-142.5	
-19766.3	
-15553.5	
-31249.4	
-1241.65	
-45471.5	
-12458.9	
-34130.9	
-102.256	
-21068.5	
-25288	
-17953.8	
-14959.5	
-16028	
-31686.8	
-19074	
-13988.6	
-29926.7	
-3543.89	
-16232.9	
-21183.5	
-33223.4	
-27214.3	
-22400.6	
-26771.3	
-34505	
-20927.9	
-36707.2	
-18201.3	
-20038.2	
-19104.5	
-26334.1	
-29506.8	
-28376.4	
-11130	
-49289.6	
-15363.8	
-17295.3	
-11963.2	
-14509.5	
-16776.6	
-27487.2	
-16952.8	
-33008.8	
-32555.8	
-20829.4	
-17426.3	
-14835.7	
-31820.5	
-30423.7	
-12812.3	
-22458.1	
-22500.4	
-21958	
-22372.9	
-37675.8	
-14308.1	
-21815	
-17102.1	
-19831.5	
-25366.8	
-14503.1	
-15555.7	
-27373.3	
-37950.9	
-19162.1	
-13362.8	
-20222.4	
-29289.9	
-21079.6	
-29161.4	
-12747.6	
-22661.9	
-47658.8	
-33023.4	
-22237.2	
-20742.5	
-7200.85	
-27233.1	
-16906.3	
-13753.1	
-25355.1	
-23401.6	
-57447	
-16509.6	
-29195.3	
-30017.7	
-19228.9	
-22626.4	
-17833.4	
-11991.2	
-39323.3	
-12112	
-32433.6	
-26984.3	
-13633	
-25689.3	
-12886.1	
-17593.2	
-29978.9	
-14639	
-24583.9	
-17923.7	
-12337	
-51691	
-29643.6	
-39095.4	
-42776.9	
-19869.7	
-14609.4	
-34960.3	
-17962.5	
-22877.8	
-28101.3	
-37606.3	
-23376.7	
-20862.6	
-23243.3	
-12848.3	
-28028.2	
-18750.8	
-23233.7	
-21624.4	
-33716.2	
-34040.6	
-15658.2	
-23195.2	
-12110.2	
-30317	
-32456.7	
-19747.1	
-17809.1	
-14191.7	
-22433.5	
-17554.7	
-18281.7	
-25087.5	
-32786	
-36860.7	
-43005.1	
-12205.2	
-19539.8	
-28591.5	
-28623.3	
-19839.8	
-17717.5	
-14498.4	
-18373.6	
-21827.5	
-9421.69	
-28866.1	
-35774.1	
-26729.9	
-15525.5	
-13300.1	
-25337.4	
-21299.4	
-14516.3	
-25453.4	
-11370.6	
-19432.8	
-12758.5	
-13401.7	
-15117.4	
-37502	
-33003.8	
-36194.9	
-13093.4	
-22976.3	
-38188.6	
-33530.9	
-34054.2	
-25919	
-23926	
-20737	
-27485.3	
-57619.4	
-9980.76	
-34965.7	
-15470.4	
-12910.4	
-11049.5	
-6738.21	
-33913	
-20766.7	
-18059.5	
-10296.9	
-19344.1	
-21805.2	
-17030.2	
-33673.8	
-13385.8	
-14723.6	
-31240.3	
-19743.3	
-22548.2	
-21169.3	
-19482.7	
-24225.5	
-23526	
-22716.9	
-20694.6	
-17534.8	
-6467.33	
-14546.5	
-41925.4	
-28969.8	
-23840	
-36777	
-28339.1	
-15274.2	
-14485.5	
-31832.2	
-24415	
-31670.2	
-32209.7	
-24683.3	
-11617.2	
-11291.5	
-21996.2	
-14704	
-19621.6	
-34932.6	
-38270.1	
-23379.5	
-28813.2	
-13537.4	
-36217.5	
-26104.6	
-29760.4	
-20346.4	
-31623.5	
-30480.6	
-19905	
-22779.5	
-24909.7	
-13474.7	
-21316.8	
-45172	
-10484.3	
-23154.7	
-12414.3	
-27993.5	
-27177.7	
-26006.1	
-27218.4	
-17285.4	
-33568.7	
-15482.2	
-27548.5	
-38578.4	
-40508.1	
-27776.9	
-23360.9	
-16103.8	
-49470.9	
-17651.5	
-50491.6	
-13466	
-28452.7	
-13510.3	
-27320.5	
-21620.5	
-40370	
-26255.7	
-1529.59	
-19684.5	
-14606.1	
-24188.6	
-20853.7	
-28792.1	
-32978.8	
-23830.3	
-16898.3	
-35405.8	
-27402.4	
-23130.4	
-3142.27	
-16720.8	
-12394.7	
-21310.6	
-20922	
-17587.9	
-22795.4	
-27707.3	
-21716.3	
-22793.9	
-31777.3	
-14544.6	
-20285.4	
-43982.2	
-40714.7	
-21073.8	
-25232	
-23652.5	
-15458.5	
-26070.7	
-21206.9	
-25835.6	
-20199.4	
-25918.4	
-27747.8	
-10588.6	
-31482.3	
-28984.8	
-28871.9	
-24797.8	
-18463.6	
-14731.6	
-27529.7	
-37090.6	
-12986.8	
-19383.9	
-17878.9	
-30633.8	
-35369.2	
-15574.4	
-12402.2	
-4152.74	
-18712.1	
-17782.6	
-33083.8	
-21785	
-28814.8	
-12071.1	
-19163	
-39358.3	
-16294.5	
-17859.5	
-19952.4	
-5622.93	
-14964.4	
-21887.2	
-15341.4	
-14021.6	
-16793	
-29205.3	
-24267.2	
-53036.3	
-5744.23	
-24408.6	
-25337.8	
-31910.7	
-17984.9	
-17880	
-14317.2	
-51293.7	
-33861.4	
-14880.2	
-35906.3	
-3805.88	
-22937.2	
-22838	
-34599.7	
-15057.4	
-16119.2	
-21700.9	
-15362.7	
-18497.3	
-24034.7	
-33555.5	
-27005.6	
-14499.4	
-21099.6	
-48001.6	
-31477.3	
-31106.6	
-24466.4	
-15510.4	
-16990.5	
-19614.4	
-28523.3	
-17472.4	
-39979.5	
-25674.6	
-51619.9	
-34648.5	
-13785.5	
-25067.9	
-10544.9	
-16881.2	
-18032	
-2234	
-17705.6	
-17128.5	
-18663.6	
-25961.9	
-5828.13	
-25389.7	
-34963.5	
-16949.3	
-35208.8	
-21750.7	
-17087.3	
-25871.1	
-3343.9	
-45696.9	
-26909.4	
-33214.8	
-11348.5	
-15874.7	
-15338.6	
-16741.4	
-24189	
-26432.2	
-37379.5	
-9398.55	
-32637.1	
-35683.4	
-30767.3	
-18914.1	
-24846.4	
-18070.2	
-17433.1	
-16435	
-48234.1	
-33892.9	
-46603.8	
-32209.2	
-47548	
-18049.8	
-25457	
-22501.1	
-15190.4	
-22582.4	
-32857.4	
-30289.1	
-47829	
-15751.7	
-18966.3	
-21527.5	
-15815.9	
-12619	
-64728.3	
-44252.8	
-18934.2	
-36101	
-32498.9	
-27248.5	
-1470.54	
-2341.97	
-23924.6	
-21759	
-829.791	
-17541.1	
-31273.9	
-38408	
-11637.9	
-14335.3	
-38483.4	
-2102.66	
-26850.1	
-41556.5	
-22023.2	
-11801.7	
-44361.9	
-21441.9	
-32822.6	
-21155.6	
-27092.4	
-21192.9	
-29911.1	
-43824	
-29034.5	
-11388.4	
-25462.3	
-17238.4	
-24263.9	
-24080	
-31057.5	
-65574.4	
-29146	
-17770.6	
-15628.7	
-53576.2	
-24934.2	
-11731.3	
-19988.2	
-33513.1	
-31551.5	
-10868.2	
-21370.6	
-21924.5	
-18492.9	
-15325.9	
-12898.4	
-22908.4	
-30841.9	
-27747.8	
-19812.4	
-16899.2	
-34350.5	
-24315.2	
-17863.5	
-25263.3	
-14146.7	
-21460.7	
-32335	
-37768	
-27216.1	
-28210	
-22717.8	
-20318.6	
-26837.8	
-40075.4	
-24805.7	
-51781	
-26312.9	
-18940.7	
-24869.9	
-18328.5	
-35683.7	
-44054.4	
-27702.7	
-27920.8	
-28444.6	
-35027.5	
-50566.3	
-15102.6	
-30471	
-28358.7	
-17109.3	
-24586.1	
-26675.1	
-16925.7	
-15895.5	
-34715.9	
-31759.7	
-31245.9	
-21731.1	
-26246.8	
-27298.2	
-20096.2	
-20858.4	
-56093.8	
-24690.8	
-40040.9	
-15612.9	
-31970.1	
-47038.7	
-13853.5	
-26645.8	
-10446	
-33378.3	
-29040.5	
-12287.1	
-32628.2	
-27219.8	
-53874.7	
-28079.6	
-23265.6	
-26894.8	
-24691.7	
-19188.3	
-23216.5	
-18716	
-30576.4	
-25796.3	
-29018.2	
-29060.1	
-25937.3	
-37270.1	
-33995.1	
-31812.5	
-17018.8	
-17556.4	
-15144.3	
-13722.1	
-22316.2	
-14287.7	
-17048.8	
-25355.8	
-40403.2	
-12940	
-21130.7	
-31662.9	
-14506.1	
-39159.9	
-37520.4	
-17141.8	
-44426.3	
-33923.5	
-18467.1	
-39246	
-48761.6	
-29731.9	
-28204.8	
-15146.7	
-27064.6	
-28187.9	
-17853.1	
-12031.7	
-24934	
-36248.3	
-15557.1	
-23094.8	
-22366.8	
-47286.4	
-41305.7	
-14462.1	
-34038.3	
-30351.1	
-6667.96	
-25467.9	
-21798.5	
-31328.8	
-12731.3	
-37671.1	
-29023.2	
-16046.7	
-22263.3	
-27708.7	
-16224.8	
-29738.2	
-38705.4	
-35420.9	
-22312.6	
-35704.1	
-43464.5	
-15610.2	
-27239	
-14780.9	
-10582.4	
-19040.8	
-14642.4	
-21593.8	
-30645.2	
-59450.6	
-46364.1	
-39897.8	
-27295.3	
-36725.5	
-34446.7	
-31957.5	
-30641	
-41183.6	
-24886	
-21038.7	
-31158.6	
-14601.3	
-12815.5	
-36497.4	
-36891	
-43044.1	
-41093.3	
-29143.1	
-27460.1	
-29974.3	
-44429.2	
-12745.3	
-12910	
-22467.6	
-25947.7	
-14234	
-16356.2	
-35328.5	
-27446.8	
-27571.8	
-36840.5	
-59798.3	
-35045.8	
-10672.9	
-33001.1	
-28482.5	
-27558.7	
-32160	
-15596.1	
-31388.4	
-20943.5	
-42202.4	
-33868	
-39961.6	
-18578.6	
-25704.1	
-33254.6	
-32558.7	
-19846.1	
-25127.3	
-15933.3	
-27641.1	
-24206.3	
-27611.6	
-33845.9	
-23631.3	
-33440.9	
-13339.7	
-15696.4	
-39818.3	
-34207.6	
-11295.6	
-39604.7	
-31290.5	
-17681	
-39877.6	
-53947.2	
-35241	
-67061.9	
-18953.2	
-16849	
-36349.6	
-27788.8	
-22908.9	
-37102.2	
-30370.5	
-28496.7	
-51950.5	
-23372.4	
-28631.6	
-37632.7	
-20381.4	
-31637.8	
-28428.1	
-31416	
-22153.8	
-15473.3	
-26858.8	
-56960.4	
-35332.4	
-28996.3	
-35181.4	
-9848.13	
-28712.9	
-31991.9	
-28652.7	
-29906.9	
-24412.1	
-55458.2	
-55712.5	
-61326.2	
-25784.9	
-35266.8	
-50296.8	
-28267.9	
-27139.7	
-55358	
-23433	
-24231.7	
-51577.6	
-51550.2	
-52305.9	
-44225.1	
-50598.2	
