6.80781e+06	
5.14792e+06	
6.25723e+06	
5.12866e+06	
5.02712e+06	
8.91585e+06	
7.50053e+06	
1.49374e+07	
6.06188e+06	
5.3622e+06	
7.04526e+06	
5.42602e+06	
6.36971e+06	
4.88172e+06	
4.96969e+06	
5.94919e+06	
8.43858e+06	
1.02441e+07	
5.64737e+06	
8.54192e+06	
9.92339e+06	
7.49169e+06	
7.0367e+06	
1.06042e+07	
9.11102e+06	
1.1475e+07	
1.2409e+07	
9.81233e+06	
7.77158e+06	
1.71796e+07	
1.28966e+07	
1.23934e+07	
1.47568e+07	
1.57825e+07	
1.70517e+07	
1.48535e+07	
1.35982e+07	
1.69234e+07	
5.22942e+06	
4.92717e+06	
5.53692e+06	
5.15926e+06	
5.25234e+06	
4.90634e+06	
5.86636e+06	
7.32946e+06	
6.64135e+06	
9.42301e+06	
6.71663e+06	
8.19918e+06	
9.68068e+06	
4.97255e+06	
8.35267e+06	
7.99772e+06	
5.03352e+06	
7.19622e+06	
6.58424e+06	
9.71955e+06	
5.27605e+06	
5.11925e+06	
8.34534e+06	
1.38654e+07	
1.08564e+07	
1.27959e+07	
9.78132e+06	
5.55997e+06	
1.3177e+07	
7.43726e+06	
1.10858e+07	
1.25972e+07	
9.7019e+06	
1.19868e+07	
7.19062e+06	
1.21448e+07	
1.44416e+07	
1.4368e+07	
1.56486e+07	
1.25109e+07	
1.66769e+07	
1.69256e+07	
4.97691e+06	
5.19439e+06	
1.64169e+07	
5.58069e+06	
6.3913e+06	
5.24644e+06	
6.71563e+06	
5.35177e+06	
7.94175e+06	
7.04132e+06	
7.55312e+06	
5.2183e+06	
1.18344e+07	
1.09867e+07	
7.14455e+06	
6.97585e+06	
8.48494e+06	
8.33814e+06	
9.28021e+06	
9.50343e+06	
9.33893e+06	
1.03297e+07	
1.02163e+07	
1.01688e+07	
9.56805e+06	
1.39951e+07	
1.37406e+07	
9.62327e+06	
1.23991e+07	
1.21305e+07	
4.91782e+06	
5.46429e+06	
5.13075e+06	
6.54099e+06	
6.50359e+06	
7.2155e+06	
1.63999e+07	
1.63268e+07	
1.32773e+07	
1.32918e+07	
1.39889e+07	
1.3036e+07	
5.13316e+06	
5.88291e+06	
9.23897e+06	
9.30469e+06	
4.69367e+06	
5.45219e+06	
5.0414e+06	
6.68076e+06	
8.91612e+06	
7.7667e+06	
9.27837e+06	
9.96482e+06	
1.09411e+07	
9.25954e+06	
5.37214e+06	
5.46351e+06	
5.00162e+06	
5.48461e+06	
1.3344e+07	
2.02479e+07	
5.49702e+06	
6.8244e+06	
6.69873e+06	
6.20238e+06	
7.92256e+06	
1.26524e+07	
8.61276e+06	
1.59439e+07	
1.63187e+07	
9.56822e+06	
7.6237e+06	
8.72903e+06	
7.83155e+06	
5.86196e+06	
9.50846e+06	
1.33645e+07	
1.64931e+06	
5.60949e+06	
5.10248e+06	
1.41097e+07	
1.20629e+07	
5.87735e+06	
6.21373e+06	
6.83062e+06	
6.49401e+06	
6.16269e+06	
5.46599e+06	
6.39848e+06	
1.7381e+07	
8.73723e+06	
1.61707e+07	
5.44665e+06	
8.76354e+06	
9.78453e+06	
1.62358e+07	
9.27476e+06	
6.61609e+06	
4.92599e+06	
7.53509e+06	
8.47945e+06	
5.38471e+06	
9.54745e+06	
1.49252e+07	
5.71028e+06	
1.05248e+07	
5.4323e+06	
8.5776e+06	
1.36775e+07	
4.70285e+06	
9.17969e+06	
1.15243e+07	
5.92298e+06	
5.29517e+06	
7.12588e+06	
5.05324e+06	
1.14029e+07	
1.57348e+07	
6.30413e+06	
7.60916e+06	
8.2467e+06	
5.07503e+06	
5.01455e+06	
8.17726e+06	
1.61374e+07	
1.29783e+07	
9.48595e+06	
8.83466e+06	
5.73418e+06	
6.91948e+06	
9.6484e+06	
1.7647e+07	
5.66873e+06	
4.9657e+06	
4.78733e+06	
1.39885e+07	
4.88621e+06	
7.30157e+06	
9.91007e+06	
6.89574e+06	
1.56458e+07	
6.0607e+06	
7.35465e+06	
6.09032e+06	
8.30322e+06	
7.33838e+06	
1.18999e+07	
8.32368e+06	
7.22601e+06	
1.25755e+07	
4.79049e+06	
9.32312e+06	
5.20666e+06	
6.95549e+06	
1.27959e+07	
6.49508e+06	
8.29572e+06	
9.96197e+06	
1.53829e+07	
1.26068e+07	
5.54944e+06	
1.16878e+07	
6.63495e+06	
1.20669e+07	
4.45128e+06	
1.0038e+07	
1.48625e+07	
1.6824e+07	
1.58553e+07	
5.05349e+06	
1.59817e+07	
7.07815e+06	
4.47019e+06	
7.15102e+06	
1.12261e+07	
1.92831e+07	
7.46966e+06	
1.40891e+07	
7.4088e+06	
4.28597e+06	
8.60991e+06	
7.17856e+06	
5.52064e+06	
1.68625e+07	
1.53528e+07	
4.17207e+06	
1.5087e+07	
9.10782e+06	
1.2574e+07	
9.44651e+06	
1.36739e+07	
4.8034e+06	
7.11368e+06	
1.23994e+07	
1.00122e+07	
9.0616e+06	
4.9764e+06	
5.35705e+06	
6.77154e+06	
1.25621e+07	
8.59747e+06	
1.17154e+07	
1.26207e+07	
9.77174e+06	
9.07634e+06	
6.53318e+06	
5.10809e+06	
5.95994e+06	
6.49816e+06	
5.5678e+06	
6.84212e+06	
8.38836e+06	
5.96165e+06	
8.96658e+06	
9.41012e+06	
9.3532e+06	
9.25455e+06	
7.60053e+06	
4.9368e+06	
6.0374e+06	
1.30735e+07	
1.34572e+07	
1.1554e+07	
5.47969e+06	
1.53441e+07	
8.12808e+06	
1.19513e+07	
6.48814e+06	
1.65549e+07	
1.08088e+07	
1.29155e+07	
1.40979e+07	
7.30842e+06	
5.31477e+06	
8.29095e+06	
1.9423e+07	
1.16863e+07	
8.94236e+06	
6.2554e+06	
1.04704e+07	
9.65053e+06	
5.9706e+06	
9.09611e+06	
6.60021e+06	
1.50193e+07	
1.20992e+07	
1.62571e+07	
5.16429e+06	
5.31167e+06	
8.63961e+06	
1.51503e+07	
4.95407e+06	
1.46752e+07	
5.23205e+06	
5.98524e+06	
5.68731e+06	
9.60644e+06	
1.42586e+07	
1.88732e+07	
1.19819e+07	
6.6816e+06	
1.02116e+07	
5.12503e+06	
1.56055e+07	
1.27036e+07	
1.03731e+07	
8.81801e+06	
1.03625e+07	
1.29224e+07	
1.51081e+07	
5.55691e+06	
9.47171e+06	
1.01228e+07	
9.40924e+06	
5.1372e+06	
1.24011e+07	
1.13272e+07	
1.30976e+07	
1.69601e+07	
9.09175e+06	
1.77736e+07	
1.84898e+07	
5.52551e+06	
8.34119e+06	
1.40217e+07	
5.20337e+06	
1.61425e+07	
5.10645e+06	
5.32472e+06	
9.45456e+06	
9.36078e+06	
6.54889e+06	
9.44881e+06	
1.00016e+07	
1.29692e+07	
9.16286e+06	
1.00074e+07	
1.31219e+07	
8.64493e+06	
1.46984e+07	
8.86767e+06	
1.10819e+07	
9.7601e+06	
1.19319e+07	
5.73892e+06	
7.52723e+06	
5.12402e+06	
7.29287e+06	
9.47491e+06	
1.24264e+07	
1.18375e+07	
7.50065e+06	
9.45972e+06	
1.44608e+07	
8.85041e+06	
1.45256e+07	
1.45826e+07	
1.91166e+07	
5.07157e+06	
9.19792e+06	
9.61184e+06	
9.40044e+06	
1.35037e+07	
1.11643e+07	
5.56588e+06	
9.38654e+06	
1.21464e+07	
8.26254e+06	
6.9964e+06	
5.64189e+06	
6.78702e+06	
1.11116e+07	
1.54406e+07	
1.68498e+07	
1.5564e+07	
8.62281e+06	
1.29096e+07	
9.14187e+06	
1.44863e+07	
5.2765e+06	
1.33376e+07	
5.69942e+06	
1.2137e+07	
9.37182e+06	
9.44599e+06	
1.77281e+07	
1.11146e+07	
6.25956e+06	
7.15241e+06	
8.56621e+06	
6.92253e+06	
1.40607e+07	
1.02493e+07	
1.09912e+07	
8.43649e+06	
8.62942e+06	
6.78292e+06	
5.32218e+06	
8.46795e+06	
5.43303e+06	
1.61739e+07	
1.49024e+07	
5.29071e+06	
1.25413e+07	
6.21021e+06	
1.52606e+07	
7.07211e+06	
6.79551e+06	
7.11753e+06	
1.42348e+07	
1.23259e+07	
8.55858e+06	
9.09262e+06	
9.88115e+06	
1.63368e+07	
1.3365e+07	
9.51377e+06	
1.05109e+07	
6.10549e+06	
6.71263e+06	
1.75502e+07	
9.22221e+06	
6.19821e+06	
8.46388e+06	
7.15516e+06	
8.77367e+06	
1.21489e+07	
6.92348e+06	
9.00018e+06	
6.62552e+06	
1.14438e+07	
1.41106e+07	
5.89847e+06	
6.036e+06	
5.19821e+06	
5.77278e+06	
7.14048e+06	
1.6048e+07	
9.24747e+06	
8.34971e+06	
1.24949e+07	
9.69569e+06	
1.37962e+07	
1.49599e+07	
6.79391e+06	
1.02694e+07	
1.0135e+07	
1.33959e+07	
1.09445e+07	
1.2857e+07	
1.02316e+07	
6.58348e+06	
7.746e+06	
1.0535e+07	
1.31293e+07	
1.4889e+07	
1.84509e+07	
8.81338e+06	
5.94432e+06	
5.8926e+06	
5.79211e+06	
1.15003e+07	
1.01891e+07	
1.72403e+07	
7.07181e+06	
4.98535e+06	
6.30125e+06	
7.93335e+06	
6.48903e+06	
1.38583e+07	
1.25308e+07	
9.07037e+06	
7.00925e+06	
7.06636e+06	
6.2437e+06	
7.58556e+06	
5.33272e+06	
1.10545e+07	
8.28974e+06	
9.7593e+06	
1.07179e+07	
7.70849e+06	
1.26491e+07	
1.38584e+07	
1.3372e+07	
1.31434e+07	
1.38817e+07	
6.3226e+06	
6.66536e+06	
5.88358e+06	
6.53907e+06	
1.55187e+07	
1.57734e+07	
5.81975e+06	
1.60174e+07	
4.81109e+06	
1.48432e+07	
1.16572e+07	
1.76068e+07	
1.57484e+07	
1.00085e+07	
5.34678e+06	
1.62853e+07	
1.61743e+07	
7.63241e+06	
6.07889e+06	
6.97647e+06	
1.39221e+07	
1.17545e+07	
1.65352e+07	
6.00929e+06	
9.72275e+06	
6.78346e+06	
5.50874e+06	
6.2823e+06	
7.60681e+06	
5.76923e+06	
9.62414e+06	
1.13396e+07	
1.34601e+07	
5.98611e+06	
7.62137e+06	
7.21458e+06	
1.20168e+07	
1.2848e+07	
1.11072e+07	
1.63307e+07	
5.22098e+06	
1.09021e+07	
1.42481e+07	
6.36094e+06	
1.54823e+07	
9.46809e+06	
8.66054e+06	
1.84575e+07	
1.23093e+07	
1.27958e+07	
1.39444e+07	
1.53051e+07	
1.705e+07	
1.15955e+07	
1.22422e+07	
1.60715e+07	
5.38304e+06	
5.74303e+06	
5.29059e+06	
1.3898e+07	
6.98188e+06	
1.66586e+07	
1.55475e+07	
1.36397e+07	
1.64728e+07	
7.97854e+06	
5.98956e+06	
9.31684e+06	
6.93454e+06	
1.14639e+07	
7.31412e+06	
1.30347e+07	
5.49292e+06	
1.03161e+07	
5.14714e+06	
5.56292e+06	
1.28576e+07	
9.30545e+06	
5.60536e+06	
1.25992e+07	
1.39909e+07	
1.23932e+07	
7.27845e+06	
6.12792e+06	
1.26706e+07	
1.36618e+07	
8.8822e+06	
1.28013e+07	
5.00161e+06	
1.52799e+07	
7.44223e+06	
1.18833e+07	
5.73471e+06	
1.77391e+07	
1.00951e+07	
1.78221e+07	
1.63324e+07	
1.5426e+07	
1.51454e+07	
9.89071e+06	
1.57703e+07	
1.91698e+07	
1.60391e+07	
1.58592e+07	
1.5311e+07	
1.00684e+07	
6.87265e+06	
8.90252e+06	
1.28177e+07	
9.80476e+06	
1.57226e+07	
1.24761e+07	
9.66401e+06	
2.52379e+07	
1.26434e+07	
5.472e+06	
1.22513e+07	
1.06042e+07	
7.28065e+06	
7.29551e+06	
7.65325e+06	
1.35972e+07	
6.76894e+06	
5.02982e+06	
1.74624e+07	
1.46629e+07	
1.49656e+07	
1.18404e+07	
5.73252e+06	
8.58725e+06	
5.92854e+06	
7.92793e+06	
1.31279e+07	
9.91411e+06	
1.73113e+07	
7.31217e+06	
1.46341e+07	
5.14923e+06	
6.93238e+06	
1.56719e+07	
1.13818e+07	
1.33639e+07	
8.24707e+06	
1.20659e+07	
1.55372e+07	
1.48985e+07	
3.60673e+06	
1.07661e+07	
8.01037e+06	
5.81531e+06	
8.85119e+06	
1.18247e+07	
9.21942e+06	
7.43937e+06	
1.627e+07	
9.2984e+06	
2.23887e+07	
9.96208e+06	
5.44519e+06	
5.85656e+06	
1.81635e+07	
1.5003e+07	
5.88934e+06	
1.7595e+07	
1.26774e+07	
1.09142e+07	
1.98064e+07	
1.17243e+07	
1.57371e+07	
1.02747e+07	
1.50423e+07	
1.27893e+07	
5.49554e+06	
1.41658e+07	
9.35394e+06	
4.99913e+06	
1.56046e+07	
1.11069e+07	
5.08216e+06	
1.54555e+07	
1.16541e+07	
6.52736e+06	
6.60223e+06	
1.02962e+07	
1.03756e+07	
1.46907e+07	
6.50518e+06	
9.76241e+06	
1.30078e+07	
1.44216e+07	
1.11508e+07	
5.28639e+06	
1.71135e+07	
1.23129e+07	
9.2836e+06	
1.75681e+07	
1.78046e+07	
1.50315e+07	
1.56183e+07	
1.10422e+07	
1.918e+07	
1.08825e+07	
1.27479e+07	
1.13116e+07	
1.39539e+07	
5.69288e+06	
1.51748e+07	
6.68552e+06	
1.48437e+07	
1.77471e+07	
2.18302e+07	
9.42299e+06	
6.60356e+06	
5.06608e+06	
1.38261e+07	
5.36041e+06	
1.03338e+07	
5.52509e+06	
1.19732e+07	
4.92528e+06	
1.03839e+07	
1.48568e+07	
1.28578e+07	
1.39935e+07	
1.06463e+07	
5.16082e+06	
1.06349e+07	
1.6954e+07	
1.21744e+07	
1.33508e+07	
4.7977e+06	
9.14392e+06	
1.52534e+07	
1.4719e+07	
9.02585e+06	
1.06635e+07	
5.0661e+06	
1.54359e+07	
1.67212e+07	
4.62311e+06	
1.18421e+07	
1.07909e+07	
6.07761e+06	
2.17506e+07	
1.07594e+07	
6.17547e+06	
1.371e+07	
6.98359e+06	
5.14306e+06	
9.82521e+06	
1.29675e+07	
1.36635e+07	
1.46558e+07	
5.82324e+06	
1.273e+07	
6.17922e+06	
1.6652e+07	
6.68387e+06	
1.17119e+07	
1.71346e+07	
7.73606e+06	
6.50353e+06	
1.42592e+07	
1.77268e+07	
1.75053e+07	
5.57572e+06	
1.05695e+07	
1.03348e+07	
5.50712e+06	
9.52239e+06	
7.39877e+06	
5.6868e+06	
2.16718e+07	
9.71201e+06	
1.72956e+07	
1.08997e+07	
4.9345e+06	
1.38068e+07	
5.5615e+06	
5.95535e+06	
5.61919e+06	
1.67052e+07	
7.36945e+06	
6.12981e+06	
1.40658e+07	
5.22561e+06	
1.35711e+07	
5.6304e+06	
1.64023e+07	
9.9692e+06	
1.89219e+07	
1.58947e+07	
5.14514e+06	
5.5388e+06	
1.33306e+07	
1.96504e+07	
6.01139e+06	
5.08977e+06	
8.41826e+06	
7.70677e+06	
8.95819e+06	
6.26814e+06	
5.29173e+06	
2.16843e+07	
6.05914e+06	
7.65463e+06	
5.60457e+06	
1.59998e+07	
1.68483e+07	
8.86843e+06	
1.8723e+07	
6.10878e+06	
8.01824e+06	
1.39421e+07	
5.6591e+06	
1.27613e+07	
1.49104e+07	
1.89542e+07	
5.56612e+06	
8.85604e+06	
1.66151e+07	
1.79051e+07	
1.35541e+07	
9.20969e+06	
1.2861e+07	
9.25294e+06	
1.81441e+07	
1.17611e+07	
2.11468e+07	
1.3169e+07	
1.92252e+07	
1.64853e+07	
8.67151e+06	
1.21583e+07	
2.02558e+07	
1.22288e+07	
1.79812e+07	
2.05958e+07	
7.8105e+06	
8.71636e+06	
1.46527e+07	
1.73113e+07	
1.59756e+07	
7.65408e+06	
1.33595e+07	
1.74401e+07	
4.96536e+06	
4.56231e+06	
5.64566e+06	
1.84018e+07	
1.70491e+07	
7.39041e+06	
1.75465e+07	
1.65418e+07	
1.82695e+07	
1.63927e+07	
1.78907e+07	
5.46559e+06	
1.82378e+07	
5.07032e+06	
1.27142e+07	
4.65188e+06	
