2160.03	
-1707.52	
-4971.04	
1222.06	
-2174.23	
206.597	
-1506.11	
-1845.68	
-1616.49	
1773.67	
-3262.8	
-141.594	
-1517.96	
-2722.84	
-2460.73	
-799.495	
-2098.95	
709.572	
-3315.65	
141.906	
-3147.28	
401.159	
-675.865	
-4709.39	
-2376.4	
-2513.94	
-1014.81	
-1052.64	
1432.26	
-3998.06	
-261.907	
-3410.87	
-4433.48	
-6463.9	
2345.24	
-2178.17	
-3415.1	
-4584.85	
-217.543	
-993.469	
-3632.1	
-2175.92	
-1374.27	
-618.953	
-600.249	
-1970.74	
-3861.68	
-52.2923	
-2019.25	
-1605.69	
-3022.83	
-1339.61	
-3173.57	
-5837.06	
-1944.17	
-510.598	
-2526.25	
272.85	
-2239.66	
-3448.97	
31.4162	
-2092.12	
-6691.43	
-8293.62	
-1564.36	
-1384.53	
-1421.27	
992.433	
-503.271	
-4540.31	
-724.758	
-3937.2	
-2410.64	
-3180.04	
-4360.81	
-4419.2	
-1957.74	
988.361	
-1760.69	
-3518.34	
-2031.4	
518.001	
-3509.79	
-1740.08	
763.733	
-1020.9	
-168.222	
-749.318	
-1419.94	
-5518.61	
1132.43	
-207.378	
-2516.8	
-2011.61	
-1330.92	
-3480.46	
-3139.39	
-2572.74	
-2529.92	
-1139.84	
246.528	
-1025.65	
-6438.18	
-1945.7	
-2104.16	
-351.027	
-2281.82	
-6299.96	
-3622.79	
-6410.79	
-2029.57	
-1639.55	
-2363.52	
-5085.38	
-3148.89	
618.986	
-4455.7	
-4530.68	
-1281.68	
-6243.01	
2137.19	
-6023.48	
-414.286	
631.441	
-2704.22	
-2038.55	
277.93	
-3066.37	
1066.27	
-3479.01	
1293.23	
-2935.34	
-557.472	
-2528.21	
-2559.81	
-407.353	
-573.419	
-49.4949	
-2011.31	
-542.078	
-3849.94	
-7293.55	
1952.8	
1127.81	
-969.688	
883.608	
-4616.67	
-4543.41	
-2313.55	
-8187.17	
-6243.33	
-1588.44	
-3376.25	
-2854.04	
-2062.37	
212.598	
-4127.82	
-2244.26	
431.613	
-2541.43	
-379.837	
-643.59	
-1641.81	
482.399	
1595.34	
524.223	
-132.292	
-3617.3	
-414.223	
75.6358	
-2598.53	
3734.77	
-6593.08	
-1565.51	
-5392.41	
-526.937	
1314.23	
-1519.26	
-2391.08	
-2129.35	
-2476.66	
-698.706	
2776.34	
-493.384	
-4225.54	
-2281.46	
-4813.2	
-3156.92	
-2396.19	
-5652.82	
594.685	
1167.4	
-7026.94	
-3010.92	
493.079	
-2667.52	
273.357	
-2524.93	
-2366.35	
-3185.15	
1185.41	
-2555.61	
-1432.79	
-736.634	
-1534.72	
-4083.24	
-9719.76	
-146.225	
-2930.78	
-2525.13	
-2946.19	
422.294	
-2816.39	
-2625.54	
-2712.48	
-1014.13	
-1156.82	
-1888.55	
-3802.69	
-411.066	
-1470.66	
-4407.43	
-3799.47	
-1956.13	
-3455.53	
907.385	
-717.111	
-2311.81	
-4260.2	
1522.76	
-2794.67	
107.421	
-2326.72	
-2022.73	
-691.457	
-2502.98	
-704.606	
-1652.61	
-2462.69	
-2592.92	
-204.569	
-5279.73	
-4504.36	
-3823.81	
-1132.8	
-1663.5	
-4309.8	
-2416.18	
1492.71	
-4276.06	
-337.503	
-1876.16	
-3818.44	
1847.8	
1752.84	
1218.43	
-1015.14	
-2495.11	
-745.081	
-1983.32	
-163.217	
-573.873	
-190.147	
-2393.8	
-9576.92	
-3788.42	
-3875.4	
-5936.78	
-939.186	
-1705.14	
-5180.63	
-538.146	
-1519.03	
-1687.58	
-3518.37	
-149.817	
-1931.65	
964.656	
542.922	
-1957.96	
-4206.89	
1742.98	
-791.195	
-1280.37	
-1913.84	
-1287.23	
-1582.27	
-3419.26	
-89.3527	
-2699.07	
-2505.06	
-738.819	
-6936.74	
298.671	
-3738.48	
-4970.78	
-2529.4	
-1190.29	
61.6332	
-1498.5	
-2163.55	
-3520.01	
-152.381	
-5812.13	
-4137.56	
-5137.17	
-1251.04	
-4375.13	
-1085.7	
-5621.73	
1668.9	
-4518.56	
546.908	
-2041.48	
-1540.84	
-3163.68	
-3732.64	
-4765.5	
-2871.25	
-3804.53	
-6193.22	
-2636.91	
-2577.54	
-3954.33	
914.168	
-2796.24	
-1106.07	
-6654.24	
-1587.89	
-4253.6	
2990.25	
-8818.2	
-2923.3	
-6761.64	
1073.33	
-1832.73	
-1019.75	
-6.23686	
-3570.97	
-3824.07	
-2285	
-2596.06	
-3168.14	
-1444.7	
-5203.84	
-2262.78	
-4600.24	
-319.809	
-712.149	
-2430.02	
421.492	
-5246.28	
-41.8464	
2485.43	
-2257.19	
-4881	
761.07	
-3570.87	
-3040.62	
-7539.77	
-3637.58	
264.251	
-4520.89	
-3753.78	
-1468.26	
1993.63	
132.418	
-6033.18	
-6337.44	
-1755.12	
-3006.87	
-3013.85	
1383.27	
-4051.08	
2400.58	
-4273.3	
-1703.95	
-2808.87	
-4227.73	
-1762.56	
-7652.82	
-1099.38	
844.349	
-5150.48	
-6450.84	
-425.051	
-2258.97	
-2895.41	
2199.01	
-4822.89	
-1687.44	
1291.23	
-2796.95	
-2053.19	
-5981.25	
-9461.86	
-3584.65	
-92.838	
-6249.58	
-2764.02	
-529.202	
-286.176	
-1615.7	
-7146.57	
-4865.83	
-3998.56	
3379.67	
-4652.08	
-579.376	
-2951.98	
787.237	
1340.3	
-6543.06	
-5181.42	
-4132.78	
-4863.65	
-2793.87	
-4256.18	
-472.879	
-6642.67	
-365.881	
-2945.76	
2289.8	
-5120.44	
-2633.34	
-956.089	
-3803.99	
456.926	
-3940.3	
-1075.87	
-2933.24	
-867.366	
-3763.99	
-2843.92	
-4109.77	
-1975.31	
1050.43	
-460.616	
-1410.63	
844.476	
-815.912	
-1349.55	
-3888.17	
2224.37	
-2298.44	
1131.48	
-6514.51	
-1835.58	
269.176	
-495.127	
-4505.22	
-5852.03	
-3543.96	
-2024.21	
-3847.81	
-2628.23	
-1150.13	
-5312.13	
-3198.69	
-30.9794	
-139.71	
-7459.27	
-3620.83	
-19.902	
-4184.27	
-3288.47	
1373.69	
-3772.2	
-2594.35	
9.9809	
592.084	
528.565	
-4915.64	
-2544.32	
-125.501	
-448.078	
1084.12	
702.001	
-3319.75	
-474.059	
976.162	
-2066.1	
-3315.59	
-4149.53	
-1041.85	
1138.27	
-2865.1	
-4693.46	
-4599.1	
-2659.15	
-4185.35	
-3182.91	
-2771.11	
-662.529	
3121.07	
-754.427	
-1710.82	
-5601.8	
-1126.48	
339.178	
-595.307	
2339.75	
-5999.19	
-2885.56	
-9456.66	
-3061.19	
-3833.08	
1723.5	
-668.522	
-121.813	
-2285.57	
-6105.26	
41.6617	
-3337.9	
-3157.85	
125.565	
-3038.68	
-2864.75	
-1343.76	
268.92	
-3709.25	
-2589.88	
-2383.98	
-4942.81	
2224.79	
-6845.97	
-6165.16	
-1479.97	
-5112.22	
-5472.42	
1198.18	
-2012.53	
-3641.27	
-4746.27	
-998.055	
-6097.76	
-3253.27	
-4528.58	
2397.32	
-5057.42	
-1255.14	
-1265.06	
481.471	
-10908	
-4885.61	
-4540.84	
-7.67288	
376.764	
-2814.92	
-3725.9	
-8472.52	
-1074.99	
-754.926	
-2001.61	
-1812.17	
-2352.07	
1357.98	
1685.72	
-1717.04	
2204.47	
-2373.13	
-4967.75	
-1776.26	
-253.719	
-3541.97	
-4883.64	
-3785.01	
-4646.22	
-1410.8	
-5793.2	
-3842.72	
-3634.94	
-2126.63	
-3002.69	
-942.418	
-9951.73	
-9730.5	
1105.22	
-4365.29	
-3349.17	
-6794.89	
-7680.53	
555.19	
-1690.34	
-2265.79	
-2789.83	
-1552.98	
485.485	
-1297.99	
-5065.21	
-4195.59	
1143.71	
-1811.99	
-989.535	
-2839.34	
398.9	
-1211.56	
-7.07188	
-1138.45	
223.944	
-806.062	
-1011.27	
-1534.02	
-806.158	
-1865.31	
1339.15	
620.681	
-2282.5	
-5830.65	
-3281.22	
-1313.43	
-2090.85	
-2706.59	
334.648	
-516.504	
-1932.73	
-205.139	
-4033.67	
-774.291	
-7560.6	
-73.72	
-5678.79	
-4369.86	
-7574.77	
-3889.67	
2223.46	
-2394.37	
-3392.52	
-7528.01	
-8397.45	
-6247.79	
-5033.58	
496.609	
-4418.49	
-5432.23	
-495.274	
-2384.68	
-3867.42	
-2107.53	
-4079.01	
-3030.45	
-8035.09	
-3645.59	
458.762	
-5501.09	
-4067.63	
163.982	
-1802.82	
-2332.49	
-9204.44	
-2854.03	
268.078	
-7175.71	
-2662.64	
-3024.18	
1043.88	
180.703	
-3237.72	
53.0661	
-1719.38	
-6188.72	
-1804.69	
-5024.67	
-4486.17	
-8231.87	
2095.57	
-2593.89	
-3474.33	
2608.33	
-1843.47	
-215.89	
-4397.77	
-727.647	
-4698.97	
768.023	
1125.04	
654.798	
447.693	
-197.765	
-5011.22	
-248.07	
-429.643	
-3291.65	
-2778.62	
-5200	
-4454.37	
1057.94	
-1820.66	
1095.71	
-665.369	
-520.121	
-2193.4	
-4713.09	
-5443.52	
-3650.45	
-4275.92	
-2068.85	
-5448.92	
-155.022	
-6650.48	
-156.772	
932.636	
-989.918	
-359.816	
-2283.05	
-4192.51	
-1157.19	
-1996.51	
2340.57	
-2752.92	
-4939.87	
-3657.6	
101.184	
-5889.49	
-1681.94	
-1876.79	
-7699.12	
-7904.71	
-5559.34	
-3592.33	
-8204.15	
-4197.28	
-3126.67	
-344.52	
-2427.57	
-3533.47	
1056.14	
-1231.37	
-4715.32	
-2348.86	
-2912.32	
-4151.12	
-5085.85	
-587.428	
-6227.09	
-152.929	
-2466.58	
-4975.45	
-4962.71	
-2590.34	
-1453.77	
-1709.46	
-5272.56	
1606.57	
-1768.26	
-1705.23	
-6210.38	
-1940.82	
651.499	
160.928	
-676.948	
-5935.13	
744.765	
-175.598	
-2014.6	
-6458.61	
-1219.61	
-4615.14	
2215.85	
-2118.21	
-10181.9	
-2718.07	
-1750.3	
-1388.03	
600.981	
-6956.95	
-6394.03	
-1248.94	
-4291.25	
-492.02	
-4800.13	
-4436.05	
-2750.86	
-2782.53	
-3007.92	
-941.58	
1726.33	
-3801.52	
-4322.78	
608.257	
-1683.87	
-4010.69	
-4699.37	
-2245.19	
-7674.29	
-1971.6	
-3342.68	
-9474.72	
1241.99	
-2552.85	
-5442.71	
-4593.79	
-3329.65	
-4532.81	
-944.566	
-869.113	
-2544.31	
-3955.59	
-2145.01	
444.8	
-9257.08	
-1933.53	
-4535.27	
-2534.72	
-3256.02	
-7011.1	
-6357.56	
-1056.27	
1298.61	
-4507.16	
-858.63	
-2724.92	
-2272.06	
2269.28	
-1152.31	
-3453.71	
-7138.13	
-3788.89	
-3620.02	
-2624.49	
-867.556	
-1518.2	
-6603.14	
-6793.9	
-2386.25	
-1623.72	
-367.209	
-1622.41	
-1595.45	
-1546.63	
-1644.2	
-4014.14	
-136.946	
-3632	
-1417.63	
-6051.51	
-2973.36	
-5098.29	
-6159.77	
-3293.86	
-817.492	
-3428.33	
-1749.68	
-5802.86	
-4690.96	
-6458.12	
-1129.89	
-4916.12	
-2853.65	
-2091.45	
-438.768	
-1345.06	
-2558.78	
36.7798	
-15877.1	
-1620.46	
-941.324	
-4897.46	
-1071.13	
-4932.31	
-5151.66	
-6915.92	
-3965.84	
116.135	
-2868.27	
-1723.84	
-5821.43	
-3647.17	
-5968.31	
-11486.3	
-4955.66	
-6860.73	
-5539.78	
5736.93	
-1335.24	
-474.666	
-1370.97	
1816.98	
-3251.95	
733.636	
-3310.38	
-4578.91	
-2339.43	
-339.758	
-8452.16	
-381.412	
-3268.84	
-183.392	
-5902.09	
-2731.96	
