-7056.01	
-6807.96	
-4016.65	
-5838.18	
-5333.78	
-10505.8	
-9813.04	
-23931.2	
-7098.84	
-5561.75	
-6405.18	
-9199.34	
-9207.82	
-8528.73	
-7464.23	
-2887.2	
-7513.86	
-13508.8	
-5031.87	
-9383.15	
-13308.3	
-10778.1	
-8253.15	
-11146.2	
-8738.39	
-10279.8	
-14988.5	
-12580.7	
-6033.53	
-17181.2	
-17193.2	
-15871.7	
-15914.9	
-18054.5	
-21035.5	
-18273.9	
-17445.8	
-17067.3	
-7133.63	
-5986.33	
-8649.94	
-5631.48	
-3743.29	
-5332.72	
-7664.27	
-9948.03	
-6004.07	
-12590.2	
-10818.1	
-8627.05	
-15242.6	
-6545.89	
-7492.9	
-11408.4	
-5261.54	
-7487.51	
-7466.17	
-11325.5	
-4617.72	
-5350.5	
-11881.2	
-17813	
-9107.67	
-12733.4	
-15677.8	
-9592.65	
-9958.78	
-9732.62	
-10957.8	
-14916.8	
-8720.31	
-11765.4	
-7038.06	
-14263.8	
-19654.2	
-17587	
-19071.1	
-17909.6	
-19891.5	
-21239	
-5240.02	
-6896.1	
-21772.7	
-6241.32	
-7198.59	
-7246.28	
-12124.1	
-5165.54	
-11854.5	
-9611.23	
-12880.5	
-6949.63	
-11696.9	
-10323.6	
-8250.63	
-8698.17	
-8849.26	
-10132.8	
-10357.9	
-9308.17	
-15631.2	
-11424.2	
-18662.1	
-14008.3	
-12452.3	
-20072.6	
-20468.1	
-11539.9	
-13525	
-16006.7	
-6519.05	
-7745.47	
-8343.13	
-6429.66	
-8491.59	
-7864.57	
-22841.6	
-19322.3	
-16245.2	
-18133.1	
-19608.7	
-16905	
-9078.89	
-4028.17	
-9988.71	
-16205.9	
-5584.49	
-6307.52	
-6389.68	
-10776.4	
-11228.5	
-7426.78	
-13829.8	
-13712.2	
-14955.5	
-10739.8	
-7221.14	
-4942.8	
-7063.71	
-9296.42	
-15856.5	
-28011.1	
-7749.88	
-9152.7	
-6956.23	
-8918.67	
-10144.7	
-10640.3	
-10752.5	
-17955.8	
-21716.8	
-11965.1	
-13073.9	
-10390.5	
-8978.35	
-9508.44	
-11009.7	
-17122.6	
-2089.97	
-11297.5	
-5663.18	
-20543.2	
-10590.2	
-8344.56	
-4886.08	
-9998.78	
-8670.59	
-10890.7	
-4012.62	
-7535.26	
-19958.7	
-10595.1	
-21869.7	
-7914.08	
-11840.3	
-7750.3	
-18264	
-11322.4	
-9313.06	
-5125.04	
-6883.67	
-8109.56	
-7461.47	
-10537.6	
-21705.7	
-7093.08	
-13967.8	
-6598.22	
-8935.24	
-13595.4	
-2615.09	
-12701.7	
-21046.3	
-5866.86	
-4466.62	
-9816.59	
-3790.94	
-15687.4	
-22518.2	
-7337.3	
-7182.93	
-11209.7	
-4826.78	
-6034.29	
-13157.3	
-16709.8	
-15306.9	
-9088.93	
-10229.6	
-10014.2	
-8890.79	
-12042.8	
-29678.9	
-9385.86	
-8394.21	
-6151.97	
-19362.7	
-7365.15	
-9351.73	
-7680.91	
-10417.1	
-21565.2	
-7912.84	
-9980.27	
-11055.1	
-9729.82	
-10027.4	
-14193.6	
-11860.7	
-6997.89	
-15258.9	
-6337.11	
-13211.5	
-8362.05	
-9528.86	
-17505.3	
-8065.05	
-10505.6	
-10930.2	
-19608.4	
-16405.8	
-6737.25	
-15984.7	
-10333.8	
-13619.8	
-6298.57	
-10294.9	
-19793.9	
-23348.9	
-15209.6	
-6288.66	
-19564.7	
-8277.53	
-2555.43	
-10301.1	
-12392.3	
-19930.2	
-7349.68	
-11210.5	
-10004.4	
-5924.9	
-7825.56	
-9691.87	
-4025.64	
-22117.9	
-16745.4	
-4508.99	
-18916.1	
-11220.5	
-16624.3	
-16037.6	
-15543.1	
-5128.7	
-6047.14	
-16131.7	
-12474.6	
-12174.9	
-6809.17	
-6094.65	
-8362.75	
-14795.9	
-11523	
-13300.3	
-12981.6	
-7886.07	
-9845.84	
-6291.15	
-6957.52	
-9143.1	
-5265.56	
-3955.19	
-7177.33	
-7964.05	
-8484.26	
-11757	
-13902.3	
-11953.3	
-13330.6	
-8111.7	
-6800.38	
-7741.05	
-14936.4	
-17203.6	
-11831.2	
-4301.62	
-21282.3	
-8840.34	
-13742.8	
-8952.01	
-13971.8	
-10812.7	
-14473.1	
-15926.4	
-11321.9	
-9575.31	
-10325.4	
-22564.6	
-11152.6	
-12536.5	
-8602.68	
-7818.16	
-15480.8	
-5155.25	
-14137.2	
-8151.62	
-22349.1	
-15046.5	
-16969.7	
-9491.6	
-5541.33	
-12170.7	
-15813.5	
-7818.67	
-19022.2	
-3413.89	
-3923.12	
-10182.2	
-12887.5	
-14878.5	
-26584.9	
-14883.8	
-8373.79	
-12593.4	
-7650.17	
-22183.1	
-13167.8	
-14136	
-8987.28	
-13304.2	
-16732.2	
-23371.5	
-9038.17	
-13555.6	
-13633.4	
-7602.09	
-6607.63	
-15503.6	
-14293.7	
-16087.9	
-22920.3	
-9741.47	
-26582.5	
-24311.2	
-9343.79	
-11110	
-18260.2	
-4952.61	
-19701.4	
-6025.88	
-7619.1	
-11655.4	
-8788.74	
-6859.85	
-16512.8	
-7155.5	
-14931.1	
-9877.79	
-14344.1	
-19254.3	
-8007.21	
-15454.2	
-7022.81	
-13020.1	
-12318.8	
-18617.7	
-10059.8	
-15492.9	
-6499.16	
-10912.6	
-12512.7	
-15670.8	
-12018	
-6269.79	
-9249.08	
-15053.5	
-12667.2	
-20714.9	
-23690.2	
-15384.8	
-5773.78	
-13446.6	
-8442.7	
-14093.2	
-12449.8	
-14682.6	
-7471.85	
-11696.6	
-12929.7	
-8131.91	
-5819.14	
-7591.6	
-11661.7	
-12191.2	
-19976	
-16588.7	
-18400.1	
-14882.3	
-15988.7	
-11801.7	
-13722.6	
-6760.97	
-21475.5	
-7449.65	
-12233.8	
-7869.52	
-9757.54	
-23568	
-15373.1	
-9207.29	
-11863.6	
-9793.83	
-7450.62	
-18380.4	
-8525.52	
-10938.3	
-11235.5	
-11274	
-8059.08	
-6520.56	
-7603.17	
-6208.74	
-20837.3	
-22634.5	
-6911.26	
-12992.2	
-10131.3	
-19499.1	
-6890.74	
-8853.77	
-11633.6	
-15660.7	
-15723	
-12612.8	
-11725.2	
-13510.7	
-22930.9	
-15205.3	
-14577.4	
-11303.6	
-10668.7	
-8668.56	
-20199.4	
-9608.33	
-6284	
-9131.22	
-8937.21	
-16102.9	
-13805	
-11019.9	
-10495.9	
-5656.09	
-12007.8	
-19715.9	
-4961.74	
-6502.85	
-6678.51	
-6922.07	
-7623.84	
-20591.8	
-15748.7	
-10306.3	
-13925.7	
-13310.7	
-18278.4	
-18809.2	
-10706	
-11157.8	
-14518.6	
-16192.2	
-15509.2	
-13390.6	
-12563.5	
-11737	
-10183.4	
-12912.9	
-17358.8	
-16480.3	
-26178.3	
-12363.1	
-5653.03	
-7076.37	
-8178.41	
-16894.7	
-15657.3	
-19651.5	
-8820.74	
-7336.34	
-8892.89	
-8489.88	
-9697.22	
-19064.9	
-16649.8	
-14014.8	
-6920.03	
-13021.9	
-9828.02	
-15101.1	
-7195.35	
-9913.17	
-7228.19	
-14277.9	
-13562.8	
-5824.22	
-14602.1	
-16121.8	
-15728	
-17239.1	
-17082.8	
-7160.64	
-7955.79	
-7675.22	
-9158.27	
-18889.5	
-17829	
-10137.5	
-21597.8	
-3443.33	
-18075	
-16342.3	
-26128.6	
-14408.4	
-11427.1	
-4541.74	
-18308.2	
-19350.1	
-11174.5	
-8768.95	
-5999.06	
-16619.5	
-14365.4	
-18944.9	
-6285.65	
-11542.7	
-4970.25	
-6961.09	
-10474.6	
-9019.95	
-6290.98	
-8979.53	
-16057.5	
-15398.3	
-7913.47	
-10115.6	
-9580.53	
-15669.6	
-13869.6	
-10812	
-20293.4	
-7682.46	
-14536.5	
-15319.1	
-7147.26	
-14555.2	
-13826.7	
-9202.26	
-25243.1	
-12647.7	
-12857.8	
-15324.3	
-21589.2	
-18981.7	
-12583	
-13999.6	
-19030.8	
-4793.97	
-6449.04	
-6638.98	
-17537.4	
-9005.42	
-16354.5	
-18642	
-16969	
-16954.2	
-10800.7	
-9661.14	
-11502.5	
-10384.3	
-17268.1	
-10126.2	
-16930.5	
-9167.02	
-15393.2	
-6857.79	
-10625	
-16994.3	
-12600.5	
-6520.59	
-17209	
-12175.2	
-14174.5	
-9650.05	
-6934.37	
-16104.4	
-18743.4	
-12254	
-11205.2	
-7334.79	
-16524.9	
-13067.7	
-15816.4	
-8463.92	
-21459	
-12686.3	
-24520	
-20554.7	
-21927.1	
-20679.2	
-13387.1	
-20561.6	
-26691.1	
-22434.3	
-16813.8	
-22558.8	
-15203.5	
-6539.25	
-9028.9	
-16756.7	
-12492.5	
-18438.5	
-17423.7	
-11838.9	
-28170.3	
-13873.5	
-9052.02	
-16420.9	
-10745.4	
-10559.9	
-6612.76	
-7945.32	
-14115.5	
-7209.7	
-6379.41	
-15982.9	
-20964.8	
-18080.4	
-22656.8	
-4517.25	
-12385.9	
-8704.63	
-10620.9	
-18516.4	
-15229	
-18217.9	
-14374.9	
-17405.4	
-5256.72	
-8764.49	
-22306.3	
-14160.9	
-16842.1	
-10772.4	
-15344	
-21855.9	
-21340.6	
-6638.69	
-17638.8	
-11546.6	
-7961.88	
-10122.2	
-10456.2	
-6895.57	
-7233.03	
-22198.6	
-20111	
-29116.8	
-15325.7	
-7179.78	
-7336.33	
-28847.2	
-21254.5	
-7557.61	
-20266.4	
-16654	
-17234.2	
-23080.7	
-13889.2	
-18476.2	
-12388	
-20705.6	
-15757.4	
-8946.86	
-18932.5	
-13982	
-9871.33	
-20569.2	
-14034.4	
-6358.34	
-24704.5	
-12048.8	
-9764.03	
-7649.08	
-10375.6	
-17721.1	
-15493.2	
-9406.18	
-11449.4	
-11746.1	
-21197.3	
-14092.5	
-7328.29	
-19989	
-16102.8	
-12956.2	
-23607.9	
-26102.8	
-19714.7	
-20805.5	
-12344.1	
-24730	
-15626.8	
-16084.3	
-12783.4	
-15277.1	
-7280.39	
-21007.3	
-9550.07	
-20399.8	
-25578.9	
-24194.9	
-8159.58	
-9249.44	
-6739.49	
-17867.7	
-4318.91	
-10740.9	
-5666.33	
-13514.2	
-3110.71	
-12165.8	
-16473.5	
-16020.9	
-20360.6	
-13705.1	
-3750.94	
-12627	
-19530.1	
-14790.9	
-14235.2	
-5210.66	
-12906.4	
-17542.3	
-11720.4	
-10830.4	
-18607.5	
-7802.31	
-21791.1	
-22594.7	
-3104.59	
-13187.4	
-13991.8	
-8831.33	
-26294.6	
-15981.3	
-7131.22	
-18219.3	
-10384.8	
-7841.62	
-12151.4	
-13403.9	
-17610.5	
-17378.2	
-5347.18	
-15143.5	
-9624.74	
-16534.9	
-9311.11	
-13204.6	
-20935.5	
-9642.57	
-8053.11	
-13938.9	
-19831.4	
-22420.3	
-4836.33	
-13154.2	
-9390.93	
-8820.04	
-8736.4	
-10560.3	
-5837.69	
-18782.2	
-16519.2	
-20841.2	
-14989.4	
-5829.48	
-21437.6	
-6667.88	
-9217.16	
-8236.3	
-21358.7	
-10100.6	
-9867.33	
-13708	
-7097.68	
-18136.7	
-6401	
-16632.4	
-14398.7	
-25771.9	
-14336	
-7929.36	
-8733.44	
-13321.6	
-24009.2	
-8151.72	
-6535.88	
-12454.3	
-9037.84	
-11101.3	
-7151.66	
-3398.58	
-27751.6	
-5132.82	
-12940.8	
-6946.86	
-20190.8	
-17704.6	
-13815.9	
-24178.3	
-6999.65	
-9753.46	
-14758.5	
-7706.78	
-17116.5	
-16795.6	
-22574.9	
-7875.54	
-11704.1	
-20108.7	
-23513.6	
-15965.8	
-11239.3	
-17042	
-8854.77	
-17991	
-16619.4	
-31111.5	
-13622.4	
-17387.5	
-19667.6	
-9519.43	
-15009.5	
-24597.5	
-12775.2	
-18515.1	
-25609.3	
-9013.93	
-11462.6	
-19423.1	
-19303.4	
-19174.2	
-10273.9	
-19305.3	
-23866.1	
-6329.82	
-7477.37	
-7282.12	
-23184.6	
-18975.3	
-11286.8	
-25665.6	
-17551.6	
-22068	
-22640.3	
-29246.7	
-6841.07	
-23987.2	
-6992.64	
-16818.4	
-5018.32	
