1.42316e+07	
2.23472e+07	
2.34173e+07	
1.33676e+07	
2.60322e+07	
1.32308e+07	
1.95493e+07	
1.19495e+07	
2.5106e+07	
1.15514e+07	
1.95437e+07	
1.0665e+07	
2.45779e+07	
2.15979e+07	
1.87811e+07	
1.1089e+07	
2.9964e+07	
1.08796e+07	
2.42739e+07	
2.07895e+07	
1.08072e+07	
2.81628e+07	
1.09412e+07	
2.19419e+07	
2.37529e+07	
1.38955e+07	
1.19444e+07	
1.32723e+07	
3.07095e+07	
2.29141e+07	
1.43761e+07	
1.05876e+07	
1.10727e+07	
1.42316e+07	
1.61315e+07	
1.33676e+07	
2.86652e+07	
1.22947e+07	
2.9964e+07	
1.95493e+07	
1.06816e+07	
2.85547e+07	
2.86652e+07	
1.95437e+07	
1.19586e+07	
1.87811e+07	
1.09966e+07	
2.85547e+07	
1.14901e+07	
2.07895e+07	
1.20768e+07	
2.23555e+07	
2.73748e+07	
2.37529e+07	
1.1435e+07	
2.73748e+07	
2.14137e+07	
1.14279e+07	
2.29141e+07	
2.71813e+07	
1.47284e+07	
2.14111e+07	
1.61315e+07	
1.22947e+07	
2.63883e+07	
1.4472e+07	
2.06757e+07	
2.60024e+07	
1.95689e+07	
2.52896e+07	
2.71813e+07	
1.00383e+07	
2.23555e+07	
2.63883e+07	
1.96564e+07	
2.14137e+07	
1.91452e+07	
2.60024e+07	
2.44919e+07	
2.14111e+07	
2.02477e+07	
2.52896e+07	
2.43116e+07	
1.14555e+07	
2.45757e+07	
1.9e+07	
1.47755e+07	
1.16534e+07	
1.09802e+07	
1.09054e+07	
1.10305e+07	
2.44919e+07	
1.03651e+07	
1.1685e+07	
2.43116e+07	
1.38452e+07	
1.14555e+07	
2.32214e+07	
2.33408e+07	
1.9e+07	
1.47755e+07	
1.16534e+07	
1.09802e+07	
1.09054e+07	
1.10305e+07	
1.03651e+07	
1.1685e+07	
1.38452e+07	
