-13544.8	
-24617.4	
-16609.9	
-9782.11	
-23832.7	
-11030.5	
-15897.6	
-11181.7	
-24840.2	
-10916.5	
-18854.1	
-9960.53	
-22347.2	
-18686.1	
-17230.4	
-12340.7	
-32500.8	
-11640.3	
-27484.2	
-25497.1	
-12099.1	
-21241.8	
-10739	
-18295.6	
-20069	
-12293.2	
-15972.5	
-17956.6	
-25365.9	
-28464.7	
-13747.9	
-8317.35	
-10372.3	
-13544.8	
-12919.3	
-9782.11	
-30866.9	
-13406.3	
-32500.8	
-15897.6	
-12388.9	
-27989.2	
-30866.9	
-18854.1	
-13801.3	
-17230.4	
-13092.2	
-27989.2	
-8719.16	
-25497.1	
-13391.6	
-22628.1	
-29724	
-20069	
-15136.6	
-29724	
-22249.1	
-6296.13	
-28464.7	
-29894.6	
-14954	
-21206.7	
-12919.3	
-13406.3	
-25239.5	
-17925.7	
-21653	
-28389.4	
-15397.2	
-25640.4	
-29894.6	
-8409.16	
-22628.1	
-25239.5	
-20353.1	
-22249.1	
-21625	
-28389.4	
-21582	
-21206.7	
-21219.7	
-25640.4	
-22086.1	
-8338.72	
-19013.4	
-16527.7	
-15953.1	
-12042.3	
-7132.09	
-10426	
-9756.04	
-21582	
-9947.87	
-12762.6	
-22086.1	
-15100.3	
-8338.72	
-19126.6	
-18986.7	
-16527.7	
-15953.1	
-12042.3	
-7132.09	
-10426	
-9756.04	
-9947.87	
-12762.6	
-15100.3	
