ibin	itheta	r0	V	sigma2	chi	Vn Errors
0	0	0.0615	0.0855	2941.5816	0.7213	0.0003
0	1	0.0618	0.0850	2941.5816	0.7175	0.0003
0	2	0.0615	0.0854	2941.5816	0.7209	0.0003
0	3	0.0613	0.0857	2941.5816	0.7234	0.0003
0	4	0.0611	0.0859	2941.5816	0.7252	0.0003
					1409.6350	1.0425

1	0	0.0667	0.0851	2526.5290	0.7169	0.0004
1	1	0.0672	0.0845	2526.5290	0.7117	0.0004
1	2	0.0676	0.0840	2526.5290	0.7075	0.0004
1	3	0.0672	0.0845	2526.5290	0.7119	0.0004
1	4	0.0666	0.0853	2526.5290	0.7184	0.0004
					1241.1629	1.0177

2	0	0.0766	0.0823	2074.7796	0.6895	0.0003
2	1	0.0766	0.0823	2074.7796	0.6893	0.0003
2	2	0.0761	0.0828	2074.7796	0.6938	0.0003
2	3	0.0754	0.0836	2074.7796	0.7003	0.0003
2	4	0.0756	0.0834	2074.7796	0.6985	0.0003
					1074.7371	0.9646

3	0	0.0919	0.0801	1534.3902	0.6679	0.0003
3	1	0.0913	0.0807	1534.3902	0.6726	0.0004
3	2	0.0913	0.0807	1534.3902	0.6723	0.0004
3	3	0.0916	0.0804	1534.3902	0.6703	0.0003
3	4	0.0920	0.0801	1534.3902	0.6675	0.0003
					845.3518	0.9028

4	0	0.1127	0.0776	1103.5247	0.6423	0.0004
4	1	0.1116	0.0783	1103.5247	0.6484	0.0004
4	2	0.1128	0.0775	1103.5247	0.6420	0.0004
4	3	0.1128	0.0775	1103.5247	0.6419	0.0004
4	4	0.1116	0.0784	1103.5247	0.6488	0.0004
					644.8768	0.8433

5	0	0.1408	0.0752	772.4313	0.6147	0.0006
5	1	0.1438	0.0737	772.4313	0.6018	0.0006
5	2	0.1413	0.0749	772.4313	0.6123	0.0006
5	3	0.1414	0.0749	772.4313	0.6118	0.0006
5	4	0.1427	0.0742	772.4313	0.6062	0.0006
					485.6074	0.7685

6	0	0.1883	0.0699	518.9146	0.5605	0.0009
6	1	0.1812	0.0726	518.9146	0.5826	0.0009
6	2	0.1824	0.0721	518.9146	0.5789	0.0009
6	3	0.1857	0.0709	518.9146	0.5685	0.0009
6	4	0.1824	0.0721	518.9146	0.5788	0.0009
					348.0364	0.7007

7	0	0.2279	0.0708	362.6470	0.5540	0.0018
7	1	0.2393	0.0674	362.6470	0.5276	0.0017
7	2	0.2257	0.0715	362.6470	0.5595	0.0018
7	3	0.2412	0.0669	362.6470	0.5236	0.0017
7	4	0.2309	0.0699	362.6470	0.5470	0.0017
					255.9731	0.6456

8	0	0.2807	0.0704	258.4870	0.5328	0.0030
8	1	0.3135	0.0630	258.4870	0.4772	0.0027
8	2	0.2910	0.0679	258.4870	0.5141	0.0029
8	3	0.2886	0.0684	258.4870	0.5182	0.0029
8	4	0.2915	0.0678	258.4870	0.5132	0.0029
					190.9658	0.5946

9	0	0.3672	0.0693	174.1596	0.4962	0.0046
9	1	0.3828	0.0665	174.1596	0.4760	0.0044
9	2	0.3798	0.0670	174.1596	0.4798	0.0045
9	3	0.3649	0.0698	174.1596	0.4994	0.0046
9	4	0.3754	0.0678	174.1596	0.4854	0.0045
					132.7940	0.5581

10	0	0.4469	0.0722	123.0171	0.4852	0.0102
10	1	0.4566	0.0707	123.0171	0.4749	0.0100
10	2	0.4438	0.0727	123.0171	0.4886	0.0103
10	3	0.4441	0.0727	123.0171	0.4883	0.0102
10	4	0.5350	0.0603	123.0171	0.4053	0.0085
					96.0247	0.5302

ibin	avgmult	avgpt	avgeta	Vn mean	Vn mean Error
0	457.7665	0.7957	-0.0053	0.0855	0.0002

1	423.5301	0.7934	-0.0048	0.0847	0.0002

2	381.6659	0.7909	-0.0056	0.0829	0.0002

3	326.4607	0.7872	-0.0054	0.0804	0.0002

4	275.0402	0.7834	-0.0052	0.0779	0.0002

5	227.0469	0.7794	-0.0052	0.0746	0.0003

6	182.7667	0.7752	-0.0051	0.0715	0.0005

7	149.0051	0.7715	-0.0050	0.0693	0.0009

8	121.7304	0.7679	-0.0049	0.0675	0.0014

9	94.4549	0.7633	-0.0051	0.0681	0.0022

10	74.4885	0.7579	-0.0042	0.0697	0.0047

ibin	Nevent	totmultall	avgmultall	avgtrk
0	335042.0000	153371014.0000	457.7665	334.2592

1	240139.0000	101706087.0000	423.5301	309.4022

2	522946.0000	199590661.0000	381.6659	279.1327

3	588517.0000	192127701.0000	326.4607	239.0772

4	585846.0000	161131216.0000	275.0402	201.6031

5	677724.0000	153875153.0000	227.0469	166.5135

6	687207.0000	125598567.0000	182.7667	134.0529

7	539686.0000	80415958.0000	149.0051	109.2625

8	632538.0000	76999082.0000	121.7304	89.1946

9	778908.0000	73571705.0000	94.4549	69.1133

10	474015.0000	35308657.0000	74.4885	54.3802

