1726.36	1480.9	387.973	-1775.4	-2495.16	
1121.53	877.211	382.697	430.493	-217.741	
2363.65	-1734.04	-3764.31	-3740.12	-4114.15	
1731.99	1274.13	783.731	878.489	-431.206	
1807.03	1069.8	263.036	-362.977	-1446.52	
-917.903	-1543.87	-840.8	274.489	459.167	
1504.5	-105.665	-1099.94	-1412.27	-1757.36	
87.8663	1199.59	1220.69	1528.56	1396.96	
1262.65	3032.5	3173.67	2426.18	1029.47	
-3647.15	-2269.18	-71.8406	1639.03	3015.34	
14.8304	1842.85	2768.65	1816.06	897.187	
1068.65	184.863	-1603.94	-2582.95	-1808.1	
-3263.28	-3522.69	-1747.66	553.073	2045.95	
966.769	-762.547	-628.713	-894.027	-1944.93	
1989.26	2760.26	1435.75	621.9	-129.664	
647.872	616.551	-250.149	-297.722	-62.846	
-2262.93	-1872.86	665.466	2981.21	2754.93	
1783.54	870.158	-442.138	-266.569	-799.292	
6057.9	6504.75	4813.5	1996.7	-2383.04	
1744.16	1422.18	680.235	-786.575	-1733.68	
3394.91	3723.64	1737.04	390.09	-1130.51	
-3988.6	-2446.8	540.301	2688.53	3677.78	
-1401.11	558.742	1220.65	1685.43	2484.21	
2907.47	1812.77	841.989	-367.925	-2166.95	
-872.49	-338.023	1172.52	1359.47	852.966	
-874.605	-847.164	-417.736	1024.86	1382.51	
-1741.86	-2412.25	-2410.76	-1511.34	168.821	
-2459	-4875.49	-5491.54	-2698.47	382.784	
79.22	2000.11	2353.62	2028.47	1794.26	
-1264.99	-2317.26	-2942.75	-2324.12	-299.491	
-3692.41	-281.125	2758.35	5369.01	6019.06	
-2398.97	-467.889	1302.92	1310.39	1972.21	
-1834.06	-3566.42	-4470.86	-3018.04	-271.84	
-645.465	-325.533	-747.313	524.089	1540.26	
-3254.46	-1778.2	830.304	3057.14	3623.48	
227.236	-1364.91	-3281.31	-3254.93	-1514.83	
2865.54	1483.58	527.968	-291.564	-2293.78	
-2399.04	-1427.46	-284.135	2071.29	3280.88	
1429.51	2349.51	2441.16	2737.66	1086.19	
-1057.64	-3082.61	-2380.17	-477.514	-150.495	
2765.89	2648.37	2235.87	367.882	-1835.34	
2709.49	-810.117	-4289.46	-5349.22	-4596.77	
4515.33	4545.65	2884.9	-1681.19	-4548.55	
149.074	-1185.66	-1702.14	-212.087	130.293	
1076.74	1821.44	690.112	448.536	597.196	
1229.24	-871.198	-3188.05	-4711.76	-3462.67	
-3180.11	-3120.3	-2355.15	-1214.17	1284.63	
-1794.38	-2327.01	-2329.65	-919.795	784.447	
-767.767	145.873	1228.7	1914.4	1577.64	
1558.66	876.742	50.2042	-297.48	-1061.27	
-880.006	337.416	31.438	-558.556	519.836	
-537.906	-865.724	-1003.64	-805.131	-93.3478	
-514.788	1783.5	3352.36	4046.64	3101.05	
5190.6	4081.14	877.337	-3946.25	-5992.82	
-4024.93	-4264.45	-2679.9	533.121	3122.18	
1187.67	752.098	-596.967	-1585.52	-1476.42	
-387.271	2193.59	3812.37	2799.77	1481.38	
1434.58	2611.78	1660.46	523.553	-21.2665	
-2443.66	-990.044	-151.571	1049.81	2682.66	
629.699	1873.2	2208.87	2788.2	1785.91	
-616.544	1828.09	3956.92	3640.56	2074.41	
-373.854	-2334.29	-3145.67	-3288.25	-2099.08	
-841.203	-2183.51	-3957.57	-4037.14	-1343.37	
1373.29	1028.02	499.798	-237.903	-1082.88	
-651.546	1599.65	2613.95	3448.01	2990.09	
-2620.75	-5693.24	-6370.17	-3414.71	-174.422	
-2626	-1729.94	-1083.23	-683.154	1386.75	
-1509.12	165.192	1484.57	2556.64	2702.59	
4845.97	4389.56	3226.21	1137.86	-2545.96	
522.679	-564.974	-1205.84	-2634.4	-2417.26	
1659.55	3646.26	3579.89	2519.41	907.715	
828.103	305.468	124.973	-1705.62	-2261.14	
2789.05	2192.42	966.722	-1285.97	-2843.13	
2228.44	-164.713	-2783.69	-4447.94	-3952.48	
-2463.54	636.441	3721.45	4646.86	4041.61	
-484.069	-1284.47	-2607.38	-1609.5	166.463	
-24.9601	835.92	1107.83	418.104	88.4602	
2272.92	-243.173	-1941.29	-3409.71	-4069.06	
-2792.58	-2543.49	-1928.9	-510.012	1612.17	
-398.639	851.072	1688.68	905.263	516.837	
1584.86	1036.44	563.73	-559.429	-1654.32	
6057.9	6504.75	4813.5	1996.7	-2383.04	
-371.92	-576.428	-536.52	-565.849	-286.604	
-577.716	-1707.3	-2401.57	-2091.62	-825.795	
2248.25	644.311	-987.613	-2277.56	-2822.65	
866.942	-521.715	-1209.4	-1384.52	-1506.42	
-1145.5	491.658	2523.42	4042.19	3177.7	
281.886	469.906	92.0422	4.17494	88.2173	
-1183.81	-544.577	1101.67	3292.36	2818.88	
-520.017	-1812.26	-2112.65	-1580.53	-815.126	
-512.678	3104.18	4243.46	3847.67	3163.6	
-1717.74	-1175.85	-505.721	782.735	1812.72	
2266.62	620.578	-582.615	-2140.21	-3327.86	
1425.8	2361.53	2168.75	881.187	-361.864	
-1025.64	15.4165	868.999	1739.99	1898.3	
3281.02	3339.9	1980.22	-431.775	-2503.34	
-2580.37	-2755.83	-1544.29	210.311	1623.5	
-977.989	-940.759	120.952	1637.84	1414.77	
790.298	47.697	-546.897	-1498.65	-1590.63	
-3850.54	-3182.11	-863.55	1010.13	2516.83	
345.258	546.349	532.8	620.101	315.322	
4781.53	1933.06	-254.779	-2645.19	-5233.45	
-2697.89	-2989.57	-870.653	710.769	1404.2	
-2735.84	226.733	2683.96	3857.85	4013.65	
-2387.02	-1338.34	40.6833	1997.32	2897.82	
-2684.81	-3397	-728.643	1282.38	1264.2	
-547.098	-738.609	-722.287	534.16	990.726	
-1066.03	-860.589	483.933	987.264	760.345	
-1074.5	-1103.06	-1268.21	-390.867	898.761	
1488.88	-206.309	-1631.03	-1684.15	-1669.36	
254.707	197.187	1101.5	664.124	-574.227	
3222.37	3162.59	947.642	-1193.45	-2125.53	
-713.832	-1934.54	-2412.01	-1414.55	-231.9	
-2540.19	-4433.52	-5015.57	-3901.61	-729.228	
2495.59	3636.36	1269.6	-848.631	-923.203	
-684.047	1704.07	3309.17	2377.71	1428.73	
-1509.37	813.777	2929.61	3415.87	2764.51	
2150.61	1299.93	-663.122	-1549.11	-1675.33	
-567.988	90.0381	751.699	926.635	887.169	
2381.21	2152.64	1419.43	65.5102	-1396.26	
2038.76	2304.86	1155.47	-710.305	-1613.01	
4327.1	5423.75	4271.64	1768.35	-1482.25	
121.189	748.296	857.874	-1767.25	-2076.65	
13.8128	-2435.72	-3144.67	-3806.93	-3091.47	
-2120.02	-2979.48	-1124.16	564.047	849.19	
-267.465	-1545.74	-1656.25	-161.267	171.671	
1668.89	388.725	-809.757	-1679.5	-2163.66	
-2697.89	-2989.57	-870.653	710.769	1404.2	
3324.78	797.069	-1501.48	-2926.28	-4018.4	
109.438	-968.699	-1718.9	-683.461	49.2475	
2246.2	1518.66	-276.265	-1826.66	-2296.75	
210.921	-304.489	1225.24	1320.43	-486.875	
-210.178	-790.054	276.415	1940.27	1094.89	
2023.09	1693.14	555.999	-1099.74	-1895.08	
2464.33	1341.82	613.761	520.487	-1141.43	
652.312	2853.03	4463.6	3682.99	1423.97	
387.503	1306.49	2638.43	2800.85	1096.24	
1263.75	-510.194	-2319.31	-2938.69	-2379.65	
-286.335	-3255.09	-4156.59	-3493.94	-2287.87	
-1589.24	-2177.5	-2104.46	-1211.82	303.98	
-4165.61	-2168.59	1004.45	3623.01	4588.37	
2038.22	1972.14	719.733	-148.137	-904.374	
-1808.92	-2703.83	-1429.94	106.353	590.114	
-1570.72	395.729	687.495	122.011	1395.76	
-1276.57	-721.928	-105.673	-164.792	459.192	
84.5041	-2135.29	-2365.41	-1898.28	-1885.29	
2102.9	3909.53	4400.2	2594.46	49.1102	
3033.26	2250.59	186.72	-920.857	-1829.23	
1586.92	692.341	-1313.6	-2373.8	-2089.66	
55.9928	-512.23	-1017.99	-1001.96	-645.099	
340.521	-1271.53	-2933.66	-3116.69	-1803.24	
994.346	1718.76	2310.45	1889.81	361.343	
-2899.25	-2655.53	-1971.07	-373.252	1813.34	
-7735.56	-7743.96	-4217.31	699.358	4910.22	
-888.661	-2956.53	-3573.2	-2669.48	-1252.35	
-3598.81	-2098.77	1127.83	3196.25	3510.76	
928.312	3239.56	4380.56	3232.85	1212.5	
-2199.11	65.6725	2770.37	4419.12	3910.39	
987.002	434.013	729.433	527.755	-734.419	
217.709	-982.278	-1937.29	-2921.38	-2208.89	
-2965.81	-2033.63	1123.47	3324.76	3057.93	
1749.26	1462.28	561.218	-98.5665	-1058.5	
315.21	-467.717	-584.528	-1568.56	-1741.56	
-416.374	370.313	776.526	158.532	129.632	
-5145.28	-2772.23	1000.64	2519.16	3778.15	
-2277.41	-420.969	2491.22	4978.03	4312.25	
1494.14	3615.1	2567.32	294.405	-178.931	
-3507.37	-4326.6	-3131.51	-1238.56	1075.37	
-2616.95	-1852.57	-1631.56	-504.654	1999.2	
-474.118	3829.06	5232.57	5117.52	4207.75	
-909.237	46.9489	797.861	1264.04	1335.15	
1704.35	501.303	-769.065	-806.244	-1271.84	
1621.79	299.613	-1479.28	-2075.32	-1907.41	
2632.9	290.352	-2289.89	-3824.22	-3953.47	
1429.89	1558.41	1584.26	827.719	-648.199	
-92.184	-1057.99	-2027.25	-1899.15	-869.548	
-782.456	594.86	1116.64	720.261	1068.66	
-402.446	-1578.1	-1596.16	-1483.05	-965.625	
84.5041	-2135.29	-2365.41	-1898.28	-1885.29	
1106.33	20.2546	-548.662	-818.31	-1247.18	
-1255.32	-2079.27	-2672.88	-1813.49	-32.1381	
3834.44	4787.69	3983.15	1195.24	-1885.08	
176.792	-1419.07	-2283.24	-2515.88	-1813.34	
739.627	1801.72	547.408	-682.255	-255.56	
-1882.6	-487.43	-459.417	-372.998	1450.67	
-1399.89	163.91	1227.85	1518.92	1958.38	
-1794.38	-2327.01	-2329.65	-919.795	784.447	
-3102.5	-1136.29	858.613	2836.79	3893.75	
-2245.93	-2016.45	-136.905	672.258	869.57	
1053.42	-90.6607	-1378.2	-2323.65	-1993.46	
-101.451	-3185.75	-3011.1	-2542.45	-2688.41	
-3234.54	-4097.74	-4030.04	-2493.34	698.652	
-1465.86	-1071.33	-474.974	151.161	1051.76	
-474.118	3829.06	5232.57	5117.52	4207.75	
291.781	-1392.81	-1917.64	-2187.73	-1988.86	
4142.4	4518.99	2075.18	-1193.04	-2829.24	
519.439	-50.0784	-361.822	-442.904	-750.936	
2831.67	2704.22	1124.73	-1475.31	-2748.64	
3660.72	2200.49	-33.8592	-177.569	-1695.69	
5193.35	3597.51	881.89	-3525.41	-6080.04	
-993.801	-3042.89	-4136.16	-3833.05	-1790.29	
-1138.36	-667.387	-620.028	-706.201	297.499	
-111.142	1011.97	1744.14	2073.43	1372.89	
1236.37	-1264.3	-2476.69	-1845.24	-1921.08	
1870.59	719.16	-446.214	-1622.09	-2276.09	
-1077.87	-1475.66	-262.929	408.039	215.01	
3434.17	4917.82	4024.5	967.123	-1531.22	
-4275.37	-2618.84	-1197.29	2013.24	4876.38	
-5574.63	-6879.35	-5541.1	-1141.25	3087.48	
-416.374	370.313	776.526	158.532	129.632	
-4162.79	-3723.99	-1702.18	-91.8814	2161.69	
-1908.93	-2571.16	-1735.26	109.038	1127.33	
532.7	2702.77	2679.52	1859.57	1448.08	
-566.302	28.2039	1737.66	1634.82	526.962	
-1.83461	833.285	1891.43	1607.38	592.239	
-1691.93	508.94	2330.06	2439.56	2213.15	
-504.661	-1059.04	-1717.84	-1555.21	-300.888	
-1945.4	-2379.75	-2765.94	-2047.88	318.088	
-1341.28	-604.84	-701.086	231.085	1596.84	
1874.52	3614.59	2217.62	1581.92	1134.76	
2998.93	406.155	-686.152	-2684.36	-4663.29	
-1660.07	-388.422	1355.46	814.125	732.693	
-436.805	634.374	235.144	-868.678	-44.1814	
2417.99	2182.52	1752.32	1232.87	-736.287	
-784.419	-2361.42	-3638.05	-3892.72	-1928.34	
1357.69	-96.0022	-1694.84	-2551.01	-2204.74	
519.439	-50.0784	-361.822	-442.904	-750.936	
2407.32	2119.9	1287.43	-378.974	-1986.98	
1796.35	1970.03	303.809	138.974	30.7336	
-458.244	-1822.16	-2647.05	-2838.6	-1463.93	
-1466.11	1174.39	3642.32	3781.12	2786.61	
1335.59	3047.44	3878.19	2787.97	567.367	
-1730	-2852.98	-2853.39	-2101.04	-247.847	
-5717.86	-2564.56	-342.317	1846.93	5394.75	
-535.205	1111.34	840.422	1062.51	1861.78	
2.12652	557.492	2075.41	3044.47	1546.87	
-3066.33	-3994.61	-2675.72	-1087.52	617.568	
-4028.6	-3674.21	-955.283	802.353	2056.54	
641.341	-319.709	-846.824	-777.587	-769.633	
298.087	-41.9104	153.993	-554.069	-1047.82	
-17.0937	1535.24	1648.29	2005.6	1947.83	
1531.83	1771.73	1606.98	8.91958	-1313.91	
1651.2	1915.86	1498.58	1127.69	-150.747	
-3164.75	-3326.72	-1530	-530.053	864.742	
1432.77	1609.08	621.725	-390.953	-882.059	
-108.356	-1047.61	-993.988	-237.817	-323.913	
-44.0554	2480.88	3449.54	3544.97	2525.97	
-2267.72	-3068.68	-2739.37	-665.936	1328.38	
-1023.08	-638.391	-362.256	-410.212	181.914	
689.736	-178.42	-1364.37	-2648.29	-2249.6	
-1853.06	-1742.76	-1234.29	-122.112	1248.77	
5.47988	-257.079	-458.256	-166.773	72.6763	
-1062.43	-927.455	-1112.37	-1459.93	-225.947	
-1926.16	422.04	1587.79	1206.55	1919.01	
240.916	1948.68	3075.99	1876.5	486.587	
1922.75	156.99	-1564.32	-2478.05	-2709.38	
2341.8	4294.63	3934.13	2786.28	801.555	
2293.47	1703.72	-248.657	-1516.74	-1863.28	
-3985.06	-5095.3	-4139.97	-2076.8	1018.9	
-737.858	-29.5444	1013.66	2150.8	1840.74	
-800.205	1346.84	2872.89	3358.2	2645.36	
490.831	286.565	-458.713	-263.433	-153.805	
2803.68	3743.1	4005.63	3386.99	315.38	
4597.11	2063.84	-257.732	-2455.87	-4796.48	
-743.254	584.71	1919.07	2855.69	2243.41	
1419.15	1235.03	602.418	-1261.36	-2047.83	
4559.93	3913.63	1828	-216.439	-2778.72	
-4596.08	-1376.09	2021.46	4001.64	5223.79	
760.048	698.896	163.844	-392.196	-545.883	
3166	-1814.32	-5187.96	-7458.66	-7282.03	
1133.44	673.043	-255.756	-1372.74	-1602.79	
2820.88	3258.33	706.708	-1166.11	-1482.64	
1231.4	2231.67	3430.17	1731.24	-660.432	
-930.983	-2418.39	-2455.78	-1435.52	-505.735	
-1046.07	-2784.24	-2007.25	-403.496	-230.616	
229.75	-1742.6	-1914.74	-3210.46	-3277.32	
-164.248	-176.968	55.8855	-633.117	-710.059	
-2513.72	-2036.94	-209.752	1002.84	1758.55	
-3173.77	1038.2	2950.35	2367.57	3549.93	
172.195	-1252.49	-2905.53	-3295.86	-1830.86	
-3034.01	297.267	2801.7	3783.03	4204.18	
-3610.6	-3166.61	-1630.08	602.723	2709.38	
867.281	555.449	832.373	-151.86	-1315.38	
1922.05	2768.59	2794.99	658.597	-1225.14	
-2129.63	-1725.25	-279.578	1309.76	2037.41	
826.307	369.154	-255.327	-1189.6	-1423.15	
-660.645	1709.42	2707.55	3063.25	2731	
-1240.18	-2042.66	-2371.44	-1916.3	-340.315	
1994.61	207.078	-1994.59	-3565.78	-3273.09	
1206.6	285.107	-97.2451	-638.208	-1451.58	
