1875.23	
-831.217	
-3327.92	
1311.13	
6459.47	
1722.24	
-2013.66	
-3808.49	
-1763.27	
3233.55	
1237.91	
-2990.02	
1088.16	
820.609	
2503.82	
-1057.92	
490.823	
1703.69	
-914.444	
-2654.48	
-432.552	
708.785	
1077.89	
591.836	
313.168	
2630.97	
-967.686	
1514.22	
-3256.43	
-46.8322	
1120.51	
-1243.09	
673.655	
889.024	
2448.7	
2683.62	
118.551	
-628.233	
-1436.78	
-2370.27	
-2187.63	
-1172.68	
1106.76	
-2152.62	
-3433.81	
-2910.6	
-461.915	
524.301	
2840	
-1144.36	
5687.45	
3461.84	
2282.47	
-204.676	
-2990.02	
1568.28	
4431.59	
-834.329	
559.851	
1022.69	
-4104.6	
2012.08	
-4123.37	
2254.99	
5459.12	
2083.27	
-2154.14	
871.484	
-1412.04	
1505.83	
-2539.03	
-510.968	
-549.321	
1847.09	
-2475.35	
1738.91	
-2667.41	
2649.02	
1972.31	
-3355.26	
-1167.7	
-8.93723	
-563.103	
-1364.76	
2006.68	
6459.47	
977	
1114.37	
86.9508	
-438.584	
-1268.18	
-3471.58	
-2215.8	
368.508	
-1026.24	
-1504.84	
-578.258	
-3502.66	
-491.196	
-2703.38	
2811.53	
5743.21	
-1593.16	
-3457.14	
-6865.91	
-3552.92	
458.627	
2453.93	
-365.994	
3032.23	
-1963	
686.001	
1837.33	
1327.75	
-4485.6	
-789.094	
418.085	
1371.05	
-349.38	
-1422.33	
1962.71	
778.264	
2819.22	
-1641.94	
-2730.6	
-3886.02	
-1225.34	
1399.15	
-4080.49	
-465.219	
-2179.49	
1268.11	
5761.93	
-1292.3	
1841.65	
2448.57	
38.4091	
-1870.78	
-750.133	
1351.76	
1120.33	
329.505	
585.192	
-209.412	
-741.838	
-2067.47	
-3133.85	
-1220.13	
1648.8	
2518.73	
-349.38	
-1986.72	
-2428.9	
-119.108	
-2666.27	
-4956.38	
4652.99	
-340.353	
-812.761	
3802	
979.035	
-1326.22	
-186.802	
1488.65	
5065.35	
1129.23	
-2246.07	
760.723	
1632.38	
2481.84	
869.605	
1167.45	
-1035.92	
819.22	
1948.58	
-7675	
112.058	
3601.21	
979.678	
-1194.04	
880.637	
3334.29	
-1373.43	
-2818.78	
-697.761	
2106.04	
2223.86	
1526.34	
407.846	
2347.06	
1134.47	
-2220.12	
2818.71	
2291.66	
4391.35	
-1410.01	
-2586.18	
-499.627	
-1534.05	
3033.84	
-4482.24	
-639.869	
432.305	
990.161	
-534.804	
1321.51	
2261.66	
3487.22	
3297.75	
1601.94	
-2568.75	
3130.69	
3370.3	
-1194.04	
-452.198	
-2215.2	
903.751	
-1181.83	
2938.03	
-2377.54	
407.846	
-999.537	
1909.74	
-369.165	
2315.93	
-3489.54	
-1576.11	
-5911.09	
-2586.97	
-914.444	
590.209	
2787.25	
503.023	
509.36	
-1317.53	
257.516	
-816.484	
-541.635	
-1844.94	
987.74	
-4485	
-2842.86	
-1838.08	
-249.492	
-25.9843	
503.023	
-538.974	
2274.76	
3189.98	
1577.6	
4194.95	
38.8473	
372.42	
-1476.54	
1281.36	
1159.23	
397.389	
1177.11	
-691.545	
6217.73	
-3015.95	
427.118	
-659.423	
-3729.51	
-264.443	
-3989.18	
-1077.09	
-3296.34	
-4762.01	
-2219.45	
-2895.34	
1773.87	
-89.1492	
-555.538	
-916.243	
-691.581	
2391.47	
-1924.99	
3430.2	
968.876	
-4919.76	
2082.01	
-2415.76	
560.003	
-4758.91	
1052.12	
692.725	
-435.992	
1842.83	
3302.13	
-1623.48	
-1001.85	
-2431.8	
1639.84	
-1367.59	
2396.94	
2678.53	
-433.498	
774.52	
-436.406	
