9299.33	
4469.44	
4792.66	
4039.83	
4622.81	
837.723	
2903.89	
8776.2	
5582.51	
16133.5	
9637.12	
11671.5	
7853.43	
10592	
2400.57	
6380.02	
8327.12	
-876.19	
10776.3	
2980.82	
14632.2	
15122.7	
7929.11	
2943	
2953.54	
6267.02	
14336.8	
19318.9	
6012.25	
8841.99	
7064.95	
9976.4	
11226.4	
6807.42	
7454.94	
10694.7	
14482.8	
8647.82	
23034.9	
1857.73	
4367.33	
27337	
1063.81	
11256.9	
32791.4	
2607.19	
6665.51	
3892.35	
12753.8	
9175.59	
11637.6	
6738.07	
156.568	
15338.5	
8461.89	
2238.32	
8517.02	
8055.41	
1160.25	
12113	
21449.5	
-456.921	
12881.3	
5108.07	
1277.77	
13178.5	
3951.13	
645.031	
12185.5	
5678.94	
4737.27	
9463.38	
10256.4	
5737.5	
15070.3	
12719.1	
21897.3	
3176.23	
14659.7	
10224.2	
8470.61	
11438.5	
19397.8	
8310.08	
9995.32	
22817.5	
24359.2	
15845.6	
4999.5	
13144.6	
12358.4	
1668.93	
18889.4	
18850.2	
11668.2	
9135.02	
15397.7	
2095.42	
10684.4	
18323.8	
8930.13	
-756.972	
9055.15	
7946.07	
19380	
6414.53	
19652.9	
11213.2	
4397.07	
8343.85	
8053.38	
5571.42	
14756.4	
21805.8	
5359.89	
9400.06	
8579.71	
9273.41	
12590.1	
11976.8	
8370.87	
25758.7	
6899.09	
10263.5	
15399.4	
12927.7	
9959.15	
7064.75	
9484.76	
22016	
7654.54	
33056.6	
6411.32	
6464.38	
7868.72	
7878.2	
5007.68	
5468.19	
18956.2	
10547.3	
7587.63	
4090.35	
11849.4	
15568.9	
9142.14	
15860	
14961.6	
9633.18	
16942.6	
3822.15	
5989.58	
17097	
21512.5	
8365.9	
4010.48	
11198.6	
10336.9	
16689.7	
14897.4	
5450.35	
6224.29	
8972.29	
8327.2	
10535.4	
18294.3	
10124	
8366.55	
3907.97	
9843.89	
11866.4	
4942.1	
7803.91	
3983.23	
6907.13	
5194.61	
12173	
22555.1	
19605.1	
11385.3	
5425.18	
19175.6	
8527.08	
15495.6	
6595.66	
20111.3	
11248.9	
18686.6	
3937.95	
8284.71	
6000.73	
20874.1	
17071	
13541.1	
17045.6	
6129.84	
12593.9	
11823.7	
7059.38	
12757.1	
7707.58	
16830.3	
4807.16	
4567.49	
16151.2	
6121.45	
9653.52	
13399.9	
4268	
0	
14857.3	
18698.1	
14885.1	
20064.3	
5656.93	
4232.9	
280.096	
6298.62	
7132.12	
10361.3	
7011.53	
10727	
7185.89	
13154.4	
15827.6	
8573.96	
20395.5	
8116.67	
4176.86	
9209.75	
2318.73	
11556.2	
7155.2	
4272.36	
3686.68	
21822.4	
4273.54	
15638.2	
9966.76	
6307.89	
17797.8	
6036.13	
6309.72	
5680.92	
7953.77	
7402.27	
9047.91	
6707.77	
7552.29	
12853.3	
16347.9	
27274	
7443.81	
5870.58	
20130.7	
7257.15	
11188.6	
5111.73	
7142.05	
10093.5	
10939.9	
12451.1	
3943.38	
11647.9	
9311.99	
5067.94	
10181.6	
12329.8	
6808.18	
7801.9	
6372.5	
16609.5	
6255.48	
11817.8	
5274.65	
2754.77	
15308	
9641.52	
13021.6	
14339.1	
2951.51	
5849.89	
23568.8	
4643.43	
2149.56	
23529.3	
7408.46	
4588.44	
7284.17	
5563.39	
6854.19	
3324.15	
6249.64	
11591.1	
15517.4	
8135.51	
7955.36	
6456.46	
11490.6	
16744.7	
5494.93	
5463.38	
5942.39	
7739.49	
22973.6	
1889.94	
14459	
6215.62	
7785.34	
8464.46	
5962.88	
12148.5	
4414.17	
10052.1	
13755.7	
6521.21	
4036.36	
11958.6	
7765.5	
12364.1	
1903.71	
4061.18	
9304.01	
20476	
18138.6	
22013.4	
19820.3	
2171.9	
708.391	
9682.61	
2160.27	
4618.2	
9494.04	
5325.97	
13337.3	
19618.6	
11462.5	
9665.23	
4583.17	
14889.5	
2799.88	
10855.5	
8530.8	
2710.22	
6648	
17221.1	
8980.09	
9212.05	
13481	
14294.2	
5756.86	
22919.8	
10579.6	
11173.7	
14716	
5710.06	
5121.28	
17278.4	
5011.13	
8528.41	
6209.95	
20530	
6445.13	
12563.3	
18306.7	
11605.5	
8758.8	
10071.6	
12952.6	
13584.1	
4690.38	
5957.14	
5800	
1375.13	
11684.8	
4821.81	
10969.1	
19784	
8923.66	
10733.9	
19575.3	
7285.92	
23846.3	
16347.5	
15176.7	
11852.1	
8456.37	
12126.2	
8616.54	
6110.56	
4324.74	
12809.8	
13814.5	
18001.7	
10330	
8884.1	
16469.4	
8195.26	
21130	
15692.3	
10023.6	
7242.48	
12187.7	
22388.7	
16982.7	
12530	
6026.78	
6130.43	
9923.52	
6560.26	
6923.64	
8126.48	
15646.6	
322.561	
8640.7	
13475.9	
12143.9	
8707.75	
3860.73	
15551.6	
20958.5	
4519.39	
12232.3	
2406.03	
6824.72	
11757.9	
10807.8	
20514.8	
13252.8	
17259.9	
12650.3	
26185.5	
15753.4	
16032.3	
10233.9	
8743.12	
20135	
17952.4	
19768.6	
18205.9	
12585.1	
14707	
17662.9	
8023.22	
10400	
15653.4	
22954.5	
19195.9	
20614.8	
13289.8	
11748.2	
17327.2	
20514.4	
14740.1	
8687.86	
3030.66	
11348.9	
3209.25	
16869.1	
6771.64	
15466.7	
17617.5	
13918	
