17377.9	-3.05316e+06	-70398	1.71404e+06	63661.7	
74474.9	-1.82865e+06	-11414.6	-1.69422e+06	171804	
-75812.4	-1.66153e+06	101649	513003	-68303.8	
-50143.4	1.3899e+06	-23024.2	-1.75438e+06	162841	
114877	-702786	-136883	-2.12896e+06	33418.1	
26602.4	-1.71507e+06	6408.05	-2.07026e+06	202570	
-80212.8	1.86968e+06	-135132	-1.60506e+06	-39346.3	
32000.9	-323423	-30557.3	-477048	-127099	
-42830.1	2.93406e+06	-19405.5	1.63685e+06	118944	
70072	2.29972e+06	41400.3	-805990	-169144	
-35131.9	-999963	-9539.21	2.11365e+06	-155368	
-46542.1	-1.13325e+06	-12042.8	1.6061e+06	-181485	
-73.8741	-1.62527e+06	24231.6	306631	-127429	
12583.6	-6.87842e+06	-213509	1.31881e+06	-273579	
-5909.85	-594890	-43581.5	2.43128e+06	-47600.5	
12129.8	1.89829e+06	59793	1.16523e+06	-235477	
105940	1.36044e+06	-44015.4	2.09727e+06	43273.9	
90367.9	1.11229e+06	34639.7	577245	131634	
16299.1	-2.69187e+06	-34449.4	1.52815e+06	-45340	
-6915.35	163299	-23921.5	265549	-139669	
-23136.9	-1.30184e+06	59666.9	2.19431e+06	-210617	
-48789.6	-3.75856e+06	-159627	1.95087e+06	-80300.8	
36811.6	5.03043e+06	-15804.1	-1.02692e+06	160151	
9689.21	4.56845e+06	4764.87	815396	122811	
67095.7	-463223	179694	2.82634e+06	-240477	
68844.8	2.12554e+06	52724.9	-3.87997e+06	22219.9	
51614.9	2.80348e+06	69198.1	-3.38526e+06	138738	
-77559.3	-1.93213e+06	-43482.1	1.9726e+06	274616	
42938.9	3.53089e+06	26247	2.11399e+06	-114184	
-28586.3	3.88772e+06	-89446.4	1.06904e+06	-258902	
83231.5	-1.68276e+06	-54861.3	1.6599e+06	294564	
11419.2	-841615	142813	524114	352146	
-6953.08	-5.87071e+06	-27616.6	-19131	147819	
20343.7	977419	-77841.5	-1.02736e+06	4251.13	
71624.7	2.40492e+06	29509.8	1.884e+06	-121804	
-72546.9	1.36578e+06	-104012	-1.23804e+06	87234.6	
113064	4.60855e+06	-4803.11	-2.07202e+06	95872.9	
12455.3	2.02359e+06	33881.7	-64375.9	-428590	
-45832.3	-2.21617e+06	1561.94	541479	-56580.6	
-173054	-4.27073e+06	-214765	825737	33989	
25166	-2.58186e+06	-121879	-1.47367e+06	-295047	
-117332	4.01708e+06	85984.4	3.84819e+06	771739	
25941	-523836	13890.3	1.11752e+06	28082	
33894.8	902419	-21.0442	865581	-76679	
10253	2.22733e+06	-25841.2	-1.98212e+06	33066.2	
-128794	116447	127955	-1.28548e+06	-264531	
-11662.8	-1.23546e+06	285.099	-662819	-97209.8	
-21934.7	-909323	59202.3	780318	-47732.5	
27958	2.13406e+06	-39081.2	-6.27744e+06	-282499	
104967	850026	32719.6	1.63083e+06	-104627	
-55490.1	3.91241e+06	86280.6	906053	223675	
52904.7	-1.22358e+06	-14950.7	-1.70911e+06	-207805	
64051	-3.79082e+06	-30489.8	2.34767e+06	26800.9	
980.131	3.54816e+06	45655.3	1.19064e+06	270984	
141878	-3.86356e+06	51448.8	421442	-106906	
58303.6	-478748	-42156.7	-1.15523e+06	171084	
8922.85	-3.03543e+06	23033.2	-422749	101414	
92179.1	-4.38539e+06	57880.9	2.90785e+06	167420	
13140.5	1.29002e+06	-59095.9	-279782	54316	
44478.6	-4.14177e+06	94158.2	-3.80021e+06	141470	
91283.9	-3.22703e+06	99976.6	1.96341e+06	-260105	
-4238.12	-6.64754e+06	88598.2	-1.05136e+06	425568	
-74753.6	2.03861e+06	-48147.1	-1.1909e+06	-151549	
-64431.7	40449.7	101322	380692	57245.2	
-7173.76	4.17254e+06	17333.4	-662334	110817	
1111.86	-346287	83249.4	496631	87454.6	
-82982.7	5.93358e+06	-80687	-603387	-10991.8	
-65269.1	2.49189e+06	-22315.4	-2.85333e+06	150185	
-26535.1	-1.57592e+06	134109	1.96753e+06	-273912	
32525.5	1.04098e+06	48536.4	1.4768e+06	-142185	
-59501.4	2.89247e+06	27334.6	2.23403e+06	13310.2	
-22549.3	-1.02815e+06	54146.4	1.78742e+06	133446	
12483.9	-2.61443e+06	-49627.1	-568652	16500.5	
3293.73	129074	19884.5	-1.04618e+06	-177335	
-57544.4	-6.06785e+06	153722	2.12632e+06	-138240	
17423.4	-2.31846e+06	-78329.3	-2.18158e+06	-244359	
52694.6	-4.07829e+06	133849	-1.45265e+06	39524.9	
-6496.96	580452	14394.4	1.2971e+06	-225304	
-21423.5	-2.14003e+06	-41139.1	1.61141e+06	145126	
-20619	-4.49287e+06	109792	146781	-64341.7	
76750.8	-5.72481e+06	-19733.3	1.46134e+06	-302997	
34857.6	-1.05189e+06	-43652.8	3.70602e+06	98393.9	
43095.6	4.85211e+06	41634.4	2.52962e+06	309135	
72706.1	-3.51657e+06	42022.1	1.30236e+06	148824	
-94248.4	1.07736e+06	-554.285	412864	118698	
52889.8	1.20802e+06	14620.1	477365	378163	
-11871.1	2.47737e+06	55024.5	275593	168777	
32353.6	1.79614e+06	54888.9	-195843	-126203	
-40601.6	3.46377e+06	13047.6	3.04225e+06	7963.99	
23612.1	3.36726e+06	15317	1.23722e+06	-126863	
42108.7	3.66307e+06	74708.6	2.06495e+06	-319592	
205447	4.04899e+06	-172818	-2.95081e+06	-88845.5	
37603.3	4.55252e+06	275112	-1.71898e+06	-445806	
180266	-1.72048e+06	7586.24	1.3088e+06	-395509	
56720.1	-1.08955e+06	-73726.4	-242579	-56296.9	
664.151	-2.6774e+06	45837.3	1.46693e+06	-114671	
23957.3	4.05714e+06	19953.7	-1.41108e+06	-224026	
5434.77	-2.69127e+06	21001.7	167454	-100259	
126707	593412	-17101.2	67591.6	100816	
58572.4	2.95858e+06	-98108.1	399625	-215193	
-5990.06	3.01333e+06	88158.1	1.70907e+06	-798442	
73095.8	-3.29145e+06	-168844	-1.90571e+06	1772.75	
20410	-1.22164e+06	6152.32	-5.16328e+06	344068	
65149.8	-3.71834e+06	66014.6	-2.54025e+06	-182970	
26863.1	558508	31111.8	1.69912e+06	170152	
827.979	215188	-49578.6	1.69674e+06	-26547.8	
13080.1	1.08758e+06	116589	-3.50183e+06	97204.3	
-113158	-3.99493e+06	-15097.9	1.76975e+06	424730	
-20121.5	2.52883e+06	132580	-2.81583e+06	84291.3	
22426.5	210858	67623.7	1.76361e+06	192593	
16989.2	-176557	88456.1	-645156	-72658.3	
-87910.4	102472	-15880.8	-476762	305635	
89451	2.73598e+06	-21467.2	1.46931e+06	73930.4	
27060.9	2.05599e+06	-10879.1	-1.35039e+06	160530	
84160.2	2.55517e+06	29644.5	1.39748e+06	82624.2	
94875.2	2.45273e+06	-93076.3	3.46983e+06	-176958	
46339.4	3.77821e+06	84549.3	860669	238787	
54934	-2.97888e+06	44733.4	42030.2	-243310	
-6971.71	-4.67311e+06	55914.2	-1.67329e+06	-255397	
-21884.2	-5.52527e+06	-45410.4	-2.15493e+06	-67959.2	
-46005.1	537114	-6716.92	185510	75560.9	
78111.3	149266	46505.2	1.87773e+06	-225575	
1107.73	2.16296e+06	-4622.72	2.89335e+06	-267208	
105935	-4.12806e+06	73214.5	3.55398e+06	-7146.67	
26505.3	-1.07536e+06	4041.24	4.24231e+06	-31407.5	
750.757	1.99699e+06	128439	2.09317e+06	-47859.9	
-43808.2	1.39865e+06	61831.8	-1.53861e+06	1999.66	
15552.5	1.17324e+06	141621	795403	120102	
58817.8	-4.18209e+06	-42555.5	-2.36192e+06	43193.1	
-16372.3	4.70238e+06	-201188	-2.52256e+06	-38495.1	
19027.4	-2.10173e+06	77150.6	-2.06739e+06	112713	
26985.9	936529	188573	-4.91539e+06	25075.1	
-44207.9	-481656	-77781.5	592813	-171660	
90324.9	-1.73337e+06	-95889.4	903515	-149136	
-3786.8	-2.20151e+06	64101.4	765547	54945.9	
-28787.3	4.36465e+06	-93885	-132539	122779	
83945.9	-3.23687e+06	-89654.2	-784369	264407	
83847.6	903639	-8849.03	-3.41337e+06	-68167.8	
10041.1	-2.27525e+06	30169.4	868378	-79576.7	
69497	-752977	18882	1.69302e+06	8882.06	
-14134.1	7.7394e+06	-140945	-2.00604e+06	-168115	
5265	-2.41378e+06	86076.6	-452231	61722	
-18657.3	-86174.5	-13142.8	1.92825e+06	29179.6	
-35078.8	-2.72025e+06	-122873	476186	50121.4	
46710.6	-4.39806e+06	-124961	4.54463e+06	-103938	
30058.3	2.36551e+06	-49986.6	-2.12529e+06	-48813	
45592.7	2.44218e+06	53463	689685	-34835.4	
14857.6	1.31115e+06	177831	-230199	-405294	
163149	-5.83265e+06	-106236	1.77698e+06	348242	
9744.86	3.86718e+06	-49102.5	3.77194e+06	162766	
20245.9	-284027	65713.9	-553357	161556	
45971.3	-21945.9	-99365.9	988351	236357	
11017.7	3.25384e+06	35588.5	3.71191e+06	13716.9	
57003.1	1.8165e+06	-93814.8	2.53792e+06	-185183	
-51984.3	-6.07825e+06	73245.4	4.68799e+06	-94987.9	
-435.976	2.42081e+06	-54423.2	1.53729e+06	-67247	
73994.9	-6.40842e+06	-73297.8	1.4349e+06	91484.6	
34397	1.15055e+06	76145.5	2.04183e+06	220304	
-58729.9	-5.28684e+06	-178111	-270136	-62415.2	
-7116.43	888433	-6101.74	643211	-45178.2	
3290.7	1.45819e+06	-78714.6	-1.45555e+06	-173063	
24636.3	3.47189e+06	8922.62	1.43461e+06	-377.326	
-25819.4	5.04264e+06	-21213.6	-241974	-252504	
-37137.7	-1.973e+06	-79443.6	104428	-71068	
-52600.1	-1.18104e+06	2576.58	-943245	-10563.3	
31129.6	2.24305e+06	63627.3	-533548	181355	
-8797.29	-1.50028e+06	40369	-995746	110316	
54850.1	-2.9025e+06	-2710.74	-1.90229e+06	26036.5	
-68734.7	-4.28403e+06	76256.5	-667873	249959	
164092	-2.05733e+06	70836.3	1.38006e+06	-19750.3	
-90536.4	2.57859e+06	1604.36	887268	178069	
-29842.2	155783	98180.1	2.13036e+06	34661.8	
10055.9	-1.15247e+06	108074	784431	58143.2	
27839.5	-1.2857e+06	-3160.67	-1.28743e+06	176678	
40198.2	49958.9	109620	1.18574e+06	-26583.8	
14427.7	1.49426e+06	-64421.2	-294436	96215.2	
-44344.9	-1.12393e+06	-354157	-1.09549e+06	6331.07	
5904.09	-1.34287e+06	58492.7	952140	12016.6	
-9958.77	3.63661e+06	-43586.4	-1.25427e+06	-106181	
-67219.2	1.58793e+06	-41190.2	2.6387e+06	311769	
-5767.93	3.02932e+06	147622	3.13252e+06	-145250	
-99919.3	859824	-110255	-157478	93155.2	
7465.11	-1.80895e+06	75662.1	3.25792e+06	526679	
60625.9	-715928	152140	3.83332e+06	421874	
-71726.9	871910	22755.7	-124151	-84401.9	
45526.8	2.72631e+06	7919.86	-80583.3	-197811	
-21035.3	3.38219e+06	90683.5	3.07392e+06	-14850.9	
14956.4	719339	-26632	2.9181e+06	-92392.9	
126403	1.02233e+06	74636.3	-856744	-289142	
17790.5	865172	-49298.5	-718080	239293	
3318.79	-1.19926e+06	-5040.32	648612	-92079.4	
6540.05	1.85791e+06	1433.74	883770	271131	
13679.4	947366	73119.7	-194868	-183556	
-7871.5	-2.77011e+06	-107002	-2.59265e+06	-56013.2	
-33118.4	2.03498e+06	67144.2	500905	-187424	
-73555.6	-1.32133e+06	-69220.8	-3.06003e+06	-316171	
71383	-1.57556e+06	-31549.4	180471	-70736	
-23520.1	-4.77012e+06	-42053.6	1.6805e+06	103334	
77575.6	-4.9019e+06	-21467.8	2.73585e+06	-189145	
-10313	-2.6574e+06	-67647.1	121717	-379386	
-16126	2.17768e+06	209925	815379	193380	
36305.4	-290231	33.9034	431672	-110247	
-80392.7	647906	-54156.2	84669.5	177486	
-57996.8	1.65083e+06	99839.9	249619	282311	
-52457.3	5.24246e+06	120497	4.3564e+06	337562	
-10249.9	-837178	-69711	-2.53078e+06	-370340	
4946.34	-699691	-6659.83	-348444	-12437.9	
4893.89	-33750.2	-83108.8	-24529.9	19083.7	
157418	-4.11373e+06	40894.4	-5.61597e+06	-248602	
208264	-6.60434e+06	-109717	-633726	479447	
68203.2	370123	35733	-559367	-48021.4	
39075.7	1.14039e+06	102471	-91124.5	102028	
42502.5	-667688	-36401	1.81614e+06	124377	
17841.1	-1.81442e+06	-90055.3	412594	195593	
-25554.5	-2.6057e+06	-20358	-1.10498e+06	242651	
29323.3	-2.08742e+06	60362.3	-349896	-33300.4	
-5845.46	-1.49267e+06	-39587.1	-246539	169194	
17141	1.66265e+06	-18990.1	-121425	-34308.1	
-20160.4	-713431	-77125.7	-67893.7	78441.8	
-8695.22	1.9193e+06	42202.7	-2.61617e+06	-171690	
-5512.85	912224	-32367.3	14273.8	-149109	
-43119.9	1.33403e+06	-23140.5	-2.34365e+06	-88297.1	
21734	-1.80124e+06	-24978	72038	34334	
119518	-635811	-192049	2.29344e+06	-133446	
-17807.3	1.32994e+06	106279	-3.13122e+06	16280.5	
-27238.7	-3.64901e+06	51379.1	929052	16269	
4295.26	-1.75578e+06	30870.3	-351677	-53129.7	
-44429.8	121103	-63009.2	226725	-479418	
41489.6	3.34986e+06	13587.7	-488056	41869.3	
52660.3	-1.20529e+06	3960.22	2.43151e+06	227010	
17267	-2.61187e+06	-10465.9	500919	120085	
102411	-634633	-88844.8	-870565	385898	
-8451.31	663910	13641.5	1.73798e+06	-135840	
-14347.1	-2.66567e+06	42157.1	182874	93708.7	
49968.9	6.77982e+06	-19575.3	-2.94767e+06	-71999.9	
56601.3	4.53155e+06	31141.9	653930	-64272.9	
29412.8	3.43683e+06	-36613.9	384299	-147438	
1475.04	-5.29015e+06	33993.8	1.63417e+06	-6054.87	
14496.2	4.52791e+06	103379	1.86756e+06	-66059.3	
-41176.3	-1.50962e+06	70627.6	-821875	320964	
2806.15	-2.19744e+06	-25143.4	340610	167208	
17703.9	-272463	-85213.8	-1.79906e+06	14611.7	
-44006.2	1.4363e+06	1681.33	-360440	-196376	
-81276.4	5.47442e+06	51200.5	-1.59569e+06	-5621.7	
-16536.7	-3.8113e+06	-8957.16	-621861	97360.8	
24161.6	542191	738.635	2.94662e+06	313500	
109474	-3.47981e+06	71455.5	-1.80688e+06	-76964.3	
18008	1.29509e+06	-70472.4	199732	-290633	
-26370.9	-1.05292e+06	-32898.3	-719160	70974.8	
20522.7	5.19377e+06	65081.1	1.6517e+06	474716	
-24471.1	865546	45153	391702	11426.3	
-13516.3	-1.78453e+06	167250	412291	-354072	
42699.8	-1.28983e+06	-29266.6	2.08359e+06	23206.1	
-32741	5.53787e+06	-13801.9	771954	5259.24	
70707.1	-3.73058e+06	-222587	628943	-36242	
58674.8	673896	-76848.4	-845383	119832	
26774.3	951547	114167	1.46186e+06	-108556	
1673.78	2.01492e+06	-20203.7	645396	79332.4	
-42354.7	-3.0185e+06	76405.7	520539	140675	
63957	3.00208e+06	-267646	-761637	350144	
-30017.6	-7.07401e+06	-158941	1.57634e+06	-22096.1	
-21517.2	3.69943e+06	-1426.88	-2.61771e+06	7917.1	
40045.2	-859080	84462.2	-795369	153598	
8155.06	-5.09102e+06	72328.6	-2.92613e+06	-514685	
-43268.8	3.33298e+06	-56151.3	438640	-212372	
99029	-2.87484e+06	-193814	981994	-80644.9	
0	0	0	0	0	
11198.8	421021	-31785	-67461	59282.4	
-34977.9	-634066	91427.3	59022.6	90703	
2714.42	1.24397e+06	-79444.9	1.61592e+06	-135335	
110399	7.85229e+06	-24770.9	-775989	-137188	
20458.1	-1.17948e+06	95394.5	315858	77049.4	
57036.9	-3.20855e+06	-3902.18	-465512	425765	
-11767.8	-58179	-27191	-2.25418e+06	25455	
87657.1	-1.03663e+06	-13867.3	-1.44587e+06	-13377.5	
37615.9	-850075	192861	141815	-229471	
22369.7	-6.44826e+06	166504	-2.48679e+06	24562.9	
58897.7	606418	-29754	2.36803e+06	101743	
61301.3	2.06211e+06	-204198	-1.44161e+06	259707	
21661.7	-3.30479e+06	31086.8	220588	-331346	
-58590.7	2.554e+06	13416.7	4.43758e+06	286373	
7865.82	2.83463e+06	-167539	-124918	-106955	
-85503.5	-4.20191e+06	134110	65220.4	-69633.2	
41671.1	-519534	-33090	-1.12668e+06	-63905.7	
-17874.5	2.88646e+06	-79205.7	-366102	-257736	
-19752.7	-4.73828e+06	66129.7	1.96258e+06	-83960.6	
26271.5	-3.56034e+06	-28672.8	2.93019e+06	13464.9	
-506.662	-9.34434e+06	-62339.4	-2.67483e+06	-143.613	
35383.5	-1.28584e+06	-191414	-1.34525e+06	-189175	
-17653.3	-1.59416e+06	94771.3	-167242	-97598.1	
111388	-121422	25713.8	3.83287e+06	-77617.8	
68806.1	3.73153e+06	165864	-362095	-60557.2	
4246.46	-4.03425e+06	119266	-90859	572774	
119721	86131	11408.3	1.41404e+06	177998	
-33933.7	-1.18535e+06	-84751.2	-499058	-150011	
22572.8	-948160	-65848.6	1.00339e+06	-125628	
4394.67	-1.03033e+06	632.067	723468	74569.4	
26423.7	2.94178e+06	112431	398631	-220386	
22600.3	4.50309e+06	-30302.6	-2.37406e+06	-151328	
96368.1	-5.99406e+06	-82383.6	2.65032e+06	413016	
-25748.4	-1.91792e+06	28641.3	-1.55921e+06	-155554	
-37516.3	179873	-115317	3.54298e+06	148934	
-11614.1	420036	108121	58661.7	187950	
89587.4	9.25957e+06	-92456.4	-1.97637e+06	184703	
65515.7	-1.40446e+06	-62639.3	-2.30634e+06	-5789.04	
61702.8	3.62422e+06	-64179	-548895	225508	
-20010.1	4.02498e+06	-18211.9	-683929	-172660	
-56001.1	4.72266e+06	48346.1	-256552	38547.5	
34403.9	2.37184e+06	16998.6	-1.53525e+06	178134	
-52751.9	1.01251e+06	15768	1.15988e+06	253.783	
86197.2	-2.98391e+06	45555.6	-650850	-179881	
12096.7	916870	-149063	521010	53544.3	
33287.1	6.74569e+06	27440.3	-2.14275e+06	149056	
146781	-1.98994e+06	-5921.69	2.51272e+06	-79246	
2898.27	5.59171e+06	179057	3.40151e+06	3431.22	
-32854	-1.41154e+06	-6215.82	-811728	109937	
-85013.5	-3.30283e+06	290268	1.90128e+06	-334256	
56973.5	1.55266e+06	-100028	-468440	-70946.8	
-76596.9	4.75186e+06	34842.5	-1.21339e+06	61977.9	
-7555.79	1262.53	71234.4	268656	234066	
-67447.3	-2.47901e+06	-97992.5	-3.00473e+06	-90261.4	
46842	-1.19465e+06	40061.2	-854900	102664	
-40697.4	-339751	33607.9	-150559	-170738	
17914.7	2.47421e+06	-29620.8	-1.77849e+06	155364	
14608.3	-2.91946e+06	-184851	-340563	-59301.1	
-8877.46	2.38512e+06	-50367.3	-512855	-207855	
5103.27	-2.1944e+06	-36913.4	1.50689e+06	-214581	
37203.8	-2.77247e+06	-64988.7	1.11357e+06	-61466.3	
-18404.8	1.25662e+06	80714.4	2.4367e+06	-75089.6	
23994.9	-932033	-52648.2	-283149	-153264	
-57151.9	-1.9605e+06	40905.2	-4.43358e+06	-30661.7	
-61828.7	1.75289e+06	-8184.21	1.88198e+06	43148.3	
19117.1	-1.29581e+06	-69606.1	-2.0993e+06	-297252	
-33295.9	-3.63381e+06	19345	-1.59603e+06	-234057	
18824.3	-1.85592e+06	44836.8	844545	21980	
-32468.7	-3.16306e+06	60096.6	700691	158611	
-65014.9	1.03609e+06	-238887	-1.63485e+06	-250350	
9295.58	-531322	38233	-658733	212336	
49739.2	1.29098e+06	34190	-3.43104e+06	242882	
132768	5.02482e+06	104568	-587625	-214960	
40085.1	-2.27712e+06	104406	1.94101e+06	54640.9	
-94395.2	3.70662e+06	-13262.5	-2.2958e+06	87353.1	
2334.11	4.00693e+06	-10294.4	-1.04434e+06	-301315	
-36628.1	-4.44093e+06	-75725.8	1.62719e+06	-77373.7	
142722	-3.36885e+06	-99001.3	1.008e+06	479916	
88297.9	-550518	62089.8	-1.06758e+06	-264274	
-17722.3	1.4194e+06	78506.1	-107498	-14882.9	
-12957.3	3.50998e+06	136665	1.14836e+06	-140306	
98501.7	-560719	61053.2	1.82043e+06	-80932.2	
-98796.5	-650768	56513.7	-2.72964e+06	99978.5	
51196.9	1.03017e+06	69801	1.67842e+06	-91356.2	
48594.9	-584098	45598.5	-1.84072e+06	323088	
117287	459014	-66031.6	-2.34306e+06	-69649.4	
19122.4	3.59688e+06	79101.5	1.45259e+06	25909.9	
12947.4	7.12014e+06	-59886.6	2.4414e+06	-204365	
-32396.9	-821775	-77577.2	49956.8	224706	
-31158.4	1.2565e+06	72341.3	-453810	-84444.6	
4451.15	6.1855e+06	21436.8	318977	-181461	
8510.4	-3.72427e+06	-57351.6	-1.06825e+06	27949.6	
-26038.4	-633838	11672.9	2.12034e+06	189181	
75913.5	-1.94029e+06	88285.4	-1.40442e+06	78107.3	
-55001.8	1.80328e+06	119926	4.24865e+06	-176466	
-72720	1.09957e+06	48839.5	-2.3429e+06	-147514	
-62735.6	3.75554e+06	48196.8	-2.35502e+06	424488	
64147	2.46138e+06	-107475	-2.18851e+06	-359105	
67281.1	-828781	4522.4	1.69133e+06	112389	
35884.7	5.59763e+06	-123510	-87223.5	-282386	
100736	-1.6682e+06	10466.6	3.10287e+06	433779	
16124.2	-3.77796e+06	-77364.7	-202482	-543742	
-18712	-2.87936e+06	-88122.9	731197	-78936.3	
-85173.9	2.4733e+06	53443.2	3.72997e+06	-302343	
-28320.2	-2.34899e+06	-73791.6	2.6573e+06	156258	
-55633.6	1.21111e+06	-113745	-1.03501e+06	-283201	
61152.4	-2.01938e+06	-31944.1	186974	-5040.7	
-6831.91	-428304	-16948.3	-3.103e+06	-280221	
-14630.9	2.49955e+06	-84127.7	1.17219e+06	-172233	
29003.4	-1.39722e+06	57233.6	-3.42018e+06	-63926.3	
71943.7	-1.03287e+06	-57370	-182664	-319303	
-1646.97	-1.05952e+06	6356.91	213945	420893	
-43911.5	-3.0167e+06	52709.7	1.06216e+06	-19139.6	
-16431	-4.45078e+06	32698.6	349857	-20949.8	
-36281	-4.73732e+06	20219	3.53225e+06	223515	
-51817.6	-1.3462e+06	-275204	-4.35881e+06	195112	
80941.8	-12234.5	53769.1	586810	-24830.2	
-17881.5	838404	-54533.9	205764	-44171.5	
38667.3	222200	-98019.6	907501	-142092	
82273.3	138199	217455	258260	17644.2	
-6310.92	-146186	5255.55	252594	98573	
20209.3	1.24311e+06	-7268.5	1.02536e+06	-217183	
-54312.2	2.46889e+06	-226102	468148	-423970	
52885.2	-1.81642e+06	115831	-2.32608e+06	80410.2	
-37009.6	-2.87182e+06	10189.2	550477	40217.8	
-22892.1	-196165	84126.6	2.99905e+06	-379162	
-19252.3	-2.07327e+06	65749	-1.84457e+06	84074.8	
-63312.8	-2.62908e+06	-112220	-1.16717e+06	-191209	
-26472.4	742054	37986.9	1.34524e+06	-48997.4	
31811.6	-3.39918e+06	-116316	-1.80483e+06	154066	
-11425.2	-3.75441e+06	-23545.1	-557196	-128460	
14393	-1.82289e+06	19348.1	2.64129e+06	127932	
-55535.4	-910055	175772	-2.08435e+06	314710	
22416.8	-3.67401e+06	59353.9	-1.71065e+06	-123242	
37774.6	-985568	151445	-3.19873e+06	26519.3	
-32438.3	2.57884e+06	55533.6	297409	-339262	
-5950.6	2.53522e+06	-195774	2.69775e+06	-332922	
53710	3.68492e+06	32528.2	-2.05643e+06	316604	
142036	3.02003e+06	-9311.94	3.35165e+06	266568	
1702.09	-635273	-49328.4	-980712	-100303	
42027.7	-370323	56278	-1.18987e+06	-174322	
-114.709	-1.48923e+06	31075.9	1.67002e+06	244438	
-49966.5	-909861	56669.2	-3.05524e+06	43356.6	
32042.6	1.14112e+06	161844	3.01276e+06	-253712	
-40406.8	277803	-14116	128895	115114	
-7492.03	2.21863e+06	-125590	-478088	-463132	
-22856.6	4.00915e+06	-28466.8	1.14549e+06	97022.4	
43566.8	5.11429e+06	157287	-2.44583e+06	-185702	
-8414.29	6.47405e+06	100716	1.37044e+06	113032	
22101.4	-289053	3397.6	-1.28066e+06	-3333.88	
-6871.74	-2.44955e+06	20819.9	-962160	-196803	
89129.1	2.32921e+06	-1466.12	2.20848e+06	68357.4	
32603.8	1.34112e+06	-34584.4	-842752	-211637	
36214.7	3.9481e+06	162016	-2.03533e+06	-40570.4	
48764.3	-2.73884e+06	36110.3	-2.24096e+06	-27453.9	
-29522.5	279557	17524	-682096	-74276.5	
-25803.3	451187	81568.1	1.99607e+06	-98534.5	
24379.5	717291	45056.5	-502785	-605793	
90917.6	1.96949e+06	-37820.5	223013	-113197	
12908.5	2.18371e+06	31078	-3.29904e+06	-348059	
79664	-349781	148230	1.7405e+06	41196.1	
75151.7	2.09254e+06	-92625.9	-2.45233e+06	35456.3	
-61844.2	-751877	60633.5	-1.21697e+06	20109.4	
26864.1	689111	48069.3	-1.83532e+06	-223574	
46495.4	-1.32228e+06	-19976.8	-1.52104e+06	-351056	
24566.9	2.16409e+06	-63612.8	-394898	132098	
37729.3	326141	-145700	251503	76087.1	
2257.02	1.13798e+06	118753	-38066.3	-5093.1	
46199	4.07113e+06	11470.5	2.98876e+06	294685	
15990.1	3.32294e+06	-38179.5	-1.89841e+06	193088	
-49226.4	567744	72659.7	-1.50952e+06	-319777	
-16672.2	3.87721e+06	64034.7	-1.23508e+06	275612	
-16205.3	-1.99893e+06	-7282.7	-3.77528e+06	42958.7	
77290.9	-2.1625e+06	153293	-1.45258e+06	13884.7	
-15237.1	1.16494e+06	134183	-102381	-297209	
-12488.7	441928	103714	963533	64721.8	
31730.2	-1.99111e+06	-111107	-1.61279e+06	-241463	
85713.3	-2.77719e+06	-156208	-2.91833e+06	119851	
50608.1	48813.4	-62305.2	1.24191e+06	133940	
9952.18	-3.84529e+06	100552	1.9728e+06	160611	
38658.4	-6.64825e+06	24228.5	-44819.7	390237	
25753.1	1.29105e+06	32375.4	-241276	-142164	
84206	-1.60907e+06	-218594	874940	-158957	
-17334.4	1.07683e+06	-56288.5	-32424.7	80439.9	
21328.9	-3.13216e+06	-56034.3	3.89625e+06	58819.7	
-13527	-1.47401e+06	-69732	-1.88334e+06	228433	
-9231.17	-483271	-62306.8	-778084	-363840	
9110	-1.89942e+06	5898.26	1.19748e+06	-197521	
71763.5	-794533	-70034.3	2.34342e+06	41471.5	
98357.1	-13001.4	-36801.7	-825506	109919	
16358	1.38516e+06	-49854.6	-665277	8064.54	
