-20972.7	-24745.4	-6618.31	-7314.85	-1438.35	-1434.05	-709.794	906.651	-53.5148	
3128.45	14014.5	10409.6	10795.6	1259.28	3423.91	836.654	31.4364	382.288	
-3357.49	-5616.89	-5681.77	1296.16	3411.29	-1473.92	3474.9	-2290.28	113.077	
-57.3702	-18598	-14656.4	6667.8	-8931.25	-6887.11	-4220.41	735.317	770.493	
8755.12	28501.9	3979.32	13132.6	6242.01	4571.68	2215.77	-1904.27	668.88	
29937.1	36504.9	16946.1	11442.6	4424.21	-4228.17	-315.092	1395.7	236.449	
-2033.85	6313.56	-9060.23	-4374.31	-293.519	1266.73	-2493.96	-1561.48	-606.862	
8798.02	41193.1	26660.5	-2926.66	7761.57	-2504.97	662.258	754.366	112.346	
4734.02	-43114.2	-11681.2	-7136.73	-9532.94	-2743.9	-2605.12	-1388.23	-591.706	

-16922.7	-19614.6	-5692.49	-458.871	-5399.01	-3162.28	-4553.98	1667.67	1732.48	

-13749.7	7769.59	1302.24	-6489.69	913.933	7.24731	2021.78	33.9662	524.731	
-20044.5	32655.1	-6557.25	-11005.2	-1119.15	-3613.57	-4650.52	2354.73	544.771	
-21136.7	-16495	14748.7	-2500.8	-4915.81	6737.81	78.1247	-838.672	-1518.03	
-5166.45	12365.4	12713.1	-101.88	2604.13	2304.69	-3467.82	-1379.7	285.143	
-23407.9	-21500.6	-20381.2	10984	-8602.26	5225.37	7523.38	235.404	784.063	

-5360.35	-5412.14	-57.5782	-2668.74	1038.32	-227.023	372.18	-302.096	-636.658	
27630.8	27749.6	28398.1	4462.58	1531.36	-590.604	2652.9	475.436	438.201	
17395.5	21761.5	4167.97	5180.49	3764.75	3875.95	567.715	-777.763	250.052	
-20762.7	-22549.3	-15354.1	-3324.69	-4832.52	-3861.44	929.913	-460.412	408.188	
23904.6	20736.1	2602.02	-10250	-2877.94	-5857.94	2648.09	-949.066	-361.464	

10720.7	16889.2	8285.05	4432.1	2632.36	2744.91	-161.728	328.236	-90.3917	
-21972.9	-14515	-23786.6	-5097.09	-1057.18	-5257.78	-1909.04	-961.321	419.724	
-12777.5	-14329.4	-10251.1	-1511.38	-3535.8	4033.14	1677.98	133.677	-970.642	
-4175.69	3680.39	-2808.53	-2731.21	141.165	296.389	2343.02	111.929	-233.334	
7470.99	32015	4201.8	6968.74	5509.72	5443.18	303.192	994.043	-380.608	

1408.8	-715.463	-3276.08	-3275.37	-1987.9	1216.7	-700.819	637.917	-93.8755	
22033.7	7408.14	-12452.3	3113.86	3698.01	-389.897	2806.87	-1371.14	-1242.64	
-4480.58	9816.22	-18021.5	-20046.9	-817.606	-4624.62	-112.564	2026.5	-772.27	
26521.8	18517	11742.3	5091.77	940.89	-856.085	981.958	-1357.25	249.562	
-12564.3	10894.2	-9310.92	-3963.94	-5375.92	-1083.17	4284.17	1693.81	408.461	

1200.06	-5154.98	816.295	5666.27	-691.217	-3359.46	1864.2	275.834	844.938	
52931.3	6655.95	32414.6	8738.69	1282.02	-14003.5	3666.94	2665.15	363.597	
7714.46	48583.2	15354.8	8564.32	2952.33	-780.745	1831.34	1563.09	-652.543	
1582.65	-14240	-28648.1	-4452.22	3455.02	-4836.24	3863.96	-1886.99	-988.053	
-89737.8	-158131	-66111.3	-21027	-12917.1	-2290.54	-7396.26	-6536.26	3033.56	

5249.77	-1265.94	-3630.4	-2836.44	-3001.19	-1441.39	286.677	759.416	-209.642	
3791.19	13739.7	-39026.4	-3743.82	3215.54	-6060.28	1507.99	-1048	548.56	
21611.8	25515.1	4367.41	4164.25	-495.248	1621.75	-954.244	-1545.26	-160.352	
-375.725	-2342.75	8714.53	-4370.12	-22.1552	-2017.31	551.929	1012.22	-278.974	
-185.56	44161.8	29828.6	7186.46	5708.57	2840.08	1549.89	2498.8	838.923	

27885.6	13192.5	17075.3	-200.372	2675.82	1008.54	476.528	219.592	-426.663	
58732.2	30095.8	34449.2	6395.42	11470.5	7983.1	2915.66	-275.665	490.808	
60974.9	64795.3	23945.2	13027.8	4790.19	5098.07	-581.976	1927.26	733.334	
22193.3	25366.9	6490.49	5587.5	4511.96	3848.69	-4.64861	-125.134	336.2	
6953.06	-29569.8	3723.69	-3983.33	-6761.59	-1579.03	-5425.47	-4730.48	-103.171	

6177.39	17904.8	12639.5	7400.85	4321.61	-2093.35	1469.47	1926.15	-253.083	
-35573.5	-88207.7	-21001.3	-18859.2	-12835.4	-946.21	464.011	-2218.21	1345.86	
3300.91	-1388.21	12218.8	-5961.28	-8149.2	245.083	-355.447	-2522.84	-1854.22	
9909.13	20780.8	26839.8	-3935.65	-2203.52	3689.52	-1008.84	1550.6	1505.27	
19397.2	7438.31	21093.8	-398.012	-986.014	1190.05	7337.59	-2277.17	-1272.99	

6336.31	9200.46	-3726.11	4186.36	-3690.25	2053.9	205.996	-673.492	1232.39	
16059.9	53122	29728.5	8074.44	6249.58	7248.87	3992.14	-675.795	998.725	
10169.8	45542.5	-11425.7	-14552.6	2634.25	-3105.58	1979.02	1449.26	746.963	
-2625.19	12879.9	3398.41	4265.7	-1036.89	-2192.1	-2241.07	-116.934	815.692	
-40854.9	-57329.3	-43403.3	-8088.52	-8288.74	-4418.58	-4326.82	-2834.97	125.933	

8553.7	3624.23	6305.48	-516.743	-134.276	-179.78	-1538.04	571.33	599.219	
-33759.1	-42075.8	-10496.8	11863.3	8446.41	-6718.49	652.563	2661.85	1832.6	
35831.4	30910.1	13300.6	13382.6	10431.6	8033.25	-3440.51	1245.48	699.977	
2800.53	-15012.1	-5849.13	-7242.42	3608.77	-1196.77	1378.77	1030.31	446.833	
-10583	43546.1	-2004.48	-5440.84	4647.08	962.669	925.065	-559.259	-639.012	

-22190.7	-23536.4	-8059.35	-4516.83	-3123.23	-3065.83	-84.3632	-403.767	-638.484	
-453.119	-48883.7	-9275.77	-5619.94	-4895.57	-2871.33	-1637.96	-2860.55	-2297.41	
12645.6	12310.4	-7710.1	55.1421	2896.37	1861.58	790.357	-1680.38	542.793	
20306.5	11149.5	-5130.5	10808.7	-1023.35	609.026	-2299.95	-191.088	-718.286	
-10015.7	-20142.3	-9590.77	6241.8	-226.587	-202.093	-3145.86	-2293.29	316.178	

19763.1	5351.16	-326.489	9362.57	-3250.81	3014.68	2797.79	749.216	-292.858	
-3689.11	-2887.23	2744.76	-1189.38	-381.772	-229.907	2324.15	1126.66	20.4524	
-16526.3	-7532.08	1470.86	-3164.9	-1196.61	-6156.44	-165.314	-43.8952	-124.077	
31272.4	30780.5	30745.1	5762.08	-3684.27	-240.026	5676.22	987.098	-802.718	
-6594.56	-30646.4	-20180	-7115.62	-5026.14	-3444.43	862.908	-3935.71	695.023	

3227.93	9992.88	-2990.39	-1334.92	1415.87	1969.2	3058.09	311.735	-244.314	
-1000.53	-50671.2	-5992.28	-6266.6	-2276.17	1705.12	320.619	2582.32	1310.51	
-11705.9	4045.91	-136.166	-5708.55	3737.85	-1887.48	1696.53	-242.758	563.406	
-1343.08	-3628.93	-9184.87	-5691.73	2089.49	2871.54	150.778	-891.434	-265.211	
2990.05	29500.6	5421.47	-13300.1	-657.56	1966.99	-3067.07	236.932	436.764	

-15920.8	6297.34	-389.131	1973.77	1189.81	2131.41	896.654	945.116	-336.529	
5122.99	22491.6	20451.3	3007.78	397.331	5758.22	4494.2	1274.28	235.722	
-5568.27	32089.8	-6533.63	-1819.08	-1976.25	-4548.04	5712.92	1617.61	-1079.43	
4207.17	-13292.4	-12998.8	1578.36	6012.4	-4335.57	4914.06	-718.848	145.789	
2877.01	48720	26300.8	9344.12	3755.8	-1599.26	3762.89	-344.895	-385.153	

-10745.5	-34768.3	-2089.47	10175.9	9925.75	1491.66	343.944	-530.212	-584.873	
39070.8	82905.6	32176.2	20459.9	4239.23	2983.91	-2031.38	-2935.71	-1165.82	
21561.8	23453.6	11863.4	12466.4	2495.88	699.582	-4063.02	3813.95	-1320.35	
-11103	-47507.7	-33065.7	-8690.54	-3866.3	-3651.68	66.3495	321.022	17.1428	
-23308.4	-9998.86	-23479.8	-15078.7	3274.03	173.904	-7808.76	-222.941	-1637.01	

-1278.69	-19638.1	-9391.64	-1729.35	2254	-1086.21	2226.25	-1171.16	377.727	
7025.76	36438.7	9589.55	9849.96	8905.86	-1938.24	163.649	-1326.61	502.037	
-13082.7	5531.37	18405.3	8848.82	9884.69	-3469.35	2258.08	-759.199	1143.19	
-8225.99	8550.63	-3362.37	-4428.11	-8386.14	-178.424	-2183.9	-1347.09	-1352.63	
-35727.4	-17454	-14323.8	-10025.4	-6352.48	-1787.58	3556.41	1745.35	-1057.48	

13301.7	6353.08	8.65249	4962.82	5690.39	-2143.45	3144.12	683.84	-314.254	
28515.1	-517.731	-6509.83	9415	-2782.98	4048.48	42.5526	1688.46	42.6552	
28492.9	-15694.7	8981.27	4168.4	-2335.65	3470.89	-964.773	2189.76	-703.976	
-1433.07	-1755.49	-7876.26	13745.7	1968.46	602.353	2224.8	-144.191	39.9688	
-3227.87	19382.8	8686.94	4815.17	19933.1	-5422.04	-2289.66	-904.247	756.059	

19443.7	39187.1	6595.48	4471.18	-708.564	-309.108	183.58	726.273	386.623	
-19923.2	-29321.2	-10364.5	20711.5	5134.56	-3058.71	6701.66	1923.58	-496.227	
2457.85	4023.1	-21141.2	3844.84	49.6272	-1343.69	-3284.49	-2446.4	38.5428	
9216.83	9315.74	-15609.6	-551.711	1438.28	6255.68	-1143.09	2075.54	62.6113	
-41778.9	-107398	-27605.8	-4864.54	-15840.7	4891.08	-5678.12	-3355.5	437.431	

-5640.14	-15782.1	-11213.7	-2321.56	1282.78	-1529.5	-2711.27	1272.28	-557.369	
49811.4	-4798.96	5529.01	6387.83	-5680.36	2877.28	1785.4	485.575	-440.38	
18014.4	-29176.6	-15365.1	-601.822	-1696.36	3138.68	1054.48	2937.48	-567.76	
47381.5	3779.67	7107.42	4574.23	7879.99	-2386.13	-2951.63	1397.94	893.285	
-21099.9	23212.8	122.586	-2339.14	11366.4	5978.45	7785.07	2268.91	848.769	

6681.77	19792.9	6795.19	8204.6	3460.3	1008.9	2188.49	520.975	295.495	
9383.38	32667.2	4589.52	-13133.8	10035.9	-2038.17	-2919.01	1055.9	557.622	
-795.744	-59903.6	-15291.1	-9994.11	-492.61	-8423.82	749.039	2045.46	-1311.6	
6706.9	-1206.81	1800.56	-10208.5	-1107.1	-3501.48	634.778	-365.776	-482.997	
-17944.3	-35050.2	-26562.2	-25627.1	-1937.7	-5241.91	3102.17	-1635.37	1045.59	

29930.3	79310	26946.2	14020.1	8633.93	5262.32	-154.95	27.7621	-42.613	
23518.7	39621.7	34242.3	18194.9	9328.94	7185.88	6189.4	-1682.19	-1142.91	
16583.8	-1806.94	1564.1	-9576.94	-1525.82	4863.43	-1923.02	2681.77	-393.87	
-23137.8	-26027.2	-11688.9	-2290.85	3543.36	-798.249	1437.87	-1017.18	489.389	
-47929	-127352	-43423	-19135.2	-9021.75	-2246.51	-3109.05	-1900.96	179.758	

-18259.7	2292.1	-3724.95	833.52	-2923.63	-1355.62	-1001.27	1158.89	603.249	
-30597.5	-73003.3	-28285.6	-2484.04	-1355.14	-7382.31	27.02	1232.38	-1143.29	
10278.4	27835.7	11244.2	8499.73	4148.26	1538.94	-2352.1	-1757.61	-404.798	
-29130.9	-17158	-19492.3	-4369.14	295.149	4555.6	1308.08	-521.607	308.352	
18465	38690.2	22971.4	-6732.09	2386.52	-5408.24	-2116.62	-1331.16	175.176	

16442.1	14552.1	4055.49	1389.67	35.1584	-3067.04	10.1041	-177.947	-79.2692	
-26483.6	-33433.7	-11489.9	-14250.6	-9535.76	-5773.39	2155.41	-1001.22	-1275.63	
34822	29073.6	23617.4	7306.28	-654.455	6312.26	2061.3	-1535.93	543.447	
-7108.86	82.8482	6461.13	5943.96	3304.12	1320.27	-4899.01	246.955	113.371	
8047.26	-12116.7	10181.5	-651.228	7360.52	914.747	-4022.46	120.199	418.337	

12889.9	17868.8	21510.8	4216.93	796.749	469.154	-2103.37	907.631	489.133	
11736.8	44097.3	-3458.14	-2056.08	4510.76	14021.3	5037.83	2340.88	-847.722	
-36946.7	-83465.1	-44314.9	-13606.5	-5013.99	-3187.56	-2499.18	-1945.41	-2140.12	
32460.5	61691.4	6079.32	-12356.5	-8570.37	-622.53	7024.63	-618.777	12.1886	
2187.22	14446	48665.4	11762	-8679.41	8639.42	-2922.85	-383.102	-802.133	

2853.83	16065.6	323.683	3296.92	-3040.43	1071.64	1099.98	-589.257	-983.484	
-15017.4	-17026.7	28933.8	-1614.42	1460.21	27.2614	-2814.6	-3956.79	-1601.25	
7767.19	19778.5	20339.1	10838	5081.25	-2664.24	3987	-928.667	550.042	
-1120.52	3713.04	17446.4	6494.25	2624.65	-3832.03	1291.83	-345.859	396.517	
-7600.52	25254.6	7042.62	-1700.26	1958.87	-2292.04	1239.79	1515.31	-1212.32	

20008.9	15264.2	13548.6	-2264.6	-4610.01	1476.09	1175.18	331.592	-441.47	
3653.53	9835.25	-5357.19	786.565	5293.44	-955.547	750.63	2321.98	-397.512	
7969.47	39357.2	11072.6	15865.9	3276.76	297.141	1311.96	1485.64	159.415	
-887.608	8709.55	2138.59	6739.2	-2105.43	-1023.46	55.1572	13.0866	545.285	
8996.56	27149.9	40692.6	19456.1	249.114	1651.38	1013.36	2665.13	1227.13	

10396.1	-658.181	7244.31	-898.811	-2013.23	-849.162	1213.37	10.0055	377.864	
-34387.8	-5202.33	8657.71	5274.41	-7029.65	423.251	-3205.12	222.707	-579.539	
-3784.35	-1126.66	-2427.3	5306.22	1126.81	2736.01	-2482.72	724.09	528.794	
23265.5	24397.9	5893.82	4080.26	2407.3	4978.42	4147.18	71.2806	154.667	
-7086.53	18971.7	-11000.7	-5024.37	-1302.62	-3150.51	172.153	-2092.97	630.921	

-2017.6	-1888.8	-3076.13	-719.838	-858.206	-1077.06	478.802	-103.535	-151.777	
1667.06	-2996.78	-14285.2	5265	-716.8	6495.08	1318.24	1089.78	-203.505	
26555.8	29778.8	4135.84	6726.26	-341.08	3290.7	2141.56	2143.18	-1258.16	
-10138.8	-25721.9	-7755.55	-6081.89	-3654.98	110.132	-683.033	-321.581	1239.06	
17417.3	-3688.7	1210.89	-2084.09	-2496.57	-2150.4	-692.608	-180.174	133.387	

16274	-6089.24	4803.12	2121.24	2309.32	3021.41	119.346	25.5939	-386.784	
36501.5	46582.4	34931.6	3876.23	-464.428	7933	5721.74	1479.46	-1217.09	
11828	-29851.2	6397.01	-5759.7	-9139.03	1881.86	709.69	-1847.24	756.996	
22033.4	35309.6	-2528.91	-1136.62	-3741.46	2975.34	1200.89	-1391.46	-1191.12	
-2205	-12389	-5004.17	-12946.5	-8756.47	-8564.37	-1953.69	-2559.9	-859.686	

11736.4	6040.19	3279.13	2155.45	-902.566	-782.741	-152.075	749.923	-665.1	
-17219	-8266.25	-4306.2	3337.6	-200.259	-5159.05	-2207.15	-2040.24	-578.949	
29405.8	65580.3	24302.6	8372.47	1782.31	4650.89	-709.475	1138.59	82.1263	
15236.5	29927	16104	9432.5	-479.586	-2366.47	358.604	-657.163	-20.5921	
10678.6	2241.77	-13523.2	-2764.45	-3680.36	3303.1	-3666.76	-1685.44	-537.153	

21235.7	12007.3	4730.85	5235.91	3386.43	1278.99	1058.6	-334.656	-24.709	
6630.52	2391.99	3186.2	-4632.67	-7215.09	7.30789	-1891.09	-3389.87	-809.275	
8725	28753.8	17401.9	11667.1	-2100.36	3519.66	940.543	-1506.29	478.44	
4700.54	-21107.2	9934.06	11485.6	1570.46	1925.83	3695.52	519.793	675.571	
299.777	-18453.2	-1309.26	-15320.2	-2975.53	-890.126	-96.9312	-1611.47	-248.055	

4724.95	10872.3	-2619.39	6159.09	525.16	-2062.81	418.268	-1360.72	-169.052	
-11143.9	-5220.32	-8882.47	-10296.7	1994.89	-4974.68	4084.31	2487.89	63.619	
14646.6	4208.59	3317.48	598.623	-2428.51	-207.665	5058.71	-570.696	901.962	
1496.12	21236.4	4555.99	6083.64	7725.47	-1030.63	958.438	181.874	-216.183	
-19431.2	-38057.1	-24387.3	-11050.3	-1807.3	52.3585	-3178.64	-1674.18	-809.892	

-33675.7	-21587.8	10529.6	1001.75	660.57	730.7	-2030.73	306.042	274.663	
48422.5	59126.9	28376.9	-7859.45	-3861	6710.04	8786.86	-307.267	1143.22	
9388.4	-13880.1	15935.4	4658.87	-3818.28	571.07	3148.76	219.882	48.1395	
13887.3	71393.1	24175.3	10013.9	-2118.74	2657.22	1473.05	48.315	-529.588	
7371.31	3770.65	42896.5	974.613	-1209.43	-5334.66	-3874.94	-2088.75	-455.241	

-792.113	-13429.2	-11478.7	-321.901	4984.81	82.9708	1044.75	546.844	-678.531	
-17699.1	-37891.1	-15889	-4787.71	-5542.88	-1173.97	-535.967	763.915	-2155.26	
22590.9	30219.2	9498.03	1027.46	531.682	5105.97	2701.25	2796.8	-1270.06	
11296.3	35514.2	25270.7	8471.21	4500.89	2118.55	271.331	553.797	455.756	
-13500.1	-14439.9	-8814.39	-13166.5	-168.338	-4903.41	2049.73	-1230.66	1281.35	

-5416.08	-10298.8	6834.09	4968.83	3773.09	1505.22	1276.81	525.654	362.436	
-14389.3	12283.7	-3990.81	4363.75	107.773	-442.451	98.0519	-378.448	-578.431	
20894.5	7470.14	-5503.23	3262.32	1575.55	5506.67	817.735	412.719	642.504	
15220.5	5757.12	2775.93	-4434.34	2599.86	948.48	-2047.72	-1680.9	-533.603	
22151.4	12736.5	2603.02	-3433.04	-6150.42	407.203	-2531.22	1440.63	815.147	

-5847.89	-36559.6	-15476.1	4596.15	5166.06	-882.645	-737.474	-1428.43	898.194	
29019.4	-7152.03	1946.64	11718	-5922.39	-3139.29	1236.21	843.302	-57.2323	
-45703.6	-95376.4	-45609.5	-11457.6	-13897.4	-6408.54	-2357.33	-1415.51	893.787	
4276.38	44851.7	38774.9	13514	8489.42	-4247.8	1047.84	765.333	1572.2	
-31930.7	-46989.5	2053.54	-9864.11	3243.77	-1338.68	-4765.85	-1572.18	457.441	

-7544.02	-4553.39	-8389.93	-3111.74	324.194	862.452	452.157	-2329.9	-62.265	
-42183.3	-26404.2	-7490.81	616.755	3205.59	-2087.15	-1067.91	-33.0157	1507.4	
29905.2	30212.4	17678.1	13082	1557.51	121.206	1124.26	2081.23	6.47046	
-1106.77	7026.19	3170.66	-106.837	-3460.56	1096.59	4130.06	1992.55	661.265	
-8469.53	-9180.46	-15531.3	10762.1	8994.01	-581.829	1693.17	1143.2	146.815	

-6746.77	-5426.27	-9030.52	4094.31	-3405.88	-409.105	675.304	-114.696	-267.063	
910.944	-10693.5	-13122.4	-10512.9	3874.44	-509.35	871.24	-1645.51	223.935	
6175.63	3681.06	-5792.86	1234.33	2565.2	596.542	1834.07	-658.189	-933.687	
-12291.3	-10869	3851.79	-3229.7	-2360.03	-1443.47	-1330.86	-905.835	-53.4074	
21594.7	27630.1	-5615.78	7597.36	6692.89	3148.48	644.091	2330.49	-681.382	

24761.4	29686.3	27244.4	10316.9	3126.46	1098.57	2789.61	1027.4	-308.585	
59492.6	62255.8	36952.6	-4412.14	-8219.72	-5144.1	581.549	92.5779	81.8147	
-2784.2	-38092.6	-5755.13	-7151.07	-9686.04	310.205	-1514.02	-757.826	1694.97	
6145.02	-20442.2	-9907.15	-1706.84	-1105.76	1458.15	-1651.54	1944.55	40.3607	
-15514.1	11708.1	-11191.9	1421.01	-33.095	4720.83	-4389.65	-881.851	-796.465	

19060.5	7611.82	8821.58	1590.19	-1093.04	1282.54	-2597.41	-907.131	-358.509	
26450.7	56224.9	21315	10349.1	-14321.5	173.218	-4937.23	-190.83	-2103.79	
-34890.7	-46686.6	-24105.5	-20973.7	427.785	4921.29	3534.39	-1032.21	104.251	
10939.8	-6022.9	6639.56	14804.6	6053.73	4263.41	3468.73	-351.44	-68.5896	
9649.39	-58278.4	-28082	-17008.3	142.735	-11924.3	-3560.31	-1030.13	-1170.23	

-8633.56	-19158.2	-11486.5	-1151.58	-6137.16	691.174	4233.13	79.1988	412.098	
66253.7	91342.9	36995	8622.01	6940.5	5342.72	523.255	-1289.92	-1022.94	
-5079.51	-61356.1	6331.33	4536.41	9361.52	-2624.63	3480.63	2609.31	-812.956	
4588.63	-30700.3	-15011.6	-7902.37	-7687.81	-488.335	317.347	-77.7719	-557.679	
36846.2	16541	13875.2	28811.4	3091.27	2391	2904.86	-0.615353	-332.68	

10626.8	9752.98	-3239.02	-5503.72	-2395.43	-749.919	-1677.39	-1167.75	-596.87	
-4497.54	32264	8096.52	-1714.28	7352.53	-1624.71	-801.289	-1411.95	171.759	
259.425	-3523.35	-8884.26	-996.028	1016.67	4779.44	3221.08	3565.89	318.236	
-4978.12	-19777.2	-7332.47	3814.15	-4414.94	-2674.87	1801.35	734.612	454.474	
-30378.4	-30453.2	-19674.1	169.703	-4755.54	-3716.65	-3124.07	228.956	-98.8221	

4564.37	8018.15	2345.71	-4211.28	-1682.72	479.174	718.17	-440.111	-935.639	
-56102.4	-20516.5	-4742.25	-3258.67	1512.72	-2722.2	-1633.37	-648.139	-910.454	
-14286.6	5158.53	-2472.26	10559.8	6272.63	555.292	1498.41	515.479	-722.942	
-12917.1	20761.3	-5669.87	-3813.55	1795.74	-243.867	-964.878	-106.933	223.595	
23957.4	107194	25096.6	15880	6596.12	5889.77	-853.902	1643.38	703.672	

7762.57	42251.9	12880.4	6442.31	7012.35	3705.56	731.266	96.1953	-46.1076	
-94663.5	-77541.9	-62546	-27651.3	-10054.3	-1838	-9051.36	-3868.6	-1232.55	
1667.44	64706.5	19086.5	196.15	-7740.93	3112.02	636.454	-194.946	-521.193	
-19900.3	-27301.4	-19963.9	-11987.6	-11634.2	-2494.73	-3667.97	-587.524	-1131.08	
24181.8	-2809.76	11132	-2731.71	6249.58	12430.2	-4871.19	1414.28	-325.153	

3061.44	7665.92	-1820.18	12728.4	3842.04	3836.55	-1720.66	-225.051	381.161	
6749.5	23669.5	589.577	5090.95	4109.4	2410.65	5087.57	1133.86	114.814	
-8547.14	23684.8	-14044.4	-5438.23	4181.06	1647.12	-1227.74	49.9821	569.782	
22961.1	60674.4	15809.5	3460.79	8258.29	2983.59	3390.27	1027.92	721.045	
17281.1	-14959.5	6216.69	-3038.09	-5021.9	-257.189	3005.78	-1282.22	1144.72	

24141.6	20975.9	22353.5	1635.8	2014.54	-2793.32	2521.94	692.322	-580.564	
27206.6	16465.3	-2910.33	10750.1	16671.7	2618.84	9230.95	1606.51	-413.009	
-15240.4	-29460.5	-12151.8	-5370.16	-714.134	1374.1	6519.09	1211.22	-195.686	
31717.5	22161.5	9944.42	11453.8	5328.93	-772.018	867.05	779.395	672.352	
-57350.4	-22110.6	-17004	-21154.8	-18580.2	-2826.47	2712.29	1058.03	-248.406	

-4868.83	-4032.59	-1324.16	-952.913	2975.64	-555.206	-3092.88	-814.973	-605.783	
-51904.8	-74283	-18309.5	-16032.3	-2632.05	1576.93	-282.589	353.855	379.985	
-8086.22	9886.79	13379.3	10369.1	1101.93	2457.22	5314.79	-1300.42	-519.269	
10501.4	-3879.04	3427.67	2691.11	6619.43	1053.93	-318.321	-521.932	1370.72	
5461.29	-16069.8	-2662.88	-8873.67	11813.4	1651.17	818.012	3108.7	705.341	

-3350.83	-3848.12	-1227.66	-685.835	2413.1	-2809.25	-501.844	966.126	117.961	
-31586.8	32485.5	-21.7934	-12274.6	9720.89	-2087.61	1763.95	-1645.93	-468.223	
-6386.86	-36023.8	6069.11	-411.078	-3138.07	4325.07	-1779.56	495.671	-858.114	
19073.6	22881.8	-517.318	-5733.94	2069.75	-11.6445	-1227.46	968.46	-60.3307	
32089.6	64690.1	19228.5	-8800.6	5964.56	-3740.37	1585.63	3730.2	-142.6	

17620.1	33783.9	2825.37	853.064	-4507.31	-3462.22	-401.953	1100.17	296.78	
-6696.84	-29635.6	-15677.1	5455.81	1448.78	-6744.49	-365.251	202.796	259.169	
-32512.9	16830	19105.8	-845.271	-696.038	68.8902	-188.417	1902.38	-755.5	
12889.6	43690.5	7221.03	-2336.8	4178.53	1215.9	-681.994	117.332	11.6825	
58214.5	90412.5	23800.3	14782.7	5778.78	397.134	-1029.54	198.423	-612.765	

-2332.27	21323.1	11139.3	379.907	3691.98	2850.71	457.69	205.448	840.31	
11483	7375.15	-9454.84	-9378.9	8654.7	-4700.18	-878.027	2972.49	-1991.39	
31205.8	51983.7	35651.6	11496.5	2655.25	2521.07	1059.52	2018.28	1772.26	
-3841.14	22959.2	22172	14841.6	-3263.36	1035.39	684.528	36.202	-80.9227	
8935.26	24905.8	-4068.61	9890.3	-1487.36	-1421.94	-1699.4	2125.47	-580.978	

-8551.8	19637	-2938.34	2574.35	6138.74	-1478.36	2318.56	-457.988	-116.069	
17307.3	-26320	-16296.3	-23014.4	-9945.53	1381.51	-3143.34	1557.04	37.6882	
-24722.3	-22219.3	-14722.3	-10493.1	-10258.5	2796.48	-1114.17	-1670.73	584.121	
12381.4	-38848.4	-12623.1	-9721.05	-4159.3	-1945.61	660.208	950.205	-298.165	
1006.58	7436.06	-26500.7	-6212.23	1369.96	3951.09	-1927.14	221.353	483.914	

1398.18	1348.01	-1995.15	-4239.11	-229.5	-3450.71	1471.75	-1192.34	-7.53469	
57612.1	75156.5	39051.6	12167	3939.81	4177.47	9185.7	-900.704	767.996	
19478.4	45599	14380.9	10709	-4842.37	-804.057	-2924.67	-203.688	2288.09	
-5938.91	-35391	2026.31	2634.49	-6232.62	-4936.87	-575.646	-1974.56	-483.527	
-35455.7	-54207.3	-38974.7	-18289.2	-3769.94	-2835.69	3439.63	-2993.47	-381.132	

-5896.45	-9359.32	-3070.1	4185.38	-2091.12	-164.177	-15.2059	410.783	-477.861	
-53539.4	-58108.7	-9898.82	-14167.2	-11035.9	-2280.33	-217.043	-398.458	62.5293	
2274.92	25584.2	6911.66	-754.665	3767.54	538.613	658.643	148.604	-1537.81	
-1257.92	25595.6	9882.72	5412.28	1215.78	2129.71	2672.02	557.792	201.996	
-1886.13	-3834.87	1147.42	-12245.3	-5275.59	-7845.81	796.759	-801.559	-787.139	

16632.8	17804.2	4585.68	3476.02	-2367.84	153.065	-804.306	-161.496	-132.451	
199.674	-26536.1	-958.278	-5880.66	-765.884	-2322.39	-3294.08	1634.26	449.146	
17229.4	18258.9	-486.753	10014.4	4499.35	3187.44	1849.08	-1459.24	205.829	
-428.117	47580.5	-312.275	12894.4	5514.06	6866.31	739.2	478.018	476.699	
-3773.7	-45947.9	-18908.9	-4048.96	-1942.02	-4180.42	-3591.39	-2585.93	-283.002	

13979.6	6245.47	6351.46	6912.67	4333.14	2044.89	275.943	-160.009	-753.464	
20538.4	-1298.41	1580.9	17969.4	3348.84	3600.72	6382.45	1524.54	1777.24	
1970.89	-8208.85	-10535.4	-457.738	-1264.36	-3468.44	-5306.22	-2533.26	562.034	
-9320.47	-4857.61	4412.04	7781.15	11399.6	-829.559	2751.2	29.5891	208.837	
-14440.3	10026.6	15245.8	5129.38	2370.96	2490.38	-200.084	-230.831	330.206	

-1899.8	6509.68	-526.758	-2676.6	-998.763	130.925	-506.463	138.674	67.8745	
12140.9	23173.2	-7643.37	10435.6	2769.89	-2479.9	1140.56	-2159.78	2220.82	
-429.263	-18478.9	5899.41	-7503.35	1462.19	179.87	-494.768	-57.9266	-4.2685	
43782.8	66376.7	10236	6635.25	4.37507	-1832.92	3267.62	492.904	628.743	
-19705.2	-16034.6	-24014.1	-4713.62	-10869.8	-1148.58	305.053	3847.23	-363.097	

2954.12	-12751.8	-16804.8	-3532.67	959.215	-990.815	1062.51	1272.69	479.301	
-15217.3	-30087.8	1878.68	-1864.59	11768.2	-1707.53	6776.19	-57.4244	-363.983	
15896.2	11185	18581	10067.3	6971.4	2862.29	5335.02	646.759	660.624	
-16886.8	2043.54	4785.96	1120.94	-1755.71	2455.55	1663.18	1007.08	99.1724	
19246.7	28857.9	9486.27	-1245.17	-2726.69	3102.52	-3025.85	-247.596	-141.501	

13904.1	18957.8	14081.2	3000.4	765.984	1316.79	1375.58	721.918	-369.031	
-17866.5	-42578.2	-21001	-3632.97	10727.6	4376.65	1187.45	1340.93	1179	
14415.7	16027.7	2007.85	3701.99	-1862.38	-892.962	-261.98	-1222.12	-60.4301	
-39158.5	-44946.9	-17049.4	-4079.34	-6884.13	-341.022	-3603.6	-1823.15	-239.607	
29002.8	44914.2	30506	14365.1	2777.42	883.057	2274.27	15.8253	639.449	

17769.1	20196.8	16898.9	-1274.87	2365.04	1084.84	2718.4	2347.98	-404.14	
-10005.1	-47840	-31348.5	15753.3	2063.09	7595.67	-3384.15	2364.96	1559.74	
-20211.2	-37572.9	-11075.8	-3987.33	-7770.59	-6574.95	-1998.24	-669.851	1736.37	
26497.6	19498.5	7011.24	18285.6	9531.93	-3146.35	-683.172	140.711	-521.569	
3422.72	-10836.4	22400.3	-11474.7	537.64	-1790.26	-1640.63	-508.632	1325.21	

2424.9	-14026.2	2957.5	1175.66	519.021	-442.997	-2794.38	455.007	232.21	
-14572.6	18255	5299.51	4022.62	6686.72	5684.93	1021.8	-36.0389	1462.42	
15584.2	-21856.8	9981.75	-4170.91	-1969.31	879.941	-121.744	2024	368.414	
7863.26	15948.1	11558	-4664.51	-1517.28	-426.118	-620.587	-576.757	491.05	
-12731.7	-32821.8	-2499.97	-4034.64	3647.55	-1795.12	953.323	-881.807	539.335	

-22701.4	-864.435	-7279.05	2436.44	-544.821	-11.4015	1242.08	-457.381	337.754	
13616.3	26424.8	-1509.71	-5174.02	-4607.03	6893.55	1998.04	135.023	868.795	
21902	28770.9	19191.6	9786.86	733.519	7004.92	810.134	243.825	38.7747	
11624.1	19519.7	4756.29	10977.8	2335.34	953.359	737.16	1792.13	368.888	
19875.1	32424.5	5715.26	-2664.12	-1432.69	1058.4	1482.93	-785.78	150.669	

2243.53	13610.8	7564.76	-816.629	2505.84	-1906.57	-1378.76	292.094	-497.297	
-8756.63	-6392.95	-5798.2	4501.92	4846.74	-1580.19	-3490.87	706.98	-1448.04	
5394.54	-12672.1	822.277	8581.65	2258.8	1052.73	-1375.9	541.069	-340.642	
31293.4	25382.6	-4704.88	-1566.8	6215.9	1292.05	-2457.02	235.608	-518.157	
-4873.9	5243.64	-13214.5	8148.16	-3480.4	1691.43	-2837.35	-1649.9	-372.358	

-10106	-8458.53	-9713.29	-2448.78	2649.38	-269.07	1401.09	407.371	739.482	
-10063.6	-3554.93	-12314.6	-270.554	-4531.58	543.304	2352.21	468.65	-649.203	
540.498	9419.29	-4276.42	1986.87	1932.64	2759.85	1335.81	1378.28	502.489	
-11427.9	-24218.8	-7727.58	-1183.95	2039.91	462.637	559.482	-503.256	-751.217	
5285.59	-17642.4	-8449.34	-10662.2	-5988.44	-2740.53	-242.434	55.1529	-711.884	

353.789	11906.7	3831.4	-6981.39	2785.77	451.359	789.779	-229.557	-289.986	
10306	17867.3	23191	-568.48	1819.28	-1248.48	2570.55	-508.092	1238.98	
24683.9	8155.37	-988.189	222.167	-2227.72	-2904.29	222.874	790.634	803.038	
1887.41	-3061.49	4987.39	-5105.18	-6901.05	-1365.59	1200.09	917.708	-138.476	
-43528.1	-53374.9	-36228.8	-20322.8	-6668.2	-1569.32	-5605.78	297.917	285.114	

4038.81	13436.8	-7902.55	2990.38	902.762	3161.33	1435.27	386.717	52.47	
-24531.6	5426.08	21394	609.724	4963.06	-2047.69	4842.88	-869.734	213.165	
-17669.7	-9277.26	-17349.3	-9131.79	-7152.85	289.59	350.763	1729.69	361.612	
-26460.6	-13966	-12211.8	-3457.78	-2461.77	-2374.54	341.232	-636.68	929.252	
8920.35	32232.6	12074.9	5793.7	1909.21	-1683.06	3070.79	2398.17	-378.113	

8832.62	10899.4	10340.1	7054.43	-2252.39	-910.437	387.251	-1337.39	104.492	
-15782.4	-14021.7	4563.17	-10273.9	8709.5	11656.8	-924.218	-304.978	1369.88	
-28363.7	-63958.6	-38261.6	-6856.7	-2083.27	87.1306	-1020.61	2137.76	754.102	
-28110.5	-37991.7	-15982.9	-4353.03	41.1539	-568.381	-858.134	71.1496	209.591	
56262.7	42037.4	15192.7	14610.6	-1311.95	5350.45	2590.62	283.305	-923.137	

16458.1	2823.91	2720.33	-5855.14	3654.8	48.8452	-2102.25	-580.308	150.605	
37852.3	3071.45	21041.7	35250.6	11225.5	1864.6	1773.99	-788.442	-445.049	
10920.7	-12575.5	-9934.05	-11153.9	-2512.03	-3517.43	-2381.54	-873.138	-1537.69	
-21881.8	-46523.9	-10700.3	-11687.3	-6980.08	-1163.48	395.899	194.375	-848.312	
14233.8	31911.3	22913.7	-447.272	-2423.98	3620.71	466.043	1303.71	784.901	

-14582.6	-10786.3	-4119.25	-2088.49	-2135.38	-4625.26	-1474.97	-214.342	349.795	
13834.6	-23150.6	-10343	8209.35	9882.73	5151.63	421.698	-434.202	-856.653	
11567.1	21653.7	20212.4	11202.5	3040.16	1977.07	222.568	291.797	431.755	
26971.2	44235.6	9451.89	8532.7	135.592	-3287.21	-70.5633	119.35	256.656	
-29880.1	-55312.1	-23622.4	-18635.4	-1001.61	1908.37	-8355.98	-1311.4	-203.699	

-4619.71	-4502.65	-1136.32	-822.125	1366.57	-515.287	-2865.61	101.925	437.137	
-26152.8	7166.44	-20513	-12538.5	-3317.37	2732.5	-1283.94	-2323.93	-1038.93	
1797.48	8024.29	3521.59	-13480.3	-5406.23	2874.25	-1087.55	-1418.57	-493.083	
-40848.5	-21833.2	-17301.4	-1477.66	510.279	-282.282	114.801	93.6951	-4.03702	
-4460.3	453.147	2364.91	-2259.09	4349.99	4233.78	-55.7637	-40.0516	1169.9	

4586.18	-6964.73	6376.31	-6337.52	-4408.58	2392.24	-1109.48	446.906	-220.479	
27258.8	-2471.89	547.912	2253.24	4476.58	-7103.04	-3814.32	3663.81	880.431	
37200.2	21830.3	33267	17243.1	10533.9	230.184	3679.6	2860.17	619.239	
-29327.4	-25677.5	-7265.19	-6768.3	-5967.61	-2588.82	-1809.8	-1123.39	-653.458	
-18484.4	-57904.3	-22884.9	-23804.2	20.7075	647.964	503.448	-568.399	-153.972	

380.126	-899.723	1216.8	-3099.34	637.017	-375.097	274.831	-361.086	-365.523	
20530.5	45197.9	26908.2	8928.67	9134.94	7147.42	6506.12	-1524.1	-612.391	
15199.7	17288.7	32337.6	18528.3	9199.32	6478.79	2778.58	-1350.01	997.025	
-14309.5	-8328.44	7977.6	9062.2	2432.35	643.686	396.832	1146.14	320.382	
19572.2	1551.82	4423.16	5695.57	3461.54	-2382.44	-6447.21	-737.845	438.063	

5464.49	-4161.53	11450.8	855.361	-3344.66	2240.8	3345.68	-1731.51	-407.41	
-13998.6	-22392.8	-4872.25	1014.84	-6333.05	-7066.51	1667.34	-533.431	498.415	
26262.1	38891.8	14650.1	4832.21	1752.64	8914.15	1535.11	50.631	299.757	
9046.86	-51702.8	-6966.43	-1438.59	-4577.04	2428.39	-1342.9	-1710.54	1789.49	
35839.1	46582.8	18338.2	15273.7	11140.4	3680.13	4421.37	3344.76	534.438	

7942.47	10284.6	9334.57	1156.26	-1556.3	2034.35	928.473	-479.674	349.156	
20382.2	69837.6	18616.7	7713.35	3861.82	9494.79	1881.44	6379.7	893.882	
14987.1	14270	11062.9	-6519.76	3525.47	2552.03	-1508.31	-1894.77	-1459.29	
-3846.41	17702.8	-180.682	2863.08	6146.43	-4218.77	-287.704	590.491	-111.235	
-26715	-4912.86	-26175.5	-12353.2	1075.93	-4057.42	-9318	-3324.3	-2227.99	

