ibin	iptbin	itheta	r0	V	sigma2	chi	Vn Errors
0	0	0	0.2715	0.0589	338.7778	0.4813	0.0070
0	0	1	0.2759	0.0579	338.7778	0.4736	0.0069
0	0	2	0.2640	0.0605	338.7778	0.4948	0.0072
0	0	3	0.3078	0.0519	338.7778	0.4245	0.0062
0	0	4	0.2611	0.0612	338.7778	0.5004	0.0073


ibin	iptbin	avgmult	avgpt	Vn mean	Vn mean Error
0	0	150.5144	0.9281	0.0581	0.0033

ibin	iptbin	itheta	r0	V	sigma2	chi	Vn Errors
0	0	0	0.2631	0.0607	338.4312	0.4968	0.0054
0	0	1	0.2722	0.0587	338.4312	0.4803	0.0052
0	0	2	0.2629	0.0608	338.4312	0.4973	0.0054
0	0	3	0.2746	0.0582	338.4312	0.4760	0.0052
0	0	4	0.2724	0.0586	338.4312	0.4799	0.0052


ibin	iptbin	avgmult	avgpt	Vn mean	Vn mean Error
0	0	150.5484	0.9281	0.0594	0.0026

ibin	iptbin	itheta	r0	V	sigma2	chi	Vn Errors
0	0	0	0.2655	0.0602	338.4781	0.4924	0.0053
0	0	1	0.2632	0.0607	338.4781	0.4967	0.0053
0	0	2	0.2707	0.0590	338.4781	0.4829	0.0052
0	0	3	0.2585	0.0618	338.4781	0.5057	0.0054
0	0	4	0.2870	0.0556	338.4781	0.4554	0.0049


ibin	iptbin	avgmult	avgpt	Vn mean	Vn mean Error
0	0	150.5595	0.9276	0.0595	0.0025

ibin	iptbin	itheta	r0	V	sigma2	chi	Vn Errors
0	0	0	0.2611	0.0612	338.5387	0.5006	0.0102
0	0	1	0.2905	0.0550	338.5387	0.4499	0.0091
0	0	2	0.2697	0.0592	338.5387	0.4846	0.0098
0	0	3	0.3041	0.0525	338.5387	0.4298	0.0087
0	0	4	0.2894	0.0552	338.5387	0.4517	0.0092


ibin	iptbin	avgmult	avgpt	Vn mean	Vn mean Error
0	0	150.5560	0.9278	0.0566	0.0045

ibin	iptbin	itheta	r0	V	sigma2	chi	Vn Errors
0	0	0	0.2604	0.0613	338.6013	0.5019	0.0040
0	0	1	0.2611	0.0612	338.6013	0.5005	0.0040
0	0	2	0.2811	0.0568	338.6013	0.4648	0.0037
0	0	3	0.2562	0.0624	338.6013	0.5102	0.0041
0	0	4	0.2559	0.0624	338.6013	0.5106	0.0041


ibin	iptbin	avgmult	avgpt	Vn mean	Vn mean Error
0	0	150.5418	0.9278	0.0608	0.0020

ibin	iptbin	itheta	r0	V	sigma2	chi	Vn Errors
0	0	0	0.2737	0.0584	337.8186	0.4781	0.0090
0	0	1	0.2888	0.0553	337.8186	0.4531	0.0086
0	0	2	0.2765	0.0578	337.8186	0.4731	0.0089
0	0	3	0.2945	0.0542	337.8186	0.4443	0.0084
0	0	4	0.2724	0.0586	337.8186	0.4803	0.0091


ibin	iptbin	avgmult	avgpt	Vn mean	Vn mean Error
0	0	150.5536	0.9277	0.0569	0.0042

ibin	iptbin	itheta	r0	V	sigma2	chi	Vn Errors
0	0	0	0.2676	0.0597	338.2919	0.4886	0.0163
0	0	1	0.2741	0.0583	338.2919	0.4771	0.0159
0	0	2	0.2852	0.0560	338.2919	0.4584	0.0153
0	0	3	0.3438	0.0465	338.2919	0.3803	0.0127
0	0	4	0.3033	0.0527	338.2919	0.4311	0.0144


ibin	iptbin	avgmult	avgpt	Vn mean	Vn mean Error
0	0	150.5348	0.9280	0.0546	0.0071

ibin	iptbin	itheta	r0	V	sigma2	chi	Vn Errors
0	0	0	0.2666	0.0599	338.3384	0.4904	0.0062
0	0	1	0.2777	0.0575	338.3384	0.4708	0.0059
0	0	2	0.2652	0.0602	338.3384	0.4929	0.0062
0	0	3	0.2720	0.0587	338.3384	0.4807	0.0060
0	0	4	0.2802	0.0570	338.3384	0.4665	0.0059


ibin	iptbin	avgmult	avgpt	Vn mean	Vn mean Error
0	0	150.5391	0.9283	0.0587	0.0029

ibin	iptbin	itheta	r0	V	sigma2	chi	Vn Errors
0	0	0	0.2676	0.0597	338.0946	0.4888	0.0090
0	0	1	0.2796	0.0571	338.0946	0.4678	0.0087
0	0	2	0.2882	0.0554	338.0946	0.4538	0.0084
0	0	3	0.2950	0.0541	338.0946	0.4434	0.0082
0	0	4	0.2734	0.0584	338.0946	0.4783	0.0089


ibin	iptbin	avgmult	avgpt	Vn mean	Vn mean Error
0	0	150.5512	0.9280	0.0570	0.0041

ibin	iptbin	itheta	r0	V	sigma2	chi	Vn Errors
0	0	0	0.2767	0.0578	337.6980	0.4730	0.0075
0	0	1	0.2673	0.0598	337.6980	0.4896	0.0078
0	0	2	0.2666	0.0599	337.6980	0.4909	0.0078
0	0	3	0.2805	0.0570	337.6980	0.4665	0.0074
0	0	4	0.3008	0.0531	337.6980	0.4351	0.0069


ibin	iptbin	avgmult	avgpt	Vn mean	Vn mean Error
0	0	150.5095	0.9283	0.0575	0.0036

ibin	iptbin	itheta	r0	V	sigma2	chi	Vn Errors
0	0	0	0.2561	0.0624	337.6983	0.5110	0.0057
0	0	1	0.2670	0.0598	337.6983	0.4902	0.0055
0	0	2	0.2686	0.0595	337.6983	0.4873	0.0055
0	0	3	0.2763	0.0578	337.6983	0.4736	0.0053
0	0	4	0.2811	0.0568	337.6983	0.4656	0.0052


ibin	iptbin	avgmult	avgpt	Vn mean	Vn mean Error
0	0	150.5459	0.9281	0.0593	0.0026

ibin	iptbin	itheta	r0	V	sigma2	chi	Vn Errors
0	0	0	0.2614	0.0611	338.7623	0.4998	0.0059
0	0	1	0.2711	0.0589	338.7623	0.4820	0.0057
0	0	2	0.2823	0.0566	338.7623	0.4628	0.0055
0	0	3	0.2735	0.0584	338.7623	0.4777	0.0056
0	0	4	0.2661	0.0600	338.7623	0.4910	0.0058


ibin	iptbin	avgmult	avgpt	Vn mean	Vn mean Error
0	0	150.5462	0.9280	0.0590	0.0028

ibin	iptbin	itheta	r0	V	sigma2	chi	Vn Errors
0	0	0	0.2735	0.0584	338.5380	0.4778	0.0049
0	0	1	0.2649	0.0603	338.5380	0.4934	0.0050
0	0	2	0.2617	0.0611	338.5380	0.4995	0.0051
0	0	3	0.2767	0.0577	338.5380	0.4724	0.0048
0	0	4	0.2610	0.0612	338.5380	0.5007	0.0051


ibin	iptbin	avgmult	avgpt	Vn mean	Vn mean Error
0	0	150.5422	0.9281	0.0597	0.0024

ibin	iptbin	itheta	r0	V	sigma2	chi	Vn Errors
0	0	0	0.2642	0.0605	339.0175	0.4943	0.0065
0	0	1	0.2743	0.0582	339.0175	0.4762	0.0062
0	0	2	0.2829	0.0565	339.0175	0.4617	0.0060
0	0	3	0.2719	0.0588	339.0175	0.4804	0.0063
0	0	4	0.2739	0.0583	339.0175	0.4769	0.0062


ibin	iptbin	avgmult	avgpt	Vn mean	Vn mean Error
0	0	150.5643	0.9279	0.0584	0.0030

ibin	iptbin	itheta	r0	V	sigma2	chi	Vn Errors
0	0	0	0.2612	0.0612	337.5655	0.5012	0.0070
0	0	1	0.2682	0.0596	337.5655	0.4881	0.0068
0	0	2	0.2704	0.0591	337.5655	0.4841	0.0068
0	0	3	0.2968	0.0538	337.5655	0.4410	0.0062
0	0	4	0.2781	0.0574	337.5655	0.4706	0.0066


ibin	iptbin	avgmult	avgpt	Vn mean	Vn mean Error
0	0	150.5458	0.9282	0.0582	0.0032

ibin	iptbin	itheta	r0	V	sigma2	chi	Vn Errors
0	0	0	0.2780	0.0575	338.4364	0.4702	0.0049
0	0	1	0.2785	0.0573	338.4364	0.4693	0.0049
0	0	2	0.2651	0.0602	338.4364	0.4931	0.0052
0	0	3	0.2477	0.0645	338.4364	0.5277	0.0055
0	0	4	0.2747	0.0581	338.4364	0.4759	0.0050


ibin	iptbin	avgmult	avgpt	Vn mean	Vn mean Error
0	0	150.5663	0.9281	0.0595	0.0025

ibin	iptbin	itheta	r0	V	sigma2	chi	Vn Errors
0	0	0	0.2782	0.0574	337.9863	0.4703	0.0080
0	0	1	0.3054	0.0523	337.9863	0.4284	0.0072
0	0	2	0.2654	0.0602	337.9863	0.4929	0.0083
0	0	3	0.2745	0.0582	337.9863	0.4765	0.0081
0	0	4	0.2728	0.0585	337.9863	0.4795	0.0081


ibin	iptbin	avgmult	avgpt	Vn mean	Vn mean Error
0	0	150.5674	0.9279	0.0573	0.0038

ibin	iptbin	itheta	r0	V	sigma2	chi	Vn Errors
0	0	0	0.2700	0.0592	337.9054	0.4846	0.0061
0	0	1	0.2652	0.0602	337.9054	0.4933	0.0062
0	0	2	0.2853	0.0560	337.9054	0.4585	0.0058
0	0	3	0.2621	0.0609	337.9054	0.4992	0.0063
0	0	4	0.2798	0.0571	337.9054	0.4676	0.0059


ibin	iptbin	avgmult	avgpt	Vn mean	Vn mean Error
0	0	150.5586	0.9282	0.0587	0.0029

ibin	iptbin	itheta	r0	V	sigma2	chi	Vn Errors
0	0	0	0.2694	0.0593	338.3109	0.4853	0.0061
0	0	1	0.2810	0.0568	338.3109	0.4654	0.0059
0	0	2	0.2576	0.0620	338.3109	0.5075	0.0064
0	0	3	0.2881	0.0554	338.3109	0.4539	0.0057
0	0	4	0.2678	0.0596	338.3109	0.4883	0.0062


ibin	iptbin	avgmult	avgpt	Vn mean	Vn mean Error
0	0	150.5657	0.9282	0.0586	0.0029

ibin	iptbin	itheta	r0	V	sigma2	chi	Vn Errors
0	0	0	0.3067	0.0521	338.3093	0.4263	0.0110
0	0	1	0.2753	0.0580	338.3093	0.4750	0.0122
0	0	2	0.3110	0.0514	338.3093	0.4204	0.0108
0	0	3	0.2841	0.0562	338.3093	0.4603	0.0119
0	0	4	0.2670	0.0598	338.3093	0.4897	0.0126


ibin	iptbin	avgmult	avgpt	Vn mean	Vn mean Error
0	0	150.5861	0.9282	0.0555	0.0055

