2965.19	3063.01	3404.3	5434.19	7187.87	6324.34	3172.16	-491.394	-3898.73	-3092.68	-7703.11	1311.18	2835.75	3640.77	745.993	
-1342.99	-129.781	1091.58	1212.02	78.4263	-810.105	-551.882	-455.728	-1004.62	-1384.54	-3219.62	577.171	1777.71	2261.42	2112.39	
-7797.86	-1262.87	3219.68	3168.29	2298.73	3750.86	8141.38	13821.8	21494.5	27528.6	26520.8	28925.6	25635.2	20186.4	14250.8	
-6099.63	-1967.48	857.206	1213.33	903.094	2491.59	6851.89	13428.8	21062.2	22726	11587.2	16111	14195.9	11809.7	9503.84	
-7139.46	-3286.28	455.619	5213.46	9897.92	12849.2	13882	14059.2	12659.7	7782.74	-2268.47	10608.6	15189.6	16046.3	12181.7	
6916.14	6997.36	5312.17	4166.34	4689.53	6339.87	7969.07	7241.41	4553.27	2430.62	1895.03	4423.88	3236.9	17.3207	-3813.7	
-7524.44	-4040.68	798.434	3977.97	4103.05	3195.41	3232.61	4163.85	6042.62	8467.84	10039.2	10375.4	10128.3	9006.75	8015.58	
-2508.64	-780.803	2798.49	5522.5	5834.84	5875.75	8784.59	13273.8	15725.1	14847.2	2908.62	13860.9	11694	8013.46	4202.83	
-7673.79	-4206.32	-558.478	3997.47	7282.01	7619.2	5433.84	3173.9	2855.69	6312.96	-438.383	9593.17	13342.2	14428.8	12183.4	
-394.563	218.428	1754.51	4622.2	6474.06	6043.31	3927.52	2957.12	4387.37	7626.2	9070.18	7872.59	6875.48	6259.35	3779.66	
-19597.3	-11434.6	-2316.55	4389.14	7907.46	8687.64	7240.25	6830.94	10166.8	13827.6	10380.5	10222.1	12218	16272.1	19659.9	
7774.67	5628.15	5220.81	5625.75	5086.09	5253.42	8064.62	12155.4	15255.2	14026.7	1523.37	3869.77	-3005.78	-6641.38	-8811.84	
-2316.56	-357.816	-1785.7	-5351.7	-4772.78	-1337.83	922.481	3130.47	8469.22	13859.6	11057.2	11714.7	8728.05	5489.27	3759.95	
-2208.37	-2098.88	-2837.46	-1784.04	1712.04	4076.37	4803.93	6562.62	9110.1	12449.7	8091.84	12648.2	10651.4	9253.54	5755.6	
-1534.97	2869.04	5033.37	5402.37	5642.35	7516.71	10941.5	15085.2	18721.2	18580.4	13951.4	20822.6	20610.8	14347.7	7483.99	
340.147	712.593	-1153.72	150.67	7087.04	15311.8	21426	22581	18743.7	12243.9	-8855.5	13229.5	15102.3	14453.6	7244.32	
-10558.1	-4178.89	2518.38	6638.86	8135.99	9163.17	10831.9	11911.9	10487.3	13168.8	-3483.57	16494.1	12835.7	10802.6	11087.1	
-5999.65	-8317.07	-9576.22	-4725.88	1524.56	5252.58	8434.95	12717.1	16128.2	13354.2	-2464.88	7096.6	10274.8	11727.5	8827.62	
-5484.7	-4422.33	465.832	5548.26	11178.6	16881.7	20340.4	21728.5	21518.5	20963.6	10113.9	17916.3	10831.7	5899.83	4620.91	
-3149.5	-2327.39	-2840.98	-3250.73	-1182.4	2858.45	7865.4	12086.4	13649.9	14082.9	13164.3	15789.1	15785.2	13457.9	8012.14	
3257.65	7206.77	6546.5	3522.97	4761.12	9605.89	13379.1	15064.3	14209.8	16300.5	-6984.84	20558.5	14210.8	10948.5	5089.15	
-4429.36	-1996.7	-2370.36	-5018.57	-7319.92	-7025.05	-2988.74	1771.27	5035.96	7348.55	9397.35	8925.77	11046	10641	8164.08	
-3000.42	2006.49	8183.28	12189.6	13635.2	15679.2	18527.7	21767.7	24714.8	25878.1	28278	26777.1	25103.3	16550.5	9101.04	
-3621.55	-3206	-3387.67	-3481.43	-2809.92	-1947.98	-1595.38	-1959.75	-2467.78	-1927.99	-1476.84	919.423	1900.72	2561.42	3329.35	
-13582.3	-12403.4	-10967.9	-6914.96	-883.454	5390.72	10559.6	12955.9	12717.9	13656.3	13653.8	16073.2	15737.9	14810.7	14628	
5867.43	12371.7	12285.4	9505.52	11819.6	19242.1	27520.8	29548.2	24222.1	18114	13393.5	10435.5	10855.1	11509.7	4773.4	
-11487.9	-7106.14	-830.683	5876.15	10080.3	11400.4	12084.9	13496.5	13551.5	8541.08	-7501.94	151.764	2400.27	8426.16	11714.9	
111.018	257.756	-459.855	-183.957	2439.12	5430.03	6055.64	3242.97	1.4735	3426.04	12736	12060.5	11437.9	6815	1887.92	
-14872.6	-6475.17	5066.69	14203.8	17271.5	16628.7	14845.9	12549.2	8087.83	4626.41	-4154.11	9837.96	11883.9	13858.8	15298.5	
-5890.2	5050.9	10692.5	12523.1	12930.9	12033.5	11119.1	10702.1	12355.4	19495.2	31130.5	34875.6	37712.6	29825.6	19163.4	
-2657.26	2914.24	3911.5	4479.32	7939.86	11278.5	12529	13540.7	15838.9	17387.2	14093.5	11850.2	13127.7	14257.5	10348	
-13685.8	-4769.69	5003.22	11102.1	10952.1	8649.46	9219.08	15015.4	25149.7	33291.6	35848	33085.9	33086	27697.3	20808.4	
3723.06	11316	18877.2	22372.2	22148.3	24029	28712	31201.1	30304.7	28382.5	13609.7	20729.7	17945.5	16205.6	6835.61	
-6687.3	-578.668	6083.14	9912.08	8863.63	9337.71	14875.4	20361.6	22859.4	22537.5	29021.9	15172.7	11219.2	10124	9212.98	
-7324.16	-6548.42	-4999.98	2027.73	9885.67	14516.4	18950.1	27055.5	38835.5	43962.8	45454.6	36392.3	31106.1	22064.8	14225.2	
-12378.4	-7274.05	323.132	7218.51	12403.2	15405.3	16418.5	16546.5	13646	10212	-6026.26	12749	10558.1	9217.1	10438.5	
-4840.33	-976.963	356.846	-303.314	-2999.27	-1205.35	9613.41	23175.2	31603.7	30064.4	32348.7	26034.9	26109.1	22750.3	13979.1	
2055.47	6554.83	4282.37	297.421	1028.38	4966.79	9195	13139.9	15790.7	18721.9	15418.2	12465.9	9977.47	8970.95	5770.81	
574.863	-1675.98	-4272.09	-5046.02	-3170.41	-692.526	1332.58	2303.73	2130.69	4268.62	6809.92	13717.3	13950	7318.92	1457.21	
-4732.95	-2531.32	1371.86	5658.15	7262.75	6194.5	4993.19	4710.13	5510.84	8093.59	14129.6	10966.1	9032.7	5333.47	4321.77	
-11126	1032	9523.02	15437.8	19675.5	21456.3	22141.7	23003.1	22655.9	26215.3	8307.25	27665.7	23816.2	22060.9	19494.9	
-3085.4	-1062.03	1288.02	5132.67	8367.67	9433.44	9482.16	10499.5	12148	12962.6	12831.2	9560.65	10124.4	8914.88	6322.58	
2276.73	2304.93	2635.31	2571.16	1739.44	1032.44	1917.67	4242.82	7324.4	8278.3	8165.83	2507.31	3013.92	3221.76	612.361	
-4061.41	-2716.58	4873.14	13154.7	19436	25447.8	30892.9	35489.1	36716	32074.8	18578.5	17263.7	9256.88	2840.37	1168.45	
5231.88	4479.42	3952.52	4915.51	6107.98	6587.69	6550.64	5677.67	3272.31	2239.81	-9739.43	132.759	-360.556	-1816.47	-4210.32	
-8430.21	-2819.55	3931.21	8703.27	9419.49	9154.21	11420.4	16235	20325.1	24758.3	23749.2	23160.8	18648.5	16291.6	13067.4	
4848.18	5204.41	3581.78	1282.46	633.4	1683.54	4694.69	9858.23	15602.2	18259.6	17620.7	13417.5	9092.05	2770.92	-2149.09	
-13082.8	-9912.56	-99.8582	10681.2	14109.1	12077.2	10557.8	14060.3	22978	30220.9	32023.5	18625.8	16018.2	16161	14428.6	
-1559.69	-1257.31	-1724.71	-1574.35	-272.837	1257.82	1999.9	2091.61	1769	827.199	-289.442	-76.7178	604.797	1690.4	2185.79	
-10268.2	-761.682	6479.07	14418.9	21604.3	24122.2	24097.8	27041.5	31342.9	29430.2	21995.4	18888.8	18424	19391.8	17328.2	
1819.09	2375.38	4217.21	6176.21	7547.48	9051.18	11387.2	13323.6	13774.8	13013.7	12588.9	10979.8	8096.37	3032.79	39.2623	
-4002.59	-933.133	-829.96	-1414.56	1768.95	7682.68	11174.6	10454.6	9778.02	14594.6	19160.2	20957.8	18729.9	13112	8004.25	
-7785.73	-3088.57	953.684	4101.82	7548.93	12578.7	16136.6	16986.6	14851	13021.6	549.356	12741.9	10354.4	11569.7	11269.6	
1694.6	3194.84	3187.02	1110.95	-307.601	1205.49	4598.42	8149.23	11632.6	14561.7	10625	14865.3	11298.1	5867.17	1551.85	
-2906.75	3271.29	8230.49	10907.8	12442.1	11067.6	6014.34	1345.32	-763.641	1941.96	-11812.8	7757.9	8399.76	9517.83	7824.56	
497.907	2156.93	3963.53	6585.64	8308.66	8821.14	10082.2	12684.3	16048.7	20083	14145	17336.6	12392.6	5698.44	1815.7	
-9839.09	-3909.61	1722.79	6823.14	10363.3	11717.5	11436.8	11810.4	13647.7	13727.2	13606.3	12424.8	13975.7	13403.9	13074.2	
-9472.56	-3664.59	2014.9	6262.69	8568.9	10028.2	9591.32	8501.34	8807.62	12760.8	20519.2	16610.6	16262.6	15905.7	14482.1	
-11345.9	-4822.93	2065.03	5632.11	4557.4	1804.66	218.818	459.43	919.216	2399.51	2390.09	7281.97	12937.8	14210.8	14229	
442.732	1931.86	5348.35	10927	16103.3	18839.8	18667.5	17368.2	15154.9	11866.6	-2624.29	7267.07	6682.57	6517.37	3426.55	
-6115.29	-5616.51	-596.862	5990.31	9877.97	8742.1	4406.53	2907.22	6339.94	10287.3	15404.4	5810.12	1788.5	1160.3	3428.84	
764.877	1222.9	2433.09	3212.78	2066.78	-294.81	839.248	5868.08	10194.8	9993.28	10395.4	9468.1	8804.26	4517.59	695.399	
2418.93	3932.84	4266.79	5537.44	8423.31	9595.46	9104.16	9486.08	10748.4	11902.7	3586.67	11769.4	10853.7	6646.59	2055.95	
2121.48	2441.88	2543.89	2050.59	4315	8294.16	11371.3	12439.8	13280.6	15132.5	12021.7	9965.51	4498.67	330.029	-1796.17	
1523.76	4324.9	4421.58	4432.33	6389.49	8677.08	9678.81	8693.19	5847.4	4825.01	7305.59	5996.69	7980.56	7283.62	3896.99	
-5434.61	-825.832	3170.76	7430.27	12880.6	18989.5	24214.5	25941.9	25417.9	28751.8	23476.5	26332.8	18666.3	13838.3	9923.86	
-9664.91	-10077.7	-7392.23	125.069	7177.97	10263.2	10201	9554.78	9442.92	11209.1	12773	9574.88	8333.98	9634.47	10249.6	
4683.9	7532.6	9968.34	11117.6	12449	15067.1	17133.7	15769.5	10007.2	5249.95	-3291.48	9164.7	7867.24	3431.3	-1446.96	
-4933.38	-954.315	1810.09	4339.9	8347.12	12441.3	13511.7	13012.4	13653.9	14750.3	5650.67	11958.4	9309.75	8692.89	7595.63	
-9552.57	-4929.75	569.423	5150.36	8599.63	11247.6	12500.3	12994.3	13165.8	13915.8	9445.85	16568	15535.4	13775.1	12045.9	
-2315.02	-4067.01	-3668.32	1231.36	7945.51	10427.9	10279.5	12850.7	17672.9	20673.2	16187.3	14882.4	7942.31	2887.18	1926.12	
-8324.38	-1329.24	3480.11	5060.3	6499.53	9374.48	12114.7	12173.1	8643.41	6112.19	2045.58	14729.2	18888.5	15716.3	12539.4	
-9897.87	-6278.64	-1166.71	2989.25	5698.27	8296.92	10757	12321.3	12043.5	8748.43	8861.5	5952.16	7085.79	8479.22	9652.23	
916.764	3706.81	4833.75	2466.59	-638.81	-1076.53	1928.83	6171.68	10392.9	11686.5	15311	5910.5	3362.97	2063.99	1104.38	
-3464.19	-1576.29	-507.87	1490.73	6209.04	9516.76	9286.82	6526.72	3191.57	3192.3	2381.92	5094.88	2490.63	1132.63	2472.76	
