1246.05	3115.87	-576.994	-626.341	94.6378	-126.287	-279.006	131.502	-14.2351	
1182.93	2720.86	-217.611	-562.609	287.175	-211.669	-280.262	198.757	-54.5652	
1097.06	2269.51	221.944	-415.439	602.542	-242.195	-247.919	211.274	-92.4751	
1063.88	2595.47	889.159	43.6684	981.719	-82.434	-150.838	195.177	-101.622	
880.89	2995.86	1301.56	540.437	1240.2	185.528	-48.1298	163.257	-71.7348	
324.689	2420.86	1131.59	675.022	1295.32	397.019	-3.71307	101.873	-18.3117	
-655.162	1061.63	634.234	467.406	1140.65	440.335	26.4341	20.6007	36.0383	
-1575.25	-424.454	212.258	113.224	816.956	283.654	71.6026	-49.9905	60.6027	
-2275.46	-1770.98	37.0937	-294.454	423.508	-92.0127	108.662	-79.9897	44.8977	
-2233.96	-1397.63	682.207	-281.228	453.354	-394.998	100.744	-14.4731	-6.6929	
-3842.47	-3715.39	-197.553	77.1124	456.537	-1123.89	362.591	221.86	58.0863	
-1671.71	499.543	1589.65	417.834	574.965	-392.99	189.728	144.753	-40.5926	
-1418.41	1157.55	1566.7	873.679	545.498	-245.346	204.287	176.635	-24.8469	
-714.807	974.663	1654.75	992.877	389.19	9.494	239.81	131.602	-36.8094	
-729.757	-1141.39	1204.6	876.066	154.966	104.93	278.37	19.6052	-21.404	

-434.458	-501.043	-548.747	1.34265	122.922	88.2001	-35.7915	-14.9822	-20.4358	
-169.431	-176.398	-187.245	186.016	233.815	-32.4469	12.4414	12.1086	-8.6415	
12.0325	242.666	234.91	305.709	303.171	-129.145	78.1506	44.4561	-0.372922	
-208.423	356.823	421.8	274.454	308.915	-132.416	119.297	72.1775	-0.605515	
-652.334	7.83627	287.256	63.9266	252.713	-96.4622	125.169	97.5349	-7.2137	
-781.501	-354.378	140.317	-119.251	163.322	-94.4779	134.963	115.996	-15.0938	
-491.704	-415.327	226.851	-105.821	92.7462	-106.325	148.701	114.424	-15.427	
-320.712	-516.735	277.995	-56.2633	47.4961	-115.747	136.715	99.2713	-7.74883	
-467.94	-696.751	121.917	-45.3181	28.3343	-132.369	94.1413	84.637	8.73273	
-724.868	-700.647	-3.9023	19.3499	34.6885	-133.512	37.5625	59.2377	27.5499	
-619.674	-1084.41	-396.836	-125.271	-379.729	-415.337	-236.396	-35.4598	73.4909	
-442.262	330.682	336.224	390.129	83.971	-109.113	-58.4657	17.0667	28.9383	
-31.518	757.886	584.227	505.581	98.2445	-114.529	-54.9043	9.3362	23.3892	
238.883	827.387	716.288	466.86	105.865	-143.199	12.5232	16.9521	19.8635	
443.955	701.818	726.734	264.415	29.5274	-155.124	55.4478	23.1357	22.4782	

-1252.56	-2286.18	-3328.87	-76.9261	-750.34	-396.939	168.353	-58.1976	183.796	
-162.431	367.11	-2246.56	247.049	-109.451	-9.8163	494.717	3.73918	152.771	
84.5317	2342.71	-1132.19	537.175	118.514	409.149	701.758	44.1964	113.833	
-761.924	2387.87	-594.932	692.784	18.7577	657.528	748.426	-36.5928	56.3746	
-1570.8	1746.72	-22.1646	1015.98	-25.4155	666.698	644.408	-155.289	-1.41392	
-1674.56	1522.39	1258.86	1451.74	208.035	627.914	541.023	-171.297	-13.244	
-1525.89	2553.78	3235.79	1840	730.611	717.461	598.684	-49.3359	40.2873	
-1525.72	4798.05	5162.65	2116.56	1342.87	930.859	749.05	136.306	111.216	
-975.217	8373.69	6905.5	2599.75	1947.36	1272.38	852.076	344.748	174.253	
-355.362	11343.3	8032.91	3243.81	2260.8	1461.65	908.638	461.082	171.787	
1948.39	9983.08	7015.15	2639.94	2238.95	1382.84	648.661	554.119	109.653	
781.853	11950.9	7844.94	3168.04	2412.96	1383.84	1036.39	316.894	29.7711	
1653.73	10471.8	6698.94	2462.02	2160.92	1096.13	1003.68	147.721	-59.7404	
1798.86	8214.81	5362.47	1664.92	1677.31	822.482	699.862	57.1623	-111.451	
1954.38	5304.44	4231.19	757.38	1271.98	590.787	258.808	46.3488	-164.532	

-1716.45	-2065.38	-907.9	-763.153	-409.557	-75.0059	-129.616	11.3801	-43.9413	
-1273.77	149.21	-29.085	-258.694	-365.007	-112.585	-85.5563	23.2597	-15.2519	
-895.63	1194.65	710.648	39.7087	-144.474	-116.282	-59.0683	110.87	16.7797	
-1072.87	888.584	1056.44	142.783	86.1733	-121.185	-47.6315	224.362	56.6648	
-1654.76	269.11	1371.67	419.861	234.619	-78.5653	-26.7943	287.934	80.0117	
-1817.26	594.497	2073.86	951.253	286.985	82.5697	-5.32146	265.739	59.264	
-1269.5	2357.55	3217.43	1578.86	293.953	359.824	75.4004	210.298	28.0782	
309.057	4857.32	4409.01	2249.15	468.977	680.409	234.736	168.427	51.7532	
2806.95	7317.58	5424.75	3006.51	857.256	926.02	457.444	138.914	126.759	
3456.57	7208.42	5825.25	3327.12	1126.32	1015.25	516.977	87.129	162.933	
2057.55	1465.19	4361.07	2552.54	437.953	393.054	366.377	-155.195	108.695	
1324.94	4534.94	4896.17	2911.63	1109.49	855.029	395.776	-5.63156	88.7046	
1621.73	4400.61	3931.66	2431.48	881.308	560.71	353.183	-61.8041	76.9857	
1866.77	4176.78	2849.47	1683.1	661.533	285.555	268.796	-71.3078	89.0227	
2033.58	3706.05	1821.96	1177.19	463.111	100.369	176.142	-49.199	74.6446	

-2854.6	-1499.7	-1689.22	-280.423	-451.398	277.057	-346.93	-275.744	-18.5102	
-2113.02	312.984	-1573.9	296.783	-115.296	184.791	-46.8974	-241.877	10.1541	
-1093.03	1843.84	-1025.03	506.815	-27.6028	92.0006	269.597	-137.501	26.5315	
235.511	3626.44	307.558	526.055	-11.4797	22.9604	513.957	-35.7516	28.2059	
1133	5160.83	1920.43	844.932	148.7	29.8273	626.396	14.5324	19.2807	
1196.02	5964.45	3005.42	1492.15	475.797	48.5847	621.569	37.7227	7.47172	
309.675	6089.65	3563.42	2305.83	888.367	100	542.854	79.3844	2.82131	
-685.605	5881.96	3930.52	2926.85	1187.22	208.394	497.839	107.657	4.3831	
-1301.45	4859.3	3990.14	2973.04	1206.09	349.65	521.608	53.8501	7.49107	
-1770.62	1821.26	3438.85	2424.32	929.393	346.046	612.823	-28.56	9.22099	
-1816.77	-3476.6	1923.59	418.733	363.46	363.02	424.691	-377.453	-91.1451	
709.746	1585.42	3510.49	2972.34	865.477	219.238	668.874	17.6273	59.3509	
2752.46	3618.72	3806.91	3306.78	985.875	34.807	557.772	71.2856	54.9339	
3429.19	4654.98	3388.49	2883.69	1108.23	-118.131	493.477	145.343	61.0159	
3339.63	3572.47	2358.91	1578.92	871.904	-245.649	449.787	212.071	43.6883	

4112.26	390.082	2090.34	149.066	124.798	-13.3897	161.452	-99.6985	1.22639	
3710.03	454.255	2103.3	430.694	166.7	-104.7	294.272	-74.8641	17.6761	
2394.58	476.535	1219.58	636.306	213.321	-80.4562	467.81	-25.9147	10.4113	
787.27	1195.79	355.658	872.97	328.169	26.6256	585.243	18.9066	-4.28792	
-159.848	2169.1	127.376	1226.61	481.817	185.005	606.457	56.933	-3.92281	
-83.9194	2634.61	466.889	1622.49	590.595	389.99	598.233	104.581	16.4055	
611.366	2378.28	1248.51	1789.51	687.018	495.923	580.202	136.435	41.8302	
1138.15	1023.55	1806.94	1380.19	806.933	364.331	541.117	127.84	52.3587	
1226.54	-840.934	1823.86	612.735	1003.83	97.0278	491.281	90.9051	48.027	
412.999	-1211.17	1677.91	144.284	1006.9	-47.5663	367.535	68.137	11.5834	
709.348	-1275.47	1553.9	205.487	1080.97	-192.22	-132.854	-2.74727	-51.3766	
-340.089	1554.64	1722.57	255.444	770.63	177.764	183.342	100.531	-0.960154	
-862.601	1832.77	1300.26	210.025	477.406	109.057	92.3565	61.2025	16.4145	
-1752.07	990.423	396.911	104.484	218.168	-21.7144	32.7699	36.2971	12.0519	
-2930.88	52.3136	-884.276	6.74716	26.9743	-95.3806	-53.4896	58.8977	5.39423	

-1778.35	-2111.72	-1377.76	-1067.5	-753.526	-389.542	-96.1342	138.586	-88.4882	
-1610.35	-830.229	-690.767	-606.432	-334.502	-69.0738	-116.365	269.052	-52.0091	
-1021.94	1095.63	312.628	161.525	-37.8612	133.387	-106.964	297.976	-35.9409	
-700.013	2487.54	1143.68	801.676	91.9246	132.394	-147.099	194.579	-26.7096	
-1063.93	2513.63	1529.52	995.854	256.609	9.58357	-221.683	84.1637	-0.685546	
-1665.46	1887.3	1656.97	919.517	544.116	-14.026	-230.576	69.8252	27.7415	
-1917.14	1501.41	1637.42	817.599	926.232	169.622	-72.0595	120.052	49.4719	
-1751.55	1483.45	1442.21	825.295	1333.36	450.346	178.759	142.766	59.2258	
-1371.66	2183.53	1314.57	1005.9	1732.65	641.076	352.18	134.507	49.8673	
-990.496	3470.06	1741.89	1380.68	1907.77	517.005	331.974	66.9342	42.0196	
-841.576	5142	2152.09	1373.85	1895.05	15.8802	35.2988	236.398	30.201	
-358.441	4398.66	2641.12	1484.63	1588.24	417.612	158.098	-54.0669	99.5678	
19.0463	3884.77	2756.8	1262.62	1565.42	606.386	2.75657	-94.3092	124.757	
511.93	2895.12	2209.19	1140.09	1445.61	752.557	-10.785	-60.0797	123.118	
1145.4	2238.03	1632.64	1088.8	1178.43	648.845	20.8119	-51.4808	114.109	

-1836.62	491.037	-730.206	-746.363	-28.9401	500.587	-39.7632	-91.4031	-26.967	
-1915.28	1876.65	-748.825	-850.829	285.399	877.884	-206.204	-75.4212	-24.1789	
-1316.47	2990.79	131.969	-686.345	710.696	1194.63	-175.083	-75.9565	24.2562	
-353.12	3324.36	1021.77	-533.903	836.398	1257.76	-33.6061	-86.6942	89.5325	
229.783	3143.76	1166.01	-526.922	652.135	1049.04	72.6341	-72.3935	120.782	
365.5	3432.46	918.779	-351.695	525.186	761.31	139.277	-23.0144	107.952	
489.157	4966.26	1074.98	534.249	770.551	562.592	255.275	63.6897	67.8365	
1056.35	7094.75	1298.88	1798.63	1107.77	363.653	425.6	107.373	20.7377	
1710.85	8618.77	1084.28	2549.33	1136.58	7.90396	592.736	45.5842	-20.9076	
1475.91	8562.99	1104.84	2218.74	1162.59	-315.893	737.11	-71.8362	-27.2894	
1839.76	2166.91	-612.425	221.445	-31.6222	-932.802	563.639	-411.333	105.055	
1204.84	6950.74	2068.27	1785.45	1199.12	-17.0236	707.187	-45.5239	7.84589	
1429.68	5540.8	1542.45	1672.63	809.455	263.333	397.22	38.5777	-0.176753	
1021.81	3913.06	818.824	1344.58	490.931	208.941	119.99	102.201	-6.88816	
1203.85	1580.85	370.013	854.327	234.809	-109.758	-42.6924	103.975	7.46256	

-856.521	-2247.06	-1361.66	-1331.9	-897.813	-174.488	-538.287	-210.131	-55.9306	
-826.118	-715.654	-299.799	-1146.68	-522.602	5.45	-441.497	-186.205	-73.2093	
-480.759	769.336	523.084	-764.886	-252.343	119.733	-196.563	-189.151	-86.9296	
403.02	2248.22	1280.72	83.0034	-95.2263	225.818	107.675	-177.732	-78.0265	
1201.78	2833.39	1846.94	1060.9	-84.3912	331.6	270.293	-126.643	-51.864	
1380.95	2289.59	1848.74	1688.38	-208.544	416.12	265.877	-35.7632	-26.1521	
791.975	1189.46	1260.24	1729.14	-290.463	475.262	198.37	87.5373	-7.6827	
188.945	520.04	521.932	1272.99	-143.695	468.704	167.03	178.06	-0.0984142	
46.9319	855.148	57.8334	748.389	351.839	396.681	195.969	202.027	0.869246	
214.72	2589.43	674.916	776.397	1121.13	408.998	365.347	140.929	21.0945	
-2460.58	547.487	-989.339	278.327	1462.23	235.29	233.853	189.367	64.9803	
457.284	3482.66	1702.64	1396.07	1281.74	522.263	687.581	32.7312	30.2058	
1530	4408.09	2460.78	2079.15	1272.42	641.885	789.305	125.687	34.9046	
1818.51	4557.39	2859.65	2253.71	1316.64	665.1	711.859	214.81	31.1664	
1433.64	3766.47	2496.91	1880.85	1244.19	481.692	591.34	248.8	39.5051	

1243.52	4.13426	-937	-733.376	159.92	-255.19	138.328	7.55906	-22.4567	
845.905	-35.3914	-620.838	-188.733	396.769	-235.496	101.201	-33.6539	-11.3344	
288.475	515.282	-77.2934	290.031	645.392	-110.221	172.949	-4.36788	34.2592	
-58.0034	1783.39	1021.97	585.703	798.874	57.0155	303.894	62.8065	66.5487	
-467.115	2668.46	2008.9	757.508	826.99	131.276	385.584	105.731	56.7341	
-1020.66	2404.77	2300.49	901.786	773.147	106.218	413.585	134.038	29.943	
-1701.59	1306.28	1972.6	982.872	691.836	61.9987	409.37	194.218	9.94202	
-2005.21	586.013	1902.47	1162.23	651.736	35.5013	373.871	262.085	-11.5808	
-1680.67	874.553	2422.08	1569.54	644.73	-7.22426	338.843	265.171	-39.6591	
-931.005	2150.21	3186.78	1764.57	854.894	42.9542	408.669	184.185	-35.0509	
-598.219	3518.36	3239.01	1326.23	781.005	49.8528	589.288	142.339	22.3165	
-381.34	2284.47	3149.43	1279.09	811.819	270.906	308.803	100.336	49.0821	
-19.4616	1798.68	2843.69	1165.7	556.823	299.817	128.992	46.9265	54.3047	
187.646	1563.02	2434.44	1353.35	438.718	271.628	-23.2047	13.3296	20.4143	
-432	916.719	1702.21	1281.78	203.109	243.645	-122.597	-21.4473	8.24303	

-4690.73	-7689.73	-2589.13	-2532.18	-1144.5	-505.797	-531.576	134.53	-48.1738	
-3454.99	-5331.42	-665.479	-1318.23	-666.896	2.71206	-261.683	190.065	71.2913	
-1540.69	-2799.69	1107.5	-66.9571	18.9114	433.407	162.561	206.641	161.778	
32.0171	-823.131	2108.32	835.195	634.904	630.249	561.599	203.495	206.498	
607.818	443.633	2676.72	1280.97	974.546	690.896	798.601	229.186	205.098	
49.711	1198.34	3019.86	1383.86	997.686	755.76	848.435	270.706	163.276	
-1475.6	1699.83	2915.49	1462.57	694.63	820.124	720.316	306.571	96.3192	
-2301.19	2698.03	2593.85	1765.37	310.439	846.808	532.849	341.473	43.3155	
-1386.68	4668.94	2624.39	2506.12	68.2301	852.572	453.433	359.152	20.6451	
-425.447	6036.97	3084.67	3280.52	198.089	834.35	491.729	307.876	18.8294	
328.187	3112.14	960.305	3882.91	400.747	1123.49	194.508	193.604	184.652	
-815.692	3326.98	2156.43	3356.04	923.385	784.414	290.035	104.889	95.6414	
371.456	3659.99	2195.35	3553.88	1178.23	818.021	227.817	50.006	163.298	
1983.51	5436.48	3059.1	3374.89	1186.9	744.887	311.916	-5.36811	179.786	
3694.39	7255.08	3300.93	3024.73	1176.7	700.425	441.822	-80.6143	146.418	

865.344	1994.01	2930.79	300.455	1243.63	362.663	-159.906	141.261	96.4188	
939.173	858.046	2198.42	1.096	1170.05	466.855	-196.331	145.305	45.5345	
1073.71	698.676	1786	-31.8596	1063.4	504.779	-34.546	132.302	28.3526	
917.329	1300.26	1463.74	265.273	946.923	408.955	168.722	102.531	52.0201	
216.222	1841.43	1017.83	541.952	798.308	234.848	294.559	55.1241	85.823	
-231.22	2514.18	933.529	648.467	756.869	142.339	382.019	13.4529	93.7754	
190.718	3749.76	1554.74	828.529	961.871	242.169	451.703	1.17371	83.9592	
1137.12	5148.61	2414.95	1183.64	1297.88	441.327	428.939	27.8826	75.076	
2171.64	6180.52	2746.75	1643.06	1463.38	613.925	292.738	85.1424	58.0296	
2238.02	5897.42	2000.99	1782.69	1109.49	754.845	162.195	96.0459	-14.9781	
1526.03	628.614	-1864.75	470.766	307.239	380.595	20.4652	145.199	-90.7881	
819.992	1739.67	-269.497	1043.89	-34.1696	534.64	170.947	-44.738	-90.9666	
311.474	-1443.54	-1766.17	217.789	-489.8	255.076	89.7044	-64.6807	-115.625	
-76.6359	-2793.56	-2654.79	-220.471	-752.506	20.0775	14.5645	-55.5193	-122.538	
-519.859	-3046.8	-3287.63	-513.16	-1061.33	-186.058	12.0216	-85.0808	-123.938	

1282.52	-2151.34	-968.823	61.0297	-34.8676	-135.583	24.9569	-281.217	-113.234	
73.7267	-95.8347	-655.846	390.837	404.938	-330.406	100.873	-149.306	-96.7974	
-1304.74	380.084	-1182.84	-6.92033	642.19	-362.992	133.988	13.1957	-97.6649	
-3201.55	-150.852	-1928.02	-778.728	867.267	-290.349	124.903	96.6186	-90.9861	
-4440.85	622.363	-1557.25	-872.984	1371.3	-108.276	150.526	117.395	-54.9946	
-4587.74	1827.81	-408.738	-303.107	1811.19	53.1132	176.692	112.264	-19.3065	
-4033.04	1851.77	608.918	436.632	1821.71	27.1221	161.556	55.6266	-7.819	
-2738.96	1815.27	1263.84	1187.3	1526.27	-39.1132	112.715	11.4578	-8.30336	
-604.675	3862.97	1814.47	2072.22	1124.17	135.005	-10.8087	90.2096	-14.3361	
605.044	6378.72	2445.31	2959.25	876.166	491.334	-103.048	206.846	0.00085654	
1926.12	5070.65	1042.18	3271.2	-628.987	629.042	-750.208	679.6	-182.42	
-754.767	5375.3	2223.29	3300.91	609.723	566.434	26.5667	352.142	15.1298	
-1883.88	4571.71	1802.36	2763.19	547.294	345.366	180.357	374.51	27.1497	
-2966.36	3862.29	1488.77	1835.51	605.791	114.731	165.93	296.185	86.4224	
-2626.38	3366.51	1296.78	823.602	443.185	-10.9555	67.87	278.829	120.515	

-138.114	-1854.52	68.7183	-629.312	544.657	-129.398	-17.7426	-19.392	-33.2712	
-788.093	-2068.91	631.084	-718.523	1066.23	-238.775	-17.0235	65.3475	-30.2213	
-1958.29	-2136.44	843.368	-953.471	1424.1	-199.114	-1.38693	153.953	-10.1692	
-2810.2	-1561.03	1308.79	-705.589	1552.61	31.0004	77.3349	268.314	54.7347	
-2928.45	-92.7002	2029.94	120.776	1518.51	333.526	229.808	357.614	143.018	
-2930.97	1365.79	2228.11	669.546	1298.64	489.134	372.395	381.159	202.566	
-3110.26	2759.1	1994.05	686.615	1044.87	426.407	431.739	350.703	220.717	
-2735.11	4717.36	1938.62	482.119	1010.48	278.765	384.106	285.986	200.293	
-1264.79	6433.43	2034.53	211.398	1083.87	93.3224	229.687	167.082	121.578	
244.03	7113.99	3062.56	747.306	1096.85	-56.7729	222.011	38.1038	-18.3815	
2657.83	2244.37	1899.15	1416.99	497.828	-487.879	9.0266	39.426	-184.906	
746.951	4788.66	4003.16	2197.14	587.394	73.1105	327.228	70.337	-145.725	
602.657	3520.12	3244.16	2637.71	359.9	40.4771	208.425	156.583	-118.624	
383.203	3199.97	2519.86	2524.95	382.29	8.96979	104.55	185.114	-55.3593	
283.037	2347.76	1256.23	1610.43	94.2499	-9.68111	37.233	131.566	4.77846	

-1635.55	924.521	-155.832	-1185.12	695.85	-32.3886	-205.819	69.5569	-10.182	
-1177.3	3445.74	120.449	-417.77	637.021	122.284	20.6322	130.946	-12.9623	
-1004.22	4229.33	435.723	414.788	306.756	324.229	165.903	176.598	-15.7328	
-1103.59	3879.46	928.832	858.817	-42.3431	425.954	252.868	200.964	1.41524	
-1227.74	3593.96	1562.07	894.719	-208.561	405.504	377.623	215.783	28.9885	
-848.28	3711.56	2503.51	1031.55	-146.522	423.487	558.613	238.365	44.4273	
-179.147	4020.78	3736.55	1558.67	245.199	586.164	663.341	265.838	44.0679	
761.803	4549.95	4864.53	2344.24	875.756	793.402	573.767	264.801	56.9553	
2065.37	5099.21	5469.75	2983.78	1517.43	921.417	308.495	256.243	99.5308	
2342.21	4672.52	5291.61	3078.53	1861.93	843.773	72.9123	311.703	105.237	
4684.96	107.757	4729.69	2773.79	1061.94	403.444	-444.791	471.091	163.496	
3430.14	6140.44	5678.94	2738.91	1592.78	729.242	20.3694	453.683	38.1287	
4008.26	6893.26	5227.17	2224.35	1177.4	545.021	88.8793	435.532	10.9698	
3052.35	5273.32	3063.74	1581.73	565.517	308.901	259.286	261.592	-18.7074	
2201.96	2509.59	1082.99	1357.49	-190.321	128.054	336.889	67.1376	-9.80692	

-770.666	2145.94	-1338.84	808.409	-312.254	-144.31	-31.1893	30.1863	-47.1388	
-2604.36	2468.72	-826.848	2130.12	-349.454	203.494	-135.801	-123.773	-49.5151	
-4055.99	1331.35	-756.063	2775.95	-408.077	430.162	-163.942	-253.002	-54.0972	
-3845.61	967.989	146.759	2839.83	-96.3989	525.387	-38.6359	-298.764	-49.8867	
-1896.48	2688.09	2296.1	2781.73	626.852	595.183	270.357	-243.768	-31.0277	
590.881	4982.68	4467.05	2843.71	1344.42	670.544	599.809	-171.185	-16.067	
1768.4	7013.95	6139.33	3200.54	1860.46	834.829	771.003	-147.318	-15.2461	
991.899	8036.28	6583.33	3363.21	2102.01	939.904	742.413	-160.091	-17.9045	
-1007.82	7951.21	5332.36	2898.94	2236.76	777.447	691.449	-140.62	4.00227	
-3349.42	6429.07	3533.5	2146.87	2130.57	525.563	774.679	-19.007	72.0499	
-4627.93	-918.841	-3772.43	-1987.58	2134.93	-547.489	691.073	119.278	53.497	
-2236.76	6747.12	3164.23	1596.79	2222.92	526.162	1011.99	89.4462	107.577	
-600.637	7177.84	3391.19	1565.1	2108.79	603.966	710.054	32.1544	113.835	
-121.57	6396.66	3878.95	1697.46	1545.65	684.94	358.425	-79.5344	92.6356	
104.697	2162.47	2880.25	841.893	743.734	507.676	67.9999	-128.843	64.4443	

-2888.46	-3121.99	-2376.13	-1261.86	258.442	-153.54	-755.645	-260.634	1.73311	
-1223.84	-1472.13	-664.493	-616.588	624.264	13.4577	-575.556	-241.377	-22.6296	
-4.9483	761.452	917.417	322.5	1039.06	35.5854	-303.718	-209.285	-39.6773	
365.633	2604.16	1569.47	1128.54	1170.45	14.413	-94.7747	-104.532	-14.5021	
279.655	3956.7	1403.11	1343.03	1013.83	103.159	2.48334	23.3401	10.6788	
544.945	5174.45	1155.38	1070.93	889.474	240.526	35.1901	50.0543	2.22623	
1104.86	6331.05	1411.21	808.999	827.328	313.503	69.4388	-7.14538	-27.335	
1392.67	7125.99	1887.96	656.65	594.061	284.366	65.3162	-48.5981	-46.4889	
955.761	7022.32	1895.41	462.448	61.517	147.488	-1.87021	-22.5375	-33.2781	
1058.56	7897.93	2766.63	1121.2	-155.797	253.498	112.066	85.5372	29.1339	
-1086.45	1366.02	-1725.09	-703.625	-1076.9	-209.796	-254.896	114.736	92.4289	
2000.74	7154.17	3750.79	2466.86	-34.628	467.841	399.24	176.221	112.867	
2369.8	4751.54	2725.79	2146.25	-153.077	370.02	268.209	225.766	131.413	
2405.98	3288.16	2388.89	1735.5	-19.0221	322.012	382.097	229.804	69.1783	
2923.23	3115.18	2561.3	1430.81	-43.4106	269.741	576.568	240.199	13.4645	

-1228.39	-3364.59	-742.221	-437.486	-176.24	68.3518	-234.678	-31.3502	146.956	
-2111.19	-4103.39	-936.962	-440.019	-226.737	-376.841	-211.882	-42.4582	132.399	
-2872.77	-4154.94	-824.194	-787.765	-394.034	-524.377	-96.4224	-14.5222	92.808	
-2673.31	-1928.18	342.082	-264.987	-370.013	-174.299	208.625	68.9732	65.2221	
-2403.77	604.216	1678.05	889.28	-151.78	230.14	503.265	140.626	34.5365	
-2507.53	2127.7	2516.7	1928.04	168.931	305.458	604.065	138.765	-29.5406	
-2355.81	3761.94	3053.14	2665.84	586.237	150.955	614.108	45.3304	-86.7907	
-1686.73	6027.85	3751.57	3015.16	1062.82	68.8067	675.1	-68.7106	-128.793	
-1227.92	7638.04	4618.38	2944.42	1438.77	195.531	813.764	-132.211	-160.558	
-1974.98	6338.27	4255.06	2285.51	1512.79	343.334	860.756	-130.499	-136.039	
-3094.2	-513.337	1474.99	218.238	-276.12	-500.142	611.904	-217.453	-168.766	
-1449.81	3610.96	2024.79	1557.28	670.417	181.767	776.342	-195.897	-79.2487	
234.59	4574.32	2215.04	2166.48	417.551	64.7661	829.109	-160.214	-66.8193	
1384.86	4767.79	2215.34	2398.26	457.556	-29.4417	685.596	-68.4009	-84.0166	
1444.06	3824.41	1457.41	1603.11	347.879	-173.635	439.871	0.352427	-115.833	

20.9707	-1658.13	-1798.11	-449.818	-1091.31	11.9758	-341.424	-216.51	37.6517	
-1231.3	-1206.17	-972.071	395.844	-1071.69	-59.8481	-153.202	-194.13	70.2402	
-1853.17	1006.83	462.741	1581.19	-855.968	149.634	29.8672	-124.863	69.5695	
-2731.13	3053.25	2117.06	2692.53	-348.75	469.768	276.649	-13.3778	32.2618	
-3319.68	4846.94	4179.4	3529.83	450.084	693.884	614.502	145.723	37.9324	
-2873.43	6586.43	5930.69	3857.8	1162.83	812.819	1003.12	304.406	97.0621	
-1901.8	7725.46	6595.23	3567.61	1521.23	904.814	1386.38	391.491	149.922	
-883.654	8203.68	6554.89	3044.14	1646.81	926.738	1715.96	341.272	178.651	
-110.449	7571.03	6410.93	2693.15	1818.54	799.797	1937.12	166.555	231.814	
-545.407	6440.25	6885.95	3057.03	2146.39	731.537	1826.02	138.479	283.37	
-1806.17	-266.901	6140.18	2287.55	1892.61	-61.8984	1329.36	43.6781	555.485	
-921.075	5261.94	5859.11	3366.09	2141.9	580.91	1184.43	314.076	128.904	
-1456.84	2208.04	3793.7	3118	1582.93	397.064	881.149	294.57	13.0378	
-1522.61	488.094	2426.27	2268.86	1178.16	190.575	670.578	252.433	-52.5234	
-1139.53	650.417	1998.61	1364.84	1054.37	-16.996	527.603	219.657	-38.0571	

1479.4	-959.097	-2313.95	-1525.2	343.223	-374.011	-41.2435	142.2	99.1753	
643.36	-50.7513	-1813.44	-1455.14	513.902	-292.552	59.6699	-22.2221	89.7802	
-778.864	-195.079	-837.504	-1280.48	534.066	-202.173	-7.67097	-147.334	74.0631	
-1798.06	-762.768	62.9683	-1006.61	506.421	-4.86458	-138.146	-169.65	59.9755	
-2030.7	-324.917	756.197	-330.317	620.743	288.039	-160.882	-53.0208	52.4494	
-1851.45	1163.49	1574.53	540.003	811.471	466.561	-18.2913	130.892	41.25	
-1804.82	3548.06	2959.07	1323.28	865.006	462.242	217.34	256.101	39.1336	
-1722.63	5886.94	4486.66	1748.07	654.139	376.348	351.532	279.067	26.2797	
-1259.21	6760.34	5225.06	1789.02	271.066	301.703	324.657	238.985	-1.72314	
-782.05	5954.78	5020.23	2135.66	606.884	509.278	429.846	188.373	19.9157	
2568.53	5420.11	2344.19	1472.48	430.876	455.543	360.513	84.9605	27.0803	
431.818	4855.48	4593.51	2436.26	1477.69	999.645	955.48	-2.00121	41.2269	
1072.75	5222.6	4434.74	1968.87	1246.76	1014.24	1023.78	-217.601	19.0628	
93.4326	5398.21	4426.23	1555.21	669.548	848.653	783.763	-283.134	-33.9936	
-893.053	3582.78	3277.94	1388	55.9347	563.658	379.033	-259.085	-83.0728	

564.823	1194.17	-1089.08	1308.98	609.128	147.126	560.94	-27.5842	-10.8551	
622.608	1930.62	806.979	2187.35	898.785	327.121	483.418	-44.2797	-5.83796	
-178.582	786.391	2015.14	2465.99	811.234	538.993	254.102	-111.878	-34.886	
-1545.25	-532.011	2234.63	2305.93	461.33	660.812	111.488	-91.0011	-82.9568	
-1987.81	483.203	2871.04	2409.13	165.01	682.369	238.023	11.3203	-111.17	
-930.221	2368.6	4276	2790.12	14.9061	616.067	504.184	98.3708	-132.14	
395.497	3155.38	5564.1	2969.27	91.1085	536.337	667.086	135.953	-135.616	
1598.04	3111.86	6050.94	2782.49	408.451	497.681	587.52	120.77	-93.4736	
2777.85	2356.45	5322.35	2212.92	715.576	421.905	331.336	56.902	14.535	
3409.1	3752.69	4993.99	2352.26	938.726	366.607	282.747	21.4008	182.966	
2386.45	-6413.56	-2697.42	-180.875	255.037	-652.147	256.21	-268.721	330.189	
2819.11	6531.55	5423.21	3862.77	685.215	534.684	419.668	46.2124	236.041	
2098.92	4135.09	3838.29	3246.47	47.8592	429.57	208.828	74.922	130.856	
1682.02	3589.88	3291.77	2019.24	-88.0597	377.766	-29.7421	67.2827	38.3449	
879.473	1721.33	2520.73	310.548	-239.756	133.501	-298.835	53.1007	9.05756	

34.3216	-1260.31	-1851.93	-1251.24	-14.5363	-445.138	298.759	45.5093	15.1966	
157.873	-136.831	-931.569	-942.192	-77.2753	-362.968	228.741	32.6343	34.8894	
-475.809	-463.332	-457.207	-701.504	-183.177	-390.394	207.442	37.1677	56.4543	
-1289.87	-1704.35	-842.932	-696.282	-290.361	-516.74	228.665	29.9222	63.3773	
-1707.79	-2386.31	-1680.45	-795.027	-391.629	-594.965	180.927	19.5033	35.8226	
-1518.59	-1788.82	-2143.94	-666.538	-471.438	-519.704	89.0575	17.8232	-22.8979	
-799.574	28.5987	-1501.16	-143.525	-333.329	-261.014	65.1621	30.9062	-74.8047	
-87.9908	1659.36	-388.888	399.331	1.20828	38.433	162.159	54.558	-66.9002	
228.506	2405.76	502.054	728.52	483.321	263.915	333.414	86.319	4.14985	
456.254	2691.81	1242.43	974.537	928.385	355.419	486.204	109.508	104.005	
1297.5	3726.87	938.018	1128.6	1201.7	24.4672	734.926	116.867	228.402	
1358.56	2529.97	2078.94	1119.6	874.33	433.25	371.09	33.6621	126.368	
2240.03	3293.6	2601.11	1421.13	666	537.562	235.76	-31.3343	82.1205	
1972.94	3455.53	2835.81	1385.04	439.965	607.81	22.1147	-95.4492	17.228	
1014.31	2786.53	2570.91	1355.61	163.623	573.807	-195.824	-93.1772	-11.7204	

-999.89	-435.556	424.774	-1477.45	-557.49	-322.738	237.887	214.75	-84.6997	
213.004	-445.441	1735.53	91.2141	-199.331	252.041	329.379	187.666	-157.578	
1973.86	753.036	3018.23	1437.33	-84.9975	739.653	513.839	30.241	-197.921	
3205.89	1537.25	3856.75	2098.37	74.6386	964.996	753.472	-137.705	-164.089	
2920.43	2205.15	3946.8	2412.54	399.947	1044.52	903.581	-142.746	-54.9979	
1875	4157.6	3798.85	2922.92	763.291	1159.16	949.101	-35.8587	89.1778	
646.815	7137.16	3753.64	3486.6	1087.06	1258.83	916.243	25.8721	215.479	
160.217	9976.99	4079.7	3739.34	1335.04	1278.65	870.668	26.1163	300.945	
791.679	11740.6	4502.51	3800.33	1513.69	1111.45	843.984	79.4849	331.026	
1051.75	11342.5	5564.18	3854.66	1700.86	846.663	1002.37	233.246	281.9	
6022.61	9616.97	6207.11	3158.12	1301.58	25.3467	1549	432.92	-35.7056	
2007.84	9645.67	7228.57	3724.93	1803.24	895.59	1065.21	294.281	111.769	
3227.97	7698.43	6364.43	4019.53	1837.37	914.399	753.077	269.343	18.727	
2682.24	3525.86	3603.49	3712.24	1688.86	920.33	285.454	132.238	-0.185008	
2107.9	992.963	1204.24	2895.82	1252.99	753.595	-84.7793	-56.5253	34.837	

-328.427	-1223.86	-1070.33	-400.521	-325.059	-82.2467	-169.264	7.45933	-29.2879	
-429.783	-1298.75	-647.466	-295.785	-304.518	-13.914	-184.742	-15.6177	-15.4233	
-777.368	-1562.81	-380.897	-203.634	-264.382	6.52266	-173.54	-31.615	0.0549868	
-1034.39	-1687.38	-302.33	-107.365	-216.748	-5.71948	-111.599	-22.4531	6.55122	
-1043.36	-1312.11	-254.107	49.6223	-182.614	-41.5993	-36.3723	6.94337	3.66489	
-1020.63	-672.161	-237.935	189.567	-156.802	-89.1843	9.2222	31.9418	-1.99671	
-1091.64	-108.314	-322.505	163.759	-165.125	-118.84	16.4568	37.4531	-6.62586	
-1171.83	202.469	-543.616	-82.298	-229.904	-131.133	-9.02212	25.3638	-19.7786	
-1115.19	412.032	-784.419	-426.576	-331.043	-129.772	-50.3122	4.40477	-46.9022	
-713.989	591.956	-694.605	-491.742	-373.729	-89.4826	-74.5025	-8.87895	-73.0141	
-788.154	694.207	-183.06	-478.522	-409.695	-67.5688	-65.1312	-90.4217	-88.4965	
91.4962	767.676	148.947	9.49464	-168.056	134.745	-1.3105	-13.2698	-50.2996	
311.317	670.691	518.572	250.416	-64.6833	251.626	19.5191	-37.5383	-19.1995	
329.508	667.831	813.491	388.148	87.5957	248.242	46.2351	-24.7725	5.14285	
311.311	969.545	1075.51	436.27	241.896	177.485	108.834	-17.4119	25.9115	

-3415.93	-4266.02	-2984.59	-1333.59	-568.223	-743.947	-128.65	-208.619	67.2869	
-3703.89	-4490.13	-2968.51	-1054.85	133.155	-294.865	3.76675	-161.218	133.115	
-4267.25	-4739.89	-2288.46	-532.197	660.176	-61.0207	258.57	-124.758	126.904	
-4354.44	-3292.33	-789.527	139.37	807.447	127.463	468.319	-84.4202	63.16	
-3571.25	-509.547	1158.78	625.78	650.356	290.995	488.472	-1.96369	-15.0751	
-2156.68	2258.02	3058.79	786.455	506.568	397.105	505.777	90.0466	-55.3635	
-938.42	4626.12	4452.46	582.6	527.307	542.489	656.242	154.775	-43.9976	
88.6146	5705.07	4726.58	102.956	520.694	776.17	836.287	222.896	-23.3225	
1342.42	5017.44	3753.2	4.64787	344.734	1025.26	915.755	334.133	-19.6627	
2239.62	4084	3385.45	1030.12	456.422	1190.63	891.705	386.443	-8.13803	
4799.76	2693.86	1988.32	2402.37	347.891	616.372	555.697	377.706	-128.187	
2671.1	4269.67	4177.3	1923.35	1086.83	1204.47	446.078	176.247	118.148	
3387.12	4334.12	3531.72	1578.53	1162.22	1291.69	259.572	42.9705	149.999	
3749.23	4111.1	2813.47	1290.86	1140.45	1325.84	211.505	46.5175	121.694	
3835.02	4302.64	2623.27	1283.09	1018.58	1180.15	199.949	142.326	42.9472	

2418.34	2373.82	2295.01	548.09	-1296.34	-510.068	787.635	-528.906	-220.151	
2273.22	5618.95	3967.51	681.322	-659.73	-82.1416	1021.27	-409.127	-39.5405	
890.336	5482.67	4275.03	428.392	148.201	309.638	873.838	-269.935	147.238	
-834.565	3484.9	4031.12	580.949	1036.9	548.476	617.709	-209.056	249.083	
-1650.35	3425.28	4647.44	1698.43	2118.04	765.957	734.801	-178.848	258.838	
-1310.31	5773.42	6268.3	2967.75	3250.62	1021.41	1166.27	-114.826	219.43	
-1025.21	9734.33	8069.53	3735.1	4013.19	1259.71	1491.95	62.3065	179.883	
-1702.99	12457.1	8330.99	3536.32	3784.29	1331.88	1445	232.566	133.085	
-3059.26	12282.6	6838.01	2675.95	2710.74	1188.18	1197.54	313.268	75.0523	
-3881.54	9767.68	5424.68	2415.54	1996.64	1072.14	957.515	301.943	59.4197	
-1372.67	5828.54	2808.47	1985.07	1848.81	681.028	1224.87	396.06	-6.69672	
-2047.61	3229.36	3282.72	1745.4	2263.58	1038.82	564.719	231.568	126.98	
-349.22	2274.2	3275.54	1332.86	2306.61	1069.73	465.944	306.352	173.058	
226.498	3373.55	2637.93	1184.05	2241.66	981.861	264.183	377.902	222.028	
-812.241	1725.77	407.47	329.068	1792.58	788.126	-202.502	484.124	261	

-3701.61	-3517.24	185.558	-2235.95	-764.353	-151.482	-799.818	-323.071	-179.976	
-3106.18	-1743.82	1120.16	-1889.45	-89.7021	30.1054	-935.498	-248.142	-243.612	
-2193.51	430.118	2250.68	-1076.16	714.846	264.572	-845.648	-80.7142	-294.869	
-1560.06	2896.95	3074.98	367.761	1345.25	443.642	-523.535	101.199	-270.03	
-1484.54	4353.5	3387	1731.26	1570.04	555.114	-78.0379	195.926	-149.927	
-1379.8	4077.13	3486.13	2581.7	1448	655.169	313.37	209.879	8.80324	
-813.385	3407.21	3710.09	3023.37	1140.85	747.866	541.184	187.187	140.498	
31.335	3658.1	4283.75	3044.47	813.786	797.903	524.099	154.974	188.111	
-26.1821	4231.61	4750.07	2538.96	569.492	867.489	350.443	116.27	153.336	
-2198.18	3455.04	3852.8	1828.1	272.802	971.738	258.789	13.4179	86.5637	
-5169.96	-3099.46	888.432	-390.479	-140.991	877.894	43.6363	-358.328	-152.691	
-3992.18	1375.27	850.702	570.428	415.932	770.575	223.24	-99.5528	37.3509	
-2058.54	2142.77	-94.8053	762.855	896.847	534.304	217.46	-15.3792	14.7523	
511.875	3951.57	334.548	1376.41	1338.25	386.995	341.917	149.059	35.5349	
2786.69	4340.56	323.939	1887.83	1243.27	262.252	501.852	271.628	96.8512	

928.993	1133.94	-295.82	99.2282	-688.262	-301.057	-393.53	-163.975	-208.502	
853.153	641.797	-203.922	247.008	-482.799	-215.368	-406.847	-39.8242	-135.442	
205.27	224.765	-497.597	325.727	-332.989	-43.8735	-349.229	69.9519	-61.8819	
-652.51	666.629	-403.347	424.125	-166.034	151.05	-296.529	106.78	-14.121	
-855.387	2135.25	335.102	674.508	98.6515	213.817	-274.529	97.3883	14.32	
-446.079	3451.96	1078.51	1066.04	319.65	132.318	-270.07	69.8478	27.8493	
-481.857	3626.45	1222.09	1530.53	328.265	14.5627	-233.706	26.3395	22.9709	
-1361.59	2519.64	517.547	1771.02	56.0487	-99.7212	-169.057	3.10387	5.98873	
-2259.71	1303.63	-358.917	1753.15	-206.758	-175.105	-37.7844	-5.95	-11.0887	
-1381.1	2211.17	360.847	1873.19	198.923	-47.1116	231.015	9.99367	-30.8812	
4045.38	5440.79	849.473	1792.25	693.574	172.139	234.286	-304.906	-186.997	
2008.21	3988.31	2267.85	1614.47	1043.1	523.491	516.867	113.953	-15.7955	
2568.29	3068.96	2468.06	1107.72	909.195	560.968	516.925	200.38	37.4057	
899.442	1283.08	2092.36	613.228	738.081	380.99	415.772	273.67	118.373	
-421.229	-575.285	1056.94	110.425	683.417	266.883	327.344	253.79	185.638	

-2402.3	-2714.82	-3443.16	-4003.88	-1405.86	-1175.98	292.777	51.3406	-70.7291	
-1864.09	-294.588	-1327.06	-2302.29	-538.094	-851.118	647.628	42.4439	12.0004	
-689.741	2364.13	1611.31	175.565	422.528	-74.4736	1004.88	192.039	60.462	
102.635	4101.15	3712.24	2525.81	1245.37	806.114	1251.56	394.18	64.694	
-230.137	4622.04	4114.77	3953.83	1815.5	1198.99	1268.28	480.177	48.0423	
-913.539	4602.97	3562.9	4600.96	2101.67	1064.04	1173.34	395.446	40.9308	
-1570.55	4359.11	3101.07	4655.99	2078.17	836.162	1112.42	230.635	42.9025	
-1409.95	3357.02	2664.72	4126.18	1716.39	814.205	1099.48	141.442	39.6576	
-630.993	793.95	1769.75	3009.95	1043.27	839.673	1064.67	149.92	47.6428	
-394.964	-1462.12	1639.93	2135.06	843.435	685.68	916.291	173.663	89.4221	
1667.24	-8533.89	924.657	-129.36	1152.81	-42.2701	715.303	-19.9481	111.35	
-3.03021	832.102	3450.04	2675.93	1775.78	559.49	421.739	29.4192	96.5043	
554.248	2040.99	3636.51	2978.58	1977.08	561.594	168.4	-104.463	70.9413	
827.333	3099.48	3653.88	3568.88	1936.47	725.449	76.3707	-111.923	82.8785	
1726.65	3254.25	3622.87	4009.16	1804.69	939.842	-52.3425	-99.4732	92.8024	

259.984	-2308.84	-3050.28	223.814	168.882	-653.666	-841.115	65.9878	245.032	
956.081	1662.54	700.138	807.755	1184.84	-140.038	-534.938	171.555	242.966	
513.346	4105.21	3346.51	698.168	1522.14	292.196	-244.446	282.101	177.241	
-814.213	5379.77	4514.55	860.02	1486.5	569.894	104.233	347.39	74.9083	
-2713.26	5939.19	4866.55	1757.74	1436.82	836.351	461.434	326.898	19.1772	
-4673.07	5612.57	4788.76	2668.68	1486.52	1080.87	766.847	269.509	32.801	
-6236.53	5129.81	4860.54	3190.76	1714.17	1198.71	964.899	238.707	57.9803	
-6568.34	4855.98	4765.6	3312.07	1898.85	1118.44	995.68	275.909	47.9334	
-5272.68	5452.59	4315.62	3556.92	1918.31	1019.91	897.875	459.355	7.47822	
-2950.33	8344.25	4612.03	4575.44	2133.15	1115.82	941.141	748.955	-25.198	
8.51947	17893.7	3468.96	5283.22	2532.97	496.267	72.7311	1385.52	-11.4756	
1220.51	13471.5	7169.42	5740.27	3586.1	1488.11	1542.32	704.846	-47.4024	
2739.31	14308.3	8065.95	5041.94	3851.12	1520	1735.86	467.478	-17.3871	
2478.05	10575.4	7607.08	3087.69	2962.24	1383.17	1562.99	180.761	-11.7847	
1469.82	6783.04	6035.09	1237.77	1452.5	1093.54	1209.89	-1.08075	-117.16	

338.155	-700.988	-629.438	404.269	-1677.71	51.2625	-639.287	256.715	-60.2396	
492.402	1923.61	888.161	407.26	-978.356	382.14	-548.775	369.159	-21.3588	
290.707	2283.16	1216.05	304.516	-437.341	471.523	-591.465	319.878	54.4745	
422.253	2263.7	1034.5	487.555	56.0493	544.515	-637.556	166.147	142.159	
1099.11	3446.24	1246.49	1157.77	574.419	690.722	-458.113	9.27607	173.947	
1581.71	4811.63	1592.34	1832.8	956.121	704.544	-236.553	-95.8626	131.796	
930.31	5386.92	2069.84	2391.66	1312.13	634.488	-140.316	-119.888	63.8109	
43.358	5545.35	2923.04	2940.78	1650.61	636.386	-141.602	-78.582	21.336	
86.8653	5827.82	4136.66	3300.74	1875.71	756.037	-128.246	-13.889	-2.76949	
241.466	5945.49	5149.93	3364.65	1786.92	884.937	-80.6433	107.139	-12.6454	
1418.03	1514.61	6153.7	2091.37	1398.3	1429.26	174.08	102.295	-188.163	
-1332.03	4100.69	4516.59	2047.84	1114.04	1097.55	109.237	219.754	-23.4869	
-866.511	4994.36	4769.87	1219.77	1433.51	1027.28	344.381	230.629	-25.5951	
-389.226	6245.98	4313.67	579.841	1945.66	765.256	592.271	175.716	28.2915	
-88.7424	4628.39	2713.2	-138.594	2091.4	405.167	689.357	-11.8144	59.6048	

-659.986	-5927.82	-3768.71	-2640.8	-346.401	-216.399	-477.73	385.141	-33.1096	
862.779	-2592.08	-2026.67	-1784.41	267.906	173.546	19.505	309.788	-0.0505874	
1909.67	1612.66	242.397	-791.302	744.792	512.301	558.523	214.046	0.134934	
1908.22	4532.06	2000.93	231.684	789.903	696.81	815.227	146.111	-18.7944	
828.47	4547.75	2428.72	990.121	600.191	786.106	715.772	95.7406	-40.7975	
-68.4694	3325.56	1987.95	1336.63	627.614	881.803	570.143	37.9207	-49.6834	
-202.738	3463.17	1688.29	1534.3	1124.41	1024.48	617.499	-11.9379	-18.3874	
753.444	6047.99	2570	1829.44	1962.27	1100.23	807.909	-85.7725	29.8931	
2994.65	10171.6	5102.4	2275.21	2779.06	1007.71	950.289	-190.46	59.2471	
4349.25	12631.4	8286.98	3043.68	3217.96	818.773	1003.76	-150.772	90.5384	
8250.64	12089	9666.17	2412.2	2348.7	664.067	639.568	-241.621	19.2375	
3806.21	11379.7	9319.81	4046.22	2662.13	643.527	1017.11	40.6325	170.502	
4481.96	11750.2	8587.32	4250.58	2025.64	681.48	1117.12	15.5375	176.128	
3810.36	10243.7	6574.72	3986.75	1340.49	694.545	1010.33	-109.154	145.548	
2681.87	8026.26	4800.62	3374.58	820.683	542.038	768.263	-297.627	91.6836	

2039.23	2803.57	871.151	-1067.5	-1819.9	368.542	324.679	4.45557	198.834	
2906.59	4935.92	2150.62	787.72	-842.071	557.981	659.259	53.102	106.848	
3129.59	7148.91	4288.03	2233.32	405.734	582.405	931.538	158.17	-0.464118	
2018.05	8052.36	5894.14	2889.67	1390.54	687.277	1202.61	289.35	-51.7778	
590.465	7322.82	6485.19	3214.51	1867.78	1025	1303.18	353.876	-14.563	
751.456	6957.31	6843.85	4141.58	2299.84	1310.55	1279.02	369.113	76.2577	
1734.39	7562.23	7493.86	5870.11	2894.98	1311.2	1300.46	411.963	132.829	
2268.7	7467.47	7959.77	7060.07	3303.39	1247.61	1309.63	470.817	113.612	
2264.67	6307.01	8224.95	6990.78	3351.6	1424.99	1221.03	473.997	45.6974	
503.672	6777.48	8594.63	5897.36	3347.86	1605.1	1259.33	366.961	30.0677	
-128.979	3.34258	6368.76	2172.8	2772.12	1344.01	845.775	121.173	110.648	
-1750.3	6119.78	6990.7	3479.22	3098.34	1163.52	1508.6	29.8589	90.0238	
-810.864	4959.67	5195.94	3244.19	2961.29	860.024	1522.61	-53.7714	66.4411	
370.906	4033.16	3677.99	3505.76	2889.31	567.862	1149.23	66.2749	-54.8513	
-239.496	529.569	1108.94	2656.53	2454.35	104.35	340.631	65.0958	-184.355	

-2217.09	-2537.74	457.517	-398.594	-384.986	-989.374	-450.796	-186.444	20.2079	
-1499.52	272.752	1230.71	334.249	314.543	-904.828	-253.459	-46.593	-26.5197	
-1157.22	3533.01	2339.12	1172.57	925.071	-740.962	48.0828	43.8586	-80.382	
-1322.08	5000.35	3029.67	2104.6	1220.9	-531.613	451.18	53.5195	-94.4536	
-2173.49	3847.77	2984.56	2752.14	1062.36	-289.217	717.756	33.2178	-71.4707	
-2567.18	3472.99	3387.99	3434.66	747.76	2.96404	875.054	28.8067	-45.3372	
-2076.94	5728.46	4785.96	4177.33	711.482	437.653	1035.99	70.4371	5.06149	
-1340.85	8279.46	5817.32	4323.24	1047.35	873.734	1137.95	148.142	75.2046	
-641.472	9572.22	5864.2	3696.74	1687.43	1185.75	1115.66	228.042	150.838	
-636.559	9282.75	5522.5	3128.45	2469.02	1237.26	1053.29	276.197	204.568	
1172.99	12174.7	4808.25	3682.49	4402.96	786.21	1491.36	189.895	313.063	
-406.011	5694.71	2993.62	2761.19	2094.93	556.514	1205.83	149.99	121.898	
882.676	3443.08	1191.3	2460.31	1540.95	271.182	1324.78	33.6304	71.2641	
1981.43	2998.27	466.142	1846.8	1044.32	530.383	1089.11	125.584	41.941	
2498	3162.88	-101.853	1116.22	771.908	823	725.53	218.379	-1.08129	

-1705.14	-4394.98	-2768.55	1435.84	-1355.19	782.421	595.691	164.802	-79.0541	
-2619.23	-3928.15	-1286.42	1114.9	-1091.22	892.326	216.877	212.916	-60.4001	
-3911.4	-2435.91	523.71	809.997	-847.053	729.693	5.80245	164.842	-39.6672	
-4037.79	1262.68	2887.76	1020.96	-62.2057	755.911	142.697	43.6251	14.0896	
-4032.97	4687.13	5055.64	1911.85	760.17	1103.93	413.486	-59.2507	45.6902	
-4346.01	6353.57	6185.75	3095.46	998.621	1579.2	676.457	-59.5912	32.9148	
-3737.22	7900.34	6549.87	4242.99	822.193	2086.15	1034.43	36.4479	14.8722	
-1139.2	10844.6	7077.01	5234.85	877.644	2490.53	1462.17	186.588	21.2854	
3143.47	14801.1	8340.47	6149.06	1499.67	2694.24	1802.28	333.291	71.9506	
4337.46	15685.5	10063	6436.96	2743.11	2417.45	1790.76	375.466	112.997	
7466.62	14430.6	10023.4	6426.87	3440.11	1859.98	1116.8	448.687	241.506	
2652.25	11290.3	10702	4520.46	3962.17	1620.27	1139.99	477.111	27.7567	
3436.84	9829.27	9099.04	2513.82	3947.08	1242.83	590.049	429.809	17.3685	
2874.03	8165.63	6649.62	487.301	2998.12	739.236	-131.973	238.878	43.9511	
2428.82	6433.63	4627.9	-793.813	2077.78	-36.3468	-620.462	31.0114	76.7016	

-1615.59	-4486.91	-3438.4	-1652.71	-1402.37	60.8251	-87.8472	247.901	-3.30005	
-2191.19	-2754.47	-1230.11	-1132.16	-605.375	76.6192	203.818	295.879	62.9402	
-1991.99	-540.702	1751.82	31.5255	85.0162	111.554	499.734	302.268	73.9012	
-1550.76	1559.72	4065.06	1397.23	636.161	289.896	579.032	218.191	23.9779	
-1704.32	3945.76	5129.98	2556.8	1215.63	635.236	518.76	119.309	-13.9895	
-2203.64	6101.2	5235.27	3219.17	1660.04	961.062	383.482	64.915	-16.1913	
-2609.11	7697.54	4768.01	3289.05	1876.42	1095.09	229.272	38.2618	34.0231	
-2103.83	8388.49	4100.31	2922.31	1908	1067.91	93.3831	61.08	108.853	
-848.959	7023.92	2851.44	1967.3	1535.63	918.068	-72.5097	118.616	152.517	
-217.278	5254.38	2033.73	972.984	1096.24	823.38	5.97808	161.886	80.6766	
1986.06	-2385.74	-2336.93	-913.244	-1474.55	-88.3749	-888.314	92.4852	-17.6482	
683.925	4877.13	3325.49	1466.86	965.765	1099.77	311.06	48.0949	-29.126	
360.711	3708.69	3244.1	1474.7	858.902	870.149	113.799	-47.4733	-25.5248	
-138.171	2893.84	3468.74	1397.62	1168.5	427.327	87.4399	-121.049	32.8551	
313.324	3626.26	3581.8	1451.02	1480.64	34.2586	98.5612	-196.516	49.1733	

2109.85	-304.542	-4024.26	-1466.53	-871.667	-115.48	35.4498	-228.423	25.264	
918.36	995.601	-2525.99	-371.66	-120.506	-195.175	353.997	-53.6073	22.0131	
-811.038	1383.31	-1183.06	322.678	169.62	-88.0968	585.229	-10.4629	-11.3293	
-2726.61	1291.19	-173.639	483.116	90.2638	121.677	671.012	-6.15195	-54.1765	
-5090.99	1044.46	108.912	267.201	-136.551	310.987	573.739	5.95966	-82.9837	
-6439.46	3061.03	549.676	695.909	-36.5686	578.33	428.879	44.51	-87.6643	
-5410.38	8191.09	2248.18	2396.87	690.081	952.862	472.881	136.555	-64.7338	
-2144.63	12682.5	4755.34	4297.06	1623.29	1108.2	648.365	225.947	-20.8065	
2340.78	13235	6780.54	5132.43	2240.74	885.724	758.819	225.423	4.30491	
3285.28	9898.22	7623.44	4813.06	2654.17	734.122	801.715	218.639	35.7923	
6542.77	9651.32	8317.71	3177.12	2890.05	715.521	767.388	66.2442	220.575	
1185.98	7651.51	7575.31	4077.1	3215.88	671.639	1171.05	458.586	27.8474	
1192.11	7936.84	7152.95	4217.13	3092.23	554.755	1333.41	630.281	-0.575824	
527.348	6744.61	6506.69	4087.33	2727.38	407.634	1165.4	615.679	-31.7406	
-1089.66	3512.9	5456.13	2963.43	1909.37	205.038	587.578	464.699	-30.3958	

1183.64	807.887	835.346	-380.599	-62.5851	-485.92	-201.384	361.008	-1.92168	
695.989	2464.57	2159.59	272.136	619.453	-204.566	37.9806	438.06	71.6228	
-649.075	1487.42	2111.38	50.3991	865.287	-49.8039	-94.6507	432.905	128.504	
-1561.39	-289.901	1631.66	-627.911	980.639	-46.9629	-292.712	364.876	139.123	
-1286.8	-599.078	1881.49	-484.786	1259.88	32.1848	-261.691	347.686	139.491	
-554.528	414.868	2375.47	496.901	1522.5	166.897	-67.1537	455.523	156.309	
-179.424	2264.03	2442.94	1766.09	1701.45	293.187	167.849	591.716	147.151	
310.862	4453.8	2255.72	2784.21	1957.28	369.222	275.761	621.868	111.221	
1181.56	6084.2	1850.98	3199.95	2177.41	465.176	207.459	538.027	85.9589	
2021.49	7383.13	1974.9	3227.35	2439.33	778.487	336.207	430.114	130.938	
3047.93	5472.02	-187.419	2059.84	2534.23	1467.73	540.067	345.207	138.559	
372.841	4703.79	1357.42	1786.32	2174.59	752.819	944.125	206.666	167.321	
-198.121	3525.99	1427.16	1260.28	2017.86	557.691	1187.57	68.9772	130.053	
-355.843	3323.98	1612.82	1286.94	1581.91	409.527	1076.66	-71.1448	106.089	
-549.392	2228.58	959.816	1133.44	966.901	473.957	707.682	-217.625	67.4585	

215.012	843.557	-1151.17	447.825	250.155	87.4976	-312.404	107.917	86.4741	
-660.725	-1037.46	-836.839	343.825	294.607	142.368	-100.682	70.7185	108.211	
-1558.13	-2427.57	-815.779	-19.9863	180.303	109.221	128.906	-0.424163	131.376	
-2234.54	-2460.27	-634.296	-145.806	53.0795	35.0234	218.595	-35.037	157.233	
-2599.96	-852.272	-90.6055	28.289	25.7645	9.26001	156.653	-34.3875	186.847	
-2916.79	1280.08	413.415	178.484	78.4986	28.4898	92.2506	-58.5885	211.641	
-3289.86	2972.95	853.345	333	191.84	32.3071	134.195	-97.3188	202.118	
-3279.55	3401.24	1260.1	420.832	245.559	-76.4567	259.826	-86.3878	158.566	
-2464.03	2439.04	1369.52	391.585	139.824	-221.994	417.941	-48.6821	107.479	
-1061.74	2386.54	1313.99	941.948	163.07	-10.1392	544.898	-98.5687	88.6297	
2045.47	3494.61	-446.71	1288.58	-135.442	625.729	25.9295	-173.532	85.28	
703.21	4615.09	2770.51	3213.06	1210.35	640.372	511.554	-37.3935	90.5825	
926.946	3318.06	3441.49	3491.75	1449.99	692.639	468.133	82.618	78.4165	
-49.2335	277.168	2832.2	2260.17	1030.48	426.764	424.361	94.5008	22.5113	
-492.801	-1366.04	1937.25	617.945	286.535	129.338	393.179	-7.36016	-40.8404	

-3182.65	-1435.38	-739.353	596.38	-20.0697	56.1516	2.54358	50.3494	-60.9254	
-2753.3	-47.9834	-287.382	222.46	214.468	40.7125	2.44329	122.543	-45.2724	
-1826.51	1860.35	709.758	-2.65493	400.533	48.9301	12.0234	205.723	-36.2885	
-945.338	3669.8	1873.36	223.75	441.7	177.412	16.7173	221.232	-20.4752	
-804.965	3840.66	2584.8	731.604	374.647	350.468	-2.58841	181.353	6.77255	
-1213.14	2734.38	2659.56	1105.79	342.414	380.289	-18.3563	155.89	47.6769	
-1542.37	2003.43	2336.74	1217.12	434.173	237.393	47.4071	168.089	91.2034	
-1403.15	2373.45	1829.9	954.702	516.874	40.3793	123.985	165.845	108.153	
-739.194	3522.46	1436.32	438.407	531.468	-60.2698	186.159	116.485	79.0015	
152.221	4690.59	1788.32	343.919	581.257	109.637	328.472	56.9959	42.1766	
1896.41	7353.96	2192.79	202.063	1558.94	146.701	657.432	77.6483	43.6833	
1229.44	4863.28	2521.39	667.024	673.83	428.787	416.969	60.138	105.216	
1527.08	3748.62	2039.99	186.637	710.306	344.063	259.96	58.8565	157.182	
1625.42	2208.18	1195.98	-554.107	455.598	129.315	93.2261	39.3981	140.457	
2458.17	1604.69	771.448	-845.95	243.286	-21.4157	6.81784	4.51485	100.206	

-3302.22	-1488.11	370.406	-1508.73	-2611.14	-1375.25	-937.524	-5.89913	-267.518	
-1063.69	2351.83	2924.52	278.762	-1891.84	-1071	-312.384	53.5251	-237.729	
904.44	4318.82	4140.81	1746.01	-1038.85	-543.979	119.782	74.7268	-198.731	
1848.39	5377.02	4866.77	2892.97	112.742	27.3821	348.296	115.966	-151.749	
1809.01	6455.07	5755.6	3418.98	1313.11	482.233	446.357	97.4753	-102.34	
1288.84	7231.06	6768.29	3138.76	1988.62	720.886	391.981	-31.48	-40.6568	
346.873	7809.91	8261.18	2646.91	2126.91	784.458	256.698	-138.84	47.6186	
-163.637	8307.74	9745.14	2268.47	2036.03	633.25	123.527	-104.439	157.018	
-85.8563	8537.08	9628.37	1788.38	2083.73	348.829	74.1072	41.4159	239.856	
458.794	11221.1	8128.28	2499.05	2569.63	429.262	394.874	298.251	215.996	
-1107.41	6536.65	-927.144	612.186	2487.77	-310.024	522.023	335.33	157.865	
1299.97	12711	5063.87	3422.94	3085.69	417.481	1088.62	430.141	145.998	
1290.58	10230.8	4082.86	3006.59	3072.86	319.74	1287.49	308.895	216.392	
2094.05	7893.84	3368.02	2885.23	3160.52	745.737	1433.84	216.476	263.141	
3632.93	5332.11	2021.12	2545.23	2992.03	1193.39	1361.52	128.533	288.034	

-261.355	-1014.89	133.165	-507.958	-551.268	-248.17	-556.772	-167.962	89.8126	
-602.85	-64.1131	657.947	-215.773	-536.788	71.3051	-324.632	-127.924	80.8018	
-355.688	776.525	1187.48	-47.4996	-454.816	214.132	-2.60221	-55.1927	25.686	
218.286	2353.9	2033.33	304.889	-303.493	177.068	366.629	14.2269	-32.1759	
259.423	4179.25	2710.1	786.761	-160.818	38.4359	590.744	10.3011	-46.5309	
-79.5601	5147.7	2849.65	1113.65	-52.2068	-72.9673	584.067	-41.2964	-15.593	
-347.219	5171.95	2875.05	1257.88	119.148	-16.9087	459.704	-71.1791	33.7377	
-57.9811	4929.88	3283.49	1373.58	416.598	198.562	365.25	-73.2265	63.3574	
693.347	4639.27	3731.35	1489.26	825.889	437.412	349.962	-78.727	60.2118	
966.894	4792.07	3552.07	1507.02	1148.07	570.752	433.785	-57.6448	49.5779	
2216.79	4251.09	2109.18	1855.54	1575.92	361.092	678.594	-178.246	-38.7717	
-380.92	4784.68	1986.25	1253.78	719.44	548.155	533.794	60.7249	54.7421	
-155.043	5299.69	1717.85	1349.28	446.531	574.262	658.774	173.1	59.9321	
-180.623	4647.83	1370.6	1173.09	380.193	557.645	718.88	215.669	31.5941	
-76.29	3020.99	679.888	889.368	468.322	479.146	693.707	202.209	-34.7651	

-93.858	2730.83	61.0343	192.512	-232.118	51.0006	-461.118	70.2285	-41.7808	
-254.42	2467.83	147.67	161.152	-143.71	177.9	-340.947	53.8131	35.6435	
-560.47	2230.39	399.74	226.596	96.9179	317.666	-206.645	70.7201	60.3953	
-1035.77	1956.92	521.109	415.5	239.882	361.032	-14.2663	85.7139	41.0375	
-1343.11	1556.79	251.852	716.649	72.0942	285.474	83.0881	95.0407	21.5617	
-1187.14	1270.16	-124.551	951.428	-237.498	203.872	35.4355	107.861	12.8658	
-598.058	1481.56	13.5764	1061.47	-378.425	208.615	17.2214	117.135	-5.42041	
104.781	2034.62	732.795	1102.56	-218.986	286.031	110.435	114.031	-23.444	
717.263	2754.3	1873.25	1115.9	147.501	364.458	279.223	87.8258	-15.3099	
489.707	2901.31	2607.23	968.405	453.929	344.73	449.43	33.487	30.0624	
1016.41	2490.04	4151.85	-548.817	356.543	-198.859	877.386	-90.398	111.673	
-945.272	634.474	1782.78	177.508	251.431	29.0788	539.652	-41.5216	79.1751	
-243.899	569.101	1794.03	-57.3166	251.934	-18.8465	684.669	-64.3413	98.5831	
564.678	263.246	1376.27	-47.6283	260.852	78.9503	669.457	-55.43	111.369	
574.888	-1299.68	582.459	-171.737	236.262	62.1665	593.643	-69.3115	103.673	

-686.262	-901.218	-1075.39	490.409	-1860.84	124.021	-647.908	143.716	352.062	
-757.673	-775.991	-137.038	899.257	-1684.26	-110.66	-728.709	214.296	364.195	
407.694	1850.79	1879.71	1304.33	-646.228	-92.3613	-462.363	289.009	342.557	
1085.69	5293	3941.54	1662.87	526.989	81.7207	-40.1259	304.858	298.158	
338.434	8226.91	5815.24	2387.26	1425.76	315.055	355.518	322.738	249.125	
-354.937	10474.3	7808.13	3412.97	2221.71	609.937	685.024	414.414	176.218	
-68.3129	11459.2	9637.02	4264.45	3002.21	1012.77	1008.26	530.195	47.1597	
1643.01	11404.2	10731.2	4844.92	3602.27	1461.09	1319.05	586.258	-102.929	
3962.34	10073.5	10232.5	5180.01	3770.47	1710.36	1470.22	551.477	-234.908	
3337.04	8472.94	8593.22	5325.41	3202.9	1683.47	1299.09	449.834	-289.061	
1912.35	6318.85	2340.52	5078.49	1571.92	824.911	618.476	307.039	-394.045	
-610.802	6469.57	4839.92	3669.68	1428.74	780.699	567.373	334.466	-215.955	
-1211.04	4107.36	2801.34	2532.67	714.955	-50.4019	236.71	287.03	-161.737	
-1169.48	844.657	1609.43	1214.11	696.052	-486.146	201.331	112.679	-182.254	
-393.607	-284.844	961.391	195.035	1155.27	-488.122	328.46	-48.3397	-256.791	

46.4564	3629.01	159.505	806.465	87.118	268.021	-39.8703	277.657	-2.48201	
-573.33	3021.79	415.884	922.163	179.417	188.974	104.915	205.374	14.2326	
-1142.92	2341.96	1080.67	797.549	431.182	89.7386	248.312	91.4281	14.6058	
-1014.72	2190.09	1861.83	841.304	707.848	57.8301	257.105	-7.45608	21.676	
-606.742	2448.45	2238.46	990.084	851.077	103.123	90.3295	-51.1484	44.3473	
-387.669	2532.21	2278.04	1061.26	939.282	208.854	-69.8446	-45.6388	71.1999	
-510.166	2359.73	2107.33	1154.71	1031.34	343.281	-38.0882	10.5548	91.9447	
-831.497	2100.17	1549.86	1269.62	950.132	342.749	114.474	81.4844	100.69	
-1308.61	1812.71	548.273	1176.08	542.868	69.7902	220.225	111.332	99.6317	
-1290.19	1960.04	121.156	1240.18	123.527	-223.826	222.905	22.0742	63.9402	
-2933.25	-3331.86	-1691.07	201.4	-667.106	-1216.64	-81.7946	-71.5103	52.403	
-529.057	178.623	-173.376	1014.96	-81.3351	-329.643	216.169	-115.888	-47.6968	
1.41128	-859.644	-167.904	798.358	4.82474	-271.169	305.988	-121.679	-50.7421	
27.6439	-1785.69	-133.01	262.61	-41.1078	-273.086	334.885	-182.449	-26.2703	
-128.588	-3077.71	-212.768	-335.524	-100.569	-298.389	206.658	-262.634	-0.796769	

501.108	-2748.62	-4132.27	-939.798	-706.259	-280.729	-490.934	378.908	-11.6195	
875.357	-1519.3	-2180.65	52.973	-155.452	371.037	-605.111	349.332	-7.73166	
1589.86	401.088	-160.479	1147.16	207.688	759.667	-347.912	316.266	17.8695	
1410.95	2317.38	1280.75	2023.44	458.844	817.064	55.6003	269.704	69.5426	
65.9579	3065.6	1605.36	2539.64	766.707	737.809	343.601	194.678	100.142	
-1358.2	3664.84	1324.08	2973.71	1116.43	620.218	538.595	146.235	128.287	
-2530.31	5685.91	1453.74	3612.69	1513.86	559.802	806.494	154.224	163.956	
-2960.12	8798.34	2196.23	4202.98	1949.35	624.001	1058.32	192.936	172.963	
-3077.62	11532.2	2994.99	4284.62	2339.69	761.391	1138.59	235.257	115.944	
-2438.16	13545.6	4640.04	4021.36	2592.22	965.641	1109.63	265.601	56.3314	
-2970.26	14768.9	5642.17	3153.18	1451.35	765.729	528.247	542.032	-132.157	
-2053.84	10633.2	7288.65	2827.26	2216.3	1187.83	610.435	338.54	112.433	
-2673.99	7854.48	7589.81	2087.74	1903.83	1243.3	187.378	331.041	124.894	
-1906.17	5750.08	7071.1	1891.28	1814.31	1280.97	168.021	115.075	106.971	
-784.937	4043.2	5721.68	1589.71	1400.12	970.433	257.537	-177.029	46.6782	

490.113	1457.87	1111.76	906.706	-433.24	364.701	509.217	357.48	83.5745	
848.604	295.608	1516.99	1448.76	-319.105	397.889	493.862	407.261	114.536	
589.429	-1197.22	1361.15	1565.3	-120.112	371.623	459.171	390.693	161.751	
-307.981	-2103.89	1156.06	1181.89	254.394	241.829	394.115	268.242	197.804	
-1051.84	-1668.15	1153.29	690.554	757.008	65.7426	361.712	123.397	201.685	
-1103.14	-428.705	1028.98	505.213	1157.43	-68.048	387.001	36.7144	168.088	
-482.645	1192.41	1231.69	861.555	1367.51	-76.7441	459.525	37.0147	104.377	
696.924	3151.04	2186.41	1562.24	1495.48	83.9565	570.342	77.6645	34.1734	
1958.65	5135.12	3683.42	2068.98	1597.01	407.946	705.926	85.0275	-39.8981	
1720.39	6639.19	4787.2	1933.38	1707.83	725.334	738.566	42.9095	-35.2557	
1536.81	5297.77	5845.83	1005.58	1189.37	1567.6	1135.26	163.388	-120.932	
518.393	5426.94	3849.7	1291.55	1426.18	554.233	235.973	51.9684	62.5246	
664.822	3288.86	2820.77	993.319	1063.12	328.939	-127.218	24.0676	35.3697	
484.686	385.881	1367.72	438.394	640.047	-8.61046	-375.963	-137.758	-23.4814	
192.371	-1471.04	-15.9381	-232.675	429.106	-236.73	-489.921	-264.125	-60.136	

-3584.67	-5609.23	-2104.44	-575.8	301.707	-761.326	-742.175	71.8712	-78.7674	
-4811.28	-2921	-1445.77	-536.679	633.151	-517.514	-377.663	97.4615	-33.2693	
-4013.38	1304.25	856.043	-94.1928	1283.5	130.654	243.562	217.672	-27.9668	
-2394.8	5469.89	3476.77	488.895	1873.78	872.225	663.425	314.674	-83.6533	
-1790.85	6760.56	4179.72	993.728	2080.35	1205.47	523.926	297.343	-141.161	
-1468.25	5548.86	3368.25	1437.7	1994.42	1006.13	94.1512	226.398	-130.478	
-1237.54	4249.45	2994.97	2094.45	1863.48	600.317	-169.873	227.561	-65.0121	
-570.44	5075.7	4168.46	2801.45	1812.32	525.783	-47.2494	304.96	-10.6864	
988.837	8588.5	6403.18	3429.26	1839.76	952.446	368.218	385.458	22.3546	
1799.7	11772.6	7994.99	4010.26	1901.63	1443.23	799.73	389.657	109.032	
4717.65	13314.6	6138.48	4044.88	585.587	1894.47	732.392	233.42	362.057	
-452.589	8012.67	4291.7	2948.46	1548.18	1124.67	734.552	140.893	277.256	
-178.479	7354.22	2664.69	2773.64	1335	893.583	791.925	43.3358	340.313	
543.231	7599.9	2555.64	2481.1	963.554	816.369	888.028	17.7513	295.4	
1738.87	6890.64	2252.43	1498.62	243.441	803.095	852.361	-41.5233	190.658	

-380.428	-622.141	-143.153	-201.411	34.03	-49.1498	-198.274	-4.31667	5.15572	
-162.877	-512.399	-144.726	-153.855	-55.2877	-32.1186	-191.064	-9.75137	4.76578	
-239.228	-675.207	-297.199	-207.189	-144.613	-23.4239	-127.248	-9.15964	-1.44545	
-332.328	-582.416	-254.037	-219.962	-156.031	-17.7904	-13.2602	9.53535	-8.06347	
-91.2154	-141.684	86.5673	-121.781	-108.542	-11.5648	88.2571	38.0971	-10.9707	
369.155	318.578	432.083	13.9421	-74.7236	6.7912	144.185	59.1428	-11.338	
611.585	619.781	531.842	101.09	-91.0656	28.8515	153.803	59.282	-15.271	
445.785	904.235	451.157	159.071	-86.7863	30.1974	156.716	51.5441	-20.3075	
-67.2308	1192.88	263.083	212.691	-9.35136	-5.06843	163.662	42.8595	-24.5249	
-632.745	1072.87	75.6036	168.077	55.3782	-48.9304	141.263	6.88978	-11.2087	
-1152.66	783.914	-477.208	279.416	-54.1346	115.437	233.492	-1.71346	-15.9853	
-615.62	410.467	58.3636	84.5246	-73.0501	2.36801	76.5328	-34.7157	14.4113	
-234.062	555.333	161.428	162.069	-127.857	30.7177	67.9398	-25.8058	15.0342	
278.356	862.312	274.683	279.963	-80.194	16.6246	61.3071	-10.2267	7.57773	
532.005	941.9	286.175	322.01	-53.2987	36.2149	120.668	-0.56581	0.678797	

-3955.73	-1191.96	-2515.95	-881.61	280.786	-690.735	-695.609	-325.228	-292.201	
-1962.57	2291.07	-679.701	-132.213	860.206	-385.469	-218.428	-256.231	-278.353	
80.6076	4392.46	598.277	149.184	1813.52	-276.844	72.5105	-143.253	-207.394	
1726.1	6227.9	2288.75	1000.88	2876.15	4.98606	362.024	13.414	-81.3236	
2076.94	8455.16	4185.5	2454.68	3225.74	583.222	517.559	88.37	17.1114	
1206.67	9844.56	5324.12	3386.11	2728.59	1106.76	417.537	44.8487	63.0549	
30.4563	10252.9	6429.96	3573.82	2062.84	1312.87	326.226	28.7128	80.0458	
486.197	10570.9	8476.16	3831.02	1743.13	1230.86	511.018	110.383	81.8739	
2183.61	10488	10732.3	4325	1560.87	997.906	820.483	177.777	56.9533	
2449.66	9288.94	10372.9	4088.83	1330.72	886.772	903.736	86.2203	22.4702	
2645.48	8309.46	7935.92	1860.19	600.542	801.1	58.4825	-178.997	-36.8081	
1443.26	6661.04	6600.68	1633.44	1073.59	869.841	795.198	-187.921	-0.366165	
2411.71	6395.71	5941.26	1040.4	856.163	943.188	892.907	-112.239	54.9447	
3361.25	6011.55	5461.03	1557.8	588.602	1059.47	1103.94	108.957	139.193	
4278.06	4492.78	4263.84	1556.64	144.244	993.012	1096.01	278.258	225.325	

1628.57	507.862	-518.937	189.007	-233.231	-60.8604	90.4334	218.3	-2.05297	
181.95	1136.51	134.523	496.515	141.303	82.4622	-61.0633	183.681	79.4951	
-93.3572	1915.64	1071.11	586.064	457.47	242.804	-172.321	85.1245	124.672	
30.5568	2767.36	1765.23	606.154	591.593	454.318	-154.458	-23.4484	138.907	
151.102	3479.4	1876.61	757.279	519.188	657.374	16.976	-58.5426	148.096	
503.386	4252.62	1807.68	981.713	357.91	771.488	238.05	-23.8085	162.137	
790.181	5247.22	2191.17	1355.05	363.143	824.413	384.085	59.0577	172.863	
738.613	5709.7	2808.41	1859.06	612.443	860.772	407.174	155.728	171.707	
406.76	5346.02	3184.19	2317.77	978.909	788.091	361.564	234.29	157.16	
-254.519	5002.84	3338.88	2335	1379.82	489.662	320.02	235.13	166.836	
-467.543	6586.86	3704.6	1186.13	860.762	242.068	-48.6432	306.248	218.382	
-1021.33	5606.14	2569.76	1357.8	1638.66	240.037	236.131	172.244	180.37	
-1752.05	5088.47	1745.32	869.397	1396.26	355.435	102.64	129.513	161.388	
-2721.43	2661.26	966.247	661.23	1055.36	330.908	-39.7641	-7.53056	126.509	
-2749	843.661	815.384	409.562	673.509	225.88	-123.059	-137.161	80.4896	

-263.205	-522.591	-1021.88	-1439.1	-138.281	-23.4393	-429.367	-199.456	34.7217	
296.933	-311.246	6.73666	-638.388	5.42421	-17.679	-161.994	-110.099	-2.82022	
4.46332	-978.277	-78.9475	-41.5679	293.972	36.015	57.5529	-92.4261	-30.7443	
-1150.62	-769.53	-515.772	312.43	562.813	70.7034	235.519	-138.259	-21.8453	
-2058.07	1523.52	234.564	760.993	876.631	166.148	416.603	-181.372	29.9379	
-1849.31	4245.87	1908.11	1312.53	1311.86	252.409	575.156	-162.573	88.6325	
-1206.34	5076.16	3155.77	1555.31	1630.56	293.63	640.95	-94.0446	122.617	
-842.382	4011.55	3353.68	1328.3	1552.98	386.929	552.825	-6.22362	116.91	
18.2184	3105.99	3378.39	962.748	1086.17	653.448	403.773	76.4027	92.8741	
1912.42	4610.8	4534.69	1441.74	643.31	894.298	345.07	133.191	79.1295	
8299.14	4582.78	5059.61	1359.61	-1126.11	865.569	219.822	-30.7876	-69.4681	
4175.64	6305.75	6503.12	2725.97	67.6762	737.34	203.813	297.429	-58.9552	
3823.92	5717.94	5956.57	2573.74	-299.474	426.316	297.249	382.724	-149.063	
1874.75	3972.34	4493.77	2096.56	-229.627	173.993	478.453	388.551	-136.818	
767.499	1912.9	2730.82	1790.8	3.09099	29.7524	542.594	312.798	-86.0163	

