680717	
814092	
411636	
383691	
553869	
631498	
721427	
985299	
478735	
742097	
922016	
878119	
781708	
755672	
842608	
629123	
272179	
171888	
291516	
370239	
232821	
667463	
494101	
642039	
680555	
678427	
442532	
575366	
337404	
264283	
788812	
52428.6	
627391	
459271	
1.06275e+06	
1.04015e+06	
387591	
465901	
828058	
562133	
619287	
577520	
204861	
585669	
397180	
496673	
1.04634e+06	
405539	
576318	
181758	
1.37585e+06	
792370	
443016	
647905	
305670	
723456	
503347	
544923	
943168	
701403	
545356	
510974	
419584	
509510	
740871	
531314	
533393	
662850	
985897	
598369	
273993	
458357	
437704	
839256	
1.02922e+06	
580163	
533141	
480448	
500924	
313072	
545201	
590139	
792247	
933460	
723123	
487563	
401505	
361536	
487000	
553217	
381924	
955750	
594994	
515044	
513983	
505846	
441040	
797798	
1.13934e+06	
730972	
393685	
787301	
249064	
473919	
694652	
351836	
566164	
376887	
1.10001e+06	
721056	
631335	
660545	
445748	
548425	
64211.2	
576376	
303943	
397527	
972730	
282425	
694592	
942199	
443637	
963920	
630742	
404125	
552777	
591245	
928080	
1.03505e+06	
361517	
363877	
320421	
748758	
611655	
487191	
223336	
508470	
774216	
1.05198e+06	
246857	
852355	
473822	
589883	
609365	
574088	
297929	
424231	
266298	
510179	
233573	
979389	
595651	
864016	
522197	
1.03245e+06	
1.09847e+06	
957279	
226587	
747065	
584947	
249203	
1.008e+06	
1.32091e+06	
667454	
262308	
671007	
535734	
466156	
563157	
624130	
528274	
252423	
578174	
332677	
688119	
439695	
671979	
544641	
437564	
439423	
15297	
147336	
531657	
565166	
724326	
253500	
580384	
907910	
299809	
1.04038e+06	
621898	
443534	
481632	
925250	
185824	
905458	
274892	
393271	
453526	
302968	
377011	
843517	
296061	
379675	
803626	
755693	
215752	
498423	
611373	
1.14309e+06	
648970	
1.0146e+06	
248517	
952816	
837645	
639609	
939740	
339496	
406203	
568690	
549023	
389048	
358473	
452674	
610971	
563197	
610866	
791572	
369431	
555418	
988686	
302306	
856425	
597650	
1.14855e+06	
309393	
407811	
447685	
480935	
388160	
766741	
561365	
652817	
709602	
287251	
463008	
219073	
425898	
520601	
484189	
513572	
813942	
733498	
488962	
12571.3	
567116	
254906	
1.01324e+06	
420261	
570541	
800625	
427870	
923521	
444621	
1.16737e+06	
402666	
280278	
797295	
801151	
840190	
442937	
894924	
722656	
453679	
971847	
465915	
398510	
663954	
294577	
518746	
1.02806e+06	
616990	
863221	
696511	
346215	
489920	
829256	
681611	
751730	
802732	
1.14284e+06	
478677	
1.15795e+06	
550775	
288748	
870238	
571220	
454069	
615234	
195682	
777855	
862676	
778536	
463151	
1.06758e+06	
583881	
431309	
445836	
274806	
517625	
495415	
418594	
812296	
818897	
1.06958e+06	
548909	
899863	
444529	
29441.6	
560819	
422460	
551234	
468857	
704455	
342415	
1.01415e+06	
657114	
1.09456e+06	
779436	
241223	
443283	
603667	
630310	
356062	
353937	
578031	
791613	
664505	
777604	
1.09684e+06	
541875	
364286	
289573	
369138	
648957	
607125	
421879	
465791	
436699	
103052	
549028	
720443	
1.17626e+06	
674990	
478216	
638765	
1.13818e+06	
799216	
595609	
782766	
660597	
376257	
680179	
1.06571e+06	
293827	
889639	
394538	
452204	
637213	
658776	
567053	
358254	
663780	
455881	
464062	
450865	
636783	
260350	
242944	
1.02217e+06	
815733	
341162	
678967	
179813	
969625	
454904	
635219	
552500	
657845	
456202	
929410	
1.22052e+06	
637900	
592554	
665492	
574880	
407076	
444277	
379549	
208813	
685828	
469924	
1.03825e+06	
560662	
759240	
340392	
674311	
1.01625e+06	
392825	
726757	
836983	
402238	
873830	
322333	
577818	
735605	
650431	
1.10197e+06	
710407	
342893	
443983	
167351	
610455	
642455	
892165	
455649	
1.02385e+06	
40747.5	
922440	
733457	
1.25393e+06	
552739	
515811	
384242	
481047	
602294	
583119	
712784	
608763	
350103	
635202	
765191	
318840	
508461	
672511	
472761	
566699	
955858	
663247	
542085	
179735	
706305	
1.22488e+06	
318714	
567513	
972765	
500306	
1.23008e+06	
535631	
425152	
621870	
464109	
799274	
534689	
440593	
1.10365e+06	
951645	
878423	
442392	
460971	
1.10867e+06	
571068	
705205	
734345	
666608	
1.07086e+06	
720436	
642391	
970110	
834074	
498468	
539085	
576100	
541547	
1.13623e+06	
797800	
948410	
660475	
713488	
856312	
580445	
717990	
875223	
471139	
426405	
578968	
727784	
718872	
946476	
876227	
673858	
374621	
538354	
560274	
1.14208e+06	
728511	
1.05906e+06	
669917	
1.12464e+06	
964443	
755653	
390482	
606145	
483730	
484419	
597201	
571764	
499174	
350461	
1.21725e+06	
652762	
668434	
906095	
400351	
730919	
798472	
721590	
369893	
538362	
575816	
632937	
771328	
366678	
323521	
1.29058e+06	
685070	
733502	
527253	
991460	
917796	
569469	
732073	
788048	
619187	
296320	
821777	
525249	
334127	
576050	
937839	
419417	
614382	
349229	
541506	
862203	
343403	
621364	
492728	
381585	
725857	
