-465.761	
-1579.49	
-413.818	
11.5941	
94.8682	
-23.665	
-879.417	
-590.855	
-921.473	
-972.428	
-507.166	
165.911	
-1439.47	
-35.8499	
-346.495	
240.697	
-594.982	
184.906	
-224.462	
-119.08	
391.363	
-104.003	
-525.542	
-524.302	
-831.194	
434.123	
-962.839	
-581.001	
-896.165	
212.997	
-1261.46	
-192.466	
-503.035	
-448.288	
-332.311	
-423.816	
-375.222	
-149.235	
-679.833	
-574.826	
-803.698	
-638.133	
-658.804	
-589.237	
82.6869	
-506.71	
-636.377	
-218.916	
-822.887	
-478.462	
-322.714	
-1647.22	
-476.722	
-1189.57	
-478.825	
-1377.57	
390.077	
-1064.27	
722.935	
-484.961	
439.274	
-556.144	
-641.487	
-801.316	
214.63	
-129.776	
-691.656	
-553.074	
-1144.68	
-1179.32	
361.797	
-264.607	
325.427	
-1148.17	
-78.8293	
-277.58	
-41.8185	
-179.881	
857.542	
-39.6298	
-767.895	
-655.338	
-2126.48	
234.184	
-1054.9	
-1099.52	
703.136	
-184.52	
-216.903	
-599.388	
-304.267	
-766.383	
-12.5365	
-637.567	
-1202.68	
-557.049	
-641.804	
-1315.27	
-280.239	
-706.781	
-934.211	
-529.762	
-70.0139	
-823.111	
177.424	
-814.85	
428.432	
-1049.01	
-1221.53	
225.287	
-868.506	
-886.196	
-893.475	
-14.6875	
268.798	
176.054	
-31.7819	
75.8149	
-2098.01	
124.439	
-389.243	
-762.919	
-122.776	
-1683.2	
-279.449	
-379.926	
-755.931	
-69.3311	
62.6789	
-333.547	
-495.453	
-153.911	
165.557	
-480.047	
-366.373	
-1142.24	
236.089	
1.22121	
-521.964	
675.107	
17.5217	
-1398.67	
318.31	
-18.7944	
-244.62	
-471.066	
-159.357	
-428.368	
-212.147	
-381.864	
-197.015	
-672.452	
-876.196	
-426.945	
-1356.51	
443.529	
-1556.65	
-1192.1	
-559.651	
-739.404	
-679.24	
-27.0762	
-977.746	
-1106.7	
-815.564	
-106.897	
-511.701	
-75.9716	
-682.761	
-87.2691	
-1177.84	
121.742	
-236.73	
-174.88	
244.169	
-99.55	
-883.847	
-841.338	
-825.918	
-359.902	
-1086.45	
7.21326	
-83.2982	
-1192.26	
-1555.8	
-894.605	
-542.269	
-708.468	
-1174.81	
-872.963	
-445.623	
-398.404	
-151.653	
-439.167	
-7.81829	
-565.611	
146.874	
17.8603	
-586.929	
-448.925	
-37.5024	
296.058	
-1481.8	
-310.957	
-103.208	
-811.76	
-1855.01	
-732.827	
-120.367	
-954.179	
-503.331	
141.476	
-2278.86	
-218.243	
-69.0443	
-381.281	
173.904	
-1735.75	
-110.11	
-422.351	
-1337.41	
76.8626	
-824.136	
-34.5768	
-1345.19	
216.986	
361.525	
-532.593	
-678.219	
-238.589	
-529.915	
-1193.6	
-14.7099	
-183.309	
-1879.2	
-673.886	
126.058	
-26.3737	
-123.762	
506.918	
263.917	
-561.457	
-114.21	
599.602	
-358.98	
416.629	
185.863	
-122.926	
-1317.97	
196.62	
-512.672	
-1104.98	
-832.982	
-856.935	
-246.468	
-15.7095	
-499.4	
-200.132	
-882.35	
269.113	
155.3	
-930.801	
-34.5773	
-1325.85	
-1193.69	
-38.8571	
-699.919	
-169.292	
-125.445	
-415.937	
-1038.68	
-178.731	
-323.184	
-907.802	
-23.9231	
-979.843	
351.014	
-1170.04	
-315.224	
-173.417	
-1074.58	
-1216.57	
-595.845	
155.158	
-93.2245	
-374.18	
-973.398	
-800.098	
-378.138	
-712.956	
387.411	
-441.307	
112.989	
-861.155	
-240.934	
-52.2289	
-759.974	
-204.674	
227.425	
-79.2687	
160.961	
403.982	
-1272.36	
-205.053	
-936.55	
38.7522	
-183.607	
-617.89	
-538.306	
-120.606	
-862.648	
-685.485	
-1056.67	
1170.08	
-561.135	
-2247.2	
-1151.59	
-1046.4	
782.174	
-93.3069	
-171.133	
127.966	
-56.7889	
-459.906	
-563.357	
160.311	
-992.428	
53.4511	
-1067.85	
-1024.38	
-119.504	
-1114.55	
-290.015	
-247.328	
-167.705	
95.0709	
-766.175	
-1716.84	
-213.464	
-543.904	
-1860.61	
-1028.64	
-1035.23	
-360.197	
-191.154	
319.715	
-219.581	
-227.344	
-488.032	
245.172	
-178.5	
565.565	
-128.055	
-1210.23	
-1300.57	
-154.522	
-407.026	
436.596	
-1683.86	
362.772	
-763.847	
-377.353	
-753.516	
-961.557	
-955.041	
-48.2525	
-37.1034	
-1137.18	
-604.439	
-977.259	
-164.41	
80.9595	
-576.143	
-17.9359	
-360.436	
-677.394	
-316.901	
-926.71	
-599.66	
-346.238	
-1039.79	
-652.242	
-100.765	
-1156.82	
-61.3049	
-1159.74	
-662.654	
-308.457	
-897.654	
-808.695	
290.418	
-1142.33	
-1842.18	
-900.729	
-386.037	
-464.093	
-219.867	
-442.333	
-699.233	
-935.295	
-241.587	
-2032.91	
-141.152	
-495.905	
-561.075	
-814.476	
-665.089	
-313.286	
-297.152	
-400.023	
836.312	
421.868	
8.96589	
-1470.07	
-498.176	
264.031	
-1242.67	
-488.564	
19.9006	
-242.709	
-1015.91	
-216.193	
-9.72715	
-591.699	
-1449.71	
56.8031	
-947.081	
-1990.71	
-363.974	
-1625.01	
-204.847	
-1463.82	
-685.886	
364.3	
-163.875	
-1453.82	
-905.08	
-128.628	
287.106	
-419.288	
-770.453	
-547.483	
-1344.86	
-56.0906	
-154.732	
-689.221	
-115.745	
-1002.56	
-261.758	
-1192.53	
-11.3549	
-536.405	
695.273	
-627.565	
-630.785	
-327.449	
-1563.51	
-1133.85	
-744.857	
-617.205	
-342.95	
-421.225	
-1300.65	
-784.346	
-990.551	
21.3459	
-671.993	
-973.146	
-663.818	
-594.935	
-361.537	
-1849.34	
52.1831	
-651.761	
318.416	
333.395	
-1265.87	
-1471	
-1184.08	
-470.67	
-843.308	
-940.454	
-595.888	
363.82	
-237.265	
-1528.59	
-2176.12	
-1281.92	
-62.1495	
-1050.25	
-70.5071	
-793.141	
-183.96	
-280.239	
225.732	
412.085	
-57.2512	
-1331.71	
-172.07	
-733.587	
-92.9289	
-594.579	
-786.546	
-13.6367	
-988.405	
-533.445	
462.393	
-751.021	
-462.488	
-2686.99	
-429.108	
-811.819	
-728.467	
-39.3003	
-1008.44	
-322.365	
-617.887	
425.501	
-468.887	
-119.38	
-763.798	
-180.244	
-1025.14	
-71.2413	
-592.842	
-41.1675	
-463.341	
-1067.57	
-84.488	
-193.148	
-427.582	
-994.727	
-203.913	
86.6407	
-445.87	
-1301.09	
674.495	
-213.14	
-834.72	
-751.92	
-927.349	
-137.262	
269.29	
-843.278	
-1370.17	
-45.0239	
580.379	
-830.596	
-341.663	
-161.387	
504.564	
-382.141	
-433.425	
-138.167	
50.1425	
-777.057	
-191.256	
-392.889	
-245.801	
-161.204	
-1396.31	
