2.51168e+07	
2.43758e+07	
2.62838e+07	
3.27845e+06	
2.81818e+07	
2.97646e+07	
2.78401e+07	
2.71886e+07	
1.50745e+07	
1.43079e+07	
2.97303e+07	
3.07056e+07	
1.52226e+07	
2.40946e+07	
3.0987e+07	
1.0125e+06	
957792	
1.64497e+07	
835629	
1.63744e+07	
767388	
1.43672e+07	
3.45218e+07	
3.59049e+07	
667366	
1.34952e+07	
620534	
1.90006e+07	
751265	
790220	
2.13904e+07	
3.96127e+07	
862445	
3.99355e+07	
817479	
2.06414e+07	
2.30867e+07	
2.5142e+07	
2.14104e+07	
1.46575e+07	
2.25862e+07	
2.21288e+07	
4.57699e+07	
1.47933e+07	
1.55882e+07	
2.3653e+07	
2.35687e+07	
3.17625e+07	
1.24783e+07	
1.63158e+07	
1.74742e+07	
1.60974e+07	
2.54574e+07	
2.56174e+07	
4.02402e+07	
2.94408e+07	
5.625e+07	
2.74611e+07	
2.8308e+07	
1.79495e+07	
2.03135e+07	
3.62858e+07	
2.92736e+07	
3.09515e+07	
1.36647e+07	
1.48585e+07	
1.56963e+07	
1.98623e+07	
2.86275e+07	
1.25533e+07	
2.05211e+07	
1.96416e+07	
1.50882e+07	
2.67961e+07	
2.21027e+07	
2.57451e+07	
718287	
1.58013e+07	
766823	
2.10091e+07	
3.40627e+07	
740805	
2.59054e+07	
3.31844e+07	
781706	
1.96647e+07	
678755	
731334	
2.96144e+07	
770628	
2.0204e+07	
1.38148e+07	
1.21644e+07	
555975	
1.83512e+07	
2.66302e+07	
1.58099e+07	
2.90218e+07	
2.42045e+07	
1.67795e+07	
3.88068e+07	
2.27003e+07	
3.93077e+07	
2.58997e+07	
1.53785e+07	
1.90634e+07	
1.53593e+07	
2.71859e+07	
2.79741e+07	
2.0086e+07	
2.77203e+07	
2.8986e+07	
3.24059e+07	
4.55086e+07	
1.64918e+07	
2.53898e+07	
2.43916e+07	
1.72771e+07	
1.76048e+07	
2.07769e+07	
1.81667e+07	
1.70056e+07	
1.57883e+07	
1.77977e+07	
3.62898e+07	
1.78444e+07	
1.47946e+07	
3.06633e+07	
2.54068e+07	
1.77242e+07	
1.42536e+07	
2.25033e+07	
3.73514e+07	
3.31102e+07	
2.16289e+07	
2.45011e+07	
3.21754e+07	
1.64777e+07	
3.19741e+07	
2.93877e+07	
1.6249e+07	
3.25017e+07	
1.44561e+07	
1.90816e+07	
1.78404e+07	
1.84762e+07	
1.76326e+07	
1.73038e+07	
5.25615e+07	
2.22686e+07	
1.89376e+07	
2.57187e+07	
3.78725e+07	
1.46646e+07	
3.84301e+07	
3.14938e+06	
3.80303e+07	
3.04211e+07	
2.86064e+07	
3.25508e+06	
3.40176e+07	
1.71859e+07	
1.71001e+07	
1.49818e+07	
2.65901e+07	
1.64246e+07	
4.25081e+07	
2.38022e+07	
4.94925e+06	
2.62251e+07	
4.01897e+07	
1.75203e+07	
1.7237e+07	
1.75612e+07	
1.85255e+07	
2.385e+07	
2.01899e+07	
4.19328e+06	
1.44881e+07	
1.75471e+07	
3.49797e+07	
3.06707e+07	
3.07064e+07	
4.09948e+07	
2.09668e+07	
1.57253e+07	
2.41021e+07	
2.03351e+07	
1.90985e+07	
3.05317e+07	
2.82948e+07	
2.10303e+07	
1.71033e+07	
2.4528e+07	
2.26612e+07	
1.96024e+07	
3.1013e+07	
1.62722e+07	
1.40257e+07	
6.24577e+07	
1.97757e+07	
1.61038e+07	
1.42793e+07	
1.28517e+07	
1.65151e+07	
2.14425e+07	
3.65801e+07	
2.24905e+07	
1.99096e+07	
2.59101e+07	
2.24215e+07	
2.33724e+07	
1.6557e+07	
2.00222e+07	
3.20503e+07	
3.01318e+07	
3.87017e+07	
2.93751e+07	
2.52071e+07	
1.58299e+07	
2.01965e+07	
3.47456e+06	
3.58643e+07	
1.89203e+07	
3.7521e+07	
2.41284e+07	
2.92928e+07	
4.2534e+06	
4.41596e+07	
1.45586e+07	
1.67585e+07	
2.67238e+07	
2.56124e+07	
1.62468e+07	
1.61861e+07	
2.40108e+07	
4.15494e+06	
5.25811e+07	
2.22374e+07	
3.10891e+07	
2.4465e+06	
3.46621e+07	
1.59314e+07	
2.02359e+06	
2.18624e+06	
2.91849e+07	
2.39776e+07	
1.69534e+07	
1.95453e+07	
1.83931e+06	
1.38984e+07	
2.28e+07	
1.47773e+06	
1.48731e+07	
2.58966e+07	
2.0495e+07	
1.59551e+06	
2.86883e+07	
1.4091e+07	
1.65259e+06	
1.8501e+07	
3.97117e+07	
1.72379e+06	
1.73968e+07	
2.85855e+07	
1.52251e+07	
3.06165e+07	
2.89467e+07	
3.66341e+07	
2.05051e+07	
2.67009e+07	
2.75907e+07	
2.80415e+07	
3.14942e+07	
1.67904e+07	
3.48085e+07	
3.79933e+07	
2.86797e+07	
3.01011e+07	
2.89423e+07	
1.47982e+07	
1.94284e+07	
2.28165e+07	
4.54271e+07	
2.49597e+07	
2.04956e+07	
1.74681e+07	
2.40366e+07	
1.43719e+07	
1.57948e+07	
1.45853e+07	
2.1872e+07	
3.50783e+07	
2.46482e+07	
4.48215e+07	
4.87784e+07	
2.04591e+07	
1.67266e+07	
2.54287e+07	
2.81959e+07	
1.76612e+06	
2.60007e+07	
3.54826e+07	
1.76373e+07	
2.61859e+07	
1.64235e+06	
1.46465e+07	
1.43438e+07	
1.76153e+07	
1.75716e+06	
5.19711e+07	
2.6309e+07	
1.84898e+06	
1.9504e+07	
1.88972e+07	
3.62278e+07	
1.71405e+06	
2.94333e+07	
2.7603e+07	
3.78704e+07	
1.6589e+06	
2.45077e+07	
2.46448e+07	
2.78289e+07	
2.71312e+07	
2.94397e+07	
2.0144e+07	
1.653e+07	
2.73867e+07	
1.47179e+07	
3.4707e+07	
1.33392e+07	
2.83034e+07	
1.73151e+07	
1.40573e+07	
2.33305e+07	
4.6261e+07	
3.03705e+07	
3.80998e+07	
6.18292e+07	
1.76947e+07	
3.2757e+07	
1.88125e+07	
2.76579e+07	
2.51324e+07	
1.24833e+07	
1.61828e+07	
1.8819e+07	
1.8089e+07	
2.3706e+07	
4.34585e+07	
1.62647e+07	
3.0059e+07	
2.49553e+07	
2.69807e+07	
2.89122e+07	
1.57616e+07	
1.96237e+07	
2.4554e+07	
3.59605e+07	
2.51655e+07	
1.1928e+07	
2.66134e+07	
1.83704e+07	
2.79923e+07	
4.94531e+07	
2.70217e+07	
2.58512e+07	
4.07877e+07	
1.59378e+07	
3.82924e+07	
1.76159e+07	
3.78183e+07	
2.92523e+07	
1.51976e+07	
1.66343e+07	
2.67223e+07	
4.41229e+07	
2.57363e+07	
5.02743e+07	
1.46353e+07	
3.91356e+07	
4.43159e+07	
2.35855e+07	
2.05463e+07	
3.20055e+07	
1.57166e+07	
1.64115e+07	
1.90357e+07	
2.56584e+07	
2.97175e+07	
1.41247e+07	
3.0355e+07	
2.54521e+07	
2.88023e+07	
2.24794e+07	
2.85198e+07	
1.53948e+07	
2.69587e+07	
2.63531e+07	
3.442e+07	
4.16345e+07	
2.56069e+07	
2.33689e+07	
2.55942e+07	
1.55621e+07	
5.90907e+07	
1.95026e+07	
2.70307e+07	
1.48524e+07	
1.81093e+07	
3.63043e+06	
3.34576e+07	
3.10755e+07	
2.27061e+07	
2.13666e+07	
2.17096e+07	
3.60265e+07	
1.62326e+07	
3.98784e+07	
3.83535e+07	
2.54457e+07	
2.96789e+07	
2.32989e+07	
3.04125e+07	
1.50631e+07	
4.69075e+07	
9.72473e+06	
4.80771e+07	
2.91768e+07	
2.949e+07	
2.95348e+07	
2.75999e+07	
1.53717e+07	
2.91261e+07	
1.86299e+07	
1.50995e+07	
1.73012e+07	
4.18853e+07	
2.36261e+07	
2.58558e+07	
4.91615e+07	
3.30166e+07	
2.29948e+07	
1.44729e+07	
3.43416e+07	
2.53535e+07	
2.65075e+07	
2.04185e+07	
3.21864e+06	
2.44046e+07	
1.57628e+07	
1.62299e+07	
2.36037e+07	
3.37792e+07	
1.49781e+07	
1.83499e+07	
1.52164e+07	
1.7142e+07	
4.453e+07	
3.01422e+07	
3.61288e+07	
2.5307e+07	
2.94468e+07	
2.52652e+07	
3.65992e+07	
3.78465e+07	
2.70762e+07	
1.47562e+07	
1.90861e+07	
2.49977e+07	
3.8479e+07	
2.56213e+07	
3.45502e+07	
2.58681e+07	
1.94676e+07	
2.50332e+07	
2.56817e+07	
1.62053e+07	
2.24422e+07	
3.20381e+07	
6.0405e+07	
3.66452e+07	
1.95769e+07	
2.67651e+07	
1.42103e+07	
1.84051e+07	
4.51753e+07	
1.68661e+07	
2.39397e+07	
2.82636e+07	
3.27364e+07	
4.14094e+07	
2.45058e+07	
2.46241e+07	
5.83278e+07	
1.88934e+07	
2.47529e+07	
2.86408e+07	
3.21262e+07	
1.40907e+07	
2.05182e+07	
1.9639e+07	
1.78031e+07	
1.79785e+07	
2.47423e+07	
3.51334e+07	
2.74793e+07	
1.89911e+07	
3.63964e+07	
1.77511e+07	
2.96975e+07	
2.52431e+07	
4.09781e+07	
3.83679e+07	
2.36533e+07	
2.60721e+07	
1.3714e+07	
1.87235e+07	
3.37411e+07	
1.38709e+07	
2.19814e+07	
2.68009e+07	
3.15453e+07	
2.34485e+07	
3.87928e+07	
3.2681e+07	
1.85382e+07	
3.46583e+07	
1.66835e+07	
2.31637e+07	
1.75411e+07	
1.768e+07	
4.00482e+07	
1.88629e+07	
3.64097e+07	
3.17241e+07	
1.77798e+07	
3.71067e+07	
2.59713e+07	
1.64065e+07	
3.44325e+07	
2.51885e+07	
1.86489e+07	
4.57661e+07	
2.75505e+07	
1.71584e+07	
2.4004e+07	
2.7392e+07	
1.64504e+07	
3.61276e+07	
5.87067e+07	
3.31308e+07	
1.82606e+07	
3.14947e+07	
2.32842e+07	
1.8027e+07	
1.69084e+07	
4.08623e+07	
3.73494e+07	
3.04389e+07	
3.71396e+07	
1.82722e+07	
3.77635e+07	
1.687e+07	
1.53772e+07	
3.21116e+07	
1.82257e+07	
1.66076e+07	
3.65726e+07	
1.43474e+07	
2.21717e+07	
1.93749e+07	
1.70238e+07	
2.48519e+07	
1.78282e+07	
6.39053e+07	
3.54208e+07	
3.54713e+07	
2.15356e+07	
2.26698e+07	
4.00799e+07	
4.13819e+07	
2.58746e+07	
3.32299e+07	
1.73571e+07	
1.95455e+07	
3.40507e+07	
1.59767e+07	
1.92546e+07	
3.04454e+07	
2.87373e+07	
3.92721e+07	
4.15794e+07	
1.94884e+07	
1.31965e+07	
2.18567e+07	
3.23954e+07	
2.13936e+07	
3.05098e+07	
3.17084e+07	
2.44232e+07	
2.09981e+07	
1.51685e+07	
1.57132e+07	
3.62175e+07	
2.37677e+07	
3.86121e+07	
2.33527e+07	
2.15773e+07	
3.73688e+07	
5.76791e+07	
3.54685e+07	
3.62019e+07	
3.69588e+07	
1.48315e+07	
2.82702e+07	
3.44707e+07	
2.60187e+07	
2.41124e+07	
1.97641e+07	
2.11642e+07	
1.79947e+07	
5.24153e+07	
2.43456e+07	
4.6736e+07	
3.61202e+07	
1.61018e+07	
2.80343e+07	
1.62965e+07	
3.1655e+07	
3.02332e+07	
3.25827e+07	
2.0262e+07	
3.99955e+07	
4.04773e+07	
3.54775e+07	
3.77321e+07	
2.73567e+07	
4.20864e+07	
3.06333e+07	
2.4719e+07	
1.64771e+07	
1.93189e+07	
3.98081e+07	
2.08964e+07	
1.90986e+07	
2.53318e+07	
2.07385e+07	
2.73864e+07	
3.67017e+07	
2.6936e+07	
3.61876e+07	
3.4329e+07	
2.50568e+07	
3.67846e+07	
6.23369e+07	
2.76458e+07	
2.95014e+07	
2.99004e+07	
1.62686e+07	
3.56165e+07	
2.02062e+07	
3.21745e+07	
2.66885e+07	
2.48856e+07	
3.76288e+06	
4.71194e+07	
4.00786e+07	
5.67336e+07	
3.45366e+07	
1.71116e+07	
3.37121e+07	
2.52992e+07	
3.01954e+07	
2.69279e+07	
3.87945e+07	
2.82685e+07	
2.57291e+07	
2.60245e+07	
5.07933e+07	
3.72881e+07	
3.48025e+07	
3.94453e+07	
1.5525e+07	
2.73641e+07	
1.50817e+07	
3.84926e+07	
3.32511e+07	
2.7353e+07	
3.64399e+07	
2.08564e+07	
1.91062e+07	
2.828e+07	
1.65117e+07	
3.12152e+07	
1.49302e+07	
2.58534e+07	
3.07886e+07	
2.24812e+07	
2.1335e+07	
3.39235e+07	
1.7437e+07	
2.59582e+07	
2.58479e+07	
3.35205e+07	
1.55088e+07	
1.72896e+07	
2.52847e+07	
5.06306e+07	
2.63196e+07	
3.26747e+07	
4.19972e+07	
3.80596e+07	
3.34503e+07	
4.56883e+07	
1.80223e+07	
3.70916e+07	
3.86854e+07	
2.8482e+07	
2.90034e+07	
2.48455e+07	
2.49934e+07	
3.79693e+07	
3.5597e+07	
1.64777e+07	
1.70326e+07	
1.50588e+07	
3.0715e+07	
5.60965e+07	
2.53977e+07	
5.12676e+07	
1.95395e+07	
3.31835e+07	
2.74332e+07	
1.77404e+07	
1.58227e+07	
3.06589e+07	
2.32368e+07	
1.87389e+07	
1.53535e+07	
3.19038e+07	
3.08641e+07	
2.97399e+07	
3.29428e+07	
1.43378e+07	
2.95019e+07	
2.62387e+07	
4.11322e+07	
6.1204e+07	
3.05495e+07	
3.13645e+07	
1.48724e+07	
2.97217e+07	
3.68504e+07	
3.43083e+07	
3.16179e+07	
1.44711e+07	
3.21226e+07	
1.93153e+07	
1.45946e+07	
1.50766e+07	
3.09967e+07	
2.82848e+07	
6.33881e+07	
1.45446e+07	
2.53096e+07	
3.53611e+07	
4.98499e+07	
2.82959e+07	
3.15364e+07	
5.48325e+07	
2.93904e+07	
3.82324e+07	
3.87102e+07	
2.61841e+07	
1.46783e+07	
2.0341e+07	
3.44911e+07	
3.37094e+07	
3.65065e+07	
3.12644e+07	
1.37456e+07	
3.10142e+07	
2.77993e+07	
1.783e+07	
2.76347e+07	
3.1482e+07	
2.16931e+07	
2.91991e+07	
3.39689e+07	
5.9797e+07	
2.39389e+07	
1.55229e+07	
3.62963e+07	
1.73758e+07	
3.16795e+07	
1.67441e+07	
4.88281e+07	
3.64837e+07	
3.10984e+07	
3.06316e+07	
2.16134e+07	
5.31479e+07	
1.85252e+07	
6.32087e+07	
1.61787e+07	
2.84624e+07	
1.74678e+07	
1.832e+07	
3.36746e+07	
2.08905e+07	
1.652e+07	
3.50278e+07	
1.70562e+07	
3.04767e+07	
3.02115e+07	
3.53651e+07	
3.17356e+07	
1.70343e+07	
2.56483e+07	
5.85818e+07	
4.88499e+07	
2.10063e+07	
1.67754e+07	
2.8579e+07	
3.52079e+07	
5.24325e+07	
1.62636e+07	
1.57223e+07	
2.9759e+07	
3.37241e+07	
6.09906e+07	
1.60662e+07	
2.58546e+07	
4.83588e+07	
3.43964e+07	
1.57399e+07	
2.24219e+07	
3.28633e+07	
3.16606e+07	
3.33799e+07	
5.72446e+07	
2.17042e+07	
1.59235e+07	
2.56967e+07	
2.54803e+07	
2.21552e+07	
1.81279e+07	
4.06377e+07	
4.64752e+07	
1.38893e+07	
1.64126e+07	
1.36141e+07	
5.62961e+07	
6.03624e+07	
1.61538e+07	
1.49881e+07	
5.50528e+07	
2.95477e+07	
5.79552e+07	
5.35179e+07	
5.83147e+07	
5.0999e+07	
5.80212e+07	
1.6969e+07	
1.54262e+07	
3.06013e+07	
1.37419e+07	
