-3731.79	
3448.69	
8422.17	
1971.96	
7391.2	
5267.22	
-1980.19	
6633.7	
-605.784	
1822.8	
4357.7	
8292.98	
562.788	
7227.06	
5504.7	
561.039	
791.591	
2870.83	
147.517	
5213.24	
524.967	
-2528.94	
702.967	
-2323.06	
-162.41	
1354.36	
538.675	
1915.89	
-154.428	
-92.9372	
663.515	
-3450.71	
-337.326	
4057.3	
1565.76	
4955.99	
6970.29	
4120.51	
-872.891	
352.865	
-2535.15	
1587.25	
442.775	
714.887	
438.619	
5687.01	
9452.46	
2385.44	
1187.85	
3393.91	
3089.4	
-244.221	
10621.4	
15561.1	
7134.07	
6631.48	
1561.81	
2187.37	
2370.92	
1714.41	
-2996.86	
-14.0989	
3023.82	
14119.2	
-4345.31	
1333.41	
-1542.62	
3428.34	
-1494.67	
2434.68	
4800.47	
3699.33	
6557.97	
-294.302	
2287.19	
9147.62	
177.701	
-4762.39	
10.0526	
3556.68	
-5015.57	
466.299	
-23.3795	
579.089	
735.157	
2986.87	
-179.11	
-322.378	
3934.61	
-492.522	
1632.13	
2508.97	
-2191.65	
280.426	
531.62	
2025.16	
-315.103	
10555.3	
-393.162	
2948.33	
6960.47	
1907.09	
8345.62	
8139.25	
3043.54	
-1567.88	
3888.58	
3824.62	
-4890.96	
6277.27	
4071.2	
8825.09	
407.49	
5127.87	
5960.4	
8452.14	
4854.02	
2879.04	
368.673	
-29.224	
5849.66	
1151.33	
513.509	
4638.18	
3644.13	
2621.65	
8629.09	
2587.95	
-753.994	
4259.53	
1114.9	
8486.63	
2612.21	
2225.3	
7549.45	
5255.93	
-127.272	
-245.015	
280.055	
-952.734	
4591.72	
88.5143	
7944.01	
1818.93	
3987.74	
-282.971	
5766.78	
1745.73	
3175.53	
3219.83	
4799	
5474.15	
7028.29	
-603.57	
9092.8	
-885.12	
-2378	
1988.63	
6683.49	
-741.106	
2287.95	
3368.09	
-2712.8	
-1078.18	
3715.57	
1668.61	
10628	
5266.46	
1086.47	
2998.73	
1511.47	
2489.97	
6979.16	
-280.098	
4385.61	
795.673	
435.978	
1999.42	
2282.73	
2675.47	
-1603.33	
519.409	
6723.13	
5292.7	
5514.91	
556.036	
5968.57	
642.009	
4047.29	
1499.38	
9897.47	
7287.75	
1321.62	
1232.79	
507.899	
3621.36	
-2646.68	
2720.19	
-1445.07	
-4477.65	
2710.85	
1561.92	
1286.48	
-279.127	
7134.89	
6480.23	
1265.77	
-304.151	
2652.14	
2154.69	
-3604.94	
11002.4	
3700.76	
6301.77	
7198.35	
3918.77	
-1313.42	
5734.03	
3424.74	
3659.3	
7957.39	
-66.249	
2647.16	
3231.38	
3386.23	
3482.96	
4066.39	
95.734	
4530.24	
3924.01	
1517.15	
-5251.06	
6439.58	
2954.55	
5202.08	
-3359.08	
-452.184	
1263.57	
4039.49	
-203.786	
123.319	
673.489	
-1490.51	
462.064	
-107.423	
-26.5274	
-555.644	
-1587.96	
2401.34	
-553.652	
2902.21	
-789.642	
-34.4057	
3398.78	
9609.77	
9183.45	
238.725	
3243.17	
617.616	
-576.806	
-4966.53	
-3470.58	
125.911	
3700.5	
5758.76	
4556.58	
1798.54	
8192.14	
-980.295	
2046.05	
-355.258	
5952.47	
5101.34	
788.608	
2567.8	
-4868.52	
7323.76	
8940.64	
7561.64	
4540.85	
5000.01	
585.431	
166.709	
6622.84	
5677.27	
4640.48	
1639.19	
2565.23	
3452.87	
-6447.26	
3837.64	
7798.66	
4767.04	
1068.72	
4946.09	
8363.97	
1461.51	
-1972.16	
-823.517	
-1046.07	
489.077	
1008.95	
5502.68	
5442.18	
403.764	
-248.083	
-1126.72	
6331.93	
-559.359	
-489.069	
-2051.76	
-4462.42	
961.574	
5595.56	
-76.0311	
210.113	
-392.522	
6579.8	
9959.56	
3969.39	
1289.34	
8524.69	
-221.298	
2032.69	
-2066.71	
6676.8	
2175.85	
1087.18	
7217.17	
1164.37	
-7101.95	
121.422	
6085.96	
-988.605	
-1078.05	
-2679.92	
7278.11	
5618.14	
8104.2	
-4914.77	
2410.74	
2878.06	
10046.8	
4984.2	
2669.14	
2683.98	
-1594.13	
4270.78	
3052.6	
4089.09	
889.465	
-3998.3	
-939.7	
2287.98	
7170.26	
4695.8	
3693.04	
3656.41	
6458.4	
2348.6	
1572.14	
759.983	
5124.24	
5002.62	
4880.16	
15923.2	
10308.9	
489.52	
5622.26	
1911.57	
2693.01	
400.813	
6017.3	
4791.28	
1460.1	
4031.12	
2255.98	
2721.9	
4041.26	
4071.25	
2484.21	
3466.38	
4301.07	
3232.07	
6058.69	
-83.7315	
6077.32	
-3217.21	
6284.7	
-69.4013	
-1293.14	
4669.81	
3615.1	
1564.51	
4370.29	
2512.44	
8048.47	
1026.51	
3267.1	
3719.12	
7065.62	
8680.72	
857.991	
9418.39	
770.749	
2868.5	
11425.9	
7704.09	
9812.53	
-8778.22	
4633.92	
-2224.72	
2705.55	
7270.16	
11160.4	
1911.9	
5887.34	
5084.54	
5107.72	
883.641	
-1563.71	
407.719	
-3547.57	
-471.57	
1645.08	
1553.35	
9334.93	
1259.88	
13368.6	
-4004.48	
6476.96	
-1764.69	
3005.65	
-1807.98	
2124.52	
3198.43	
-5519.61	
483.32	
-1959.51	
4037	
2623.32	
9421.05	
4216.76	
-805.677	
2195.17	
4774.85	
922.701	
3152.74	
1314.84	
-123.668	
5192.21	
636.961	
-1570.6	
-716.315	
7066.45	
-1539.85	
5424.98	
-149.166	
-12.004	
7299.74	
1875.85	
-2682.57	
862.796	
-2918.12	
6085.32	
-533.471	
2323.94	
-3091.07	
3262.65	
2738.11	
-4834.2	
-475.136	
3256.66	
-1906.32	
13414.4	
1479.15	
1842.97	
-516.806	
10283.3	
2410.52	
3349.26	
5362.25	
10538.1	
-3036.61	
5744.4	
-4029.39	
1933.05	
4283.27	
845.829	
4311.65	
2021.35	
4543.96	
5424.31	
853.502	
5592.89	
6656.71	
2518.91	
2127.63	
4197.11	
3647.69	
1105.47	
-2129.3	
519.109	
1463.11	
3885.51	
-1010.88	
8920.45	
-481.658	
6206.57	
4799.68	
-5024.72	
6506.82	
5753.38	
946.189	
1005.43	
5851.62	
3864.06	
1018.84	
2657.49	
410.997	
2590.09	
56.1861	
4506.95	
2404.93	
-1091.84	
10049.6	
3433.31	
1429.56	
-3384.86	
-795.238	
81.0835	
-784.508	
3842.32	
-1115.76	
677.721	
7376.67	
75.4936	
5981.79	
4453.99	
3805.8	
214.214	
-114.645	
1640.36	
9423.99	
15305.9	
3787.62	
5616.04	
-195.461	
2756.54	
1299.08	
7797.36	
3486.92	
1949.8	
4227.03	
1189.39	
2909.04	
2281.6	
5405.76	
145.067	
771.565	
-605.714	
6625.8	
1721.42	
3180.3	
4724.13	
-7007.56	
-105.101	
-2284.83	
3809.22	
6847.27	
3552.75	
5974.55	
5563.57	
-2121.16	
8701.28	
3317.69	
1887.32	
8795.05	
8270.92	
3552.2	
7146.17	
1539.49	
-4406.48	
3437.17	
-1091.75	
-2689.98	
-2977.43	
464.805	
4755.37	
635.799	
3849.77	
6760.02	
-346.117	
6252.39	
2860.84	
3830.72	
1210.3	
3527.18	
-23.4467	
-1800.88	
-1114.57	
5063.25	
3241.62	
6589.13	
1652.25	
8757.15	
5425.34	
2069.89	
-1243.68	
2974.31	
-8891.14	
2068.74	
10222.2	
7506.18	
4203.09	
3408.74	
6536.02	
7826.32	
2407.08	
5739.41	
3894.97	
8566.39	
1810.81	
12604.1	
7621.64	
3519.4	
1396.97	
3421.39	
1940.47	
-1208.6	
-2471.54	
-1231.52	
-919.43	
4147.88	
6083.18	
8429.67	
6645.05	
2702.82	
3685.18	
8308.59	
-2323.87	
5542.09	
1120.4	
1233.1	
4563.96	
-1986.37	
3793.03	
-2033.55	
6270.12	
8579.53	
-1452.15	
3327.55	
2085.06	
-1190.38	
6940.26	
4466.44	
7124.8	
2177.87	
-8642.38	
7666.77	
-875.84	
2337.92	
2611.48	
394.581	
-5005.59	
378.659	
-906.129	
7495.58	
4390.01	
3031.12	
4787.09	
508.407	
15351.1	
908.758	
1163.68	
3171.57	
-2855.15	
2551.53	
10168.7	
5177.47	
4208.82	
-160.272	
6918.14	
3313.08	
7236.27	
5199.16	
5678.55	
1765.38	
7410.56	
852.107	
7213.31	
1880.7	
6.6041	
1635.36	
4120.57	
5084.1	
11.9874	
-2147.23	
3712.5	
4152.53	
2757.54	
-3132.77	
1292.57	
2980.06	
7998.02	
6877.72	
1766.1	
-233.359	
-4611.42	
2405.87	
1758.36	
5288.9	
3924.76	
4851.02	
5481.31	
10595.3	
7908.93	
-3140.76	
6864.82	
-1950.71	
-3027.27	
4025.28	
-4401.38	
8994.59	
-1012.79	
2227.26	
1210.65	
3545.57	
1381.01	
6331.43	
5743.4	
3167.96	
1867.06	
-298.589	
3760.77	
4553.77	
-845.696	
4205	
582.657	
1385.46	
1678.17	
5599.65	
2168.08	
5007.85	
12262.2	
4569.48	
1092.54	
-4299.18	
5517	
9695.25	
5419.43	
3148.89	
3030.01	
-1599.33	
5048.36	
4868.86	
6187.88	
-3741.82	
2681.74	
4223.09	
2851.75	
3455.84	
3194.55	
5506.78	
5628.18	
402.198	
1711.82	
6974.55	
-4890.8	
771.786	
4828.12	
1048.02	
3027.76	
7906.7	
2135.22	
1869.79	
-153.763	
3257.08	
969.903	
11845.8	
2582.88	
4053.96	
3154.25	
2566.63	
311.455	
-2438.84	
3281.02	
5054.45	
2695.34	
-1475.24	
3598.51	
7007.36	
7748.99	
492.156	
3254.13	
495.741	
2334.38	
6285.12	
4809.34	
6258.82	
-1692.72	
12975.1	
-3389.1	
7690.21	
2123	
5133.13	
680.71	
1951.97	
3740.4	
-1475.86	
-2449.95	
3851.39	
1520.46	
598.629	
2236.29	
1434.42	
2056.89	
9112.82	
5128.78	
70.1995	
-233.894	
14311.2	
12990.2	
9090.92	
1421.91	
-1390.72	
6084	
216.846	
377.523	
3682.2	
2407.82	
1994.9	
5485.95	
1783.71	
6462.07	
824.339	
3965.28	
-955.636	
-2677.14	
2714.24	
1415.82	
14021.8	
9110.31	
5046.34	
172.479	
3343.03	
2021.06	
-6526.02	
-3531.49	
3417.64	
15409.7	
2029	
-2664.92	
3290.37	
5534.59	
11082	
5010.98	
-1398.09	
-304.57	
9483.09	
8994.99	
8449.69	
-899.092	
12206	
3783.05	
1206.33	
4495.07	
-1712.2	
-1390.23	
