-8070.96	
-16882	
-20833.2	
-927.58	
-15539.4	
-12438.9	
-14470.2	
-21537.2	
-10401	
-8634.57	
-18355.2	
-24323.3	
-6907.96	
-20389.4	
-10379.6	
-241.199	
-522.214	
-9010.87	
-133.871	
-11808.8	
-708.903	
-11645.5	
-17170.8	
-15378.7	
-49.4003	
-6624	
-213.057	
-11077.4	
-1225.94	
-454.428	
-13141.2	
-27672	
-409.674	
-22891.4	
-1807.82	
-13520.3	
-12067.4	
-11998.6	
-11161.4	
-7934.99	
-24732.9	
-16057.4	
-23839.9	
-11377.9	
-6889.89	
-19154.2	
-19712.9	
-26151.8	
-5702.74	
-11691.2	
-9029.28	
-9077.49	
-12740.2	
-17893	
-28543.8	
-23823.5	
-31336.7	
-19117.5	
-12160.3	
-5255.16	
-5116.29	
-20466.4	
-21016.9	
-17305.8	
-4270.73	
-6659.75	
-8405.99	
-11114.2	
-12450.1	
-2551.29	
-11555.8	
-11778.5	
-11069.4	
-18564.1	
-15166.7	
-18376.2	
-1067.04	
-9545.73	
-683.512	
-17312	
-17493.1	
-500.986	
-14031.4	
-17468.3	
-434.919	
-13910.2	
-1543.1	
-137.667	
-19986.1	
-1391.34	
-19431.2	
-6790.01	
-4399.21	
-267.611	
-8894.25	
-20511.8	
-8697.65	
-18659.6	
-18132	
-7686.76	
-19069	
-22615.3	
-18026.3	
-23979.3	
-11020.3	
-14923.4	
-8029.8	
-10385.3	
-16353.3	
-9617.95	
-14263.4	
-15234.3	
-15949.5	
-15019.5	
-8477.26	
-22256	
-20980.8	
-14831	
-10480.7	
-14573.8	
-17516.7	
-7417.79	
-10473.9	
-11995.5	
-18365.4	
-12618.5	
-12161.8	
-28025.4	
-7557.47	
-13670	
-6739.1	
-17524.1	
-13921.8	
-16576	
-15343.7	
-21635	
-13081	
-8497.77	
-24072.5	
-14083.1	
-3210.25	
-15901.5	
-12000.7	
-15927.9	
-10402.3	
-9746.61	
-8146.62	
-9300.98	
-32060.3	
-21718.2	
-14257.1	
-15798.8	
-21787.5	
-8727.31	
-22195.2	
-725.598	
-17148.5	
-31394	
-30301.7	
-3062.07	
-17432.8	
-15880.4	
-10586.2	
-4634.65	
-14313.1	
-6686.65	
-29995.4	
-16028.5	
-4484.8	
-22719.8	
-26514	
-14315.3	
-12955.8	
-5439.22	
-18332.3	
-16418.2	
-14895.6	
-4930.1	
-7587.6	
-14580.2	
-15053.9	
-16926.7	
-11552.8	
-19486.8	
-14423.7	
-11095.8	
-16335.6	
-11458.5	
-11908.1	
-23702.8	
-18663.2	
-12370.8	
-4471.94	
-13618.3	
-14799.9	
-14178	
-18814.8	
-13909.6	
-6220.59	
-25425.3	
-14786.6	
-10517.9	
-9673.27	
-10087.7	
-10750.4	
-5785.94	
-31482.9	
-16514.5	
-9530.66	
-12748.6	
-16093.4	
-15329.6	
-12028.6	
-9107.82	
-21998.1	
-18082.8	
-24725.3	
-16165.6	
-17699.5	
-13823.1	
-13408.9	
-1629.88	
-20584.8	
-8139.46	
-22063	
-18848.3	
-16724.8	
-1041.19	
-31485.2	
-8565.86	
-10908.3	
-13963.2	
-13256.6	
-11165.6	
-13345.8	
-11225.5	
-3973.47	
-29893.8	
-16315	
-19433.1	
-2864.96	
-12163.2	
-9754	
-772.482	
-2502.21	
-15105.5	
-15344.4	
-12236.8	
-5288.05	
-618.02	
-8841.14	
-15784.2	
-1296.05	
-9551.24	
-14450.2	
-20175	
-1048.92	
-9622.61	
-12427.3	
-610.732	
-7962.42	
-27035.6	
-2646.48	
-12789.5	
-14679	
-16210	
-11576.9	
-10031.7	
-21770.5	
-11257.9	
-14447.8	
-23213.1	
-16008.6	
-18230.7	
-11749.8	
-18961	
-20976.7	
-23981.4	
-17472.9	
-28950.2	
-7994.54	
-16895	
-12569.1	
-34605.2	
-11293.6	
-14321.7	
-16290.8	
-23262.9	
-5300.26	
-13405.2	
-9053.14	
-15784.3	
-24333	
-17196.8	
-24329.3	
-35888.8	
-9972.16	
-10904.4	
-20168.8	
-19582.8	
-2557.86	
-15246.5	
-24139	
-12606.5	
-17193.8	
-980.94	
-8498.14	
-9634.69	
-12584	
-2500.9	
-19981.6	
-8048.4	
-3311.93	
-13150.4	
-11983.3	
-21061.1	
-975.688	
-14397.6	
-13288.7	
-25090	
-2286.93	
-22450.8	
-18738.5	
-25389.3	
-11845.2	
-9781.91	
-11025.9	
-10095.5	
-21192.4	
-4690.37	
-19094.5	
-12188	
-17742.6	
-6873.07	
-9491.84	
-18333.5	
-35087.8	
-19237.7	
-10701.9	
-38865.9	
-11722.4	
-9754.05	
-16708.5	
-15899.4	
-17838.5	
-14129	
-7331.47	
-9418.64	
-11638.7	
-9564.3	
-22028.5	
-6525.44	
-16393.9	
-12661.9	
-11600	
-17587.2	
-12335.1	
-17320	
-20525	
-17122.3	
-16635.5	
-5998.5	
-10682	
-14890	
-22446.9	
-39968.2	
-21764.1	
-11718	
-15894.9	
-4144.83	
-31793.9	
-5984.17	
-20930.8	
-18717.1	
-4566.13	
-14339.9	
-18831.7	
-32006.3	
-17824.8	
-32188.9	
-9608.68	
-26923.5	
-32881.7	
-21462.2	
-11729.5	
-14953	
-8730.61	
-7873.56	
-15138.7	
-16278	
-16120.2	
-2917.78	
-11838.9	
-14770.5	
-11655.6	
-14583	
-20095.8	
-6624.75	
-17215.4	
-9042.21	
-19120.3	
-13725.5	
-11745.3	
-17360.8	
-15039.2	
-8328.89	
-23243.7	
-18949	
-16813.3	
-8725.99	
-14786.1	
-1881.5	
-18985.2	
-20875.7	
-20890	
-15429.5	
-20664.8	
-24778.7	
-10712.2	
-15585.5	
-23079.4	
-9863.45	
-15945.5	
-14574.3	
-16845.8	
-8592.77	
-29938.8	
-7321.79	
-33353.2	
-19629.8	
-22644.3	
-22049.8	
-19040.9	
-8221.62	
-14869.6	
-13773.8	
-13193.1	
-10042.4	
-27873.9	
-19727.7	
-14552.9	
-28718.3	
-9574.47	
-14966.8	
-10017.4	
-18819	
-8008.26	
-19225	
-16291.7	
-2678.75	
-18943.2	
-8399.17	
-8089.72	
-9646.45	
-19717.2	
-3040.58	
-12048.9	
-5565.13	
-15520.8	
-34276.9	
-19507.5	
-22752.9	
-18439	
-18584.8	
-15168.3	
-21819.7	
-14589.1	
-18957.2	
-9219.22	
-17130	
-15069.4	
-27435.9	
-16747.3	
-17029.3	
-16011.7	
-11899.7	
-7834.58	
-15905.2	
-10385.8	
-12158.6	
-23660.8	
-36196.8	
-26064.3	
-10555.9	
-15567	
-7319.7	
-8971.17	
-35116	
-10963.1	
-20321.6	
-18992.3	
-18924.8	
-16225.4	
-12855.1	
-15047.7	
-28465.6	
-18406.8	
-12437.9	
-13994.8	
-14169.1	
-6009.29	
-10812.4	
-9171.02	
-11267.6	
-12251.8	
-23150.8	
-19326.3	
-21298	
-14593.3	
-20856.5	
-10468.5	
-11709.8	
-13848.7	
-19541.9	
-22388.6	
-20239	
-18738.1	
-6757.58	
-11287.7	
-13598.6	
-4816.63	
-13672.1	
-15536.7	
-16464.1	
-22821.2	
-29446.2	
-18599	
-16175.5	
-15458.1	
-5539.73	
-10751.8	
-7299.49	
-13543.4	
-24370.9	
-14288.8	
-26147.1	
-28384.7	
-10822.8	
-19447.5	
-14651.6	
-6785.36	
-21823.7	
-19154.6	
-15719.4	
-35892.4	
-16936.4	
-10781.8	
-18573	
-13013	
-6341.11	
-18488.2	
-33912	
-20274.5	
-13072.3	
-13748.5	
-13230.2	
-12426	
-12795.9	
-23002.9	
-30044.9	
-14879.4	
-31614.6	
-5974.62	
-16804	
-8702.56	
-5133.49	
-21598.2	
-3571.31	
-14854.7	
-27422.5	
-10386.9	
-15522.6	
-16039.5	
-10997.7	
-19728.5	
-18908.5	
-30905.4	
-20920.7	
-20768.4	
-14097.3	
-16113.4	
-17491.6	
-27010.2	
-10556.9	
-18947.2	
-14091.1	
-10988.4	
-18076.6	
-12019.4	
-10865.4	
-21447	
-18595.1	
-18513.6	
-32210.3	
-8112.07	
-5064.21	
-14684.3	
-11727.8	
-13768.6	
-15848.8	
-19296	
-11685.7	
-17673.8	
-11743.7	
-9173.8	
-29262.3	
-8365.51	
-12527.1	
-17520.5	
-7816.51	
-25847.2	
-29165	
-26872.8	
-25714.8	
-25489	
-12422.7	
-19354.9	
-19555.1	
-15444.6	
-10817.4	
-17314.9	
-16807.6	
-8745.78	
-36123.8	
-21436.7	
-37986.2	
-24002.1	
-10602.9	
-22992.8	
-9874.92	
-21372.4	
-18737.2	
-15421.2	
-12309.6	
-20185.1	
-31838.5	
-26827.2	
-19105.6	
-18106.3	
-34717.1	
-26734.1	
-13950.8	
-10800.6	
-11258.1	
-18991.8	
-8993.17	
-14614.4	
-18306.7	
-7638.82	
-21019.6	
-12621.1	
-10220.1	
-21649	
-20218.6	
-23969.3	
-15627.6	
-42735.5	
-16206.6	
-18070.1	
-22973.2	
-12127.7	
-20537.7	
-16040.8	
-15502.6	
-14763.6	
-17639	
-405.79	
-38409.1	
-24426.2	
-30564.1	
-25759.4	
-12827.7	
-32317.8	
-12554.9	
-14348.5	
-14335.3	
-15601.9	
-14587.6	
-10700.1	
-15883.7	
-23810.2	
-19033.8	
-31492	
-32182.3	
-11018.1	
-14788.2	
-3763.09	
-13492.4	
-20907.1	
-27140.5	
-20711.6	
-9233.05	
-12132.6	
-15446.8	
-8525.8	
-19891	
-10594	
-18583.8	
-19633.2	
-7218.33	
-14871.2	
-20702.4	
-7323.75	
-19184.2	
-21736.1	
-25318.9	
-13090.8	
-9231.39	
-11830.7	
-34257.2	
-17932	
-14465	
-21242.3	
-22530.4	
-21856.3	
-30716.6	
-17709.7	
-23489.6	
-30699.2	
-16680.5	
-15446.8	
-14633.7	
-15997.9	
-21411.3	
-18788.9	
-12667.2	
-15144.1	
-2474.59	
-16583.5	
-43140.1	
-22819	
-25811.2	
-12482.4	
-18378.5	
-21261.8	
-8904.02	
-11588.4	
-14625.2	
-13617.1	
-13714.1	
-8912.55	
-17144.6	
-15443	
-16197.4	
-25347	
-3339.49	
-17212.9	
-5662.13	
-23902.1	
-28404.3	
-15563.1	
-15879.4	
-10310.8	
-23338.1	
-13621.1	
-15192.1	
-21029	
-4234.49	
-14403.4	
-12667.2	
-14575.2	
-9698.06	
-14288.3	
-14740.5	
-42199.7	
-8133.24	
-12835.2	
-16390.1	
-22898.2	
-16999.7	
-27172.4	
-30435.6	
-9987.11	
-23088.2	
-28861.4	
-13035.3	
-6464.5	
-15445.7	
-25909.6	
-13326.6	
-15875.3	
-18691.6	
-6541.59	
-19680.8	
-22882.7	
-7988.66	
-20140.5	
-27539.3	
-17489.8	
-17186	
-20567.7	
-26646.3	
-11797.1	
-10960.8	
-23757.5	
-6749.68	
-16431.1	
-7797.76	
-25037.6	
-19512.9	
-17083	
-19558.8	
-18291.6	
-16743	
-12358.9	
-31546.7	
-6735.89	
-11870.9	
-7870.72	
-5456.99	
-12208.7	
-15517.1	
-6590.03	
-26259.2	
-6973.21	
-17266.1	
-18714.4	
-21004.3	
-17401.8	
-5361.33	
-13879.7	
-27625.2	
-28817.5	
-20734.3	
-15275.1	
-14688.2	
-16655.5	
-23026.6	
-8605.14	
-5853.35	
-5690.33	
-27207.7	
-36120.9	
-10184.5	
-17771.8	
-23748.6	
-18367	
-12923.5	
-14477.7	
-12802.3	
-953.866	
-27519	
-31026.6	
-16268.9	
-8721.44	
-13364.5	
-17576.8	
-14203.2	
-4546.3	
-22166	
-22245.6	
-11679.2	
-7774.16	
-11779.2	
-23162.7	
-31396.8	
-7137.11	
-6325.27	
-32975.9	
-9433.8	
-35557.2	
-27500.6	
-32983.5	
-29819.5	
-35517.9	
-6909.5	
-11526.7	
-15049.1	
-4409.31	
