ibin	iptbin	itheta	r0	V	sigma2	chi	Vn Errors
0	0	0	0.1043	0.0521	2546.6417	0.4570	0.0030
0	0	1	0.1159	0.0469	2546.6417	0.4113	0.0027
0	0	2	0.1096	0.0496	2546.6417	0.4348	0.0029
0	0	3	0.1090	0.0498	2546.6417	0.4373	0.0029
0	0	4	0.1029	0.0528	2546.6417	0.4629	0.0031
0	0	5	0.1020	0.0532	2546.6417	0.4671	0.0031
0	0	6	0.1020	0.0532	2546.6417	0.4671	0.0031
0	0	7	0.1046	0.0519	2546.6417	0.4554	0.0030
0	0	8	0.1051	0.0517	2546.6417	0.4534	0.0030
0	0	9	0.1074	0.0506	2546.6417	0.4436	0.0029


ibin	iptbin	avgmult	avgpt	Vn mean	Vn mean Error
0	0	442.6922	0.9099	0.0512	0.0014

ibin	Nevent	totmultall	avgmultall	avgtrk
0	8960440.0000	3966716761.0000	442.6922	196.6406

