279
74.2939	0.402084	129.423	0.716727	55.828	1.2159	24.4158	1.7181	10.9211	2.21821	5.24731	2.72423	75404

83736

639
74.1017	0.402064	128.959	0.717043	56.3333	1.2146	24.8498	1.7174	11.2926	2.21972	5.29264	2.71675	173110

192230

228
301
72.7588	0.402732	129.031	0.717661	55.9781	1.21658	24.7763	1.71739	11.3202	2.2166	5.19298	2.72351	61715

68185

213
303
447
588
497
73.7874	0.401824	128.668	0.716643	56.402	1.21655	24.2093	1.71722	11.3488	2.21941	5.36545	2.72765	81230
300

407
506
90234

686
426
647
269
432
73.7981	0.401904	127.254	0.718007	56.7512	1.21368	25.4038	1.71346	11.3474	2.21785	5.0892	2.71531	57621

63824

73.7324	0.401452	128.32	0.717924	55.8873	1.21483	25.2254	1.71784	11.6076	2.22083	5.49095	2.71685	134525

149231

73.8345	0.402156	128.595	0.716703	56.4541	1.21697	25.0694	1.71773	11.1163	2.21441	5.50559	2.72321	121220

134357

74.5347	0.402406	129.323	0.717279	55.8482	1.21682	24.297	1.71526	11.1848	2.21379	5.29043	2.72146	82016

91045

658
72.8028	0.402367	128.127	0.715916	56.0399	1.21617	24.7113	1.71734	11.5399	2.21921	5.32864	2.72145	114950

127182

73.8667	0.402391	129.033	0.715109	56.6	1.21474	24.5167	1.71606	10.9967	2.21423	5.26	2.72083	81213

90082

73.3963	0.402055	128.903	0.715628	56.0765	1.21513	25.2925	1.71799	11.2262	2.21879	5.32823	2.7189	159380

176531

73.5363	0.401867	128.535	0.717721	56.3679	1.21541	24.8995	1.71555	11.0495	2.22131	5.30912	2.71381	174794

193904

73.6067	0.401688	128.14	0.717854	56.2312	1.21542	25.002	1.71724	11.2115	2.21977	5.51383	2.7203	136710

151651

283
73.637	0.402381	128.663	0.716879	56.0219	1.21628	24.9985	1.71716	11.1647	2.22154	5.44606	2.7205	185592

73.0595	0.40195	128.323	0.716013	56.5613	1.21644	24.8513	1.71671	11.0669	2.21887	5.11524	2.72151	72561
73.769	0.402324	127.99	0.717783	56.5086	1.21576	24.2801	1.71663	11.172	2.21837	5.16462	2.72572	109665
205753



80425

121646

73.4769	0.402173	129.454	0.717464	56.088	1.21286	24.5787	1.71856	11.3449	2.2162	5.24074	2.72383	116907

129679

72.6643	0.403131	127.512	0.716391	56.689	1.21705	25.2756	1.71967	11.053	2.21588	5.56184	2.72498	76641

84548

74.1155	0.401806	129.354	0.717572	55.8252	1.21509	25.0745	1.71617	11.4802	2.21767	5.42857	2.71736	178531

198241

7
2
71.7143	0.398592	130	0.718909	59.5714	1.21295	23.4286	1.71212	11.8571	2.22221	4.85714	2.71118	1904

2110

81.5	0.399165	138.5	0.702327	64.5	1.2054	16	1.65982	13	2.25131	4	2.80306	556

635

314
73.1465	0.40187	128.497	0.716597	56.4586	1.21714	25.3408	1.71805	11.2548	2.21892	5.31529	2.71892	84922

94204

220
74.1364	0.40239	128.777	0.716808	56.5364	1.21531	24.8773	1.71379	10.8864	2.21796	5.38182	2.71396	59677

66131

1
645
69	0.407669	117	0.696221	61	1.2241	26	1.75453	14	2.17484	3	2.67072	269
569

290

74.1333	0.402324	128.428	0.716876	56.2295	1.216	25.1395	1.71691	11.2186	2.21599	5.39845	2.71852	174892

193853

73.6678	0.402019	128.576	0.717801	56.2074	1.21643	24.7346	1.71693	10.9385	2.21657	5.33216	2.72018	153582

170391
598

73.1957	0.401946	128.099	0.716959	56.5786	1.21653	25.087	1.71777	11.7709	2.21737	5.34615	2.72092	162064

179446

465
73.443	0.402577	128.415	0.716804	56.1075	1.21529	24.5312	1.71588	10.9548	2.21944	5.34839	2.71611	125566

138942

519
73.6975	0.402539	128.197	0.717047	56.0559	1.21669	24.8382	1.71761	11.5125	2.21651	5.36802	2.72256	140422

155528

323
6
433
279
402
266
226
404
72.3963	0.402008	128.087	0.71736	56.1424	1.2149	25.5542	1.71633	11.3994	2.21885	5.31579	2.71969	87270

96543

74.3333	0.399717	135	0.715447	56.6667	1.21215	28.6667	1.70678	11	2.22172	5.5	2.75991	1674

1867

74.06	0.402323	128.663	0.716868	56.2286	1.21596	24.5935	1.71794	11.3072	2.21586	5.16397	2.72505	116989

129907

452
549
497
74.1183	0.401989	130.068	0.716097	56.362	1.21643	24.8566	1.7195	10.9857	2.21877	5.29032	2.71375	75722

84169

73.7637	0.402306	128.709	0.717843	55.8607	1.21671	24.7662	1.71532	11.2264	2.22028	5.25124	2.72273	108553

120430

454
488
72.5044	0.402004	128.792	0.716753	56.2035	1.21714	24.8628	1.7157	11.4558	2.21493	5.61062	2.7134	61194

67671

73.7218	0.402141	128.714	0.718726	56.5226	1.21595	24.7368	1.71754	11.4624	2.21767	5.13534	2.7219	71994

79878

73.146	0.401579	129.859	0.717121	56.0495	1.21647	24.6386	1.71642	11.0767	2.22164	5.24752	2.72179	109330

121207

648
575
72.7677	0.401936	129.403	0.718249	56.0265	1.21429	24.8164	1.71784	11.5088	2.2162	5.25442	2.71473	122324

135499

73.2222	0.401826	128.641	0.716497	55.6539	1.21632	24.867	1.71687	11.612	2.21684	5.36976	2.72115	148296

164352

74.002	0.402671	127.75	0.716734	56.3811	1.21681	24.7541	1.71867	11.2848	2.2154	5.5082	2.71729	132012

146244

72.8855	0.402163	128.128	0.716961	56.7863	1.21542	24.7974	1.71395	11.2423	2.21612	5.09912	2.72208	122475

73.7425	0.402384	129.044	0.716983	55.5915	1.21557	24.6922	1.71648	11.2012	2.21461	5.22334	2.71973	134198

148849

135718

474
73.1142	0.40234	128.597	0.717744	56.6235	1.21576	24.8719	1.71649	11.2639	2.21672	5.33333	2.71924	175450

194273

260
73.6626	0.402463	128.543	0.715549	56.3687	1.21578	24.72	1.7194	11.1009	2.21874	5.2313	2.71762	155527

172285

73.0675	0.4022	129.084	0.717646	55.9451	1.215	24.9304	1.71805	11.1603	2.21614	5.30591	2.71667	128193

141960

72.1615	0.402234	128.327	0.718662	56.2577	1.21772	25.5462	1.71678	11.1385	2.21835	5.43077	2.71667	70320

77704

6
76.3333	0.397398	120.167	0.726047	58.3333	1.22333	26.5	1.72358	12.8333	2.21905	6.83333	2.73587	1592

1806

404
72.9109	0.402	128.631	0.716857	56.5173	1.21498	24.604	1.71752	11.005	2.21739	5.42574	2.71811	109173
439
401
203
255

299
488
401
120834

522
390
551
301
3
767
556
620
370
415
73.0702	0.402296	128.522	0.715996	56.2174	1.21339	25.0769	1.71543	11.6756	2.21604	5.42475	2.71857	81055
465

89696

74.1253	0.402156	129.182	0.717298	55.9658	1.21532	24.6834	1.71652	11.0934	2.21552	5.05011	2.72425	118631

131744

73.798	0.401223	129.743	0.718365	55.6559	1.21654	24.4838	1.71649	11.1496	2.21981	5.43641	2.71783	108388

120407

74.2759	0.402227	129.32	0.717272	55.7685	1.21477	24.1773	1.71617	11.202	2.21997	5.23645	2.7226	54942

60896

488
73.1865	0.402435	128.232	0.716861	56.0574	1.21661	24.6291	1.71533	11.5	2.21603	5.32172	2.71973	131726

145876

72.8784	0.401716	128.255	0.717625	56.7451	1.21445	25.0157	1.71828	11.3882	2.21728	5.48235	2.72067	69044

76440

70.3333	0.407311	123.333	0.722961	58	1.21986	22.6667	1.74832	11.3333	2.17109	7	2.75525	809

878

73.6858	0.402403	129.201	0.716832	56.2222	1.21588	24.3008	1.71701	11.0862	2.21875	5.24904	2.72272	141297

156467

74.2444	0.40149	128.688	0.716047	56.2918	1.21473	24.9576	1.71596	11.0648	2.21695	5.12219	2.71562	108335

120448

73.9897	0.401684	128.926	0.717095	56.0667	1.21583	24.3128	1.71478	11.2897	2.21558	5.28974	2.7204	105218

116951

73.6811	0.401923	129.643	0.716785	56.6054	1.21632	24.8541	1.71535	11.2162	2.21689	5.50811	2.71392	100608

111558

72.894	0.402347	129.036	0.717421	55.8747	1.21603	24.8458	1.7164	11.412	2.22054	5.42892	2.72365	112340

124289

73.4597	0.401899	129.073	0.716763	56.2097	1.21608	24.8161	1.71868	11.4629	2.22051	5.46935	2.71849	168061

186304

513
73.3033	0.401942	129.355	0.717801	56.291	1.21653	24.9734	1.71777	11.0369	2.2191	5.14549	2.72781	132148

146451

73.515	0.40219	128.748	0.717106	55.6623	1.21747	25.0417	1.71799	11.249	2.21808	5.38983	2.71798	207397

229798

73.329	0.401961	128.658	0.717425	56.0473	1.21628	24.7054	1.7151	11.2839	2.21829	5.54624	2.72159	125649

139300

3
638
394
74.3899	0.402107	129.265	0.716724	56.961	1.2153	24.7193	1.71701	11.1462	2.21485	5.34503	2.71618	139333

154837

72.8206	0.40154	128.794	0.716669	56.1628	1.2158	25.0399	1.71542	11.3555	2.21959	5.43189	2.72392	81371

90181
330

72.9101	0.402398	128.252	0.716759	56.4299	1.21596	24.804	1.71744	11.3489	2.21786	5.38309	2.72179	150168

166315

73.9673	0.401655	128.993	0.71745	56.3811	1.21522	24.6497	1.71554	11.3557	2.21501	5.40109	2.71966	149279

165712

71	0.406228	124.333	0.703908	55	1.21908	22	1.70329	10.3333	2.16184	5.33333	2.69657	789

864

73.0878	0.401753	128.312	0.716998	56.4687	1.2173	24.7524	1.71622	11.384	2.22051	5.39498	2.72231	172297

191017

74.4467	0.401969	128.883	0.71656	56.5051	1.2158	24.9797	1.71629	11.2386	2.21786	5.45939	2.71996	106906

118796

74.0152	0.401993	128.727	0.716419	56.4576	1.21534	24.4303	1.7169	11.5242	2.21615	5.39697	2.72675	89362

99182

114
71.4298	0.403197	127.044	0.71651	56.7544	1.21313	25.9035	1.72299	11.5	2.21499	5.65789	2.72145	30894

34005

255
73.702	0.402019	128.435	0.717999	56.1725	1.21436	24.8392	1.71604	11.251	2.21752	5.23137	2.7183	68899

76406

0
-nan	-nan	-nan	-nan	-nan	-nan	-nan	-nan	-nan	-nan	-nan	-nan	0

0

338
73.5444	0.401842	128.68	0.717655	56.0207	1.21475	24.8018	1.71662	11.5325	2.21657	5.54142	2.72353	91446

101441

439
190
72.9567	0.401973	127.677	0.717009	56.7289	1.21668	25.1321	1.71536	11.369	2.21871	5.43964	2.72195	118683
72.7263	0.40205	128.084	0.718771	56.7947	1.21528	25.0737	1.71459	11.2842	2.21949	5.46316	2.72031	51390


56891
131394


395
72.1949	0.402205	128.63	0.716814	56.3089	1.21606	24.8759	1.71635	11.8152	2.21446	5.52152	2.71594	106914

118242

487
73.193	0.402463	129.68	0.716494	55.922	1.21483	24.6407	1.71669	11.1314	2.21584	5.36756	2.71813	131859

146068

565
73.1788	0.402004	128.237	0.718176	56.5398	1.21693	24.7947	1.7166	11.6142	2.21875	5.56637	2.71954	152979

169461

303
447
283
73.0066	0.401401	129.026	0.71699	55.9901	1.21432	25.033	1.72003	11.5941	2.21528	5.44884	2.71747	81953

90930

73.8516	0.402337	127.686	0.71558	56.2438	1.21743	24.8445	1.717	11.1343	2.21678	5.17314	2.71438	76309

84598

74.0201	0.402236	128.834	0.717592	55.9038	1.21612	24.6756	1.71554	11.2192	2.21693	5.47651	2.71649	121001

134158

360
223
406
633
72.6726	0.402337	127.843	0.717913	56.1166	1.21668	25.2466	1.71772	11.4081	2.22007	5.50673	2.71533	60236

66631
498
74.05	0.40192	128.742	0.716481	55.9583	1.21605	25.0056	1.71644	11.1028	2.21947	5.34167	2.71905	97368


108072

358
491
73.6209	0.402044	129.1	0.717104	56.4265	1.21583	24.3507	1.71694	11.2354	2.21614	5.3049	2.72239	171167

189924

73.33	0.402555	128.229	0.716038	56.4631	1.21706	24.5837	1.71632	11.4138	2.21931	5.11823	2.72218	109573

121450

2
454
431
73.8408	0.40223	127.872	0.716979	55.8771	1.21461	24.7709	1.7161	11.0503	2.21834	5.26536	2.72534	96424

106926

72.7269	0.40226	128.659	0.716874	55.8815	1.21593	25.0763	1.71751	11.3534	2.21828	5.4739	2.72409	134656

148987

315
73.5336	0.402186	129.273	0.717223	55.7882	1.21605	24.6415	1.71699	11.2383	2.22022	5.38086	2.71946	132817

147229

14
354
450
418
73.6189	0.402555	129.355	0.716807	55.7643	1.21753	24.707	1.71619	11.2115	2.21825	5.43172	2.72139	122952

136240

74.051	0.402501	128.183	0.716179	55.9026	1.21423	24.8306	1.71812	11.109	2.21937	5.18097	2.71997	116287

128980

74.5	0.401071	140.5	0.715083	51.5	1.20417	25	1.69759	9.5	2.21395	3.5	2.75974	549

609

73.3143	0.402186	128.654	0.717342	55.2984	1.21499	24.6571	1.71867	11.2635	2.21747	5.46984	2.7194	84810

94077

73.7857	0.402219	132	0.715904	57.2857	1.21314	23.5714	1.71865	11.2143	2.23262	5.21429	2.72612	3827

4243

4
73.4266	0.402475	128.455	0.717485	56.6808	1.21602	24.4915	1.71791	11.4605	2.21628	5.45198	2.7209	95898

106188

73.6978	0.402404	128.558	0.718347	56.1133	1.21657	25.0711	1.71546	10.9911	2.21708	5.09556	2.72211	121633

134787

72.9545	0.402301	128.122	0.718094	56.5024	1.21627	25.4115	1.71646	11.5239	2.21555	5.39713	2.71635	113319

125363

321
71	0.408267	137	0.704915	56.75	1.21061	23.25	1.74067	12	2.20161	5	2.74322	1118

1220

73.7601	0.402393	127.829	0.71705	56.2461	1.21776	25.1402	1.71876	11.2461	2.22137	5.45483	2.71429	86881

96196

432
73.8287	0.401499	128.35	0.716103	56.1875	1.2154	24.6968	1.71532	11.4167	2.22118	5.51157	2.71816	116764

129596

562
73.4626	0.40244	128.792	0.716715	56.0712	1.21493	24.9662	1.7185	11.3612	2.21882	5.4306	2.71995	152335

168647

393
74.1094	0.402155	128.794	0.716559	55.8168	1.21436	24.3308	1.71653	11.374	2.22015	5.14758	2.71516	105997

117732

326
3
73.6656	0.402514	128.11	0.717345	56.9632	1.21725	24.6656	1.71836	11.1411	2.21706	5.39571	2.72424	88302

97781

77	0.395509	126	0.723504	49.6667	1.20616	26.6667	1.71826	10.3333	2.19429	7.66667	2.71092	789

892

359
248
393
73.546	0.402314	128.284	0.717504	55.7744	1.21699	24.5292	1.71922	11.8579	2.2182	5.2312	2.72663	96945

107421

179
73.8952	0.402248	129.032	0.7158	55.6492	1.21652	25.0081	1.71807	11.3024	2.22217	5.2379	2.7068	67133

74431

222
73.799	0.402059	129.046	0.71675	56.3893	1.21452	24.6794	1.71791	11.3868	2.21519	5.24936	2.72053	106468

118116

73.7793	0.402225	128.68	0.716062	56.1441	1.21608	24.8243	1.71324	11.2387	2.21474	5.39189	2.71805	60125

66613

72.1844	0.402521	127.704	0.71667	56.257	1.21786	24.7263	1.71563	11.7877	2.21878	5.6257	2.71579	48349

53393

384
74.224	0.401942	129.307	0.716728	55.974	1.21584	24.9453	1.71436	10.9115	2.21766	5.43229	2.7164	103986

115505

1
86	0.412775	124	0.736758	53	1.18467	19	1.74423	10	2.15307	3	2.82622	267

295

100
73.22	0.402841	128.81	0.717188	55.01	1.21141	24.47	1.72009	11.33	2.21664	5.32	2.71038	26961

365
29816

73.2466	0.402702	128.973	0.716604	55.7918	1.21453	24.5233	1.7172	11.5945	2.21679	5.36164	2.71903	98820

109314

272
348
420
491
72.8333	0.402191	127.569	0.717235	57.0862	1.21403	24.9282	1.71703	11.0603	2.21758	5.31322	2.72465	93921
74.011	0.402295	129.963	0.716923	56.1471	1.21617	24.1581	1.71695	11.4926	2.21888	5.01838	2.71997	73772

2

103979
74.1589	0.402457	128.208	0.717436	56.2648	1.21585	24.499	1.71679	11.4521	2.21941	5.32587	2.71488	132690

81815

147255

77.5	0.40323	139.5	0.707789	51.5	1.23343	28.5	1.73405	14.5	2.23847	5.5	2.74988	568


73.6833	0.401835	128.167	0.71727	55.869	1.21676	25.3286	1.71914	11.5214	2.21823	5.32857	2.72453	113583
634


125957

367
282
12
144
501
552
545
182
73.2507	0.401574	127.414	0.717201	55.9973	1.21638	25.0708	1.71438	11.3815	2.22099	5.37057	2.72392	98899

109544

301
73.8688	0.401291	128.865	0.71526	56.1064	1.21744	24.6596	1.71435	11.4504	2.21399	5.43617	2.71933	76265

84709

74.2153	0.401485	129.84	0.717736	55.7569	1.21744	24.0833	1.71596	11.5694	2.22255	5.02083	2.72363	38923

43270
508

67.6667	0.401988	125.417	0.718044	55.5833	1.20893	24.5833	1.72005	12.5	2.22668	6	2.7036	3181

3501

74.2974	0.40224	128.91	0.717198	55.8303	1.21544	24.6786	1.71463	11.2914	2.21751	5.37325	2.71905	135570
73.7319	0.401867	129.341	0.716629	56.1395	1.21508	24.5018	1.71868	11.4221	2.2167	5.22645	2.72017	149460


150491

165800

72.5183	0.402456	128.535	0.717633	56.3688	1.21613	24.4585	1.71581	11.588	2.22078	5.29236	2.71551	81405

89927

74.3242	0.402275	129.527	0.715457	55.8407	1.21336	23.8407	1.72092	11.2088	2.21834	5.0989	2.70927	49031

54571

73.7505	0.402526	128.695	0.71628	56.1468	1.21666	25.1706	1.71854	11.1908	2.21676	5.31193	2.722	147732
73.9193	0.40161	129.435	0.716596	56.0531	1.21592	24.876	1.71791	11.2283	2.21864	5.34646	2.72011	137591


152836

163645

518
73.9189	0.401978	128.6	0.717162	56.166	1.21524	24.7664	1.71705	11.4903	2.22196	5.22973	2.71636	140082

155489

321
73.1371	0.40293	128.393	0.718379	55.8536	1.21446	24.6854	1.7179	11.6293	2.21405	5.27103	2.71836	86659

472
95969

73.9449	0.402192	129.383	0.717277	56.4195	1.21577	24.4852	1.71846	11.1695	2.21724	5.53814	2.71931	127968

142044

250
72.616	0.402018	126.944	0.717053	56.776	1.21704	25.528	1.71895	11.444	2.21949	5.556	2.71331	67522

74716

322
267
72.8789	0.401501	128.528	0.716484	56.2143	1.21416	24.9907	1.71717	11.2671	2.21783	5.42236	2.72058	87013

96375

74.0899	0.402326	127.521	0.716974	56.7753	1.21543	25.176	1.71413	11.2697	2.21764	5.07865	2.72151	72144

80076

456
73.8202	0.402963	128.43	0.717997	55.6382	1.21523	24.614	1.7189	10.9518	2.21924	5.23684	2.71761	122943

136203

443
73.6795	0.402199	128.194	0.716637	56.2686	1.21468	24.9233	1.71661	11.167	2.21621	5.37923	2.72223	119719
307

132728

73.8306	0.401968	128.407	0.717059	56.2215	1.21446	24.8534	1.71433	11.202	2.21707	5.18567	2.71929	82926

92008

573
74.0524	0.402219	128.846	0.717235	55.9215	1.215	24.9895	1.7159	11.0122	2.21895	5.33682	2.72368	154998

171991

472
73.0424	0.402378	128.006	0.717418	56.2097	1.21503	25.2013	1.71723	11.2521	2.21836	5.26271	2.7209	127570

141116

466
72.706	0.401864	128.163	0.717609	56.6137	1.21622	24.9227	1.7179	11.4742	2.21754	5.603	2.72361	126023

139559

359
256
74.8552	0.402217	129.577	0.717051	56.0334	1.21631	24.8997	1.71551	11.2507	2.2168	5.23677	2.71606	97479

108365

71.9805	0.401836	129.477	0.71755	57.1133	1.2149	24.4609	1.71931	11.5781	2.21942	5.20312	2.71869	69398

76752

223
524
73.2557	0.402629	128.195	0.716991	56.0458	1.21637	24.895	1.71779	11.355	2.2174	5.37595	2.71926	141685

156740

73.9865	0.40207	127.659	0.715924	56.3767	1.21461	24.3274	1.72145	11.5785	2.21766	5.713	2.71419	60327

66820

12
76.3333	0.40241	127.5	0.718394	58.8333	1.21494	25.0833	1.71636	10.5	2.1992	5	2.7336	3270

3639

476
75.2521	0.402159	128.282	0.71658	56.4916	1.21469	24.771	1.71643	11.1786	2.21826	5.48319	2.71964	128978

143494

748
185
418
507
510
73.2941	0.402495	128.725	0.716696	56.2821	1.21505	24.9679	1.71702	11.385	2.21891	5.37433	2.72068	202599

224421

73.8432	0.402196	128.054	0.718017	57.1135	1.21699	24.5946	1.71677	11.1514	2.21828	5.42703	2.72314	50063

55534

437
72.8264	0.401937	128.122	0.715993	56.1617	1.21649	25.0434	1.71686	11.4438	2.21764	5.42406	2.72325	136838

151604

73.6579	0.4023	128.809	0.718108	55.9211	1.21646	24.5766	1.7181	11.4569	2.22074	5.3134	2.71967	113096

125289

380
74.1431	0.401727	128.504	0.716981	55.9176	1.21589	25.051	1.71652	11.3431	2.2204	5.44118	2.72034	137965
73.7737	0.401672	128.347	0.717195	55.5474	1.21563	24.8447	1.7171	11.2579	2.22096	5.50526	2.72094	102391


292
113725
153204


72.4212	0.402181	129.353	0.715773	56.6027	1.21492	24.7945	1.71655	11.1575	2.21894	5.30822	2.71258	79120
73.881	0.402228	129.016	0.717911	56.4622	1.21567	24.762	1.71565	11.1785	2.21753	5.48055	2.71416	118603

131441


87494

170
71.8471	0.401725	129.741	0.715506	57.7824	1.2149	24.7059	1.71768	11.4471	2.21858	4.92941	2.71203	46129

51077

213
329
430
72.9628	0.401805	129.388	0.717996	56.4651	1.21686	24.7023	1.71819	11.214	2.2193	5.29535	2.72196	116460

129012
74.1268	0.402519	127.948	0.716176	56.4272	1.21543	24.8967	1.717	11.2441	2.21743	5.50235	2.71378	57664


73.7052	0.401565	128.897	0.718629	56.5106	1.21539	24.5106	1.71743	11.5198	2.21627	5.10942	2.71894	88970
63931


98783

265
73.1208	0.402413	128.728	0.717747	56.3472	1.21627	24.9849	1.71766	11.3811	2.22144	5.34717	2.71751	71735

79476

419
463
307
486
186
73.1313	0.401884	128.329	0.716577	56.3699	1.21654	24.7375	1.71686	11.6706	2.21725	5.36277	2.7199	113307

125533

703
441
72.7818	0.402175	127.906	0.717786	56.43	1.21624	25.0521	1.71524	11.5603	2.21967	5.25081	2.72072	82922
73.8056	0.402217	129.752	0.716195	56.1793	1.21443	24.4989	1.71702	11.1102	2.21815	5.26566	2.71805	125527


91787

139183
493

674
73.4677	0.402262	129.161	0.715207	55.9892	1.21604	24.8333	1.71594	11.3817	2.21854	5.06452	2.72122	50322

55781

357
73.1494	0.40229	128.014	0.717086	55.8464	1.21496	25.0711	1.71829	11.5135	2.22022	5.32006	2.71997	189751

88
210137

72.8776	0.40231	129.773	0.717152	55.4195	1.21548	24.3855	1.71749	11.5465	2.21716	5.37642	2.71733	119396

132026

74.0406	0.401636	128.761	0.716508	56.5193	1.21637	24.645	1.71631	11.2069	2.21719	5.19675	2.71492	133211

148082

73.6214	0.40203	128.671	0.716262	55.9156	1.21456	24.8313	1.71728	11.0926	2.22163	5.26749	2.7207	131174

145508

273
192
262
72.8131	0.402394	128.404	0.716774	56.2567	1.21676	24.5267	1.71554	11.5816	2.21644	5.41691	2.72073	182095

201525

73.3109	0.402099	128.37	0.716149	55.8908	1.21787	25.3025	1.71593	11.4426	2.21709	5.15686	2.71638	96464

106912

414
72.8636	0.402406	127.398	0.718487	56.5227	1.21458	24.0682	1.71314	10.7841	2.21687	4.88636	2.7141	23552

442
26094

73.5458	0.402438	129.216	0.717678	55.7802	1.21552	24.7253	1.71764	11.2601	2.21765	5.11355	2.7268	73850

81802

72.5833	0.402509	128.099	0.715025	55.3281	1.21507	24.9062	1.71664	11.5833	2.21529	5.17708	2.71825	51583
71.3588	0.402561	128.756	0.716571	56.5916	1.21568	24.6565	1.71814	11.2977	2.21832	5.72137	2.71658	70757


57154
78176


136
393
74.1957	0.402706	128.669	0.717553	56.0193	1.21407	24.7343	1.71651	11.1981	2.21862	4.97826	2.72011	111966

124115

72.7805	0.402263	127.928	0.715959	56.681	1.21565	25	1.71642	11.3756	2.21756	5.35747	2.71757	119470

132212

23
295
364
73.5956	0.402322	129.485	0.716395	55.1691	1.21693	24.9338	1.71689	11.5294	2.21339	5.14706	2.71859	36749

40781

73.1959	0.402769	128.45	0.717458	56.4326	1.21752	24.6819	1.7191	11.4351	2.21858	5.61069	2.72432	106502

117824

72.7391	0.401457	128.522	0.723779	58.9565	1.21273	24.1304	1.71531	11.6957	2.22933	5.78261	2.71509	6275

6942

308
251
404
73.8102	0.402427	128.586	0.716549	56.5085	1.21586	24.6475	1.72042	11.4576	2.21633	5.48475	2.72632	80033

88646

72.9286	0.401672	129.231	0.716548	56.3187	1.21582	25.1511	1.71748	11.2253	2.22011	5.58242	2.72435	98710

109359

426
378
154
74.0649	0.402195	128.442	0.716728	56.3604	1.2157	24.7078	1.71673	11.7338	2.21916	5.30844	2.72214	83478

92590

73.4143	0.401248	129.426	0.717451	55.9084	1.21735	24.8287	1.71613	11.2231	2.21126	5.251	2.71683	67968

75313

369
73.1361	0.401919	128.958	0.716517	56.4406	1.21715	24.2748	1.71563	11.2673	2.21849	5.27228	2.72346	109145

120937

74.2208	0.402668	128.227	0.716729	56.6429	1.2133	24.974	1.7169	11.2727	2.21932	5.25974	2.72025	41740

46292

73.8756	0.402318	129.167	0.718078	56	1.21558	24.8897	1.71921	11.331	2.21629	5.38967	2.71943	115600

128078

20
73.2547	0.401717	128.409	0.717173	56.5176	1.21573	24.4038	1.71516	11.7453	2.21885	5.31165	2.72603	99750

110568

73.2593	0.401719	129.135	0.716645	56.2751	1.21681	24.9974	1.71814	11.1772	2.21839	5.17989	2.72709	102276

113409

74.7	0.402437	129.75	0.719802	55.65	1.20886	25.1	1.71759	12	2.21884	6.5	2.7579	5481

6074

482
397
319
72.6992	0.402619	128.71	0.717986	56.4357	1.21536	24.7012	1.71879	11.5747	2.22019	5.33402	2.72304	130566

144337

73.3048	0.402205	129.592	0.716967	56.2922	1.21443	24.4484	1.72225	11.2947	2.21802	5.12846	2.72273	107462

119124

73.9122	0.402707	129.386	0.715369	56.1881	1.21642	24.2194	1.71695	11.1129	2.22054	5.3511	2.72534	86420

95754

540
292
254
820
640
73.6019	0.402109	128.404	0.717471	56.013	1.2145	25.2407	1.7183	11.587	2.2205	5.27407	2.72217	146166

162065

74.3527	0.401897	128.123	0.716647	56.911	1.21663	24.7877	1.71682	11.1884	2.21775	4.97603	2.71632	78943
72.8346	0.402087	128.283	0.717992	56.3071	1.21718	25.4055	1.71569	11.6142	2.21822	5.53937	2.72686	68761

76196


262
87699

73.7976	0.402104	129.322	0.717359	55.9695	1.21614	24.6854	1.71622	11.0305	2.21904	5.29756	2.72012	221789

246084

395
283
73.9141	0.402289	128.931	0.717681	56.0578	1.21705	24.7688	1.71702	11.5422	2.21756	5.44219	2.7173	173693

192420

720
20
73.626	0.401843	129.046	0.717441	56.1221	1.21667	24.5	1.7153	11.6336	2.2183	5.46565	2.71525	70891

184
78703

315
73.9595	0.402302	128.301	0.717323	56.5468	1.21466	24.9747	1.71692	11.4506	2.21717	5.3443	2.71982	107099

118728

72.9152	0.402049	129.438	0.717726	55.8516	1.21557	24.9611	1.71813	11.3852	2.22358	5.15194	2.71972	76627

84816

74.3403	0.40176	128.383	0.717165	56.2	1.21477	24.7667	1.71814	11.4181	2.22079	5.18472	2.72107	194561

216211

695
74.2	0.401333	127.15	0.71644	55.8	1.21407	23.9	1.72485	11.5	2.22246	5.55	2.71785	5413

5962

73.5978	0.401777	128.092	0.716646	56.8152	1.21536	24.4674	1.71857	11.3533	2.21714	5.21196	2.72997	49693

55115

202
73.3746	0.401602	128.095	0.71735	56.5079	1.2162	24.6825	1.71543	11.4603	2.22124	5.26667	2.7211	85013

94307

346
74.7281	0.402063	129.465	0.717745	55.859	1.21645	24.5065	1.71608	11.177	2.21782	5.30216	2.7215	188437

209221

474
397
73.8663	0.402556	128.743	0.718033	55.4851	1.21759	24.5743	1.71816	11.3317	2.21781	5.4604	2.72008	54533

60491

379
73.2543	0.402082	129.295	0.717919	56.0665	1.21534	25.2312	1.71591	11.5087	2.21735	5.40173	2.7262	93978

104062

325
74.3397	0.402205	128.869	0.716125	55.9515	1.21621	24.557	1.71441	11.2616	2.2189	5.18565	2.71617	128193

142278

74.131	0.40205	128.902	0.717807	56.0302	1.21531	24.7683	1.71665	11.2191	2.21567	5.32997	2.7161	107368

119251

73.8021	0.401933	129.744	0.717085	55.5303	1.21562	24.562	1.72088	11.3984	2.21657	5.10554	2.71305	102607

113754

593
8
73.9262	0.401862	128.332	0.716675	56.1169	1.21453	25.2062	1.71681	11.7292	2.22477	5.53538	2.72105	88161

97775

363
73.2664	0.402296	129.182	0.717481	56.2344	1.21577	24.7926	1.71816	11.2361	2.21952	5.45025	2.71629	160710

177996

277
72.125	0.40169	124.25	0.714812	58.875	1.229	22.125	1.71158	9.875	2.21676	6.625	2.69811	2123

2351

73.2617	0.402025	127.887	0.716865	55.573	1.21731	24.7906	1.71772	11.4683	2.21654	5.50138	2.72292	97952

108349

74.3574	0.402373	130.538	0.717679	55.491	1.21595	24.2816	1.71456	10.7545	2.21884	5.20939	2.717	74986

83275
159

73.8113	0.402443	128.377	0.716066	55.8491	1.21673	24.6918	1.71438	11.6038	2.21946	5.51572	2.72031	43038

47676

423
73.974	0.401904	128.362	0.717235	55.7518	1.2145	25.0024	1.71835	11.3924	2.2163	5.49409	2.72302	114262

126890

440
73.0614	0.401881	128.495	0.716236	56.1045	1.21557	24.9659	1.71854	11.475	2.21763	5.28636	2.72265	118992

359
131731

10
299
185
620
13
73.4791	0.402533	128.203	0.718082	56.2535	1.21539	24.7716	1.71571	11.1476	2.216	5.34819	2.72398	97032

107414

352
77.6	0.401598	126	0.718851	57.7	1.21291	25.1	1.69995	11.4	2.20472	5.4	2.74755	2697

3032

73.9264	0.40188	129.247	0.71599	56.7224	1.21621	24.6221	1.71782	11.2676	2.22039	5.18729	2.71837	81030
73.5405	0.401752	128.962	0.717742	55.4973	1.21551	25.1892	1.71965	11.5892	2.22106	5.36216	2.71827	50082

55526


89991

73.5403	0.402122	128.776	0.716749	56.3419	1.21535	24.7758	1.7173	11.3145	2.22008	5.33871	2.71942	167843

186054

273
76.3846	0.401818	128.308	0.716865	57.5385	1.20975	24.8462	1.7026	11.1538	2.2042	5	2.71435	3525

3942

759
73.0568	0.402239	127.835	0.717771	56.5312	1.21414	25.3267	1.71538	11.2301	2.21871	5.45455	2.7109	95076

105401

645
587
74.2454	0.401716	128.498	0.717745	55.707	1.21497	24.8095	1.71683	11.6154	2.22117	5.1978	2.71524	73680

81920

73.365	0.402068	127.96	0.716602	56.4348	1.21598	24.9526	1.71644	11.3281	2.21828	5.40053	2.72449	204936

227276

759
335
73.9814	0.40162	128.898	0.71683	56.1767	1.21617	24.8605	1.71486	11.4434	2.21754	5.28682	2.72017	174639

193917

73.6968	0.40248	128.349	0.717307	55.9131	1.21503	24.8535	1.71441	11.4957	2.21819	5.39182	2.7202	158662

175924

6
73.3412	0.401826	129.152	0.717463	56.3768	1.21578	25.0659	1.71725	11.3057	2.21908	5.35573	2.71631	205648

228153

492
73.0806	0.402357	127.904	0.716512	56.4119	1.21776	25.0716	1.71528	11.1731	2.21844	5.39403	2.72414	90498

100177

76.6667	0.408878	128.167	0.721522	50.5	1.215	28	1.7084	8.66667	2.20898	5.33333	2.72742	1619

1784

73.3211	0.402094	128.183	0.716715	56.4858	1.21505	25.0264	1.71695	11.5386	2.22033	5.42886	2.71991	133140

147592

460
74.0739	0.40241	129.543	0.716642	55.8	1.21514	24.5478	1.71673	11.313	2.22113	5.33696	2.72102	124857

138283

395
74.1797	0.401582	127.949	0.716595	56.2127	1.21664	24.8051	1.71687	11.2253	2.21891	5.51392	2.72074	106647

118455

316
74.1013	0.40204	129.263	0.716404	55.7563	1.21601	24.3861	1.7167	11.3449	2.21888	5.14873	2.71613	85342

94800

6
76.6667	0.400848	131.167	0.723463	53	1.21184	26.5	1.71014	8.83333	2.21858	6.5	2.72108	1615

1816

252
72.119	0.402601	127.782	0.71713	56.5437	1.2173	25.0079	1.7204	11.5516	2.22004	5.5754	2.72157	68120

75242

507
73.7199	0.401766	129.566	0.716675	56.3136	1.2153	24.1243	1.71708	11.4122	2.21937	5.22091	2.7177	137166

152281

758
73.9142	0.401909	128.74	0.717125	55.8654	1.21551	24.843	1.71721	11.4723	2.21898	5.44723	2.71968	205128

227614

429
73.3846	0.40211	128.695	0.71747	56.1772	1.21657	25.1469	1.71805	11.4103	2.21952	5.32401	2.72553	116219

128759

5
78	0.398525	128.8	0.724743	56.4	1.21648	20.4	1.69453	10.2	2.24059	3.6	2.72935	1318

1487

693
204
72.6494	0.402029	128.417	0.71712	56.1717	1.21452	25.176	1.71805	11.2698	2.21877	5.28571	2.71753	187230

207186

72.7794	0.402162	127.25	0.71607	56.7451	1.21531	24.5539	1.71903	11	2.21709	5.86275	2.71396	54987

60831

538
340
74.2063	0.40217	128.23	0.716702	56.0818	1.21519	25.0669	1.71763	11.5669	2.21721	5.30112	2.71561	145697

72.5882	0.402465	128.453	0.718152	55.8382	1.21681	25.1206	1.71654	11.2235	2.21704	5.40882	2.72196	91716
3
161644

703
101535


71.6667	0.395418	133.333	0.711022	63	1.22276	25	1.71456	11.3333	2.25166	4.33333	2.74887	830

926

74.367	0.40213	128.982	0.717461	55.9701	1.21484	24.4495	1.71575	11.303	2.21796	5.41252	2.7191	190253

211240

484
74.4545	0.401774	128.362	0.716276	56.1426	1.21665	25.1033	1.71957	11.25	2.22365	5.41322	2.72192	130963

145551

174
340
74.5632	0.401962	129.172	0.715437	55.592	1.21544	24.6724	1.71632	11.4253	2.21721	5.32184	2.72312	47061
73.7912	0.402286	128.429	0.717917	56.3735	1.21427	24.6441	1.71535	11.0294	2.21887	5.25	2.71944	91899

101836


52330

224
73.5357	0.402968	128.862	0.715439	56.3929	1.21488	24.6071	1.72073	11.4911	2.21702	5.35268	2.72473	60740

67254

247
73.6802	0.402419	128.591	0.716411	56.2794	1.2165	24.6437	1.71623	11.3279	2.2184	5.35628	2.72042	66860

74070

370
301
72.5865	0.402166	128.197	0.716969	57.3243	1.21521	24.9595	1.71673	11.4595	2.2183	5.28649	2.7246	100278

110931

73.4485	0.401529	128.824	0.71598	55.8239	1.21569	24.4983	1.71636	11.4153	2.21808	5.51827	2.71446	81331

90158

448
73.9821	0.402106	128.404	0.717595	56.4353	1.21669	24.5179	1.71774	11.317	2.21908	5.52455	2.71671	121275

134481

290
73.7276	0.402495	128.624	0.716404	56.0759	1.21523	24.7069	1.71728	11.4345	2.2193	5.37586	2.71745	78573

86984

4
637
74.5	0.400957	130.5	0.714421	58.5	1.20372	22.25	1.7017	9.75	2.2193	5.75	2.67765	1084
72.9419	0.401864	128.719	0.717919	55.9639	1.21644	25.0063	1.7175	11.4176	2.21787	5.18053	2.72112	172072

190609


355
1205

74.0479	0.402096	128.915	0.717215	55.4141	1.21503	25.1718	1.71795	11.3859	2.21659	5.31831	2.71876	96140

106590

392
73.7398	0.402367	128.554	0.716957	56.0536	1.21462	24.9158	1.71669	11.1786	2.22543	5.3801	2.7148	106127

117530

467
73.2741	0.402062	129.173	0.717067	56.0728	1.21627	25.1991	1.71872	10.8458	2.21985	5.21413	2.72136	126307

139997

659
73.4173	0.402266	128.238	0.717427	55.9484	1.21519	24.7876	1.71764	11.4173	2.21781	5.35812	2.72484	178073

197151

358
73.6704	0.401819	128.173	0.71855	55.3939	1.2168	25.4078	1.71996	11.3966	2.21839	5.53911	2.72358	96742

107250

506
73.7945	0.402276	128.364	0.717509	56.4941	1.216	24.6581	1.71692	11.251	2.21488	5.42885	2.71547	136817

151795

265
73.566	0.402115	129.279	0.716327	55.6717	1.21401	24.283	1.71788	10.8981	2.21838	5.35849	2.71046	71471

79250

365
73.1644	0.402044	128.26	0.716272	56.3479	1.2155	24.4301	1.71511	11.4329	2.21703	5.54247	2.7156	98453

109200

433
73.4965	0.402156	127.51	0.718375	56.2379	1.21544	25.1824	1.71845	11.455	2.21685	5.5127	2.71693	117010

129638

274
72.7956	0.401791	129.661	0.717484	55.6095	1.21627	25.1788	1.71759	11.1971	2.21371	5.68613	2.72429	74230

82235

314
72.9936	0.402519	128.621	0.716594	56.1051	1.21615	24.6019	1.71658	11.6083	2.21809	5.40764	2.71759	85006

93992

688
307
73.1991	0.402242	128.522	0.716586	56.4404	1.21558	25.1119	1.71984	11.1584	2.21784	5.35465	2.71602	186330

206253

74.2573	0.401502	129.091	0.715167	56.6678	1.21585	25.2899	1.71908	11.2052	2.21819	5.19218	2.72263	83368

92623

138
73.9783	0.40232	128.225	0.71562	55.7899	1.21562	24.8623	1.71886	11.2536	2.21554	5.73913	2.72594	37310

41379

367
73.6403	0.401978	129.717	0.716257	55.8801	1.21622	24.8828	1.71854	11.4251	2.21858	5.25886	2.72311	99621

110395

227
213
71.9604	0.402004	127.498	0.715875	55.8414	1.216	25.2775	1.71848	11.5771	2.21759	5.55066	2.71922	61151

67579

74.5681	0.402167	128.009	0.717946	55.4507	1.21738	24.723	1.71614	11.2254	2.21505	5.41315	2.71733	57499

63770

727
73.8501	0.40183	128.348	0.715864	56.5144	1.21424	24.9587	1.71639	11.5805	2.21922	5.20358	2.72466	196839

218431

327
72.5352	0.401985	128.018	0.71698	56.1254	1.21617	24.8532	1.714	11.3761	2.22238	5.28746	2.72435	88129

97510

329
74.7568	0.402137	128.997	0.716705	55.5319	1.2156	23.9939	1.71646	11.1125	2.21209	5.3921	2.72648	88705

98629

530
74.0679	0.401709	128.911	0.716878	55.9868	1.21608	24.5887	1.71742	11.2925	2.21761	5.2434	2.71293	143200

159048

7
72.4286	0.401322	129.571	0.711886	58.4286	1.20898	23.5714	1.70629	11.5714	2.24469	6.71429	2.78062	1909

2116

648
73.9228	0.402041	128.522	0.716803	56.3549	1.21643	24.804	1.71652	11.3056	2.21813	5.42901	2.72071	175495

194619

281
346
73.2168	0.402288	128.266	0.717238	55.8902	1.21592	24.6532	1.71975	11.6908	2.21844	5.28613	2.72217	93501

103455

74.2349	0.401895	128.758	0.718229	56.8114	1.21581	24.694	1.71909	11.363	2.21451	5.11032	2.71524	76166

84573

375
73.9307	0.401606	129.547	0.71705	55.32	1.21526	24.96	1.71552	11.1467	2.21765	5.52	2.71544	101571

112659

641
73.6537	0.40203	129.072	0.716713	56.1638	1.21519	24.5663	1.71575	11.1154	2.21821	5.30109	2.721	173412

192218

4
79.75	0.401609	116.25	0.726358	57.25	1.23013	28	1.71109	12	2.19693	6.25	2.70286	1064

1198

453
73.8455	0.401776	129.181	0.718003	56.5806	1.21584	24.6446	1.71599	11.1567	2.21454	5.2936	2.72085	122646

136218

4
78.25	0.405499	131.5	0.717463	52.25	1.20707	23.25	1.71392	10.25	2.24102	2.75	2.64938	1071

1193

574
73.7178	0.402221	128.847	0.716694	56.2108	1.21555	24.9338	1.72071	11.4564	2.21918	5.23519	2.72042	155545
63

172430

208
71.9365	0.404046	128.27	0.716924	55.9524	1.21479	25.2063	1.71801	11.6667	2.20632	4.98413	2.71609	17016

18775

72.3942	0.401121	129.851	0.717245	55.6779	1.21558	24.5769	1.72226	11.3702	2.2187	5.59135	2.72501	56231

62288

571
462
73.8564	0.402117	129.154	0.716082	56.6322	1.21575	24.5674	1.71687	11.3135	2.22022	5.34326	2.71728	154868

171795
74.1255	0.402002	128.985	0.7177	56.0152	1.21502	24.4935	1.71712	11.2424	2.21785	5.33333	2.72204	124978


138690

533
73.5403	0.402528	129.422	0.716599	56.334	1.21424	24.6961	1.71578	11.1313	2.21951	5.21013	2.7221	144408

160078

267
73.779	0.401574	128.124	0.715362	55.8427	1.21625	24.9925	1.71658	11.0562	2.21932	5.46067	2.72104	71952

79901

253
526
0
-nan	-nan	-nan	-nan	-nan	-nan	-nan	-nan	-nan	-nan	-nan	-nan	0

0

73.3715	0.402174	128.372	0.71784	56.3083	1.21699	24	1.71542	11.1225	2.21779	5.34783	2.71977	68065
73.4163	0.402162	128.087	0.716548	56.4278	1.21682	25.0589	1.71708	11.3175	2.22098	5.4924	2.72095	142365


75526

157695

609
72.9934	0.4022	128.56	0.71683	56.6125	1.21612	25.0361	1.71659	11.1478	2.21854	5.30706	2.7214	164992

182491

332
400
73.74	0.401583	128.525	0.717929	55.85	1.21405	24.905	1.71544	11.4975	2.21649	5.14	2.71894	107900

73.6627	0.402153	126.63	0.718087	56.9458	1.21671	25.3886	1.71667	11.5723	2.21474	5.28012	2.71435	89719

99427

119863

290
73.6966	0.402184	128.521	0.717618	56.2276	1.21675	24.7172	1.71463	11.1345	2.22008	5.41034	2.71865	78485

86915

186
75.0591	0.402382	127.876	0.716827	55.6452	1.21541	24.586	1.71892	11.6667	2.21718	5.29032	2.72725	50165
330

55823

73.6485	0.401848	128.339	0.716565	56.5818	1.21595	24.7545	1.7164	11.4606	2.21595	5.16667	2.71836	89190

98984

13
70.6154	0.402895	132	0.710779	53.7692	1.20965	23.6923	1.72229	10.3077	2.20462	5.30769	2.72819	3511

3844

658
73.7356	0.401937	128.723	0.717712	55.8055	1.21567	24.9498	1.71675	11.3404	2.21626	5.22644	2.72307	177792

197256

452
71.7876	0.40243	128.774	0.716212	55.9845	1.21597	25.0686	1.71732	11.3916	2.21524	5.25442	2.72117	122000

134814

349
74.2292	0.402	127.404	0.718338	57.0659	1.21623	24.7507	1.7159	11.341	2.21502	5.12034	2.72022	94185

104669

552
72.7917	0.401789	129.21	0.717432	56.2174	1.2161	24.7355	1.7179	11.3225	2.21683	5.31703	2.71766	149180

165376

412
73.6117	0.402042	128.701	0.716995	56.25	1.21365	25.1311	1.71949	11.2476	2.22197	5.32282	2.72169	111514

123709

393
662
388
438
72.9975	0.401882	129.374	0.717433	55.7786	1.2163	24.7557	1.71843	11.3232	2.21734	5.3257	2.72246	106242

117725

73.9411	0.402282	128.998	0.716636	56.1088	1.21707	24.8973	1.71504	11.1224	2.22036	5.33535	2.7207	179238

198867

73.6119	0.402267	128.669	0.717826	55.8744	1.21765	24.8539	1.72039	11.2945	2.21984	5.3242	2.72227	118337

131237

72.6314	0.402096	128.351	0.717472	56.2345	1.21547	25.2139	1.71902	11.0928	2.2152	5.30928	2.71745	104672

115947

319
73.2445	0.401604	128.041	0.716945	55.7398	1.2174	24.9436	1.7138	11.6708	2.22248	5.52665	2.71539	86152

95434

15
71.9333	0.40204	131	0.714074	55.2	1.21594	24.3333	1.70476	11.6667	2.20446	5.46667	2.73434	4054

4494

554
73.5108	0.402389	129.027	0.718238	56.1155	1.21515	24.9079	1.71804	11.1191	2.21745	5.4296	2.71786	150101

166261

374
74.8209	0.401646	128.976	0.715816	56.3316	1.21406	24.5963	1.71728	11.3984	2.21572	5.29947	2.72367	101343

112732

424
259
564
179
73.8561	0.401765	129.139	0.717996	56.0519	1.21611	24.8349	1.71655	11.3019	2.21846	5.24057	2.72156	114739

127380

72.7876	0.402561	128.456	0.715632	56.6409	1.21712	24.6602	1.71694	11.1892	2.2221	5.25869	2.7182	69953

250
77439

73.6082	0.401662	129.101	0.716841	55.9699	1.2164	24.8901	1.71737	11.0585	2.21726	5.18794	2.71311	152363

169096

545
214
73.1006	0.402742	128.832	0.717234	55.7877	1.21375	24.4637	1.71473	11.162	2.21504	5.27933	2.72216	48252

53454

299
373
73.684	0.401933	128.472	0.71737	56.072	1.21621	25.104	1.71651	11.56	2.21625	5.42	2.7221	67740

75078

73.972	0.401867	129.593	0.715526	56.0701	1.21473	24.6121	1.71764	11.5748	2.21818	5.30841	2.71975	58061

64442

513
72.8043	0.401741	128.855	0.716245	55.571	1.21666	24.874	1.71466	11.6273	2.21946	5.42091	2.72151	100779

111584

73.5615	0.402066	129.272	0.716523	56.2055	1.21576	24.9413	1.71692	11.3284	2.21676	5.34312	2.71888	147858

163855

73.7291	0.402145	128.08	0.717093	56.3244	1.21644	24.9967	1.71707	11.087	2.2184	5.28763	2.7196	80739

89552

73.1501	0.401924	129.667	0.716666	56.0019	1.21549	24.5556	1.71563	10.922	2.21408	5.24561	2.71689	138606

153665

335
73.7791	0.401616	128.919	0.716144	55.7104	1.21673	24.6358	1.71549	10.997	2.22108	5.44478	2.71913	90345

100328

278
73.7122	0.402487	128.335	0.717677	56.3849	1.21741	24.8597	1.71901	11.1583	2.21717	5.05396	2.7146	75093

83262

603
72.8806	0.40166	128.925	0.716125	55.927	1.21575	24.8358	1.71657	11.4229	2.2155	5.41791	2.71708	162984

180544

455
338
189
318
237
439
694
73.0484	0.402	128.903	0.717187	56.3121	1.21536	25.2703	1.71461	11.1956	2.21907	5.42637	2.72347	123177

136571

303
302
72.6775	0.402193	128.373	0.717425	56.6775	1.21593	25.0592	1.71956	11.4556	2.21796	5.33432	2.71672	91486

101257

73.5714	0.402037	129.169	0.717579	56.3386	1.21591	25.2857	1.72118	10.9259	2.21851	5.44444	2.72315	51139

56839

72.6751	0.402391	128.785	0.717919	56.5359	1.21615	24.7679	1.71435	11.346	2.21736	5.40084	2.72016	64244

70984

239
73.2145	0.402044	128.188	0.71624	56.4191	1.21414	24.8449	1.7179	11.2541	2.21638	5.33003	2.72366	81806

90673

73.4434	0.402323	128.67	0.718061	56.0063	1.21548	24.783	1.71659	11.2956	2.21571	5.30189	2.7209	85984
73.4205	0.401965	128.079	0.716805	56.0298	1.21431	24.8709	1.71822	11.2384	2.21875	5.55298	2.71555	81438

95241


73.2392	0.402232	129.788	0.717122	56.1481	1.21632	24.3872	1.71646	11.1936	2.22032	5.35535	2.71387	118775

131749

90356

73.5937	0.40222	128.869	0.71681	56.0202	1.21603	25.0418	1.71566	11.1888	2.2191	5.37752	2.7149	188016

208263

73.113	0.402045	128.728	0.716066	56.205	1.21572	25.0711	1.71583	11.2762	2.21996	5.11297	2.72076	64607

71582

525
72.8438	0.402245	128.621	0.717694	55.8305	1.21625	24.8305	1.71692	11.4514	2.21832	5.46286	2.71902	141859

156996

252
73.4246	0.40216	128.071	0.716893	56.3532	1.21609	25.254	1.7178	11.1667	2.21818	5.5	2.71797	68212

75542

303
73.165	0.402109	128.627	0.716754	56.033	1.21609	25.0759	1.71856	11.2145	2.21926	5.47195	2.72147	82040

90775

195
72.7744	0.401233	129.123	0.718234	56.8103	1.21525	25.0974	1.71479	11.6462	2.21614	5.44103	2.72424	52898

58674

347
73.8069	0.402167	129.199	0.717915	56.5245	1.21617	24.9568	1.7156	11.3977	2.22141	5.3487	2.71926	94236

104528

797
73.6286	0.401897	128.861	0.716974	55.9172	1.21579	24.8482	1.71747	11.4216	2.21829	5.31619	2.71802	215592

239094

904
73.8219	0.401983	129.46	0.716669	56.1239	1.21471	24.8296	1.71827	11.2168	2.21726	5.37942	2.7217	244994

271952

486
177
151
487
750
73.3004	0.401975	127.636	0.717806	56.4733	1.21455	24.8971	1.71547	11.6831	2.22014	5.45267	2.71636	131389
73.1243	0.402265	128.452	0.717878	56.5593	1.21646	24.8079	1.71831	11.6215	2.21785	5.60452	2.72261	47989


145529

53130

74.5099	0.401824	127.377	0.71772	55.8013	1.21396	24.3775	1.71479	10.6954	2.21247	5.60265	2.72239	40545

45053

424
73.6489	0.402357	128.908	0.716978	56.3573	1.21639	24.5565	1.71785	11.3491	2.21794	5.32238	2.71491	131952

146169

73.3613	0.402303	128.509	0.717646	56.1387	1.2169	24.7573	1.71674	11.5213	2.22119	5.356	2.72028	202780

224733

624
73.9646	0.401909	128.941	0.716398	56.0071	1.21588	24.5448	1.71666	11.1934	2.21585	5.23821	2.71565	114579

73.6218	0.401882	128.308	0.717852	56.0288	1.21683	25.2837	1.71773	11.1074	2.21506	5.39263	2.72457	168745
127153


187039

588
73.0816	0.402519	128.276	0.717068	56.068	1.21545	24.7534	1.71629	11.4133	2.21583	5.28061	2.71633	158818

175737

327
74.1804	0.402003	129.309	0.717391	56.7951	1.21615	25.055	1.71744	11.5443	2.21726	5.49847	2.72511	89052

98879

763
73.5872	0.401936	129.03	0.717038	56.2936	1.21517	24.6881	1.71716	11.3657	2.21615	5.34076	2.71777	206738

229133

299
73.6756	0.403146	128.569	0.717638	55.7559	1.21643	24.612	1.71732	11.4783	2.21557	5.51839	2.72215	81025

89583

139
71.8058	0.402323	127.748	0.718733	55.7842	1.21701	25.6835	1.71254	11.6259	2.2157	5.31655	2.72698	37465
753

41417

74.2815	0.40173	128.997	0.717092	56.0837	1.21583	24.9203	1.71603	11.2497	2.22043	5.27623	2.71566	203853

226509

719
73.9124	0.402624	128.84	0.717072	56.0821	1.21549	24.5883	1.71802	11.1641	2.21548	5.27955	2.71579	194678
345

215604

417
162
73.5652	0.402682	127.786	0.717437	56.3072	1.21487	25.0348	1.71551	11.0522	2.21651	5.1942	2.71595	93061

103134

73.6739	0.402284	128.532	0.71699	56.3549	1.21613	24.7986	1.71714	11.6139	2.22025	5.28777	2.71763	113006

125209

73.8148	0.401859	127.864	0.717526	55.821	1.21826	25.0309	1.71693	11.3395	2.22426	5.40741	2.71612	43712

48483

523
74.3346	0.402626	129.055	0.717648	56.0497	1.21437	24.8413	1.71796	11.413	2.21836	5.41109	2.71813	141966

157478

740
73.773	0.402204	128.828	0.717088	55.9081	1.21496	25.0351	1.71727	11.1595	2.22134	5.19459	2.72118	200069

221925

421
73.5677	0.402016	128.874	0.71566	56.4466	1.21568	24.8646	1.71615	11.3492	2.21754	5.32067	2.72123	113995

126478

511
72.7123	0.401496	128.104	0.7175	56.591	1.21533	25.3366	1.71731	11.6204	2.21705	5.39335	2.71385	138242

153176

487
73.1314	0.401854	129.341	0.716383	56.2238	1.2151	24.8275	1.71872	11.2238	2.2185	5.37166	2.72207	131967

146158

300
556
72.94	0.402349	127.75	0.718273	56.8267	1.21715	25.08	1.71638	11.5733	2.2185	5.42333	2.71785	81329

89878

74.0504	0.402462	129.426	0.71703	55.75	1.21584	25.0342	1.71794	11.1924	2.21639	5.30576	2.72115	150756

167222

166
74.7771	0.40291	128.12	0.715946	56.1627	1.21884	24.5723	1.71712	11.2048	2.21985	5.27108	2.71542	44855

49818

312
470
393
377
73.2276	0.402618	127.74	0.716725	56.641	1.21525	25.234	1.71811	11.5417	2.21367	5.54808	2.72457	84588

93579

576
73.3213	0.402593	128.509	0.717624	55.8553	1.21586	24.6043	1.71875	11.334	2.21694	5.09362	2.71962	126866

695
140397

73.4606	0.40203	129.196	0.71641	56.1603	1.21589	25.2163	1.71861	11.1323	2.21592	5.35115	2.71768	106623

118103

483
445
73.8559	0.402209	129.432	0.717112	55.7448	1.21545	24.8785	1.71684	11.0191	2.21854	5.36632	2.71863	155973

172971

73.3369	0.4028	128.838	0.717033	56.1459	1.21438	24.565	1.71646	11.3952	2.21717	5.14058	2.72127	101866

112882

396
72.6835	0.40231	128.367	0.717321	56.1568	1.21605	24.9741	1.71912	11.2791	2.21827	5.4705	2.71998	187861
73.4584	0.40179	128.312	0.71776	56.2809	1.21657	25.1169	1.71663	11.3775	2.22112	5.57978	2.71922	120475


133556

207757

73.3485	0.4024	128.611	0.716832	56.6793	1.21558	24.7449	1.71988	11.2576	2.21487	5.37374	2.71949	107221

118806

72.6977	0.401955	129.244	0.717378	56.1718	1.21692	24.8219	1.71702	11.383	2.21994	5.40994	2.71735	130692

144769

761
73.2286	0.4023	128.096	0.717104	56.2352	1.21541	25.1813	1.71665	11.2917	2.21923	5.3548	2.71686	205542

227834

148
72.5068	0.402059	129.385	0.716045	57.3176	1.2156	24.3243	1.7163	11.2635	2.22284	5.60135	2.73276	40192

44459

620
73.9645	0.402249	128.037	0.717457	55.9339	1.21666	25.0339	1.71613	11.4903	2.21794	5.41452	2.72065	167584

185922

300
73.94	0.402622	127.583	0.717213	56.1067	1.2157	24.5567	1.71821	11.3467	2.21492	5.41667	2.71419	80901

89685

418
73.311	0.40248	128.888	0.71686	56.3134	1.21471	24.8254	1.71406	11.2273	2.21895	5.23445	2.72552	113098

125316

412
72.9223	0.402258	128.143	0.716572	56.1262	1.21565	24.9612	1.7164	11.4976	2.21846	5.28641	2.71807	111219

123162

634
74.5237	0.40199	129.393	0.717016	56.1877	1.2157	24.9621	1.71719	11.4006	2.21689	5.28864	2.71893	172272

191313

578
73.7561	0.402312	128.661	0.716194	56.5311	1.21576	24.7474	1.71686	11.0952	2.21635	5.2301	2.72288	156452

173412

81
74.0741	0.402262	127.556	0.718749	56.1975	1.21687	24.5802	1.71384	11.7037	2.22524	5.24691	2.713	21842

24248

439
73.6219	0.402106	129.595	0.716377	56.082	1.21437	24.4806	1.71519	11.2346	2.21911	5.12756	2.72196	118787

131762

399
73.2882	0.402058	128.642	0.716535	56.4637	1.21611	25.0401	1.7177	11.0852	2.22278	5.40351	2.71254	107945

119669

347
73.7637	0.401695	129.026	0.717555	55.7493	1.21632	24.9683	1.71512	11.1124	2.2149	5.10951	2.71484	93605

104006

700
73.6457	0.402052	128.897	0.717588	55.6414	1.21524	24.7629	1.71616	11.4286	2.2168	5.29571	2.71533	189059

209770

371
73.7278	0.402707	128.736	0.718211	55.8032	1.21739	24.6577	1.71558	11.6038	2.21683	5.54447	2.71929	100470

111327

552
73.1159	0.402355	128.851	0.71672	56.1667	1.21469	24.7047	1.71779	11.3804	2.21892	5.22283	2.7198	149211

165292

261
73.7318	0.40175	128.605	0.717134	56.3831	1.21655	24.6935	1.71708	11.364	2.21816	5.31418	2.72805	70570

78324

295
73.0915	0.402884	128.993	0.716627	56.061	1.21583	24.8542	1.71596	10.9627	2.21678	5.37627	2.7238	79716

88305

617
73.3323	0.40206	128.611	0.717409	55.8136	1.21692	25.1361	1.71734	11.5154	2.2187	5.42464	2.71511	166922

184997

171
74.9064	0.401495	127.333	0.717704	56.7368	1.21599	25.9415	1.71584	11.0117	2.21354	5.69006	2.72621	46419

51577

352
72.8295	0.401521	128.676	0.716207	56.2756	1.21589	24.7244	1.71484	11.2273	2.21635	5.44318	2.71521	94959

105310

404
73.0817	0.402541	128.621	0.716895	56.4703	1.21669	24.5396	1.71704	11.3342	2.22028	5.30446	2.71984	109209

120938

374
72.877	0.402215	129.15	0.717777	55.6952	1.21404	24.6176	1.72071	11.3316	2.21825	5.13636	2.71906	100964

111754

407
74.4226	0.402143	128.184	0.71654	56.14	1.21548	24.6757	1.71839	11.1253	2.21697	5.37838	2.71802	110061

122070

164
72.2927	0.401709	128.518	0.717014	56.5854	1.21691	25.1524	1.71489	11.4878	2.22023	5.4878	2.72712	44425

49122

764
73.5458	0.40217	127.889	0.717057	56.0301	1.21543	25.2343	1.71861	11.3678	2.22021	5.36518	2.72067	206517

228766

584
74.1969	0.401979	128.872	0.717462	55.8887	1.21512	24.6627	1.71576	11.6798	2.2192	5.5	2.71971	158300

175667

262
73.9656	0.401883	129.863	0.714823	55.5344	1.21395	24.8435	1.71466	11.374	2.22007	5.02672	2.72253	70900

78759

172
778
73.9186	0.402307	128.366	0.717598	56.2558	1.21657	24.3547	1.71922	11.2326	2.21826	5.5	2.72491	46523

51536

73.7159	0.402232	128.839	0.716975	56.572	1.21616	24.7301	1.71644	11.3046	2.22002	5.09897	2.71774	210721

233603

386
73.6658	0.402516	127.938	0.7165	56.1658	1.21628	24.9456	1.71809	11.3316	2.21952	5.36788	2.72326	104320

115574

721
73.534	0.401834	128.449	0.717357	56.0666	1.2172	24.9653	1.71726	11.3662	2.22004	5.27046	2.71963	194783

216049

480
73.1792	0.40242	128.365	0.717362	56.6437	1.21561	25.2354	1.71825	11.1083	2.21982	5.43333	2.71671	130294

143983

328
73.3079	0.402156	128.351	0.716534	55.6555	1.21546	24.8963	1.71742	11.4238	2.22123	5.31402	2.71965	88620

98055

698
74.0659	0.402067	128.821	0.717604	55.8639	1.21537	25.0602	1.71595	11.4842	2.21774	5.37822	2.71774	189274

209870

536
74.1362	0.402317	129.185	0.717493	56.0131	1.21561	25.0485	1.7155	11.4291	2.21964	5.27612	2.71946	145497

161383

256
73.3906	0.401906	128.387	0.717996	57.0156	1.21856	25.0898	1.7172	11.8398	2.22157	5.41016	2.72035	69599

77090

735
74.0122	0.402637	129.629	0.717534	55.7837	1.2165	24.4844	1.71731	11.0939	2.21487	5.3034	2.72355	199114

220725

364
73.1951	0.401923	128.717	0.716987	56.3984	1.2162	24.2995	1.71924	11.2473	2.21803	5.24451	2.71798	98275

108873

353
74.2011	0.402169	128.17	0.717464	55.7649	1.21593	24.7535	1.71862	11.272	2.21761	5.30312	2.72268	95114

105711

386
74.1166	0.402403	128.321	0.716283	56.0544	1.21601	25.0725	1.71795	11.2539	2.21849	5.30052	2.71817	104472

115846

337
73.9407	0.402596	128.027	0.716526	56.4184	1.21569	24.7953	1.71777	11.3086	2.22045	5.35312	2.71599	91219

101047

470
74.5106	0.401999	128.981	0.716646	56.1957	1.21505	24.4787	1.71793	11.1213	2.21587	5.17234	2.71969	127155

141216

339
73.2301	0.402612	128.139	0.717117	55.5428	1.21707	24.9705	1.71691	11.6991	2.21895	5.29794	2.71659	91525

101320

508
73.3465	0.402268	128.766	0.717308	56.2913	1.21645	24.439	1.71469	11.187	2.21723	5.34449	2.7185	137317

152082

757
458
491
483
73.8004	0.402469	128.487	0.716763	55.9226	1.21573	24.7047	1.71585	11.3523	2.22037	5.30143	2.71596	132618

147088

73.7019	0.402143	129.056	0.717152	55.8447	1.21457	25.0518	1.71673	11.2795	2.21439	5.14286	2.72397	130700

144937
73.7052	0.402538	129.253	0.717643	56.3821	1.21474	24.6572	1.71647	11.1943	2.22176	5.22052	2.72192	124055


73.4069	0.402273	128.165	0.717416	56.2219	1.2162	24.9049	1.7166	11.4425	2.22002	5.14795	2.71893	204778

137589
226562


286
73.4545	0.402032	129.657	0.715614	56.0769	1.21551	24.4196	1.7178	11.2657	2.2208	5.33217	2.71584	77415

85859

444
73.4009	0.402342	128.009	0.717686	56.955	1.21705	24.8896	1.71895	11.2995	2.21675	5.28604	2.72543	120066

133129

368
73.962	0.402267	128.549	0.716406	55.8696	1.21443	24.6196	1.71735	11.3859	2.21916	5.41033	2.71718	99507

110325

296
73.8176	0.402569	128.953	0.717568	56.4088	1.21492	24.2635	1.71713	11.7432	2.21894	5.21959	2.72104	80213

88920

282
73.0532	0.402165	127.965	0.717731	56.3865	1.21484	24.8723	1.71655	11.3262	2.21634	5.23759	2.72108	76156

84273

738
72.7534	0.402432	128.297	0.717107	56.5014	1.21596	25.1626	1.71758	11.3997	2.21974	5.30623	2.72429	199598

220972

464
73.1918	0.402039	128.209	0.716791	55.7543	1.21616	25.1336	1.7178	11.5323	2.21801	5.36207	2.72509	125333

138821

626
72.7748	0.401817	129.029	0.71626	56.1821	1.21643	25.131	1.71792	11.4441	2.22064	5.41693	2.72246	169686

187786

400
74.1925	0.402469	128.998	0.716773	55.5075	1.21537	24.8625	1.71605	11.34	2.22225	5.3925	2.72164	108387

120117

517
73.9265	0.401862	127.87	0.716489	56.9942	1.2168	24.8994	1.71571	11.4352	2.21889	5.34816	2.7195	140031

155345

365
73.8822	0.402123	129.477	0.71749	55.5233	1.21511	24.7315	1.71615	11.5233	2.21513	5.38904	2.72135	98861

109692

622
73.8424	0.40258	129.164	0.716755	55.6608	1.21692	24.5547	1.7189	11.1399	2.21557	5.33762	2.71735	168252

186413

373
73.7855	0.402416	129.534	0.717523	55.6193	1.21537	24.807	1.71559	11.193	2.21775	5.1555	2.72007	101025

111935

528
74.0208	0.40184	127.932	0.71673	56.6894	1.21702	24.9186	1.71917	11.3277	2.21903	5.41288	2.72016	142793

158559

493
73.4118	0.40234	128.531	0.71753	55.9757	1.21552	24.787	1.71335	11.3813	2.21862	5.38134	2.71743	133394

147638

442
73.6493	0.402027	129.527	0.715598	55.9887	1.21646	24.6878	1.71921	11.19	2.21675	5.39593	2.72408	119704

132794

541
73.4307	0.401925	127.745	0.717435	56.1146	1.21457	25.1405	1.71633	11.1978	2.21911	5.39926	2.72196	145945

161774

321
73.0966	0.402223	128.474	0.71796	56.785	1.21578	24.8536	1.7173	11.2897	2.2194	5.42679	2.72056	86896

96276

739
73.5535	0.402382	129.138	0.716773	55.8972	1.21451	24.3965	1.71657	11.5237	2.21952	5.30717	2.71827	199871

221564

568
73.456	0.402041	129.331	0.716799	56.6849	1.21487	24.9049	1.71645	11.1884	2.2185	5.23415	2.71928	153945

170854

266
73	0.402088	129.049	0.716579	55.3797	1.21512	24.6504	1.71472	11.1541	2.21728	5.26316	2.71937	71659

79400

537
73.5382	0.402158	128.879	0.71696	56.0466	1.21572	24.7039	1.71762	11.6648	2.21994	5.37244	2.71658	145446

161210

