328.085	
-395.614	
-201.957	
-159.733	
154.354	
613.793	
128.257	
740.557	
-211.189	
719.026	
-236.728	
268.892	
-336.827	
-43.6591	
864.197	
852.72	
107.158	
144.276	
-232.927	
526.246	
-124.537	
852.72	
938.435	
-66.6312	
-185.32	
295.055	
464.449	
724.339	
256.92	
792.363	
518.895	
677.651	
384.603	
-163.662	
1146.56	
655.418	
45.1724	
-22.9541	
105.637	
-454.122	
238.362	
569.728	
382.519	
1101.17	
558.521	
-69.9161	
100.292	
1093.17	
645.66	
458.157	
576.207	
421.592	
529.925	
511.173	
-66.4784	
-69.9161	
-551.848	
553.499	
1483.24	
58.3665	
518.895	
513.855	
-286.258	
69.951	
209.961	
695.544	
325.359	
219.519	
458.157	
575.288	
109.266	
188.366	
664.626	
1006.16	
-65.2037	
482.166	
306.487	
-58.0909	
0.282658	
384.603	
166.037	
883.28	
72.149	
489.357	
418.531	
742.295	
523.436	
-387.139	
346.703	
517.22	
334.063	
-229.289	
320.635	
-23.5387	
-25.0255	
373.423	
1016.44	
-436.605	
277.47	
142.465	
414.197	
-85.8829	
-236.728	
109.421	
-143.809	
55.2345	
417.995	
677.651	
719.026	
492.788	
109.17	
-172.225	
582.903	
878.296	
118.694	
418.531	
878.296	
695.544	
-391.784	
260.074	
9.28196	
836.404	
476.319	
107.032	
1058.39	
648.843	
-73.6507	
0	
351.487	
528.533	
295.055	
414.197	
-185.32	
-290.526	
-143.711	
106.531	
482.166	
-250.826	
344.279	
197.308	
-227.814	
272.536	
893.64	
26.9902	
357.191	
-89.2442	
-10.6562	
880.9	
-392.916	
392.97	
127.958	
-387.139	
410.707	
-13.9942	
200.845	
405.24	
685.554	
-593.375	
550.623	
84.4517	
20.3025	
107.032	
-242.85	
942.005	
685.554	
382.736	
164.459	
128.995	
859.905	
789.23	
1450.61	
717.677	
95.6433	
860.395	
805.198	
845.789	
502.453	
-103.434	
444.134	
658.727	
825.093	
1070.53	
241.081	
789.23	
34.1421	
-841.429	
-44.5317	
84.4517	
256.92	
724.339	
758.747	
96.5291	
537.658	
-161.421	
128.257	
-74.6558	
118.694	
511.172	
392.889	
307.112	
34.1421	
569.728	
68.2547	
658.727	
315.105	
863.798	
221.665	
-590.473	
846.146	
-163.662	
188.678	
553.051	
-72.3531	
-495.868	
65.7583	
-146.513	
511.172	
491.506	
-41.1044	
523.298	
865.321	
-96.4223	
238.831	
-262.468	
29.0754	
-174.165	
45.1724	
751.663	
547.43	
969.295	
494.972	
71.8824	
-526.423	
420.073	
-1051.75	
330.644	
-260.885	
-2.682	
413.972	
324.515	
-220.309	
370.352	
648.843	
71.8824	
-590.473	
417.995	
188.678	
575.288	
109.266	
-36.5434	
8.80597	
-454.122	
-27.2535	
565.121	
961.131	
455.823	
-290.526	
81.3539	
-1051.75	
188.366	
550.623	
664.626	
547.43	
-26.4311	
842.316	
-57.219	
275.055	
-1.62966	
-13.9942	
1.9503	
391.109	
105.382	
76.9929	
48.2248	
517.22	
385.503	
754.967	
47.398	
842.208	
1611.98	
1006.16	
487.586	
444.134	
-65.2037	
142.057	
143.036	
81.3539	
419.895	
513.568	
270.079	
191.557	
363.848	
81.341	
-201.957	
34.4843	
20.0647	
363.848	
277.731	
328.085	
740.557	
512.762	
52.5406	
607.391	
32.5883	
1093.17	
-44.5317	
358.087	
154.354	
860.395	
459.482	
487.586	
-19.775	
655.418	
613.793	
-68.5047	
267.703	
419.895	
558.521	
619.45	
398.4	
-66.4784	
278.613	
-22.9541	
306.487	
238.831	
278.613	
-58.0909	
31.6969	
404.604	
-68.5047	
176.206	
1043.32	
508.087	
404.553	
-277.976	
337.395	
1104.82	
-81.4694	
-17.4444	
296.284	
979.522	
-190.354	
807.007	
-220.309	
96.5291	
1016.44	
306.296	
313.823	
333.936	
100.292	
323.272	
187.399	
453.826	
50.2266	
-21.5004	
-57.1377	
5.64305	
-255.486	
-75.657	
55.2345	
-143.809	
719.312	
178.334	
68.2547	
512.762	
-10.6562	
-142.118	
-436.605	
-526.423	
-681.038	
921.879	
-72.3531	
807.007	
200.845	
460.78	
-395.614	
-96.4223	
206.514	
-159.733	
-229.289	
173.477	
257.634	
309.097	
-186.23	
-41.1044	
8.80597	
323.272	
-337.858	
142.057	
576.207	
516.247	
320.635	
235.072	
334.063	
421.592	
-112.789	
404.604	
-227.06	
-255.486	
921.879	
529.925	
-23.5387	
112.037	
235.074	
880.258	
539.433	
836.404	
607.391	
9.28196	
1361.09	
714.783	
842.208	
105.637	
-25.0255	
346.703	
140.847	
-277.976	
173.477	
-250.826	
267.376	
1058.39	
147.404	
357.191	
398.4	
1361.09	
272.536	
277.47	
-681.038	
-26.4311	
27.8814	
893.64	
-222.525	
880.258	
-392.123	
494.339	
52.6719	
494.873	
59.428	
603.309	
-69.4707	
-630.058	
-18.2944	
18.2569	
907.173	
79.7726	
1043.32	
-186.23	
859.905	
136.032	
313.823	
59.428	
-57.219	
351.487	
561.769	
-399.388	
-57.1377	
245.956	
235.072	
630.79	
29.0754	
48.2248	
373.423	
717.677	
315.105	
714.783	
-19.502	
221.665	
-222.525	
-495.868	
267.376	
846.146	
-593.375	
20.0647	
-9.13035	
-573.731	
85.4964	
1247.3	
257.252	
245.956	
-699.292	
1284.43	
475.889	
35.6889	
182.155	
953.56	
44.2791	
147.404	
-143.711	
483.568	
118.437	
-539.673	
748.261	
821.001	
-68.8005	
568.852	
536.165	
-9.13035	
431.611	
45.4774	
143.663	
505.916	
1450.61	
559.266	
47.398	
513.568	
370.352	
-262.468	
27.8814	
105.382	
18.2569	
-399.388	
76.9929	
-19.775	
603.309	
-215.513	
539.433	
-19.502	
277.731	
326.328	
1146.95	
106.531	
329.147	
183.824	
559.266	
-841.2	
952.913	
140.501	
197.308	
18.1784	
-260.302	
31.6969	
475.889	
-551.848	
907.173	
296.284	
754.617	
-13.341	
-841.429	
373.061	
809.116	
894.807	
-629.185	
-80.2172	
886.855	
550.8	
16.9614	
1146.95	
815.722	
412.236	
459.482	
118.437	
690.91	
140.501	
404.553	
337.395	
561.769	
699.449	
44.2791	
191.557	
324.515	
508.087	
176.206	
-2.11923	
758.747	
763.922	
63.8899	
257.726	
-17.4444	
142.465	
821.001	
-75.657	
-533.858	
1284.43	
881.83	
226.46	
680.046	
431.707	
754.617	
-192.786	
359.92	
112.037	
886.761	
412.236	
-89.2442	
5.64305	
748.261	
1164.35	
898.866	
453.826	
306.296	
333.936	
373.061	
329.147	
483.568	
270.079	
1104.82	
396.379	
187.399	
-96.7261	
505.916	
334.394	
-21.5004	
160.419	
307.112	
0	
317.409	
-80.2172	
79.7726	
-192.786	
65.7583	
226.46	
1611.98	
953.56	
-48.4426	
1985.01	
550.663	
297.878	
570.76	
487.301	
-533.858	
447.279	
409.783	
-48.4426	
865.321	
505.75	
324.632	
53.1843	
-227.06	
206.514	
487.301	
-68.8005	
257.726	
418.926	
111.687	
516.247	
-260.302	
399.385	
183.824	
979.522	
-841.2	
1868.76	
257.634	
53.3839	
50.2266	
37.4596	
193.214	
309.097	
-36.5434	
225.208	
1111.34	
886.761	
-209.602	
53.3839	
490.547	
418.926	
831.213	
78.8271	
432.732	
-42.4234	
328.608	
-152.664	
842.316	
488.433	
317.409	
-392.123	
-630.058	
396.379	
952.913	
719.312	
894.807	
52.6719	
18.1784	
-112.789	
494.873	
494.339	
581.895	
986.481	
193.214	
957.62	
-60.0292	
-52.8176	
429.672	
275.055	
301.884	
1985.01	
-837.957	
343.039	
409.783	
-13.341	
257.252	
754.967	
616.266	
-69.4707	
763.922	
-573.731	
182.155	
85.4964	
235.074	
225.208	
809.116	
63.8899	
-96.7261	
431.611	
-2.11923	
-18.2944	
536.165	
143.663	
488.433	
1247.3	
-215.513	
359.92	
35.6889	
160.419	
16.9614	
886.855	
0	
324.632	
-52.8176	
550.8	
680.046	
568.852	
111.687	
-699.292	
1164.35	
447.279	
699.449	
45.4774	
37.4596	
815.722	
-152.664	
328.608	
431.707	
-60.0292	
297.878	
1868.76	
429.672	
550.663	
490.547	
-539.673	
334.394	
505.75	
-42.4234	
1111.34	
957.62	
690.91	
-837.957	
301.884	
-629.185	
898.866	
53.1843	
399.385	
881.83	
78.8271	
986.481	
616.266	
432.732	
570.76	
-209.602	
343.039	
831.213	
581.895	
