258.515	
-133.734	
-183.123	
-83.448	
1267.55	
300.095	
-2189.57	
3089.03	
-2758.4	
-3254.62	
-1086.51	
-2105.64	
-1054.97	
-8717.59	
-4167.29	
-3491.92	
-6023.64	
-3648.15	
-6830.92	
1468.22	
1325.27	
649.196	
-884.341	
-8370.27	
-30.5489	
-6941.49	
-1122.48	
1927	
2527.05	
-10176.8	
-3075.92	
-2712.9	
-294.689	
6854.96	
-8455.56	
-422.741	
299.166	
-247.198	
268.173	
2037.29	
-293.633	
3882.71	
-7651.34	
2752.86	
-443.26	
4242.43	
-531.976	
11.7493	
1255.64	
-5013.68	
-2122.17	
8142.8	
-2748.59	
-6014.55	
-2489.25	
-1832.93	
-1079.35	
-452.892	
-6361.51	
286.96	
-4810.88	
-1561.36	
-3423.04	
-1768.95	
-1960.78	
-1785.2	
-4039.83	
271.207	
-4348.66	
-12448.1	
2740.05	
-9764	
57.5422	
-2782.49	
-481.274	
-3505.38	
-1689.25	
2473.24	
-3323.54	
356.259	
-1516.19	
2747.51	
-5243.06	
-2407.86	
-2997.36	
262.755	
-1868.95	
-8967.61	
-4584.85	
-5401.69	
5665.87	
-1096.25	
-2220.25	
-2161.22	
-3666.08	
1513.87	
-5776.56	
-9231	
635.175	
3238.47	
-4438.96	
-4607.71	
-5269.17	
-2118.96	
-1744.28	
1381.83	
-4185.34	
-4259.66	
-4815.04	
-2837.08	
-2067.63	
-4130.45	
-25.1605	
-2864.48	
-2976.29	
-688.134	
1278.89	
-6462.9	
340.312	
-8577.88	
-1758.9	
-3248.8	
-982.427	
1054.27	
-1488.6	
603.467	
-10861.9	
-1364.29	
-4056.37	
-5023.01	
-410.141	
-4407.48	
-4590.07	
-4095.87	
-6012.12	
-83.6482	
1762.07	
1354.53	
-6208.9	
-3021.47	
-1596.22	
-3886.11	
-3159.84	
-8520.75	
5354.01	
-4025.46	
3102.19	
-1002	
-7892.46	
-349.649	
-862.012	
2390.93	
-3558.74	
-2831.63	
230.044	
-3342.43	
2568.86	
-267.536	
-2467.34	
-783.845	
-5050.45	
-2873.07	
-2750.98	
-605.667	
767.765	
-4183.46	
2598.36	
2451.43	
5169.09	
-2172.3	
-9732.79	
2137.87	
3082.57	
125.831	
2477.78	
-6636.42	
-3726.37	
-1588.59	
-1793.89	
-5083.02	
3128.22	
2506.7	
-2312.39	
998.72	
355.455	
-6255.36	
2198.34	
2197.93	
-672.201	
1749.63	
-6341.66	
1156.08	
-42.3366	
-4158.98	
-500.569	
-4216.51	
-9222.32	
-5796.31	
-2041	
-8092.19	
-3869.76	
-767.869	
-5667.37	
-4532.21	
-4033.77	
-2470.72	
-7051.92	
-900.498	
3508.58	
-763.77	
-1331.29	
3311.04	
-3726.12	
-12243.7	
-1913.56	
831.241	
-6965.58	
-3313.65	
-2476.26	
1760.82	
-7561.2	
-6222.62	
-5444.54	
-1356.34	
2465.1	
-3105.89	
-3299.03	
-5958.41	
-4209.41	
-2176.65	
-1430.46	
1629.66	
975.711	
-540.034	
1314.48	
-4406.91	
-4376.47	
887.692	
-6159.92	
-1039.81	
-1983.99	
-1390.94	
-10727.7	
1430.57	
-3458.67	
-3779.3	
-4227.2	
-7566.52	
-2014.03	
-969.724	
-1323.87	
1467.03	
-91.7581	
-2387.75	
-2506.92	
1472.96	
-6111.84	
-2626.99	
-2865.47	
-7630.68	
-9013.88	
921.32	
-376.544	
478.49	
-5774.54	
-5783.96	
-4495.71	
4431.22	
2533.28	
-1217.24	
-1289.44	
-1121.47	
3210.32	
997.858	
-66.5613	
-95.1938	
-5143.84	
741.279	
-1262.05	
-3343.25	
-5734.18	
-963.512	
989.877	
-863.358	
-5234.01	
3290.84	
-1200.31	
1959.49	
2059.15	
1512.96	
-4479.6	
-6693.51	
-4515.9	
-3182.4	
-2371.44	
-7909.34	
-1732.15	
-1873.28	
-5224.06	
157.289	
-8543.5	
-2852.3	
-3303.92	
-2731.93	
-7934.78	
774.073	
-4527.9	
-1212.94	
-3949.8	
-1232.4	
1558.29	
-945.097	
-361.925	
325.311	
-3113.91	
-4417.49	
-11539.8	
-315.929	
-8276.27	
-3418.12	
-8570.01	
-1868.91	
-1371.16	
-6486.89	
-1395.18	
-2750.7	
-19.0378	
-498.572	
-186.092	
-4148.89	
-846.071	
-5037.15	
1977.84	
-1117.27	
4449.79	
-6878.87	
-3221.59	
-3219.32	
-1893.33	
-3198.34	
-4869.49	
1551.34	
-1158.26	
-4136.39	
-408.265	
-3440.53	
-5219.47	
-4342.97	
833.906	
-2426.66	
-149.487	
-4812.46	
-1084.93	
-4749.8	
-3290.71	
-215.742	
-912.993	
-3932.98	
-958.016	
47.6343	
409.801	
1239.7	
-6176.99	
-5591.8	
-2188.65	
-7016.46	
-2492.12	
-1764.29	
-1385.48	
-4134.44	
-1985.83	
2815.13	
613.299	
3128.43	
-630.85	
-2960.16	
-7442.81	
-6865.86	
-4505.57	
-4435.27	
-3890.42	
-7806.73	
-2466.55	
-6919.36	
41.6221	
-5064.21	
-1370.68	
-580.893	
2.63291	
-6998.66	
-1596.29	
-803.728	
-5334.17	
5568.22	
256.724	
-3806.17	
-3789.42	
-6714.24	
-835.193	
4260.68	
-526.335	
582.085	
2702.31	
-6471.73	
1118.65	
-460.973	
-9490.57	
-499.947	
-816.096	
-520.097	
-1716.23	
-2583.48	
638.504	
4134.84	
-6627.97	
262.236	
-9747.09	
4097.32	
-10218.7	
-1056.15	
-6770.18	
721.776	
-2773.75	
-5488.91	
-3378.78	
-1515.76	
613.619	
1429.23	
-3670.88	
-5429.16	
-358.365	
-3681.38	
-6938.06	
-2146.32	
384.649	
165.62	
-2651.66	
-4316.18	
-5582.7	
-6250.05	
-6818.94	
-2286.49	
-6338.5	
886.502	
-2127.94	
3191.91	
-2597.37	
-957.082	
-5721.05	
-588.375	
906.013	
-6906.74	
2964.89	
-291.133	
1318.2	
-2721.21	
-11411.7	
-3993.26	
-3445.16	
-5105.5	
-67.296	
-4014.75	
-5902.28	
-5617.81	
-3625.28	
502.09	
917.894	
-168.101	
168.966	
-7468.05	
-376.155	
1256.87	
-9439.65	
-4338.35	
-4466.41	
2041.2	
-2455.27	
-1307.55	
1055.76	
-2717.66	
3475.37	
-715.472	
-8321.15	
-2299.29	
-7445.36	
-3812.35	
1063.93	
-1232.45	
-10600.1	
-838.113	
-3025.24	
-4375.65	
939.923	
1494.04	
-1432.24	
845.59	
-1741.77	
-3118.63	
-3586.56	
-8637.01	
584.943	
-112.384	
-3731.61	
-3339.08	
-813.285	
-3924.49	
-3103.85	
-9257.93	
-3003.07	
-3464.29	
5860.39	
-1794.47	
-4534.94	
889.109	
-1582.62	
948.217	
-7296.77	
427.756	
-4171.59	
3948.09	
-2099.1	
-2788.37	
-2783.87	
-2121.45	
-1046.36	
-3730.82	
-4001.45	
-2362.75	
-2444.43	
-8211.74	
-1912.91	
-2559.98	
474.45	
-3114.91	
36.8274	
-4503.39	
752.535	
-4733.19	
-2093.06	
4113.99	
-560.588	
-4055.48	
-3181.96	
-967.709	
-2540.95	
-3888.88	
849.622	
-1723.44	
-1917.49	
-6456.28	
-6296.02	
196.238	
-158.735	
-1965.38	
-7443.98	
-2172.52	
-3637.98	
-10719.6	
-393.059	
-2450.96	
178.715	
-3647.65	
159.818	
-6583.26	
-1722.93	
1673.95	
-872.047	
-4135.32	
-2224.94	
-5244.45	
3075.68	
-1505.36	
593.692	
2215.8	
-1280.76	
-100.396	
-3220.52	
-3034.41	
-7220.55	
-4582.1	
-1046.44	
-7251.78	
-1687.94	
-3433.09	
-5139.55	
-3112.99	
2130.77	
-1192.25	
-4441.29	
-3891.7	
2376.88	
-1696.4	
39.6291	
240.831	
-1023.75	
-985.515	
-3998.91	
-8408.46	
-5117.59	
-7495.29	
487.74	
13.8912	
-937.992	
-6757.09	
261.791	
-4052.71	
-12210	
-480.391	
-2138.67	
-6033.43	
-3414.98	
-10060.6	
-1033.56	
-3194.91	
-5046.38	
-8027.29	
4818.36	
-1144.33	
-5562.03	
2879.74	
-1524.45	
-4637.64	
3061.65	
-3713.84	
248.424	
-2960.62	
-7628.6	
-914.255	
529.527	
-6612.29	
-8806.33	
-5331.27	
2215.44	
-29.1752	
-242.43	
-120.299	
-1181.8	
779.892	
-2317.47	
-2614.09	
-6769.85	
81.4673	
-4408.12	
-6786.73	
-7618.41	
-5375.03	
-1903.65	
-3031.27	
-2660.43	
1304.51	
-5040.31	
377.63	
-4581.79	
1959.28	
-7274.08	
-1009.9	
-3895.95	
-3158.41	
-2528.14	
2308.42	
-5508.87	
-2109.82	
-4119.27	
185.34	
-62.8091	
-3746.3	
-12448.9	
735.364	
-2227.05	
-5278.4	
-2866.97	
-922.487	
-6434.55	
-8324.74	
-4878.98	
-746.684	
353.272	
-133.626	
-3170.28	
-1062.04	
5478.93	
-5208.04	
-4146.83	
-3464.17	
-10352.1	
5418.82	
355.409	
-20.7243	
-2716.86	
-2806.4	
-2098.22	
-5524.15	
1293.3	
1064.07	
-2230.27	
-109.636	
-6173.1	
-1942.85	
2067.8	
-2529.62	
-3557.95	
652.746	
-3978.42	
-4552.17	
-757.645	
-1185.31	
-6479.45	
-4712.76	
-3073.08	
777.583	
223.429	
-2895.36	
-2298.61	
-3600.84	
-2013.08	
-2352.77	
2511.67	
-680.355	
-1925.23	
-2779.73	
626.322	
-593.341	
-7214.83	
-12162	
-2625.33	
-4433.13	
-2314.37	
-7168.57	
2003.85	
707.05	
-4547.75	
-1373.06	
-6674.5	
-582.208	
-3655.78	
-2190.03	
-2097.37	
-9827.84	
-1950.26	
-36.393	
-10713.8	
-346.712	
-2891.86	
-3001.58	
-3265.4	
-688.143	
-2539.93	
-623.982	
-846.036	
-4805.71	
-1246.94	
-472.818	
-4178.83	
-1452.65	
-3673.76	
-4275.7	
2406.85	
-4852.73	
4719.49	
-3594.03	
-16016.2	
-121.3	
-7317.64	
-7907.07	
-3233.7	
-2691.56	
-4742.26	
-6139.05	
-4106.19	
-4120.54	
-3788.42	
-8138.72	
-1415.7	
-10502.9	
-1075.82	
-5146.42	
2072.15	
-3274.8	
-2222.23	
-1830.76	
702.056	
-1845.16	
-1235.28	
6209.26	
-246.352	
-119.211	
-4092.87	
-790.11	
-2962.41	
-4349.44	
-5549.87	
-1217.93	
-3432.37	
-1421.11	
-3148.99	
-118.558	
-908.262	
-1171.69	
-5857.91	
-17561.6	
753.758	
-2833.17	
-820.935	
-427.693	
-1503.95	
1239.49	
-8798.17	
-3032.65	
-3220.1	
-11054	
-839.179	
-2839.17	
222.489	
-7259.27	
346.556	
-4729.98	
-9152.81	
-2537.04	
1041.38	
-2632.1	
-7352.04	
845.679	
-7622.69	
-4018.72	
-1253.94	
-2597.01	
-8143.52	
-3268.43	
-5357.66	
-7267.1	
-7200.8	
-3254.09	
611.399	
-415.085	
-590.866	
-3603.42	
-2865.67	
-4650.06	
-3796.67	
-3099.38	
-9683.77	
-6121.36	
1798.02	
3481.16	
4959.06	
1227.29	
-3081.35	
-4906.62	
-9865.11	
-3466.5	
-2860.57	
-3235.81	
-9668.47	
-5074.75	
-1614.26	
-2691.92	
-2804.02	
-6843.77	
-6664.27	
-6388.41	
-5010.94	
-2598.31	
520.009	
-1857.97	
-5049.02	
-1660.43	
-3808.34	
501.122	
1130.21	
-2806.12	
-4689.18	
-8306.59	
-3564.49	
-9069.25	
-4515.64	
-1141.33	
805.333	
-8943.97	
-1521.07	
-672.686	
204.869	
-2284.09	
-3669.07	
-109.675	
-3497.03	
-6497.14	
-3616.51	
-2734.77	
-3298.76	
-4771.83	
