-279.116	
-1110.19	
-188.31	
31.5055	
-1679.33	
-15230.6	
-8354.27	
-11248.4	
-12293.3	
-13628.2	
-14781.3	
-17533.7	
-14887.2	
-24847.2	
-19468	
-13872.4	
-19284.7	
-27585.7	
-14218.9	
-10904.6	
-1572.88	
-21642.1	
-24617.4	
-35065.5	
-15113.7	
-34839.8	
-11105.6	
-18461.2	
-17383.9	
-24490.8	
-10782.3	
-12939	
-1283.6	
-31300.4	
-22296.2	
-741.793	
-725.146	
-13185.9	
-504.863	
-11359.4	
-1150.21	
-18060.8	
-18686.1	
-27745	
-158.451	
-24758.7	
-736.192	
-259.288	
-11609.7	
-14236.3	
-11294.1	
-19344.4	
-35351.5	
-20132.3	
-12570.3	
-20899.2	
-9265.22	
-17497.3	
-20972	
-9247.99	
-21241.8	
-17171.3	
-14499	
-14955.6	
-11357.6	
-13662.2	
-13194.5	
-8615.29	
-12381.5	
-32803.5	
-32436.8	
-22727.8	
-13316.1	
-16332.1	
-20414.8	
-12652.2	
-14617.5	
-24976.7	
-19438.8	
-17934.7	
-27939.2	
-11456	
-13319.6	
-13353.7	
-12051.7	
-23749.6	
-13389.7	
-24907.2	
-42697	
-29055.6	
-25387.8	
-28207.5	
-11139.8	
-23662.2	
-39660	
-12789.5	
-8404.02	
-17367.3	
-16328.2	
-21541.9	
-16613.1	
-34788.1	
-22320.3	
-25365.9	
-11618	
-19053.6	
-16583.6	
-7578.02	
-27216.6	
-10189.1	
-8918.09	
-25084.1	
-12383.3	
-29739.9	
-8317.35	
-2595.98	
-16168.5	
-19504.7	
-17367.7	
-24096.4	
-19934.7	
-14959.7	
-26697.4	
-21771.5	
-24336.4	
-17783.9	
-44000.3	
-16430.3	
-13980.6	
-18782	
-12098.6	
-27046.7	
-28566.9	
-27614.3	
-9463.45	
-17048.4	
-15928.4	
-36909.1	
-9980.51	
-15787.2	
-23147.2	
-31508.3	
-21501.3	
-32500.8	
-21206.4	
-14645.1	
-10530.5	
-27227.6	
-15602.7	
-16728.1	
-22182.2	
-20058.1	
-29795.4	
-9514.53	
-25571.7	
-15083.6	
-18729.3	
-7340.05	
-16643.1	
-22702.3	
-21532	
-8297.53	
-17902.1	
-8900.4	
-11192.7	
-20137.8	
-14064.5	
-20072.6	
-16592.3	
-18019.3	
-37728	
-17982.7	
-14481.3	
-26946	
-17407.8	
-32763.5	
-30866.9	
-15964	
-10251.5	
-24492.7	
-16630.6	
-21827	
-18433.6	
-19256.6	
-19044.9	
-21432.4	
-27561.7	
-12165.8	
-8741.01	
-24677.6	
-13364.7	
-10708.9	
-15052.9	
-17614.8	
-16977.6	
-13352.5	
-23597.3	
-20970	
-31933.5	
-20341.1	
-22510.8	
-4938.03	
-23063.5	
-24968.3	
-10430.6	
-27989.2	
-16498.2	
-12760.9	
-31756	
-22824.4	
-18000.5	
-13790.8	
-4418.62	
-32097.9	
-16268.2	
-21274.1	
-39650.1	
-16049.2	
-9732.66	
-26300.7	
-40747.3	
-8769.25	
-19420.6	
-20170.1	
-14758.8	
-13032.8	
-37434.6	
-18514	
-21710.6	
-16154	
-15499.7	
-16709.8	
-18524.5	
-29724	
-21666.8	
-25858.8	
-25285.6	
-14122.8	
-28034	
-24936.4	
-11442.6	
-18235	
-31583.1	
-23974	
-21948.8	
-18626.9	
-27625.3	
-34164.2	
-23812	
-12467.8	
-890.16	
-22538.9	
-24702.5	
-28021.6	
-11975.8	
-12403.4	
-19423.2	
-12168.3	
-13701.8	
-53641	
-29894.6	
-11578.7	
-20173.6	
-17420.9	
-18518.5	
-51672.3	
-31537.9	
-41397	
-27030.4	
-3407.49	
-16609.9	
-10757.1	
-16826.5	
-21142.2	
-12292.7	
-4272.47	
-23969.7	
-5001.98	
-25088	
-16070.5	
-22632.8	
-12603.2	
-13735.9	
-11030.5	
-22509.1	
-10813.9	
-13853.8	
-25239.5	
-31783.3	
-6803.48	
-16248.9	
-30868.9	
-12972.1	
-19882.6	
-19634	
-11181.7	
-19248.5	
-31372.3	
-19608.5	
-13522.9	
-8696.68	
-3158.38	
-17396.2	
-25678.4	
-11859.2	
-11105.1	
-28389.4	
-1296.58	
-16694.3	
-19720.6	
-14157.7	
-4657.01	
-3015.96	
-1068.17	
-12275.4	
-20323.3	
-30459.3	
-2067.2	
-25522.8	
-16438.5	
-39866.8	
-28110.3	
-12807.4	
-25640.4	
-26788.3	
-14351.2	
-22127.2	
-22629.6	
-16203	
-17185.2	
-23810.9	
-24598	
-25363	
-31010.2	
-15203.7	
-21582	
-27274.3	
-23615.5	
-22460.1	
-22430.9	
-17256.7	
-15824.7	
-610.72	
-13850	
-1480.58	
-18283.9	
-23832.7	
-27539.3	
-4274.11	
-24802.7	
-1153.77	
-20989.1	
-1368.28	
-23874.8	
-16880.2	
-10916.5	
-15964.7	
-15514.6	
-12320.7	
-2514.28	
-10186	
-28652.8	
-42581.3	
-22086.1	
-29491.7	
-21433.1	
-10625.2	
-9960.53	
-16250.5	
-14317.9	
-19586.7	
-8338.72	
-34194	
-12444	
-14879.4	
-16365.9	
-20324.2	
-28078.6	
-19738.7	
-21629.2	
-12340.7	
-21561.7	
-18110.1	
-27052.6	
-2513.66	
-14180.3	
-9748.24	
-1242.83	
-8596.48	
-38506.8	
-23794.9	
-2228.6	
-19690.1	
-11302.8	
-3055.95	
-24840.2	
-17667.5	
-23699.6	
-920.16	
-16141.9	
-13056.4	
-1899.08	
-20737.3	
-26710.6	
-12970.6	
-11640.3	
-16527.7	
-1358.8	
-874.91	
-13686.3	
-24906.9	
-11999.4	
-1156.26	
-13632.9	
-22112.6	
-1046.51	
-47570.4	
-20919.9	
-32173	
-19676.5	
-24983.5	
-15125.9	
-12099.1	
-37389.1	
-21573.9	
-15953.1	
-14853.4	
-12733.4	
-33235.5	
-24857.1	
-19107.7	
-30985.3	
-22347.2	
-12042.3	
-14734.6	
-10739	
-17000.2	
-21537.9	
-17477.4	
-29941.2	
-7132.09	
-15127.5	
-25766.5	
-33398	
-15945.1	
-20446.4	
-22717	
-10426	
-27029.7	
-27484.2	
-14144.1	
-30339.8	
-18916.8	
-13328.4	
-20593.9	
-39503.7	
-46811.2	
-17067.7	
-20814.2	
-13635.4	
-780.403	
-22639.7	
-25588.4	
-22996.6	
-9756.04	
-661.062	
-12753.1	
-23.6574	
-858.526	
-12293.2	
-167.833	
-21652.6	
-21293	
-13145	
-12645.1	
-14987.9	
-19352.6	
-1705.38	
-19821.3	
-14094.3	
-12453.9	
-9947.87	
-21568.2	
-17956.6	
-20262.2	
-24386.7	
-14716.6	
-13758.5	
-24540.6	
-14410.9	
-12762.6	
-10132.5	
-18295.6	
-12919.4	
-11577.2	
-26351.1	
-18857.9	
-13747.9	
-30570.9	
-22438.4	
-23763.9	
-14303.6	
-17926.8	
-24842.3	
-14332.1	
-15136	
-15100.3	
-15972.5	
-21353.8	
-54162.7	
-17183.3	
-9798.14	
-12121.7	
-18957.4	
-17444.7	
-23561.7	
-35076	
-13544.8	
-10372.3	
-20471.1	
-22654.9	
-16003.1	
-16838.3	
-27419.8	
-9429.71	
-13525.4	
-12388.9	
-40436.9	
-21404.9	
-22331.4	
-10230	
-12621.1	
-27036.7	
-10209.9	
-12003	
-21847.1	
-17345.8	
-14450	
-24605.4	
-18032.1	
-14943.1	
-9782.11	
-31756.2	
-9299.19	
-40497.7	
-11539.1	
-13846.6	
-11880.2	
-16233.8	
-10739.9	
-30673.3	
-13801.3	
-18309.3	
-23808.9	
-25568.1	
-12757.5	
-15897.6	
-25425.8	
-15888.3	
-15980.9	
-14014.6	
-25838.9	
-11950.8	
-31472.7	
-17981	
-10413.9	
-13092.2	
-16976.2	
-17919.4	
-43703.5	
-12030.4	
-15944.8	
-26288.4	
-19816	
-27823.7	
-11927.3	
-42249.3	
-8719.16	
-27315.5	
-18854.1	
-11804	
-19634	
-22264.9	
-27199.8	
-22487.5	
-9894	
-11352.4	
-13344.8	
-33119	
-27451.9	
-13391.6	
-11325.4	
-19096.2	
-18608.8	
-6888.99	
-18320.5	
-9229.28	
-17230.4	
-13488.9	
-15136.6	
-29668	
-20987	
-16725.7	
-25958.3	
-13717	
-17795.9	
-33094.5	
-2443.34	
-18045	
-21591.3	
-37698.1	
-44939.5	
-13748.9	
-21334.6	
-6296.13	
-26960.3	
-20554.3	
-9151.27	
-25497.1	
-15510.6	
-24145.4	
-39642.6	
-34883	
-14435.5	
-17194.6	
-13478.7	
-15475.3	
-5529.83	
-13393.3	
-14954	
-19491.1	
-36097.7	
-15986.8	
-21559.9	
-14702	
-27733.6	
-11082.8	
-17925.7	
-26446.7	
-8973.55	
-27368.7	
-13457	
-20069	
-22058	
-29747	
-13190.6	
-15987.1	
-22643.8	
-13901.1	
-23717.3	
-44136.2	
-21060.2	
-35787.5	
-13952.8	
-28661.7	
-23736.5	
-20469.4	
-11738.4	
-12741	
-18767.1	
-21653	
-12841.9	
-19039.3	
-40894.4	
-7742.35	
-19645.5	
-25600.5	
-17142.1	
-28464.7	
-17509.5	
-15753.4	
-12551.5	
-29062.3	
-14417.8	
-9167.41	
-14537.8	
-14477.3	
-10089	
-10372.5	
-15397.2	
-13034.2	
-23358.8	
-27775.1	
-18741.2	
-40292.8	
-38016.8	
-13558.5	
-22938.8	
-12352.1	
-15391.6	
-12919.3	
-22274.1	
-16327.2	
-8409.16	
-28317.7	
-17529.7	
-11205	
-28879.1	
-14648.4	
-40441.1	
-13406.3	
-13899.6	
-26943	
-36978.7	
-9872.14	
-15418.6	
-10581.7	
-38680.9	
-20353.1	
-20577.7	
-11860.8	
-18410.7	
-23977.8	
-10868.5	
-31352	
-24490.3	
-11579	
-18297.2	
-9545.28	
-20587.4	
-21958.6	
-18058.9	
-41608.6	
-22628.1	
-9614.14	
-25470	
-12151.1	
-21625	
-20220.6	
-7056.02	
-16740.9	
-17789.7	
-25273.3	
-11522.9	
-23969.5	
-29392	
-15744.8	
-34191.9	
-10864.8	
-13821.7	
-13115.2	
-33812.4	
-11562.3	
-22249.1	
-34906.9	
-21219.7	
-10974.7	
-11546.3	
-28004.4	
-11096.9	
-17602.9	
-20838.1	
-10041.9	
-6870.99	
-26142.9	
-23120.3	
-17251.9	
-31448	
-20696.6	
-12704.4	
-37203	
-30564.3	
-21206.7	
-40344.6	
-27129.2	
-19013.4	
-13276.7	
-19299.6	
-25393.1	
-10493.2	
-15268.8	
-26142.8	
-20536.6	
-40325	
-29362.1	
-20133.7	
-21266.1	
-17402.3	
-19126.6	
-32355.3	
-32477.7	
-13948.8	
-11684.3	
-17441.6	
-24378.9	
-25043.7	
-18986.7	
-17707	
-10864.7	
-31095	
-11227.3	
-26320.4	
-22190.4	
-9911.48	
-37401.3	
-8405.29	
-26878.1	
-13626.8	
-30856.5	
-48835.9	
-14939.7	
-23583.1	
-22826.9	
-21548.2	
-8022.85	
-23637.1	
-31508.1	
-14066.2	
-24128.2	
-33660.6	
-23307.3	
-20283.9	
-19082.6	
-26905.6	
-39445.9	
-18467.9	
-22221.4	
-9726.97	
-11755.7	
-24786	
-40569	
-13423.6	
-23799.6	
-27291.8	
-17072.7	
-43513.7	
-22666.5	
-26561.6	
-9354.1	
-11578	
-26169.3	
-7603.1	
-8812.73	
-20338.6	
-35551.6	
-9092.89	
-9435.45	
-9696.27	
-26724.8	
-13295.1	
-30083.9	
-35016.2	
-16812.8	
-14648.8	
-24478.8	
-8967.98	
-16800.2	
-18905.7	
-21358.6	
-11270.2	
-9790.05	
-21747.5	
-36071.8	
-12804.9	
-11010.5	
-24285.9	
-8061.41	
-21295.8	
-19378.4	
-7722.62	
-12427.8	
-11794.4	
-22690.6	
-28344.6	
-20697.9	
-22377.7	
-10864.8	
-20524.5	
-7124.29	
-23015.9	
-22509.2	
-18855.9	
-8690.99	
-20633	
-17957	
-15664.9	
-20290.2	
-23356.1	
-12897.3	
-22078.9	
-18679.6	
-17704.7	
-20936.3	
-16289.3	
-24764.7	
-21343.1	
-23527.6	
-12594	
-11559.3	
-28728.5	
