-6041.69	-587.566	3758.19	-1816.58	-5479.3	
-2338.24	2595.1	-1410.57	-1633.98	129.819	
-2872.3	-9253.66	-590.189	2630.56	-3075.04	
-1525.98	-535.49	-2184.22	1265.84	5708.95	
1075.84	82.0576	3335.92	-1100.65	-534.387	
6953.83	-285.641	-1088.61	-1639.72	4503.49	
384.849	-341.25	263.923	16.325	-364.384	
1849.14	3010.36	-1290.36	4178.68	-4778.44	
-3061.28	921.326	4766.45	103.336	-4136.47	
832.389	221.654	6805.54	2572.78	5507.23	
3776.24	-6087.77	2654.36	-2619.05	7491.02	
1461.47	4331.81	-1030	471.435	-5144.44	
-3969	-967.796	-1532.16	-301.039	1165.19	
-128.101	2711.68	712.261	-121.983	6455.19	
125.33	-255.927	-201.206	-92.7799	-7.94884	
3128.51	-1775.42	595.17	-4185.63	2827.04	
6119.84	-1968.81	719.876	-384.579	2827.62	
1213.6	6026.92	-1127.2	3668.31	-695.999	
-1774.56	-2089.82	4128.29	1566.69	-5419.85	
448.17	-1094.21	2199.74	466.683	-2217.86	
-700.63	4461.2	-2535.5	-3734.78	764.189	
1.08346	567.899	-373.268	102.716	-179.459	
2832.21	6728.52	-3208.57	4725.55	67.8689	
4054.88	5275.49	350.668	-1435.1	-2354.07	
1627.31	3116.29	-509.039	-1693.17	-1012.38	
1030.37	-2002.56	872.911	-6054.65	-3439.44	
30.6126	-1723.93	5207.32	5500.01	400.656	
-449.669	2592.29	4522.6	-3270.56	-127.788	
4285.28	-8801.78	-95.5514	1419.75	2745.72	
609.904	-2011.02	-382.308	-44.2551	3642.73	
2549.5	-2709.59	-921.709	5727.29	4452.53	
-2003.31	2725.04	-16.8246	-1700.55	4215.94	
715.089	-1105.92	1831.08	600.025	-1147.18	
2901.99	-1410.56	2220	490.572	-173.14	
-4245.01	4018.98	1277.56	999.147	-2811.1	
-5167.81	-8573.21	-3950.65	-3850.89	-847.38	
-2784.76	-2813.47	-1010.82	-4596.36	5225.1	
-58.2013	2821.9	-228.715	2977.99	-4225.73	
-699.255	-1254.17	5422.47	-3928.33	-2382.47	
5606.22	-5722.13	1244.8	-479.086	4990.44	
-3401.89	5247.34	-4137.03	2313.04	4041.79	
32.4605	-1005.48	-0.426815	-276.194	41.537	
4028.93	3770.27	-124.759	-1037.83	1919.31	
533.107	1321.91	2814.65	678.128	-160.052	
1590.3	2232.87	4194.34	376.846	2086.47	
-2834.33	6358.37	1516.97	124.212	-1493.53	
-2313.07	1198	864.413	862.226	-660.789	
-1126.53	5217.75	-1320.16	1692.15	-491.163	
-518.913	-110.828	154.816	-349.472	201.979	
974.919	213.006	1692.44	-1738.81	3858.55	
-3511.77	1938.99	-1937.26	503.176	2410.19	
-44.7116	-1526.85	-876.316	1142	1581.67	
593.624	34.5526	-234.026	-4349.32	995.495	
240.973	4579.51	2966.42	-3422.91	4866.98	
1632.31	-1977.58	-1291.31	1721.99	-2480.38	
-262.886	974.81	2645.33	-1738.98	2070.14	
-5175.49	3007.84	1885.1	-2461.77	-5161.2	
-2866.25	1211.81	1199.41	-1172.16	-656.255	
-5109.01	977.484	-142.869	-4868.83	-5962.79	
128.254	4156.25	109.551	3600.12	4801.56	
2935.25	-6731.81	1972.1	3679.68	-4866.3	
-521.342	-4357.39	-1900.36	-7512.64	797.974	
-6807.48	-394.693	-2746.03	-567.48	1166.42	
-2485.09	4557.5	6258.79	9447.78	-2386.01	
150.292	-997.804	-159.538	-97.2186	-918.224	
-154.329	-270.518	271.178	-36.8708	-249.342	
-1560.65	3530.33	3722.35	2229.45	2794.29	
4318.23	3554.58	5154.98	2397.97	-2358.15	
1972.65	-9649.26	3819.39	1631.8	-26.0416	
-4550.05	-2766.78	5125.75	-6257.78	1200.62	
1369.34	-1366.07	-553.095	-1242.7	3676.01	
4641.98	-8061.25	-1300.73	1712	-1635.26	
-357.562	2069.38	2906.72	757.505	-1596.85	
1144.91	-1541.29	-702.959	862.177	4312.25	
0	0	0	0	0	
4613.46	925.229	1028.09	-1476.24	-6057.42	
693.482	-2911.45	1539.03	-2920.84	2434.31	
2914.59	-1675.59	3862.1	979.503	162.282	
1522.44	585.873	369.502	9029.2	2951.14	
6795.93	2240.3	-626.376	-7407.52	4300.02	
4117.59	4537	-3070.04	-551.25	276.91	
112.854	349.647	-309.4	1809.83	1476.79	
1001.15	-8386.59	2244.71	3248.14	-11576.1	
186.841	-620.089	594.966	-1539.17	4066.26	
-3356.35	-6627.97	-4071.36	-674.044	6907.31	
-715.593	-840.834	2290.29	2111.24	-255.797	
-3307.16	-1040.52	2456.1	-2337.53	-1275.29	
4417.56	2656.72	1395.48	-1246.77	-5681.42	
1353.25	5710.12	687.324	-841.413	-920.365	
-460.495	5660.21	4744.44	628.408	-2833.96	
-1202.52	752.25	157.526	1695.6	-720.334	
-1100.86	-2969.7	1933.25	3335.87	914.898	
3110.59	2787.88	-872.41	1825.3	3873.36	
4100	623.456	2023.97	-2103.66	2574.84	
2812.75	1686.05	3122.86	-4152.45	269.659	
492.175	4752.27	-2690.51	-54.39	2188.8	
14.283	1761.69	-2135.86	-766.793	-5523.57	
1561.1	4170.24	-745.252	-1653.11	-566.719	
254.003	-3169.26	3345.73	-2420.28	-7961.69	
671.02	-8622.42	-1247.37	-3371.19	-4440.82	
1674.94	-3085.43	-4547.05	-386.774	-2024.68	
-1967.74	1176.36	4083.33	1062.44	-2184.78	
-3651.4	4681.63	2251.11	4105.29	1270.92	
486.024	-4433.81	435.507	1088.86	9926.8	
-110.65	880.364	3270.53	2245.34	1959.91	
3841.6	4271.74	798.117	-1438.67	1292.9	
-89.7193	-1415.82	-3959.99	-824.469	-837.826	
-539.352	3571.5	-2578.44	-2598.25	3275.05	
1125.89	-2885.14	1369.11	985.713	-4621.32	
2193.18	189.37	-307.368	-232.604	-787.206	
-591.584	6942.77	5043.88	3825.12	-2939.29	
3178.73	86.6528	3420.91	-3312.05	1717.02	
1492.33	-1504.36	-1512.4	-2541.26	486.922	
3211.89	6565.57	222.263	1397.91	3029.42	
1263.23	-4545.18	733.939	2898.36	-2184.83	
2710.53	2548.57	2650.85	809.214	2711.49	
6803.65	6037.45	3688.46	459.827	6930.6	
2220.02	-70.1169	1552.67	-1220.59	1306.43	
440.531	-335.831	-88.2783	-21.7111	-250.449	
-398.725	2232.53	935.954	335.701	4413.9	
1235.3	3854.68	-2757.4	170.797	-3161.66	
3669.27	-3317.34	-1202.71	4177.93	2926.06	
875.843	-4041.46	-1683.27	1067.43	7216.91	
-1232.79	-674.225	-63.8177	-2367.81	-487.312	
-1158.95	2029.49	-1605.16	573.146	1955.78	
3238.11	1792.12	4107.4	-1055.74	1277.38	
1962.84	-5136.86	-2545.95	-982.655	-7878.01	
-67.9612	-199.169	3807.88	4473.12	-3122.37	
1543.87	6728.26	195.388	-1677.22	-348.909	
-1508.46	7592.44	-2368.04	-6074.23	-5102.94	
37.9491	760.859	3625.04	2115.2	-541.746	
-1095.27	-34.9727	-4149.18	-1754.62	332.328	
-2531.67	-4197.73	2850.92	1558.2	3299.45	
-3022.87	453.237	-2138.32	1309.7	-2939.14	
-155.394	4666.52	2318.26	243.127	-547.833	
-2460.83	1709.68	-3678.14	1169.16	-3718.58	
548.458	5802.33	2926.46	712.481	3943.99	
204.084	1910.98	351.188	-209.744	4856.46	
187.992	703.538	19.6554	302.791	487.98	
2756.98	-3297.09	-548.569	5659.31	2488.8	
1669.62	-129.078	3468.51	-5378.39	1183.64	
6527.19	2432.32	1479.45	2274.42	-2626.85	
2531.29	-6900.01	-614.245	-443.053	-1980.52	
2004.09	-4608.55	-2531.74	-4199.09	-1578.72	
-5432.97	-1912.92	-720.336	-2653.49	-3000.85	
2593.08	871.837	-422.901	2078.29	-4128.76	
-924.361	-3753.45	-1896.41	569.23	-2936.03	
18.7457	-926.855	257.997	105.643	-932.294	
376.531	-4444.74	474.016	4976.06	6839.93	
2647.65	-5320.72	-1909.64	3314.46	3042.51	
-31.9167	110.741	-74.9692	1.09906	208.491	
-2328.61	-2456.08	-4327.2	2152.75	-4892.96	
-1774.59	887.372	1149.79	31.4558	1151.42	
1148.87	738.765	-3944.58	863.069	3803.12	
2171.48	1597.53	3333.92	-2082.81	3094.98	
4349.86	978.878	1020.9	1141.29	1906.89	
2036.76	2510.68	3011.04	-1239.13	-3227.36	
-488.229	3282.05	120.939	-567.388	1205.03	
4932.3	-1015.01	-2953.21	-1695.98	3158.76	
1279.84	-36.8301	1589.01	1526	3470.64	
-2122.54	-737.69	-4885.19	267.659	-3724.03	
-2199.98	-1587.26	-68.5398	187.493	-23.2109	
-512.063	4179.73	5064.43	2830.59	793.904	
-1041.7	3484.14	-2624.43	3162.66	6282.39	
-3393.64	2885.43	2948.65	-402.943	-3084.41	
-1107.59	2966.37	152.79	-1914.86	4171.5	
406.311	-5390.54	188.099	856.014	994.006	
1583.39	2685.55	-176.468	289.38	1075.29	
-4229.65	-4428	299.434	1747.38	3200.51	
374.041	3248.87	366.346	-2525.72	42.5736	
-1730.38	-1987.2	4915.89	3373.5	1815.08	
4482.21	-8549.48	-3311.95	1313.08	-6599.91	
-3963.22	2139.88	3739.4	6665.26	2825.34	
-2782	5939.79	1113.02	479.939	2782.49	
-4292.33	8529.54	1681.51	-3754.86	-2145.19	
-5657.15	6884.85	-240.616	-2277.22	-1510.27	
2681.26	1626.07	4081	-680.423	1352.09	
2862.74	5388.86	4158.31	1504.51	928.225	
-4448.76	-2166.97	241.173	-268.022	898.998	
983.304	3481.99	1363.68	818.97	-3974.89	
1021.96	1490.49	-347.873	-1677.15	-1133.64	
-1163.38	4172.01	-1372.87	123.728	12893.2	
-1.3536	-210.328	28.3755	-167.18	-57.0874	
3500.09	-2065.76	98.9505	-2582.53	-5221.29	
199.008	678.936	2317.18	-275.774	-613.236	
-1899.41	-1383.34	5789.79	2686.25	41.9529	
4868.09	60.0666	-1387.35	-1984.66	4575.07	
-140.025	-2714.84	-237.245	1057.34	3579.69	
-959.721	131.836	2819.93	554.127	133.099	
1306.74	2554.17	-1563.51	3027.72	5629.46	
335.75	198.929	-1310.29	880.161	648.013	
-186.834	8.46111	-42.2758	109.784	144.289	
4892.87	-5530.17	2567.53	2512.81	2583.76	
2726.64	-5339.52	2283.07	1707.68	6855.75	
-3717.16	-2383.69	-104.75	-1488.5	-3474.14	
4220.16	-62.2133	166.961	1855.95	2878.8	
2519.31	-1758.72	-2612.8	-2141.64	-2188.55	
1519.34	-407.725	-122.93	987.814	-3211.75	
786.447	-439.674	-62.7222	65.6329	279.142	
-2898.11	1845.99	5425.97	-1200.91	2854.31	
-3467.69	3408.45	-395.77	2730.1	2831.05	
3047.29	2588.96	-2305.7	-2132.43	1647.9	
-3392.41	-3533.23	-636.776	5865.02	7376.41	
-1468.39	519.553	1829.7	947.348	-6044.85	
2358.01	4912.41	2425.43	-886.034	9826.41	
2417.62	3012.27	-1170.29	413.279	-2237.52	
-3887.58	1757.65	-1241.49	2098.05	931.33	
-2234.77	4395.28	-894.423	3866.8	340.157	
81.2548	4845.5	-338.873	-841.569	1707.98	
-303.015	-896.445	98.8483	432.486	2191.48	
94.9636	6941.22	-1758.21	-1356.33	-2835.66	
1203.02	-1355.46	51.8024	3574.04	1384.9	
2602.57	-1102.78	-4255.51	-1968.11	-2631.47	
-271.742	2621.54	-508.34	2390.97	-2235.98	
374.752	296.638	-579.202	694.636	-379.474	
680.053	965.592	1513.25	321.801	1561.68	
-1866.41	3101.19	646.75	834.746	2540.21	
-1745.58	2409.96	-1121.95	-886.505	4685.3	
-918.847	1611.12	1732.69	-2434.72	612.961	
2234.65	-9453.33	828.682	-1053.54	1989.88	
-3370.48	-8146.19	1195.51	-4501.65	-5497.03	
981.977	6861.67	3401.19	2535.59	2356.51	
175.554	-1642.17	-105.505	-2440.09	554.34	
565.71	3660.38	1919.12	-1238.07	-2929.49	
597.582	6755.47	2354.22	6132.85	-6987.8	
-1930.27	-636.744	3155.6	1513.82	-2353.38	
2548.4	1715.81	-1724.9	-467.8	1386.83	
-4443.35	2696.61	-512.54	4673.06	-974.52	
-700.268	172.322	150.554	-2577.45	-682.214	
-2518.09	318.562	1123.71	-21.05	-3793.66	
-1627.43	-380.64	-34.5593	-752.031	-268.174	
117.408	1800.27	-277.866	1438.77	5331.61	
-5019.21	9799.51	1530.11	-3822.27	6968.53	
1121.97	1449.88	395.021	2613.7	8532.55	
-934.989	1311.1	-1339.37	-1814.44	1860.18	
528.338	-5287.95	2410.75	2340.5	-1776.64	
-851.326	245.15	2783.01	347.418	4950.87	
4270.06	4367.27	-391.055	7298.68	-1369.03	
-4632.98	-3845.69	-2559.36	3212.53	1519.93	
-519.6	640.371	283.528	99.2657	155.678	
1274.57	3340.37	-3738.69	-2489.03	5184.84	
2565.44	1961.12	-682.368	441.908	-2734.85	
276.41	-718.939	-3056.22	3793.1	2710.8	
-64.2921	4659.27	4692.5	1152.71	3944.31	
-1746.12	-674.341	-925.175	1858.01	-1011.5	
4679.36	4079.65	1336.79	-1451.55	6893.37	
695.456	-3880.57	-1534.48	-1640.94	-1271.93	
-280.852	-1500.25	531.95	725.428	3944.56	
3440.86	-2626.29	-2424.94	-111.186	-884.307	
1520.78	1926.52	-930.796	2295.29	2366.06	
-557.704	1422.23	1634.22	-2012.23	-3466.11	
-828.258	1330.33	889.33	-448.217	-6083.02	
-1811.13	-1878.77	1498.54	327.887	-1180.55	
2606.28	7266.4	175.066	2422.45	-295.89	
-4561.04	-2262.49	3491.04	606.189	-1449.96	
1998.23	-7931.29	-2400.01	480.364	-7420.57	
-246.389	-3108.37	1639.04	-284.553	5677.51	
-6313.92	-4061.48	-3461.44	1700.22	-5572.75	
-11363.2	-2770.78	-459.592	2086.1	3924.83	
-2690.97	-4028.59	-627.21	-653.697	1290.5	
1978.93	6248.89	806.561	-4443.87	-4442.94	
4089.99	1099.89	-4391.78	4456.92	-8548.56	
129.933	-2319.33	-1476.81	-945.292	-4927.19	
-6679.1	-1478.88	1493.45	-1310.26	-2155.56	
3106.74	-551.767	1743.47	953.695	-3009.41	
-2804.94	-5823.43	-1470.98	2187.08	-2339.03	
470.932	-5038.35	4388.39	1290.69	1833.41	
-729.062	-4331.46	467.615	3035.14	690.715	
-741.684	7759.25	2669.34	5383.25	5874.38	
676.626	-1540.92	-2400.07	-1211.5	-3619.97	
3911.76	-3878.96	-1444.34	166.855	-1012.23	
103.061	91.0193	-562.64	505.495	800.815	
-1388.38	4165.4	2676.97	2944.12	2489.68	
-2851.15	-309.859	3836.32	4329.77	-1485.21	
1972.09	1631.68	3000.75	3426.51	4545.91	
-765.434	224.037	-3346.83	-2827.81	1105.3	
794.969	4469.94	1627.82	-4262.72	-3217.13	
-5100.03	92.6132	838.627	162.502	3672.65	
147.497	2039.93	-1571.7	1812.51	6602.44	
2551.62	1375.87	1920.74	-468.476	-3010.38	
3443.89	7033.55	-331.342	3231.19	7052.17	
3336.5	7708.87	543.954	-4137.53	-3313.04	
3179.83	-71.1053	1772.2	2068.67	-1868.51	
-2612.07	1970.02	-3653.74	1725.6	-825.8	
2078.73	1936.44	-3350.71	854.25	-4557.34	
1491.41	713.081	-3964.98	1541.18	-3164.22	
4236.79	-6803.01	1849.62	-1772.29	165.19	
1087.95	17.0461	-1483.65	1915.15	-2155.39	
-2982.39	-3597.31	-1933.15	-5556.07	2586.25	
3093.82	1611.57	-929.463	-1219.3	-762.768	
482.492	-2184.26	-1196.46	-307.284	-636.027	
-3315.34	2768.82	330.078	1589.35	-1072.79	
1367.84	-274.871	-2036.1	-440.154	-366.269	
967.136	-3933.45	-2005.35	1259.63	-680.74	
1266.17	1787.14	-3459.22	-3559.53	400.96	
-1045.58	-1226.89	4103.72	-604.449	-4555.11	
483.851	2321.71	1104.73	-890.938	1957.88	
137.098	-3009.67	1003.17	-280.831	2585.51	
-4074.52	-634.662	749.328	-857.87	4491.76	
627.71	4779.35	3600.29	3010.16	4900.69	
-190.646	-1202.18	467.149	-192.974	1178.81	
2537.29	-1600.03	-1608.56	140.52	-466.415	
-723.835	-310.895	1219.94	1623.68	-1467.24	
4630.56	6276.02	1567.98	-3180.71	-4128.34	
1003.21	4006.41	2323.5	4276.12	3268.6	
691.255	-3249.01	-1116.52	291.594	3036	
916.169	1786.23	-2001.73	3480.53	193.869	
-5160.53	2350.33	2207.14	-667.891	-1763.61	
-3641.36	7732.3	-2716.67	8243.82	-7376.54	
-142.207	422.131	-216.337	-2884.75	2639.4	
1782.53	-1495.46	1641.83	1447.39	-89.9211	
-1200.51	21.6305	-2356.4	2989.7	-531.085	
6584.46	4704.47	-2031	-1069.89	-2782.62	
-1301.08	-646.707	-550.393	-426.894	480.422	
326.595	-429.492	725.802	-316.395	1533.34	
1192.37	1421.8	1020.2	-852.702	164.171	
2737.41	8.84868	1934.42	-1129.87	15060.4	
2663.9	-280.414	5092.96	1031.63	6685.41	
3368.53	-5159.33	-631.864	3522.77	-1268.73	
-1295.77	-4360.8	2741.09	2341.29	-1754.2	
1835.56	5088.09	-951.21	-3800.72	-3686.96	
-638.669	-339.156	4309.7	2122.7	-1233.74	
-909.781	4273.73	1157.96	5210.68	1829.16	
1961.01	-2027.67	5626.86	-4903.99	-113.165	
2423.68	5568.5	-2532.25	-1353.27	5099	
-3911.13	3335.03	-2513.87	1370.44	4564.02	
-417.045	-1804.19	-1436.85	4652	-2520.55	
512.751	924.058	-1310.35	-197.838	-395.841	
1828.89	2191.74	-473	-1065.71	356.498	
-643.217	-4338.72	1225.77	-626.071	-1098.86	
2201.69	-2397.84	996.102	-2834.9	6398.25	
-2891.34	7646.46	3391.22	-5345.22	1092.24	
2461.3	-4571.32	-58.4829	2557.92	-3078.77	
2364.28	6012.03	1044.8	3949.74	2559.47	
-441.883	2288.51	3219.16	707.116	-2252.2	
209.234	-4648.84	-421.771	2332.8	841.767	
391.951	-5029.92	-1853.85	6787.89	2314.2	
-3385.78	4699.4	3698.74	2675	-4127.42	
741.126	2850.98	-592.417	1533.09	-1797.25	
6046.46	-8392.25	-4054.59	-3309.59	3007.44	
-3458.46	8226.98	348.502	141.271	-860.353	
4831.5	4796.27	-3389.86	2828.76	846.927	
-168.909	-128.532	-896.695	-28.8988	83.5739	
-7023.84	-3392.28	-592.845	-3051.27	-193.95	
-1525.8	-1642.58	2911.31	7949.38	-8003.51	
-427.549	3878.91	-1632.09	1839.74	6436.67	
-1099.85	-1742.19	-592.397	2617.83	-2812.53	
-1544.01	1960.15	375.76	2908.23	3477.55	
850.237	3180.09	431.08	2157.9	209.328	
1298.8	-434.583	-4093.95	-8644.83	-1965.61	
1540.78	4998.04	-390.504	-1775.62	760.241	
-886.246	-2597.96	-1571.36	6012.63	2762.77	
-817.893	-790.226	-695.14	5367.7	1958.59	
-3661.76	6582.49	-1096.2	5597.37	259.672	
-383.871	1055.77	-887.415	-144.991	839.377	
-203.647	-6551.29	-2290.63	-1215.75	324.312	
-3030.8	-8130.63	911.361	-346.68	5257.29	
2162.59	3323.7	3093.07	-721.773	625.287	
539.482	1211.27	-637.37	1376.9	-1625.5	
-2494.56	-2901.64	3281.97	1302.73	-1324.56	
-3455.8	3355.66	-1290.62	1014.85	885.327	
172.39	186.248	-11.3911	212.98	603.929	
-2925.76	-670.753	-378.787	381.878	-4812.37	
2187.15	4878.03	1529.56	-1068.96	3714.63	
2351.09	2690.06	4214.18	157.332	4293.44	
-638.184	3574.57	1111.72	5129.87	1639.32	
-2519.41	868.306	1807.41	-1646.87	-1719.89	
553.607	-6050.48	6701.66	-904.254	4740.17	
5186.72	-3962.05	4476.38	-7709.08	3067.75	
-310.503	168.919	241.657	412.716	593.433	
1040.96	6164.66	2944.64	3372.66	-10888.3	
1929.44	262.049	847.284	890.204	-1638.49	
17.1968	195.134	-18.0999	153.34	601.333	
1242.22	5757.43	205.637	2138.65	-7377.87	
0	0	0	0	0	
-4119.43	3161.26	1264.74	4864.85	3364.15	
2055.99	2771.98	-878.659	-4307.17	3167.88	
2555.49	-187.561	2289.34	-6227.38	444.687	
4428.26	4860.48	6237.42	4603.63	4051.49	
5702.42	5443.57	1098.07	-2730.53	-254.255	
-553.724	1750.94	-4087.23	7466.34	-3162.19	
-156.598	248.051	310.135	-241.792	416.483	
-92.8042	5398.86	48.2085	1358.98	-3573.63	
-1058.54	-5248.55	-2904.45	-1711.2	1143.94	
-184.399	-44.9592	-71.03	-33.1704	111.646	
228.942	2675.11	-7777.61	6946.59	3193.56	
3251.59	4180.8	1198.87	681.865	4051.2	
3209.18	-4606.31	1475.55	8807.59	-8728.22	
-1909.57	-101.751	1395.71	-5384.29	2967.36	
1209.77	556.793	2102.89	2070.73	-116.71	
-688.808	-2671.36	-586.157	2445.74	-349.49	
-2320.64	3272.87	-883.169	1938.51	-2155.76	
-3054.17	-585.531	2165.79	2644.67	-4833.69	
-3157.12	335.845	-1512.55	3694.34	3455.69	
954.997	2220.9	-600.805	2038.61	-1043.09	
254.556	2771.72	4138.42	-2496.34	-2936.74	
176.726	-599.477	-405.936	55.493	-112.312	
5493.92	382.726	-5542.62	-2848.68	-7939.93	
-5397.29	-2501.01	2280.6	663.943	-641.003	
-1804.57	406.777	-44.8131	1452.69	-3211.84	
1233.66	2700.31	2127	-1734.34	-6020.62	
4684.35	-6870.41	702.601	4102.6	-2219.2	
-5606.18	5609.43	-1065.31	822.017	609.938	
-425.451	-642.847	172.68	2922.25	-7450.95	
17.3999	4874.65	-1198.84	-381.729	5350.24	
-1733.38	-1708.82	3899.95	-1117.96	540.122	
5956.28	2700.05	-142.653	4833.97	-10929	
2914.12	-877.512	-1475.11	800.246	-5001.66	
1970.47	1138.09	1250.44	3613.86	-5994.09	
4302.96	-2167.56	-2697.77	1311.09	-472.647	
-653.088	-2856.33	619.418	2873.24	2013.75	
-115.936	401.514	258.464	3075.51	3756.68	
3058.79	750.795	-926.061	1852.39	3368.25	
-3365.33	1138.33	1021.37	-531.474	162.626	
4187.96	-1163.73	-4026.63	-1408.69	948.451	
-1204.05	-1022.96	-1872.84	2747.62	-4035.13	
3110.22	5766.71	-2345.35	6103.58	-4933.49	
-1807.5	-4403.66	-1746.43	1370.01	866.74	
721.763	160.52	-200.841	212.781	230.325	
74.134	-48.7717	110.968	-493.688	45.3245	
5876.14	1478.97	1972.77	-3341.21	573.806	
60.8669	706.397	-315.707	-283.634	369.28	
1319.26	-3727.41	-372.783	327.258	-4033.12	
-5594.58	1777.55	-249.514	-2086.02	-1657.32	
-205.92	1667.11	14.4348	832.523	170.879	
-2906.78	3643.56	-1132.11	-2748.13	-1269.23	
-1596.05	-6890.98	949.423	1803.51	-1164.72	
-4318.68	-8765.96	-3978.06	-622.358	-546.348	
783.435	1497.79	765.986	-1361.51	836.322	
6886.63	-1580.79	-320.475	6552.59	-3277.55	
3336.76	1739.32	-152.814	2259.46	2099.15	
6129.32	-311.294	-2525.47	4820.27	-1696.91	
1925.39	-2369.94	28.13	3385.48	1202.41	
1886.28	-5617.87	1232.02	-343.649	929.335	
-5104.13	-2452.29	-1651.56	-137.739	-5465.34	
-509.034	226.136	2679.78	-6727.4	-2012.51	
1125.46	491.537	-1405.12	-1475.64	2426.04	
1191.23	2998.6	2137.51	3909.32	-3002.38	
2546.05	938.914	-1408.96	-1631.06	-7442.46	
-983.195	1277.74	-1055.65	419.986	-664.917	
3707.3	798.573	-2816.13	3601	-5467.82	
-634.208	8877.85	-229.187	378.032	1955.7	
1761.31	-3375.57	2266.52	1731.56	5654.76	
-1232.46	-886.929	185.175	452.058	-381.627	
4979.41	-398.352	-2778.4	707.233	2938.21	
756.074	-8157.05	6952.99	3976.48	7336.4	
-3635.98	9019.59	-1249.66	11442.2	-3093.79	
-1007.59	-5263.63	-5193.76	-930.369	4236.39	
-3436.19	-818.874	1651.81	-1316.92	-4480.2	
2437.06	4241.78	2111.09	-851.689	-1402.33	
