3206.36	-3925.11	1406.4	9017.11	3593.14	
1094.82	-1510.07	17.5133	-3036.22	-2495.69	
-4308.93	170.441	263.63	-1795.78	4680.65	
564.49	181.579	-999.813	3979.61	1325.74	
-3717.35	3154.14	-283.844	-3493.51	2490.86	
-8.30638	-5466.5	-320.12	820.595	-8894.1	
-54.2552	-257.223	-247.276	-91.7035	-368.089	
4616.34	-3677.61	1323.66	-3799.72	1255.26	
1196.19	-1745.54	-918.744	4746.22	1700.08	
3023.28	-1281.63	1699.47	-4048.34	2398.64	
-77.3291	-434.137	2249.29	1031.8	-4989.45	
-1534.41	-2144.76	-1196.62	-2878.45	-2482.02	
-1122.78	-1661.12	-2505.03	580.622	-3352.57	
809.397	797.661	2354.54	4038.79	664.159	
-8.89442	77.6819	86.2924	-176.77	145.72	
-1369.36	1216.39	1408.96	34.0376	-1875.64	
418.105	3201.02	3118.22	48.1518	-4580.64	
9596.38	-1976.5	466.409	-543.955	2556.79	
5562.2	3853.53	3546.34	5671.89	2986.28	
-1134.49	-685.711	4505.55	-246.17	1337.18	
1449.7	2552.59	1864.76	3197.78	1495.09	
-12.3641	-324.687	84.4474	-502.192	501.342	
-468.165	-608.899	3.24115	3214.1	-100.608	
-2187.96	-2931.44	1718.87	792.808	4215.45	
79.303	1322.56	2805.62	1347.86	-3956.52	
2241.95	3947.3	-732.074	-315.811	-1133.45	
2951.99	-4417.13	5897.9	2667.02	2792.62	
-94.4646	-3535.19	-709.892	-2237.46	2683.38	
1887.36	9963.92	1850.77	-2882.64	-3505.59	
-2562.98	1278.87	2676.42	3224.55	-1775.39	
1540.56	-3874.63	3377.14	-507.622	-155.062	
795.78	4012.59	-421.911	-1914.94	-1291.1	
498.321	-3202.52	-771.221	-2805.74	3976.83	
1885.08	-1276.3	2151.92	1754.55	-3194.45	
-1027.54	-1434.91	-344.722	2516.83	-8179	
430.781	637.946	-1154.76	-1820.12	1504.82	
8098.72	-2076.97	4263.52	-1709.71	-520.202	
4045.15	-1246.26	-4522.69	3889.7	544.527	
-3202.95	8522.34	-1687.87	-105.978	-502.598	
-530.159	-2488.66	-1622.16	3159.96	-5743.91	
-1885.87	-409.611	988.677	-5141.85	-1617.79	
-36.981	-249.187	-405.05	150.952	245.354	
5877.91	-2402.19	-1132.64	1513.61	-5907.11	
2042.42	1576.01	1482.54	-1263.64	-682.226	
-3206.69	-2735.89	2113.62	368.952	4177.01	
867.654	-6665.59	4242.28	-5673.8	-522.819	
-1379.89	2879.72	-2134.56	-2733.75	-561.426	
167.831	1261.1	329.739	2114.72	-3335.89	
-416.577	222.972	176.43	-460.589	109.996	
-1940.33	-6042.25	-570.269	1197.19	1484	
-1401.91	-3185.1	2882.24	-1305.49	46.912	
1640.17	1425.65	1819.95	3891.96	-1744.98	
1043.27	-5377.06	5616.29	2049.54	592.591	
1339	-9148.25	-3857.9	-2186.45	-11690.2	
-7117.41	337.311	2075.33	1590	4829.35	
2195.97	-3055.87	-805.116	640.403	7002.2	
-1637.83	-1001.39	-2136.39	856.892	4121.53	
1672.71	-7543.97	-1770.75	228.819	-4191.17	
4356.59	-2947.08	4508.29	1971.23	3870.1	
-363.172	84.5907	-126.586	4062.3	-2766.67	
253.705	9135.32	4754.83	-3317.63	-598.858	
-978.441	984.615	-1253.11	717.19	3452.92	
-4252.78	-6060.96	1116.45	-1562.87	3471.32	
2216.8	-2593.86	-6397.21	626.847	-384.326	
-473.031	-1286.2	863.544	-429.617	1531.26	
-81.979	65.5116	-251.561	189.397	-94.6302	
974.819	1126.17	-962.601	5066	2705.75	
-819.199	1981.38	2036.77	2829.74	3294.35	
-2025.78	85.2797	1168.27	1447.19	47.5049	
-8882.77	-4542.93	3666.34	2293.86	6916.81	
-1685.24	-600.963	-791.764	1725.14	1303.16	
596.529	-554.988	-4508.24	2416.47	2205.29	
-3466.57	1782.18	-644.262	-879.346	-22.4147	
2051.51	4612.61	1444.52	1306.67	-3404.12	
0	0	0	0	0	
2010.85	2409.32	796.858	945.125	-1631.69	
-1981.46	-75.2027	723.545	644.682	404.692	
2698.42	-3917.5	5854.06	4837.3	-869.994	
-2876.73	-2294.39	-4564.51	4245.81	5204.68	
292.503	4321.61	2422.49	-1537.58	-511.949	
1287.93	-953.868	-2195.71	-1400.88	-1754.7	
1006.36	4040.47	-2311.71	-6160.75	294.699	
1572.46	-3936.01	829.575	4299.73	-6260.1	
-2692.85	-3866.96	3922.71	-706.271	491.215	
3338.16	-7268.51	424.46	-5273.85	1901.73	
-553.221	-4952.5	-1424.62	152.173	3569.71	
-916.863	3014.96	1467.15	-2538.95	2498.56	
2394.73	-4794.67	1326.97	-6162.55	-6416.52	
754.7	-5946.23	-1412.71	-2872.49	-2445.84	
941.535	-3658	3445.35	4093.15	619.952	
1545.34	654.886	163.413	-938.106	1483.59	
-2378.68	-5144.43	-796.474	3183.16	-8015.5	
-623.003	-2196.47	-4153.46	1362.15	2941.39	
600.017	-7430.09	102.337	-4273.04	-518.622	
-2448.84	10663	-1848.88	5578.74	811.902	
-3482.3	1123.64	2254.19	265.083	-3165.2	
3021.31	4923.96	-517.006	-2892.34	-5893.63	
6002.6	-7179.75	1089.16	-1637.38	-4832.02	
11.3615	-7642.27	-1300.5	-249.622	-2477.15	
3491.9	-2422.04	4521.52	5306.49	527.414	
1605.3	-2552.83	3243.59	3339.55	1513.62	
4552.38	2266.62	-599.165	-1400.38	1740.94	
5386.21	-5445.59	-576.099	2255.65	-3029.37	
-2284.26	1824.26	2402.79	1613.97	-179.041	
-52.1759	561.483	1570.15	1021.89	3501.85	
1672.67	2133.44	-1102.24	366.724	-794.385	
4752.13	1860.71	-838.956	318.653	-1337.85	
-730.741	-1084.83	3587.25	1957.73	-2153.39	
-673.187	-4767.27	-1395.97	626.5	2918.1	
2952.42	-8528.75	-2068.83	-2567.19	105.851	
-2019.42	2174.88	1871.36	2299.27	-7114.36	
-6474.82	-2554.68	-1626.55	287.471	6417.39	
-3640.84	-1928.6	-665.154	-1520.68	3950.27	
-2602.77	12090.9	-732.465	-687.499	2484.89	
-2767.09	2330.61	1538.19	2147.02	-2468.13	
-4824.77	-374.672	1302.9	71.4148	6048.86	
4724.64	3312.38	2641.87	-1137.57	-6029.15	
-3091.44	-3605.15	-1758.72	3559.86	4371.84	
324.654	729.091	-27.1127	-303.647	31.7619	
-6838.04	-1279.93	-1192.6	-229.854	-988.372	
-3085.96	-3683.09	3450.17	969.28	3551.97	
500.1	-167.162	-1119	1239.46	-3581.24	
-329.908	-3659.66	4076.58	-5083.55	1892.18	
-1654.72	1378.2	-925.831	-1086.79	-48.7011	
-2071.19	1767.43	1714.58	-599.939	-2917.51	
4198.13	3480.17	-812.825	2768.48	-138.12	
4379.93	-8129.24	3415.86	5966.93	8621.13	
-461.719	3650.62	-1936.98	-3559.25	5507.86	
-3439.47	-73.2526	507.066	1026.35	-4651.37	
-1166	133.457	-332.143	2297.15	1321.27	
3264.14	2083.79	-2333.37	-409.23	2298.16	
-1915.11	2085.63	-1509.96	1062.67	-10717.9	
-3436.23	3576.54	1549.55	-470.772	-4347.86	
2999.42	3872.15	5129.8	-5385.44	-1994.72	
721.23	-2250.44	-4637.13	-4020.67	-4382.5	
3691.12	-8844.54	1927.6	-889.662	-1743.56	
-4275.85	-698.908	2901.27	-1832.64	5574.75	
-782.635	-3823.42	1130.02	-1340.73	1571.55	
279.964	55.3869	231.271	-277.625	-380.09	
1840.74	2506.71	2813.19	-2175.64	-1449.44	
474.338	-423.942	120.675	-2253.17	1132.27	
1954.5	-4259.07	4870.39	-564.153	-953.801	
-1353.97	3043.53	735.378	1752.55	-841.086	
-923.135	-803.751	-5204.09	-76.3147	4900.39	
-1175.34	4347.63	3365.76	-932.172	-2429.62	
-946.837	-2854.04	1846.04	-2883.71	4603.81	
-317.912	-56.0034	-1832.69	510.06	-5881.93	
-384.888	-380.215	630.238	396.499	133.531	
-1772.45	-6043.43	-604.556	2089.24	6737.92	
1306.63	949.467	202.129	2429.96	5021.25	
4.4151	-45.9995	25.1393	-46.6781	-199.079	
-5636.6	4525.16	-411.443	-916.177	886.828	
-874.305	-2777.28	1853.02	2476.93	2891.73	
1899.54	-2907.78	338.664	-1670.84	-4581.41	
-2092.77	-3708.59	-1803.44	-2390.05	-2109.94	
-1231.21	-2162.09	262.658	1313.37	-5170.43	
1307.43	-493.382	-3038.77	-606.099	-1545.85	
1830.7	-2074.99	-556.812	-2630.38	-821.2	
-2265.96	-3335.46	2083.61	831.774	1190.77	
3527.16	-4325.04	451.997	-519.183	1388.39	
-2061.65	150.787	-1194.37	-2099.64	-1895.79	
30.7129	647.555	-847.88	1758.01	1530.46	
-3119.88	-184.218	-2930.67	-2181.8	3965.28	
-5382.47	-2207.28	759.655	1579.71	-115.234	
-1449.3	-909.642	-2813.39	78.9567	-1428.1	
-169.886	2401.95	2071.43	3536.37	41.3935	
4408.31	-4570.67	2897.4	2239.98	3948.21	
-1920	-1324.87	-1103.75	930.185	-2597.36	
-5084.69	-64.5589	702.808	-458.329	-818.553	
-4504.14	-3401.13	-3200.92	-1199.69	-885.322	
-418.633	-360.665	-717.468	-267.6	-198.015	
1093.16	-561.126	-1180.17	6224.91	-344.586	
604.008	1709.27	-4348.07	3465.8	-508.325	
3922.32	-8180.88	-4244.42	-1796.42	-1730.46	
4506.62	3394.74	3160.99	-4505.83	-443.583	
39.6355	-4189.16	799.466	3852.93	-1689.55	
1203.45	-29.9752	625.779	-357.815	1124.13	
-277.694	-1225.94	-3117.17	5518.64	3143.55	
-2022.72	-2727.34	157.629	5924.23	-2623.09	
131.046	-870.373	-3171.08	597.842	-6353.54	
870.373	47.1093	439.552	1094.56	-1057.54	
4186.91	1185.69	2789.38	-2275.03	1418.88	
-203.699	-4.22028	201.265	-259.115	-360.636	
-4381.27	4039.38	4289.49	-2316.78	5842.84	
2332.2	3343.48	1159.87	658.078	-668.694	
648.586	3053.87	4132.96	3568.06	3660.75	
-3701.73	-4866.09	555.377	-1192.46	5905.27	
4694.75	-4337.1	1306.91	2835.59	2438.58	
-2757.49	205.964	-37.9258	-2113.13	3535.54	
335.66	3841.89	1196.2	1368.67	-544.42	
-452.746	-3256.05	824.549	342.949	1245.41	
305.172	774.504	132.249	15.4557	262.523	
1619.99	3263.29	-4977.16	156.554	-11127.3	
-1313.82	3322.42	-1465.04	2182.9	839.677	
-4006.93	4769.02	-1355.05	1268.76	-6868.14	
-565.653	614.036	1321.18	3202.13	2163.85	
-3438.59	-4099	2352.35	-1634.98	4051.17	
-1967.78	-3279.74	978.319	-4292.07	84.7643	
-367.538	1403.19	-36.1582	242.158	887.478	
-212.586	-3442.26	-326.475	-476.113	173.714	
698.186	2189.77	159.79	2662.85	674.089	
124.258	2960.77	-1207.69	323.865	-1962.48	
4753.97	8037.81	534.005	995.598	256.967	
-1635.72	-3150.08	4991.31	-4865.3	2970.95	
1540.28	3328.75	-985.225	1568.25	-7663.64	
-898.488	5763.33	-1303.73	5184.54	1541.51	
-2763.83	-2262.07	1575.89	1586.39	-1010.02	
-232.438	8583.44	2104.12	-724.56	-1199.56	
-105.816	-2478.53	1078.32	-382.136	-3021.03	
1245.94	3903.66	738.311	-4822.17	-2641.8	
-1231.12	-1719.15	-1224.31	-4050.95	-2946.89	
4459.04	-531.803	442.368	573.836	748.877	
-1269.07	1440.76	3940.14	4597.66	429.797	
-2233.59	2338.66	194.14	-376.518	-7653.83	
-2177.41	4698.41	2648.29	-1385.64	-4614.71	
3236.92	-1198.42	2580.38	-1136.33	982.201	
-4387.64	-2409.76	-3462.1	-7574.1	-1789.3	
-2437.17	-3031.93	2107.23	-925.04	5793.98	
1290.55	-5703.28	-610.489	-118.514	1089.94	
-3266.58	3086.11	961.094	-3452.55	-4065.92	
-2740.8	288.369	1296.63	235.916	-550.362	
-569.054	343.413	3886.3	1138.86	4252.27	
2583.52	3854.11	-803.679	-2417.16	3026.71	
-2104.4	1915.99	1633.16	-6014.48	-5028.14	
4299.52	-2251.32	-1454.16	3747.75	-182.114	
-2445.55	-9490.24	1912.07	6541.55	-9118	
2023.15	5913.37	-409.382	2016.38	6917.29	
-744.058	865.8	-2104.51	-4928.91	-5580.03	
1199.25	-6083.73	-3729.4	2301.81	-159.59	
1547.66	2599.97	3819.13	1418.43	5526.13	
1098.99	-3388.58	1413.44	2192.17	-1336.82	
-2451.31	-546.584	694.888	-1106.49	-4235.83	
2017.25	2974.37	-8357.17	-4111.46	-69.9196	
3575.04	-1902.12	938.216	-351.027	-1597.8	
1374.61	2285.23	-814.436	6390.14	3427.31	
3253.25	2365.01	-2018.44	-1375.15	-5067.81	
560.029	1997.19	-2057.38	3483.59	-525.935	
763.462	872.55	7396.31	2172.82	-1014.75	
-2526.89	-3788.87	2589.77	3509.89	3243.89	
-229.986	907.288	-23.0338	415.011	-231.509	
-2169.1	-970.813	3565.8	1875.23	562.29	
-733.068	6092.74	2082.86	3121.7	-1572.62	
-2874.06	-2881.15	-1524.74	-5017.35	-1015.34	
-215.872	-826.463	-1546.75	-6604.26	-5234.26	
-565.404	2402.89	-1496.53	-5116.2	2301.82	
-5560.87	4296.38	456.96	-685.875	2341.88	
2312.92	2290.76	-502.222	2781.78	-3139.46	
-666.457	-111.497	-1307.07	-785.625	561.077	
961.091	-349.635	3574.79	-1805.75	-1392.07	
-740.537	2338.99	5306.79	2555.9	-2042.96	
-2505.52	-5586.34	-146.302	-5135.91	10421.9	
-1275.2	-2904.02	-1360.28	-1869.32	6651.91	
-409.54	1152.34	3324.6	2109.56	-2223.86	
631.858	-2015.47	1201.57	2366.81	2156.62	
2877.83	-3203.11	777.622	-3491.11	-1844.36	
-972.693	3005.71	-1390.5	2535.79	2769.62	
-489.519	275.172	-437.488	-3128.68	-632.645	
-2948.56	-9452.4	-1888.58	431.591	6226.7	
6610.12	-1789.54	-906.266	-2994.68	-3865.57	
460.743	6959.46	754.614	1808.16	6175.63	
-816.715	-8202.54	6283.08	197.021	-3497.52	
504.643	3221.07	2676.17	1548.52	-1542.48	
5842.05	-1863.82	-1113.68	-1697.88	-1524.18	
-6980.88	878.53	-235.442	1154.72	-2452.14	
806.437	699.492	-2564.84	1129.73	110.466	
1151.07	-207.362	79.0765	1930.94	-920.894	
1702.62	2037.17	2265.52	-55.1151	1584.49	
-870.127	5366.79	682.823	452.805	308.598	
-2110.38	-2962.63	2773.19	-5506.76	-3146.72	
-1870.34	4361.68	2372.04	-136.797	1395.19	
-2302.44	-8550.86	2403.63	3114.57	1730.39	
-654.226	948.551	530.434	36.7687	-90.1412	
1298.21	6872.26	1495.22	2368.62	1913.04	
2712.17	1087.22	3367.23	-661.898	1776.16	
2091.29	-4486.94	1880.11	-2473.88	-992.973	
2769.09	2849.34	-151.529	2377.05	2949.83	
272.554	110.026	737.499	1839.21	-4263.63	
111.747	656.222	-1201.39	3052.92	44.5681	
-392.233	-1532.71	-1403.35	1425.25	-2799.98	
1798.02	-5543.12	-550.788	-647.99	-1421.56	
-5211.27	-10741.1	71.2256	-299.72	2508.7	
-8319.86	-5942.29	172.476	3794.61	-1196.85	
2624.09	-3590.01	-388.358	-2336.52	570.72	
-1506.45	2084.83	-3071.31	-437.492	-2952.83	
804.674	2571	-1552.25	319.17	2626.31	
1877.65	-1473.26	5491.63	3922.1	-2297.15	
-1461.23	-3859.95	-3565.51	-4935.33	-938.818	
7607.17	5003.21	5729.03	496.783	-1361.04	
4319.04	3357.91	2062.9	-875.763	-1259.21	
-336.494	-4362.45	-430.175	-2145.44	4701.59	
843.963	631.445	3885.29	3002.5	2420.79	
8782.19	3347.24	-28.9285	-7436.55	1337.84	
-2938.82	-2027.52	-3838.09	1801.88	2693.34	
-1706.93	3187.19	896.169	811.2	-1754.1	
4295.61	-525.33	-2533.2	-2095.95	-1882.64	
-3381.38	973.209	-969.948	4301.37	-1383.38	
1430.33	-370.178	67.7678	-1277.67	4493.24	
997.485	-5605.34	539.41	230.791	-515.59	
3526.22	-5817.17	2973.64	-2009.3	895.235	
1376.3	510.249	2109.82	4203.11	393.078	
263.193	1351.71	117.634	495.102	-1105.54	
372.169	4250.45	1053.41	-471.813	-6120.25	
-1562.68	-379.163	-2242.25	-2312.27	421.667	
-654.391	2069.5	4313.94	4298.21	7106.33	
295.829	6351.25	1827.9	2183.29	10123.6	
4870.87	-2360.78	4311.51	-1026.63	5746.31	
3319.02	1595.06	1099.11	-492.696	374.169	
1133.9	-6243.74	-1385.3	-390.423	-1385.49	
-491.959	4263.09	-1644.78	-4634.4	-2781.01	
1334.74	-1395.2	3053.68	-309.074	-471.291	
-1773.91	383.466	2139.72	-865.756	-202.33	
-728.583	136.095	254.245	7742.12	1601.83	
-4033.45	-2785.32	1416.94	-298.775	1161.35	
120.511	164.475	-179.852	-1560.93	281.333	
-1468.45	5435.19	677.434	-4034.59	-4870.19	
2797.6	2183.77	4182.64	904.311	4609.32	
-2329.95	-3176.82	2731.31	3656.72	3430.89	
1903.63	2062.02	-1031.03	-1911.74	2069.38	
3700.08	3531.07	-3464.93	-6201.43	2468.05	
4955.51	364.849	308.787	4400.76	-1557.01	
3028.66	-6774.41	3384.76	2556.93	-3716.58	
7472.85	3664.51	-993.485	2725.86	4693.05	
3518.07	9813.72	-1576.05	3150.85	1976.03	
-738.855	-13055.3	-2162.81	-690.737	5851.88	
300.973	7182.96	3790.23	-1145.41	-56.7212	
3067.57	1741.9	1182.22	4516.74	4858.31	
2945.39	-118.764	787.353	-2180.62	477.585	
-769.007	776.798	118.132	-362.671	752.697	
1319.56	30.5903	849.412	1170.06	-408.261	
1049.97	690.449	3849.42	-5601.92	-1235.75	
805.582	-253.55	1088.97	370.578	1265.72	
-4137.23	8797.94	-1462.22	-4595.66	-2770.18	
1471.52	-856.357	-1313.75	-1244.36	-2233.16	
-280.817	-1025.86	484.63	-5425.3	2325.57	
958.86	-1470.79	-876.797	715.944	-1240.32	
976.85	4153.94	-139.118	105.596	-3318.99	
-1290.47	3527.43	-6606.17	3655.14	-11296.5	
1485.42	7347.2	5168.76	3231.59	-7071.53	
948.122	22.8874	1319.24	4041.61	-1359.62	
5598.45	6467.95	1447.76	-1654.89	-410.842	
1744.92	-9796.13	2946.95	4073.03	-1648.84	
-2348.97	-2976.08	1295.05	-908.272	3156.4	
-124.134	214.006	225.51	30.0395	854.258	
-2562.78	-3810.56	-3250.53	-1021.83	-6972.79	
-1956.91	-5351.92	-3262.77	-5336.28	197.2	
-4530.07	-4901.61	3509.29	952.983	-495.114	
-1563.91	7127.1	3789.18	7870.35	4249.88	
-986.569	1677.98	536.088	3892.65	-292.071	
-1381.39	-1976.56	4171.88	-1281.27	-545.702	
1556.97	1402.51	4375.01	3331.32	-3083.39	
1749.87	8074.25	2986.84	476.459	1383.56	
5470.63	-1198.73	3658.49	1561.28	2328.57	
-2050.24	-2617.14	-1014.14	670.928	1157.87	
2022.73	4710.75	7162.73	-6776.53	2963.36	
302.312	-770.304	-468.865	647.313	-146.553	
-341.345	3005.39	739.443	3135.93	5906.8	
182.991	3503.87	510.648	4835.28	-2657.64	
-1183.49	4753.1	480.395	-1491.79	4098.12	
346.599	641.535	-294.186	280.667	878.53	
301.398	-4643.22	-847.688	-925.221	-5287.83	
-3062.85	4592.16	-1369.9	1701.33	2203.46	
-52.9938	-610.743	-91.0363	-99.4583	362.033	
2992.79	-4387.24	2917.98	5042.81	-5647.35	
-712.114	1503.89	-953.148	2676.51	9528.63	
2638.93	4881.7	200.349	-9328.46	2497.41	
2364.83	-8828.23	-668.332	-3834.17	237.641	
-3379.73	3572.16	-3533.04	328.689	938.513	
2358.34	-7842.36	-3039.84	-2173.9	-4563.93	
4237.88	-2404.49	-4998.12	-2519.85	-1184.12	
798.318	429.71	55.6089	118.699	523.002	
-1824.44	-3377.72	-576.048	1670.8	6093.5	
1368.09	527.974	665.544	1653.48	327.347	
293.17	622.859	236.893	236.798	-170.065	
6838.81	-582.876	-3632.71	-1143.72	-1932.85	
0	0	0	0	0	
3275.19	6005.69	-1369.85	482.417	7379.46	
-1205.19	-4631.38	2289.22	5852.39	9245.03	
-2104.18	3864.23	1189.85	-4407.54	1497.91	
-3508.89	4631.8	2122.99	-1691.19	4592.19	
-5463.88	-3725.66	3105.37	-1236.96	-1209.46	
-308.682	-2834.39	-3812.38	-1397.4	-4733.81	
424.622	-217.354	383.774	254.589	132.143	
-131.27	-3025.18	2359.56	-2530.19	-1812.56	
-1090.29	-4580.79	1773.71	-243.159	-1171.22	
-14.487	-172.098	-195.875	252.395	282.94	
4063.89	-47.1486	544.228	3674.41	1253.16	
1066.94	-1903.81	-1449.96	155.037	4819.77	
-3781.4	-1066.09	-670.59	2499.45	-4073.11	
894.491	1238.87	4071.43	-3507.68	262.877	
-852.222	-9001.82	-112.202	-2963.63	3573.04	
-2548.02	224.641	1707.73	3493.47	-9919.13	
-2698.18	1722.78	3255.49	1096.63	4080.75	
-5733.23	-3787	-3302.03	564.027	4207.71	
-1726.07	-6215.87	54.8519	2018.97	-3949.19	
930.32	915.673	-445.615	-2756.58	-1982.2	
3518	-1154.72	4142.86	1592.93	-146.949	
205.782	-336.739	-263.849	70.7798	174.429	
-3445.5	3039.68	-46.1395	-2209.14	-398.963	
-1853.68	5931.05	-1179.22	-1926.58	3751.02	
-3382.14	-152.075	2020.48	2959.03	-4542.05	
-3179.02	2288.84	566.217	-1163.43	-4296.97	
5591.89	4709.47	6143.14	-579.55	5827.9	
1960.47	-401.979	1038.25	1556.14	133.771	
-6162.35	5218.74	-20.9729	-3233.81	4710.48	
1549.08	-2402.94	-1855.96	49.3162	-358.673	
1858.66	6041.92	58.2607	-2018.48	202.661	
-7352.32	6936.42	-1468.94	-2422.91	-8252.92	
4369.69	2900.39	1436.12	-296.502	-4264.02	
802.627	-1286	1801.81	371.496	-5949	
3682.32	848.966	-785.753	1357.97	1395.74	
-1187.81	2397.52	3652.14	-142.541	-20.9247	
-2838.72	-1584.73	-1688.89	921.164	-1628.86	
-1643.31	-173.389	-2323.67	2606.84	-2234.01	
-1204.9	-4611.9	-1069.59	-1082.87	-7160.24	
2188.74	5682.46	2302.98	2221.99	5954.26	
528.19	2530.32	153.287	3093.72	1858.75	
3209.68	1954.9	357.481	-218.033	969.582	
1956.35	-2797.21	6260.85	-2056.54	-8976.75	
-530.423	1075.23	-44.0528	-375.701	1034.22	
156.573	-246.678	-676.205	134.645	-417.92	
-76.6812	465.499	2698.27	-87.4032	-1405.85	
154.098	-276.859	194.49	-120.641	-573.643	
4104.56	1074.83	-2242.19	4642.66	1101.65	
1865.76	591.038	3171.87	3867.81	-635.684	
-1904.28	2705.32	170.372	-1305.65	2554.41	
-540.988	-5664.57	-818.872	2813.58	2737.86	
-4100.43	11750.4	5002.31	-3805.12	5113.37	
-3088.37	-1793.65	2280.1	-705.188	183.088	
-216.981	252.887	-1395.93	795.031	-579.119	
-2835.17	-6797.63	185.749	5610.15	-1922.93	
1406.31	2508.51	-1448	585.993	-3578.09	
-1007.51	-4406.76	-3079.33	4441.51	3023.93	
-1262.52	4525.73	517.9	453.141	-4402.62	
-2142.07	354.47	-363.327	-4362.65	-144.169	
-2337.16	-2981.21	-365.639	-214.641	4117.75	
-22.599	2992.23	-3076.79	2300.38	2762.3	
-928.117	47.0459	1640.01	-856.28	2462.52	
-4220.42	-2412.43	3761.76	2629.45	455.595	
784.162	349.806	1069.24	-6413.32	5460.65	
1040.65	-449.052	-1911.38	-1773.62	-685.395	
-2456.31	1482.21	104.792	2778.22	2309.12	
2802.19	-144.996	1348.65	-766.274	200.823	
3684.32	-6998.29	-396.185	-3212.55	1773.69	
3732.94	455.128	1319.58	-778.047	6983.01	
1658.31	7627.57	-6191.3	-2861.91	373.883	
-731.736	2146.89	-3216.18	57.9426	-3140.34	
-1038.31	-2526.08	2210.91	523.209	4695.5	
1943.74	177.53	-682.753	5683.49	1748.71	
-1148.22	-6253.78	4446.92	-3153.88	-6057.42	
-3198.37	3957.46	2292.9	-352.939	6394.22	
