326529	
471886	
304266	
321110	
461157	
425242	
17724	
644119	
501243	
280558	
326754	
697963	
565165	
404156	
279349	
415513	
543260	
162063	
652484	
659892	
739153	
343984	
402394	
872006	
615870	
287081	
11389.3	
603292	
672684	
819938	
295788	
645566	
586530	
574409	
402047	
567663	
386620	
737223	
259869	
83959.9	
673367	
286944	
0	
373557	
11421	
454421	
502914	
744416	
638215	
598879	
508199	
277386	
352045	
636666	
415551	
548471	
456782	
388257	
287438	
419526	
683959	
498304	
154134	
420044	
494109	
540401	
460296	
237309	
728230	
913902	
952480	
521441	
287209	
453179	
363971	
532715	
639702	
457064	
606312	
392090	
633537	
472700	
245356	
559318	
578064	
887340	
227022	
442004	
410551	
618000	
511544	
527235	
349092	
670739	
536841	
458419	
262862	
491637	
682094	
625746	
365004	
417418	
996656	
483946	
639279	
314192	
707561	
528226	
255779	
549079	
263385	
546749	
461304	
222144	
555186	
527339	
634567	
477647	
365708	
889274	
651467	
420329	
136978	
398011	
621166	
564252	
449489	
902145	
390779	
492374	
811973	
398638	
175127	
252930	
462685	
766111	
555208	
179137	
421606	
480126	
737422	
385763	
390985	
707628	
27968.9	
468249	
795901	
1.06338e+06	
674180	
425921	
509495	
473185	
361266	
971219	
479715	
866512	
384975	
906721	
379002	
652117	
393063	
371012	
405278	
399177	
857414	
465856	
447588	
548689	
416566	
994286	
856454	
622768	
387519	
631437	
803445	
337065	
767365	
826694	
375112	
547859	
21623.8	
398622	
638758	
685237	
566978	
428254	
338687	
550362	
388300	
339431	
963023	
623699	
377164	
492233	
97838.5	
300022	
272383	
313222	
353398	
610194	
692295	
520213	
1.01339e+06	
550405	
506708	
465727	
453046	
349744	
399171	
848287	
556075	
839741	
523999	
486901	
770779	
666218	
500775	
576339	
1.0375e+06	
543246	
689694	
764755	
728500	
370192	
685657	
424050	
957148	
435569	
381904	
1.01564e+06	
327454	
567071	
706280	
498541	
729813	
311133	
315073	
624718	
671689	
578461	
447834	
989655	
825283	
504056	
488306	
620382	
601066	
221405	
511152	
244700	
330679	
382695	
803284	
584522	
490575	
720363	
439492	
511894	
974004	
409242	
858351	
312111	
418334	
746828	
740704	
460923	
997149	
466042	
426591	
655145	
450200	
424175	
593327	
806886	
733997	
577544	
