75.9785	
-1049.59	
-629.317	
149.429	
-449.77	
-716.228	
33.0908	
-1105.61	
-1032.92	
-464.276	
-803.199	
-751.584	
-1146.39	
-445.617	
-435.714	
-1298.86	
-1845.86	
-275.425	
-2672.85	
-1172.71	
-960.722	
-1252.93	
-73.4057	
-1304.65	
-1717.89	
126.519	
-145.876	
-945.928	
-1382.61	
-466.512	
-895.975	
-1572.85	
-523.806	
-1333.98	
-948.578	
-914.494	
-1094.32	
102.14	
-179.304	
-283.993	
-1057.33	
-813.114	
0	
-872.958	
-28.2792	
-1042.99	
-1222.26	
-872.67	
-1407.01	
-348.407	
-620.832	
-380.783	
-1423.57	
-287.134	
-652.522	
-717.587	
-897.873	
-610.571	
-152.419	
-784.997	
-972.717	
-569.316	
-267.745	
-56.4387	
-258.069	
-605.588	
-1482.25	
-606.285	
-693.871	
-1899.22	
-1973.77	
-447.535	
-128.605	
-756.679	
-154.345	
-630.226	
-1260.44	
-583.112	
-1678.64	
-607.665	
-308.813	
-654.228	
-434.404	
-1318.38	
-1630.61	
-143.618	
-96.4737	
-711.175	
-971.716	
-1532.17	
-1421.2	
-1681.13	
-306.166	
-1302.28	
-1017.45	
-920.984	
-220.38	
-282.359	
-2090.4	
-1417.36	
-152.741	
-811.72	
-1576.51	
-635.991	
-980.307	
-1129.15	
-1224.28	
-297.897	
-1129.55	
-1215.63	
-96.5138	
-735.698	
-35.877	
50.5515	
-924.755	
-742.311	
-1296.23	
-987.998	
-1678.86	
-290.042	
-870.735	
3.35105	
-693.737	
-539.647	
-898.932	
-1547.92	
-10.5796	
-107.612	
-1461.82	
-854.288	
-860.185	
-1199.9	
-490.838	
-662.421	
-452.684	
-368.393	
-1055.75	
-16.3309	
-126.692	
-408.326	
-1484.23	
-759.874	
-1175.93	
-332.596	
-1233.65	
-9.69999	
-997.55	
-2346.95	
-866.718	
-612.947	
-46.0768	
-573.966	
-675.776	
-1729.47	
-915.523	
-1315.22	
-514.349	
-1764.03	
-1128.31	
-537.448	
-89.302	
-635.566	
-383.918	
-583.185	
-1482.44	
-722.41	
-1049.33	
-612.738	
-1172.08	
-2996.86	
-473.713	
98.8124	
-312.681	
-735.761	
-1677.32	
-615.059	
-1019.62	
-468.741	
-532.497	
-928.356	
-97.5791	
-318.886	
-1704.8	
-728.342	
-812.538	
-570.146	
-215.878	
-998.73	
-194.962	
-484.581	
-1797.22	
-1625.38	
108.777	
-1325.54	
-7.69493	
-929.177	
-119.738	
-273.827	
-1149.35	
189.573	
-1278.95	
-1119.06	
-693.736	
-938.884	
-644.216	
-1192.01	
-1171.06	
-671.683	
-665.685	
-2253.83	
-676.79	
-1303.37	
-964.601	
69.268	
-1407.96	
-1900.95	
-878.405	
-446.691	
-2461.12	
-42.4891	
-1512.61	
-1183.75	
-1227.57	
-948.739	
-1238.85	
-1069.72	
-1279.86	
-536.594	
-461.365	
-1784.8	
-631.505	
-1440.51	
-1367.03	
-1272.04	
-1481.8	
-595.456	
-655.629	
-148.65	
-1059.73	
-502.624	
-824.83	
-2687.78	
-1164.86	
-785.31	
-966.671	
-2221.11	
-1414.08	
-473.19	
-376.816	
-131.864	
-894.689	
-736.688	
-964.143	
-1306.37	
-302.397	
-1513.97	
-848.813	
-820.774	
-735.08	
-71.9201	
-820.074	
-646.919	
-624.491	
-1172.86	
-1867.53	
-1359.41	
-3162.16	
-371.143	
-895.489	
-690.592	
-1224.98	
-996.727	
-1034.37	
-2064.31	
-1423.92	
-1173.54	
