100.926	
6.44548	
69.6239	
-261.242	
93.5715	
347.296	
-416.109	
-418.362	
55.599	
61.0889	
-654.398	
-1023.37	
-861.102	
-334.495	
32.6578	
82.3938	
-833.489	
99.701	
79.761	
-1315.14	
-820.501	
-945.003	
-988.066	
-2084.15	
-462.25	
323.963	
9.74145	
-328.08	
-691.345	
530.052	
-1783.3	
-248.429	
-574.976	
-371.312	
-817.979	
431.464	
-2216.98	
-356.658	
-2150.41	
-2294.81	
-1009.12	
27.0834	
465.885	
-1120.93	
-641.399	
-659.17	
-246.044	
987.843	
-457.395	
-1032.75	
-454.932	
-185.401	
-356.444	
-366.443	
331.916	
-769.246	
-194.872	
-692.234	
44.0761	
402.299	
-581.154	
-364.457	
-483.863	
-1678.38	
-148.295	
-435.978	
689.137	
230.447	
-1544.34	
-1873.42	
-293.28	
-520.778	
-1084.98	
-1702.17	
-1204.92	
-430.577	
362.924	
468.518	
-911.65	
-952.242	
-5.80581	
-1167.19	
202.313	
-1128.92	
-527.258	
-1414.9	
-77.5844	
-1082.49	
-368.128	
-35.4078	
-237.21	
-1977.92	
32.5189	
-213.623	
55.8078	
-266.348	
172.649	
-806.763	
888.633	
-1085.88	
-221.084	
-673.289	
-671.05	
1263.84	
-931.791	
8.5695	
-320.648	
370.062	
289.608	
-736.312	
-571.969	
-121.159	
-1523.94	
-776.069	
-1559.73	
-37.3527	
-1044.01	
184.427	
-321.068	
-1025.89	
-671.623	
-1048.32	
-249.477	
-631.651	
-456.851	
-68.263	
-91.5859	
-31.0277	
272.315	
-1105.71	
-896.731	
-1344.16	
-903.421	
-100.51	
-121.926	
-388.32	
-868.332	
0	
-472.907	
-609.034	
92.9073	
0	
-843.908	
-1330.99	
-1608.04	
-1253.61	
250.716	
-650.316	
-1260.72	
-9.05131	
-64.8979	
-119.217	
-771.22	
-764.424	
-882.711	
-259.686	
-1109.95	
-646.274	
-411.929	
733.739	
-326.565	
-147.569	
464.009	
-832.589	
520.08	
269.915	
167.308	
-191.059	
-136.46	
-662.007	
120.869	
535.946	
-782.4	
759.719	
-112.012	
-425.414	
-773.531	
-312.814	
385.091	
-33.5484	
-439.041	
1083.31	
938.052	
-293.915	
-550.773	
-2132.76	
-1145.39	
353.813	
-31.5025	
-1415.47	
19.7296	
308.05	
-1391.14	
90.849	
-421.764	
63.1329	
-85.451	
-205.032	
-154.78	
455.538	
-290.352	
0	
-20.9876	
-813.199	
-2362	
-749.821	
126.049	
1083.16	
-340.978	
-57.6309	
-300.625	
704.342	
-948.592	
-605.529	
294.417	
-96.5722	
-257.45	
427.809	
-965.66	
-985.325	
125.71	
-4.22012	
-18.4165	
80.3477	
-26.9095	
-1692.83	
22.1796	
-1147.33	
-133.804	
-136.306	
-1510.42	
-208.756	
48.8239	
-142.979	
348.359	
-1320.79	
58.1636	
-55.9038	
-552.801	
-1218.17	
-38.4144	
-951.368	
504.817	
-24.5235	
660.457	
-128.653	
324.23	
146.087	
418.31	
659.951	
160.343	
-561.817	
-502.955	
-1619.9	
-524.334	
-60.1567	
147.085	
-33.0371	
-1655.74	
-154.4	
-696.026	
550.354	
11.4665	
51.5647	
501.688	
-979.11	
-217.825	
37.8235	
-1786.12	
-951.709	
-934.364	
166.137	
-1831.15	
-676.378	
-570.611	
279.374	
-166.906	
-66.0497	
-1250.83	
-27.6588	
-76.3556	
-515.352	
-943.322	
-672.455	
-168.343	
-647.128	
-794.837	
-192.85	
-988.078	
-639.792	
-130.512	
-1735	
153.674	
-184.809	
417.206	
-1198.03	
15.7715	
956.245	
29.8495	
-1238.78	
-387.628	
-861.28	
-382.486	
-320.58	
-298.41	
-755.516	
-414.879	
191.996	
-1617.97	
-1342.28	
-623.778	
-1596.78	
-1100.4	
-1582.31	
520.986	
-10.8829	
490.977	
192.508	
-1660.5	
-1028.2	
467.854	
198.812	
-1005.08	
-1055.09	
3.85588	
-22.8219	
-33.9034	
108.276	
-249.074	
-1320.36	
-478.998	
17.7599	
169.334	
-1009.86	
-1110.64	
-1291.37	
497.342	
-2132.45	
-669.213	
-472.191	
-124.551	
-330.184	
-1483.55	
-621.546	
-2476.03	
-7.13455	
182.978	
-92.7464	
-493.287	
28.0359	
-1007.44	
-172.384	
-103.773	
-93.6624	
-463.618	
-1060.94	
-223.269	
55.5016	
-525.162	
68.3818	
174.074	
-1185.95	
-607.685	
-801.474	
-314.083	
-76.3701	
-1419.63	
-1698.7	
179.012	
-683.8	
12.7987	
160.86	
-584.164	
160.794	
-1153.87	
-1023.42	
-301.699	
-821.369	
-3.84185	
-930.411	
-622.235	
-803.639	
-520.365	
-689.808	
195.493	
-660.534	
68.9242	
-1892.21	
675.719	
103.207	
-15.2668	
-346.877	
-1194.13	
-903.338	
62.7015	
-1582.91	
-693.251	
-430.793	
-533.23	
946.999	
-50.7251	
-388.5	
-1219.28	
-1026.79	
355.99	
-543.054	
223.441	
-727.232	
-336.642	
-829.602	
-1326.16	
-398.019	
-698.686	
-997.934	
484.707	
-490.388	
-358.666	
-877.351	
212.594	
305.341	
-1312.14	
-364.623	
-116.387	
-714.46	
-433.68	
304.278	
-255.477	
-190.144	
-51.2004	
-1047.09	
-569.895	
64.4657	
219.859	
-319.292	
-320.444	
-2.5067	
-436.022	
-1086.7	
367.949	
927.812	
38.5116	
355.103	
-1016.15	
-1493.16	
-341.5	
-1484.75	
668.991	
20.6055	
-592.738	
-600.861	
-861.313	
1365.57	
-72.6901	
-568.51	
-329.194	
59.9098	
719	
709.813	
-135.443	
-521.814	
-748.682	
121.876	
339.586	
-334.669	
509.322	
-630.443	
379.534	
407.771	
142.762	
-1257.3	
85.3006	
-588.376	
-24.1363	
-1081.68	
-1273.53	
-181.563	
-2101.47	
98.2473	
-214.547	
-433.567	
49.6831	
-722.43	
114.15	
-459.714	
-575.875	
-140.329	
-979.651	
-1380.41	
-504.214	
-515.764	
630.863	
-270.098	
-592.131	
-206.715	
-987.289	
-1955.06	
-765.731	
-1077.91	
-263.658	
208.22	
-705.019	
-665.975	
-1020.91	
-1054.36	
382.438	
185.594	
-407.003	
500.759	
-1375.51	
-342.326	
-1002.28	
-658.67	
-1018.64	
368.04	
-749.967	
-539.598	
-1242.47	
-1581.2	
-1923.04	
-131.99	
-2227.38	
-61.7874	
42.1879	
66.5809	
-347.667	
70.0896	
-359.598	
-1054.28	
529.377	
-217.064	
-738.021	
-1030.35	
-791.041	
-729.328	
433.9	
581.244	
505.102	
204.748	
466.836	
-3854.53	
-602.36	
9.60645	
-342.786	
-613.756	
-263.82	
-1221.06	
549.287	
-1485.23	
-2070.83	
-84.6272	
203.225	
-108.645	
-506.494	
-1097.34	
11.9017	
399.583	
-26.327	
-1209.97	
70.96	
-2108.73	
-51.4971	
-136.315	
530.645	
-453.304	
-430.904	
-354.876	
-1942	
-1452.79	
227.521	
524.051	
350.704	
-486.424	
-154.328	
-562.893	
-105.821	
-133.666	
-227.586	
-526.059	
850.475	
-616.923	
-216.939	
-1370.42	
-626.097	
-1021.43	
-1031.15	
-214.702	
-44.4965	
-250.231	
-142.511	
-323.864	
239.35	
-711.665	
-710.834	
273.454	
358.724	
305.024	
-892.798	
14.3019	
-467.216	
1242.84	
-318.8	
-706.838	
-2017.95	
-324.782	
-365.594	
-1263.8	
-440.513	
1150.28	
-2087.97	
-308.454	
-636.269	
-1427.23	
-1220.76	
-455.015	
-584.784	
438.25	
-344.651	
-210.12	
-534.007	
-420.016	
620.846	
369.617	
-1240.79	
-732.536	
391.081	
-788.893	
-1271.98	
-945.828	
60.9325	
-459.433	
-484.077	
-525.703	
-809.171	
-440.382	
-1525.52	
-864.165	
283.467	
-1052.55	
-755.175	
-785.415	
-1653.41	
-1093.16	
-82.641	
-826.465	
-287.085	
940.014	
-865.864	
-166.15	
-1181.23	
-303.804	
-675.429	
-828.756	
-404.916	
152.79	
-1145.59	
596.046	
-144.687	
-302.855	
106.09	
2089.1	
-841.608	
34.72	
652.063	
347.096	
-281.226	
-48.0535	
164.311	
257.971	
-1769.78	
-255.021	
-344.442	
-959.062	
-278.77	
-2243.7	
157.763	
-553.963	
-1866.59	
-126.207	
-838.476	
-1214.63	
-608.627	
-716.276	
-196.526	
-1395.16	
-494.298	
440.219	
-143.294	
-811.049	
-77.5358	
56.9591	
-221.691	
-149.548	
-40.4094	
-628.542	
684.371	
20.3417	
405.308	
551.514	
-215.559	
-581.659	
-108.841	
-1432.71	
191.787	
-387.853	
-1203.24	
-1338.96	
-171.294	
-1234.09	
-549.41	
-283.713	
17.7557	
1196.78	
-323.816	
-1188.69	
-140.826	
-38.708	
-1440.57	
-2375.92	
-565.15	
-308.978	
621.094	
62.0739	
-119.508	
-28.2405	
-463.192	
-475.042	
-791.807	
-903.885	
282.33	
-1559.98	
-655.997	
-786.764	
-82.7449	
330.289	
-393.579	
-575.006	
-33.4061	
-955.437	
-484.743	
-1238.38	
148.885	
146.377	
-586.832	
-344.927	
-844.751	
-693.262	
-648.51	
-141.541	
-133.626	
-664.086	
-419.842	
-1614.6	
-615.504	
46.775	
-628.834	
282.671	
-941.706	
-211.477	
-891.122	
-257.482	
865.331	
-632.238	
45.1077	
-613.844	
315.706	
546.746	
-727.716	
-701.899	
-445.499	
910.392	
894.771	
-403.005	
-20.5644	
-829.373	
285.428	
874.974	
-630.253	
-490.847	
-1264.62	
-740.989	
535.741	
-95.8784	
-468.414	
-340.806	
7.08949	
-1583.02	
-1150.63	
-930.362	
-150.765	
-1340.74	
-582.198	
-83.6202	
-1790.34	
1121.94	
298.239	
-515.363	
-321.291	
464.424	
-1284.79	
-105.566	
93.9128	
143.154	
-604.785	
-32.4905	
76.3869	
-1041.05	
-15.8464	
600.262	
-1728.37	
407.778	
-53.8448	
231.942	
401.012	
-698.236	
-31.6678	
-2710.75	
-483.114	
-949.046	
-1033.51	
93.7269	
-5.33464	
-328.641	
-928.448	
-325.221	
-1690.41	
-749.875	
-249.722	
-788.218	
-1068.77	
-2044.53	
-572.232	
-1033.73	
-1071.17	
273.525	
-303.454	
-349.54	
-401.806	
242.144	
235.295	
-556.472	
224.057	
-291.48	
-781.604	
-1350.8	
-99.4615	
-1077.27	
-26.9295	
-470.368	
-812.581	
-855.808	
83.9848	
-564.833	
-1828.27	
-96.8772	
387.9	
-1043.46	
1210.58	
-464.682	
-472.09	
148.431	
-581.221	
-523.137	
-806.634	
-1010.68	
-10.8919	
210.182	
-23.4511	
-1255.62	
-942.244	
-185.923	
-453.1	
-1008.83	
-726.912	
-1350.38	
-1250.29	
-2018.68	
814.159	
-1184.03	
63.4653	
-614.004	
-624.18	
-1389.75	
-808.176	
190.993	
-1151.15	
596.271	
-260.779	
-1039.02	
471.798	
