ibin	iptbin	itheta	r0	V	sigma2	chi	Vn Errors
0	0	0	0.2407	0.0595	296.8432	0.5799	0.0028
0	0	1	0.2521	0.0569	305.5109	0.5462	0.0046
0	0	2	0.2813	0.0510	323.1912	0.4768	0.0186
0	0	3	0.4491	0.0319	367.9152	0.2795	2199.3681
0	0	4	0.2969	0.0483	330.9289	0.4456	0.0441


1	0	0	0.2790	0.0530	303.7040	0.4939	0.0110
1	0	1	0.2924	0.0507	310.0456	0.4674	0.0211
1	0	2	0.2762	0.0537	301.7963	0.5018	0.0093
1	0	3	0.2735	0.0542	300.2756	0.5081	0.0082
1	0	4	0.3739	0.0395	336.5822	0.3499	2.9563


2	0	0	0.2694	0.0570	278.3256	0.5359	0.0043
2	0	1	0.2787	0.0551	283.6622	0.5128	0.0066
2	0	2	0.2669	0.0574	277.4147	0.5399	0.0040
2	0	3	0.2787	0.0551	283.6174	0.5130	0.0066
2	0	4	0.2887	0.0531	288.9615	0.4897	0.0109


3	0	0	0.2803	0.0568	266.0978	0.5263	0.0046
3	0	1	0.3221	0.0494	283.9448	0.4436	0.0337
3	0	2	0.2872	0.0553	269.9105	0.5089	0.0065
3	0	3	0.2844	0.0558	268.6330	0.5148	0.0057
3	0	4	0.2858	0.0555	269.3370	0.5115	0.0061


4	0	0	0.2823	0.0585	248.9913	0.5400	0.0033
4	0	1	0.2991	0.0552	256.8982	0.5018	0.0068
4	0	2	0.2890	0.0572	252.2811	0.5241	0.0044
4	0	3	0.3579	0.0463	276.1997	0.4054	0.1212
4	0	4	0.2947	0.0559	255.3128	0.5095	0.0058


5	0	0	0.2998	0.0572	239.8605	0.5175	0.0046
5	0	1	0.4811	0.0356	279.2415	0.2983	147.2529
5	0	2	0.3448	0.0499	255.2616	0.4374	0.0347
5	0	3	0.4083	0.0420	269.3863	0.3589	1.1435
5	0	4	0.3072	0.0558	242.9071	0.5019	0.0063


ibin	iptbin	avgmult	avgpt	Vn mean	Vn mean Error
0	0	167.8917	0.9338	0.0495	0.0033

1	0	162.3284	0.9321	0.0502	0.1270

2	0	156.7381	0.9301	0.0556	0.0023

3	0	151.1721	0.9283	0.0546	0.0036

4	0	145.6114	0.9263	0.0546	0.0017

5	0	140.1031	0.9238	0.0481	2.8819

ibin	Nevent	totmultall	avgmultall	avgtrk
0	810735.0000	136115665.0000	167.8917	146.9014

1	1039664.0000	168766973.0000	162.3284	141.9052

2	1320560.0000	206982099.0000	156.7381	136.9055

3	1661921.0000	251236029.0000	151.1721	131.9141

4	2049576.0000	298441727.0000	145.6114	126.9228

5	2430334.0000	340497221.0000	140.1031	121.9450

