-20972.7	-24745.4	-6618.31	-7314.85	-1438.35	-1434.05	-709.794	906.651	-53.5148	
-17107.1	-25455.8	-15424.6	-3349.5	-2591.85	-4341.75	-1815.33	730.762	-466.339	
-57.3702	-18598	-14656.4	6667.8	-8931.25	-6887.11	-4220.41	735.317	770.493	
13414.4	7692.43	5761.89	3817.23	211.908	-3572.62	-3391.37	1246.96	96.5546	
29937.1	36504.9	16946.1	11442.6	4424.21	-4228.17	-315.092	1395.7	236.449	
12029.4	-18703.6	-9969.46	702.291	-5222.09	-2838.23	752.877	379.635	-625.97	
4734.02	-43114.2	-11681.2	-7136.73	-9532.94	-2743.9	-2605.12	-1388.23	-591.706	
5324.96	14506.7	-1764.07	4444.1	-873.752	-956.334	-1182.2	-569.95	1564.72	
-16922.7	-19614.6	-5692.49	-458.871	-5399.01	-3162.28	-4553.98	1667.67	1732.48	
-5457.93	-9107.07	11949.6	-5333.77	214.566	-806.824	-1952.5	796.041	971.036	

-4565.76	6292.74	12055	8158.26	6593.42	1055.71	506.534	1108.61	-232.647	
-2997.25	-8687.02	-7030.42	-3745.74	634.415	-708.49	-1644.43	483.922	-47.7873	
-32605.9	-26105.8	-37305.5	-30081.3	-9454.3	-6765.02	-5541.99	1006.98	-974.903	
-22472	-30403.3	-21599.6	-15635.9	-9397.49	-3416.65	-1205.21	1107.64	200.467	
-5603.29	8148.11	-1358.51	3762.91	3456.69	5975.48	2073.29	31.1028	173.499	
-33847.6	-7079.31	-2683.04	-6252.68	3651.17	6008.1	1423.69	-1167.6	360.361	
-19386	-5857.56	-806.121	-3153.72	-41.919	524.353	2664.67	-1010.5	426.628	
-2066.32	5293.68	19376.4	8501.98	-3560.85	2040.73	1986.51	-867.817	745.572	
-18633.9	15646.5	26261.4	11583.5	3241.17	4489.69	3722.58	1646.77	-1265.6	
-1667.29	24923.4	17685.1	11043.6	2127.05	4098.22	3117.23	1205.56	-1086.4	

848.898	17074.5	2758.4	3719.28	-173.192	-672.043	-800.111	510.865	1135.96	
-7082.73	-3864.99	-1823.72	-252.777	-598.484	-8.04152	-1298.58	1213.89	239.423	
19252.6	17067.1	2505.15	11136	11418.6	-683.547	3349.78	193.9	240.07	
22913.5	18622.4	-947.941	8199.11	11580.7	3671.52	-1858.29	1077.21	-77.7872	
11334.6	-8745.71	-6109.9	5414.06	4172.29	-422.094	-450.722	-79.2929	-32.5575	
31006.7	13004.3	11586.5	1647.38	4618.17	1986.47	1092.95	663.143	-14.724	
13691.5	14194	6946.43	2916.01	5209	4055.36	298.092	980.207	-691.413	
-568.767	-14388.4	-4819.83	307.439	473.168	4134.82	-83.9208	1555.17	-1312.4	
28625.8	46431.8	14497.1	2467.86	1514.69	2767.61	41.1362	1696.39	-1281.53	
-1683.11	2670.08	-2294.77	-595.745	-1015.34	-1089.82	504.046	-681.475	179.579	

1408.8	-715.463	-3276.08	-3275.37	-1987.9	1216.7	-700.819	637.917	-93.8755	
-5262.62	1688.46	3370.36	-3732.9	3037.39	616.94	1920.65	669.223	534.022	
22033.7	7408.14	-12452.3	3113.86	3698.01	-389.897	2806.87	-1371.14	-1242.64	
-3314.91	-1864.14	-33601	-3135.48	903.127	-3692.28	132.906	-521.557	-1220.92	
-4480.58	9816.22	-18021.5	-20046.9	-817.606	-4624.62	-112.564	2026.5	-772.27	
20163.7	21087.1	4181.11	-9855.32	6296.4	-5277.97	257.156	731.89	-745.135	
26521.8	18517	11742.3	5091.77	940.89	-856.085	981.958	-1357.25	249.562	
-6578.26	1972.63	-1078.81	-412.311	-6144.23	-955.737	1454.13	-1008.5	361.232	
-12564.3	10894.2	-9310.92	-3963.94	-5375.92	-1083.17	4284.17	1693.81	408.461	
12923.8	32965	-1984.69	-515.713	160.515	550.427	1208.99	1793.91	-59.9478	

-9473.86	-5142.77	7967.02	5375.11	-695.177	563.66	-145.72	816.652	143.781	
-5331.52	-11333.5	3590.25	-195.668	-1878.76	48.3605	-2113.25	32.6296	418.325	
3501.68	-24411	-10628	-2294.39	-920.149	-2313.92	-1757.28	-4269.5	2205.86	
4472.84	-28135.5	-18953	-2451.83	814.658	-1177.46	-2568.61	-3331.62	1163.83	
8235.11	5921.04	6947.49	-3773.68	2800.22	2162.42	-2110.17	1502.17	916.688	
5312.73	-11624.7	-16263.2	-2374.98	-4091.25	925.019	165.727	1248.34	-192.694	
12099.3	1702.92	-9695.04	8663.43	-4737.49	-1529.53	3881.1	-549.334	-233.402	
-4852.77	5340.28	-7077.24	3987.2	-2809.43	-1130.02	1635.08	-2085.43	-593.491	
-3460.51	-24588.5	-14765.5	-5483.37	-3482.91	-3365.57	-3217.07	-45.15	1256.37	
-18096	-29881.8	-5632.51	-1128.29	-1775.02	-536.829	-1806.51	-264.417	130.23	

27885.6	13192.5	17075.3	-200.372	2675.82	1008.54	476.528	219.592	-426.663	
30368.1	18254.7	23736.2	-1039.34	3692.77	1992.18	-981.517	112.818	286.944	
58732.2	30095.8	34449.2	6395.42	11470.5	7983.1	2915.66	-275.665	490.808	
52686.6	65666.1	32766.9	11347.2	11901.1	3075.61	3044.03	2397.78	1377.74	
60974.9	64795.3	23945.2	13027.8	4790.19	5098.07	-581.976	1927.26	733.334	
13506.4	5860.84	-2756.49	-1242.76	-1342.05	3086.27	-2256.41	-391.846	-48.7729	
22193.3	25366.9	6490.49	5587.5	4511.96	3848.69	-4.64861	-125.134	336.2	
31496.3	20298.4	-3468.75	7882.37	3405.53	307.719	-1992.59	-1637.47	490.236	
6953.06	-29569.8	3723.69	-3983.33	-6761.59	-1579.03	-5425.47	-4730.48	-103.171	
27087.8	23964.3	14909.3	-3266.47	618.618	4075.59	-93.3998	290.411	-787.297	

-15748	-4803.19	4042.66	1719.28	-1526.08	-566.59	257.555	-268.469	316.972	
12073	27676.4	8656.89	3374.32	-1068.77	-45.9038	-1645.29	-734.064	-334.7	
46159.8	45966.9	11876.1	-660.804	-7801.66	-2377.11	2754.7	-1665.47	-1034.39	
35574.5	42951	23199.1	10970.6	-2245.08	925.118	3939.93	451.428	-1001.9	
22979.5	9079.66	19414.7	6528.36	-915.732	3564.62	-1761.71	-173.527	-525.244	
19690.8	27848.2	22629.1	12303.4	4626.84	3666.42	1499.19	1004.96	327.258	
22751.4	53491.2	32570.3	21169.9	5731.29	5575.85	3917.36	829.286	895.525	
-9603.78	797.387	7331.38	13768.1	-2991.25	861.905	-1223.09	3.55708	-279.833	
-28074.1	-41623.1	-17006.1	-8262.12	-6677.28	-7977.59	-2282.42	-3032.05	-1926.27	
-40719.7	-28589.3	-9325.27	-6915.68	-6753.53	-3288.88	-1002.94	-617.643	398.424	

6336.31	9200.46	-3726.11	4186.36	-3690.25	2053.9	205.996	-673.492	1232.39	
-6769.37	-11618.5	62.0651	-7452.15	-3050.53	672.204	708.625	-2042.39	1088.52	
16059.9	53122	29728.5	8074.44	6249.58	7248.87	3992.14	-675.795	998.725	
35297.8	113827	40075.4	7630.8	10223.6	2796.8	9162.27	796.892	908.019	
10169.8	45542.5	-11425.7	-14552.6	2634.25	-3105.58	1979.02	1449.26	746.963	
14503.7	26345.1	-8756.39	-9937.91	3890.19	1113.44	-3348.39	79.0884	769.778	
-2625.19	12879.9	3398.41	4265.7	-1036.89	-2192.1	-2241.07	-116.934	815.692	
1025.52	-47272	-17585.1	-7055.65	-2812.8	-3733.1	-1333.39	-126.026	1116.59	
-40854.9	-57329.3	-43403.3	-8088.52	-8288.74	-4418.58	-4326.82	-2834.97	125.933	
-16797.1	-24773.2	-23748.1	1668.75	-1938.82	-811.124	-2106.58	-3178.07	451.316	

401.548	-9953.45	944.949	-7688.47	3164.56	390.635	-726.409	-220.292	-362.871	
-6183.99	-2221.56	5604.44	-2976.82	4518.6	92.8729	-391.185	-1.15251	1521.68	
35540.4	117388	56957.2	19589.8	20316.5	1615.26	-3085.57	310.242	3825.5	
16032.2	72217.6	13173.7	7665.32	8301.38	4715.22	-715.129	-1456.18	-168.202	
-34017.8	-14506.9	-35788.9	-5490.99	2900.11	-1080.27	1227.57	311.211	176.056	
-56089.1	-17928.5	-38029.8	-8830.6	-678.028	-4989.88	1705.18	235.263	1070.1	
-6009.51	-2022.67	-20586.5	-602.009	-5272.74	-7567.08	4374.5	-1262.35	644.509	
-15846.8	-39676.6	-38705	-8752.07	-19610.7	-8515.42	7187.43	-2695.03	-331.05	
-44226.8	-36993.1	-25087.5	-22442	-15561.3	6340.43	10015.1	2002.33	-707.66	
-13319.8	-13763.9	1859.87	-7899.86	-8829.34	19.0469	4028.5	-84.8114	-1380.54	

19763.1	5351.16	-326.489	9362.57	-3250.81	3014.68	2797.79	749.216	-292.858	
-22559.7	-44707.4	-10469.4	-7366.59	-6709.36	2801.85	771.022	1837.64	41.8199	
-3689.11	-2887.23	2744.76	-1189.38	-381.772	-229.907	2324.15	1126.66	20.4524	
24533.2	-19241.3	13531.1	7597.17	-5793.87	-2335.71	4616.01	-378.824	-159.653	
-16526.3	-7532.08	1470.86	-3164.9	-1196.61	-6156.44	-165.314	-43.8952	-124.077	
-1463.65	3188.98	10151.7	4778.91	-6336.07	-1771.68	1569.09	879.502	455.567	
31272.4	30780.5	30745.1	5762.08	-3684.27	-240.026	5676.22	987.098	-802.718	
32298.4	78914.5	34209.3	15386.7	5880.65	-11.0042	4115.78	-671.436	-2178.52	
-6594.56	-30646.4	-20180	-7115.62	-5026.14	-3444.43	862.908	-3935.71	695.023	
30280.9	25129.3	-15154.2	9399.68	3355.44	29.4998	718.518	-1810.43	-376.982	

-15920.8	6297.34	-389.131	1973.77	1189.81	2131.41	896.654	945.116	-336.529	
-20481.1	-7427.9	-8314.23	-165.775	2008.21	2320.54	-69.1205	-65.5259	-652.496	
5122.99	22491.6	20451.3	3007.78	397.331	5758.22	4494.2	1274.28	235.722	
2294.11	15851	29639.4	15711.2	1854.77	1932.23	6595.7	2085.08	251.149	
-5568.27	32089.8	-6533.63	-1819.08	-1976.25	-4548.04	5712.92	1617.61	-1079.43	
-4203.25	-14036.5	-17854.1	-4762.87	-2277.07	-7776.76	4107.2	1404.05	756.19	
4207.17	-13292.4	-12998.8	1578.36	6012.4	-4335.57	4914.06	-718.848	145.789	
-14151.9	12271.1	12334.6	17262.2	14515	-808.542	5398.11	617.338	-508.162	
2877.01	48720	26300.8	9344.12	3755.8	-1599.26	3762.89	-344.895	-385.153	
8589.65	38645.8	26661.3	-4012.33	-1421.32	3647.83	1876.69	645.537	-166.183	

-26615.9	-54814.3	-36137.1	-8995.77	-6643.97	-2283.79	1383.71	18.5631	661.321	
-15304.1	-20672.3	-21227.2	-3984.72	-697.94	-470.258	479.129	-743.616	383.218	
-16296.3	-27761.7	-29321.9	-20737.8	-12580.9	-1385.43	-7322.56	-1562.58	67.2007	
12938.7	-20489.4	-997.143	-25249.3	-10785.5	3127.25	-3171.97	-2263.28	649.471	
-59743.4	-79161.2	-35115.7	-16911.1	-8312.87	-2130.05	-3907.62	-186.12	366.807	
-27400.1	11579.6	6662.24	6385.35	5532.63	-1653.34	4270.36	-1347.35	-679.734	
22787.7	25577.9	31385.7	8657.71	5653.87	132.551	3628.54	-872.515	1250.45	
11230.1	-17729.9	-18818.7	503.429	7.03302	-2225.63	1669.87	109.785	282.824	
20491.2	17115.8	-35112.3	-91.0032	-3011.18	-4905.36	1753.47	1411.12	-298.2	
202.059	-6673.98	-5748.25	-3070.23	-2586.21	-1937.49	3731.3	2092.61	1232.14	

19443.7	39187.1	6595.48	4471.18	-708.564	-309.108	183.58	726.273	386.623	
25177.6	23303.9	9498.72	14437.8	2138.99	3800.41	71.8511	1664.24	-28.9298	
-19923.2	-29321.2	-10364.5	20711.5	5134.56	-3058.71	6701.66	1923.58	-496.227	
-54250.5	-56942.4	-22940.8	-6540.56	-3866.99	-13182.6	4411.98	-1960.75	-1119.02	
2457.85	4023.1	-21141.2	3844.84	49.6272	-1343.69	-3284.49	-2446.4	38.5428	
8185.47	30091.6	-20458.3	453.524	852.312	3596.57	-4541.94	-750.697	-127.624	
9216.83	9315.74	-15609.6	-551.711	1438.28	6255.68	-1143.09	2075.54	62.6113	
-2321.83	1308.84	897.112	-2407.01	-2691.45	6322.15	-4659.67	2067.3	-142.346	
-41778.9	-107398	-27605.8	-4864.54	-15840.7	4891.08	-5678.12	-3355.5	437.431	
2612.12	-4065.8	6796.67	9890.1	-10357.4	2079.54	2420.11	70.4145	866.862	

29930.3	79310	26946.2	14020.1	8633.93	5262.32	-154.95	27.7621	-42.613	
20500.8	68720.3	27241	14288	14453.9	6261.48	705.003	738.832	452.131	
23518.7	39621.7	34242.3	18194.9	9328.94	7185.88	6189.4	-1682.19	-1142.91	
20254.7	-10255.9	12099.2	-1005.08	-6832.67	3400.3	980.999	-2498.26	-541.318	
16583.8	-1806.94	1564.1	-9576.94	-1525.82	4863.43	-1923.02	2681.77	-393.87	
2680.85	15238.9	9235.08	-5895.4	11158.6	4326.39	2019.97	-261.292	-181.764	
-23137.8	-26027.2	-11688.9	-2290.85	3543.36	-798.249	1437.87	-1017.18	489.389	
4466.81	-14513.3	-9329.75	-3697.5	-3163.8	-1261.15	261.522	1115.8	-439.822	
-47929	-127352	-43423	-19135.2	-9021.75	-2246.51	-3109.05	-1900.96	179.758	
20804.6	-16509.4	8469.16	1451.25	3872.46	-447.095	-2587.1	-2999.37	284.2	

-8782.3	-19299.3	-11201.1	-8802.79	-3075.49	1473.11	-304.077	-360.692	-86.5029	
10829.6	5221.11	17573.2	-7967.31	-1860.51	2804.24	2691.44	-211.573	-317.519	
15664.7	38267.4	37261.6	-3030.04	1831.51	1810.53	-301.712	-1852.43	278.097	
3940.58	40567.3	22701	11969.9	6642.89	2470.88	69.7338	-2409.4	1582.65	
24262.9	43750.1	9716.8	6665.09	6055.75	4933.34	4252.35	-1135.73	264.067	
8543.85	12116.8	5377.69	14403	3083.3	-754.234	3202.13	118.4	146.212	
-3026.04	-2246.33	18412.5	6689.47	2669.12	739.3	394.823	561.472	-526.584	
-29386.7	-30184.3	4133.73	-6330.82	-2997.09	702.462	-76.8007	-2744.17	1060.01	
12532.5	-16051.2	11100.1	-11044.3	-8616.58	1638.29	-3750.14	-538.919	5.25998	
-13145.1	-38442.2	-14295.7	-11096.4	-9026.59	-1907.22	-2554.96	-41.1258	838.259	

2853.83	16065.6	323.683	3296.92	-3040.43	1071.64	1099.98	-589.257	-983.484	
-22973.8	-21941.6	-7833.21	-1866.08	-1938.15	974.713	-1755.75	-242.325	-917.783	
-15017.4	-17026.7	28933.8	-1614.42	1460.21	27.2614	-2814.6	-3956.79	-1601.25	
-31913.5	-58534.5	1673.3	-13589.7	-3838.6	-1757.06	764.5	-1396.53	81.9837	
7767.19	19778.5	20339.1	10838	5081.25	-2664.24	3987	-928.667	550.042	
-18318.6	-22587.2	5674.19	-3195.54	-1777.65	-7618.19	236.69	-426.879	-537.448	
-1120.52	3713.04	17446.4	6494.25	2624.65	-3832.03	1291.83	-345.859	396.517	
-20932.2	-454.727	12127.1	4450.64	-953.783	819.352	1772.52	-906.309	-942.085	
-7600.52	25254.6	7042.62	-1700.26	1958.87	-2292.04	1239.79	1515.31	-1212.32	
3379.96	20016	5448.64	751.036	-6075.67	-2568.03	4222.23	-596.859	-808.982	

20008.9	15264.2	13548.6	-2264.6	-4610.01	1476.09	1175.18	331.592	-441.47	
10178.2	14336.3	7453.87	-2615.88	-1927.92	1604.76	2041.59	439.863	-414.785	
3653.53	9835.25	-5357.19	786.565	5293.44	-955.547	750.63	2321.98	-397.512	
15895.8	36637.6	15162.2	8978.3	-3071.87	1731.61	-194.745	2520.92	-65.9861	
7969.47	39357.2	11072.6	15865.9	3276.76	297.141	1311.96	1485.64	159.415	
-1204.17	22336	10495	11086.7	5346.41	129.047	967.256	1420.5	683.394	
-887.608	8709.55	2138.59	6739.2	-2105.43	-1023.46	55.1572	13.0866	545.285	
287.239	19619.4	3342.84	9914.49	-2554.41	2301.8	507.312	-525.128	1381.05	
8996.56	27149.9	40692.6	19456.1	249.114	1651.38	1013.36	2665.13	1227.13	
2686.48	-7130.9	14863.7	2950.73	-5495.29	-2100.78	1859.89	1806.55	-305.091	

10396.1	-658.181	7244.31	-898.811	-2013.23	-849.162	1213.37	10.0055	377.864	
10003.5	10691	8940.34	2238.51	-1710.4	1673.78	298.842	1138.25	39.5314	
-34387.8	-5202.33	8657.71	5274.41	-7029.65	423.251	-3205.12	222.707	-579.539	
-34254.5	-32313.5	1183.31	9655.65	-1625.21	-2300.73	-4604.15	503.463	46.1487	
-3784.35	-1126.66	-2427.3	5306.22	1126.81	2736.01	-2482.72	724.09	528.794	
8042.53	4965.57	-3539.8	-3509.57	2728	1706.23	378.797	-1365.49	-3.51801	
23265.5	24397.9	5893.82	4080.26	2407.3	4978.42	4147.18	71.2806	154.667	
-1963.16	3175.02	-3392.91	-4366.88	-2471.69	915.702	3345.69	19.1734	-621.044	
-7086.53	18971.7	-11000.7	-5024.37	-1302.62	-3150.51	172.153	-2092.97	630.921	
-6359.03	5209.35	-149.657	-4620.06	-2457.56	-5150.59	2538.32	-1751.31	258.395	

10903.1	29328.6	3960.95	5985.08	1827.08	283.579	-4672.8	-382.851	-158.458	
18638.3	58269.2	12927.3	-1669.96	2727.81	1977.32	173.179	-762.222	410.418	
-22811.3	-3043.51	-298.652	-19448.5	-9531.92	1486.62	4870.19	333.117	-81.9293	
-24487.3	-26859.2	2728.78	-6198.72	4932.5	-713.033	4089.41	496.989	735.453	
-11862.2	-398.295	4199.91	-585.855	3788.44	2791.39	5523.74	1380.41	2936.6	
-24465.8	-49701.1	-23422.2	-10897.1	1802.75	3077.77	709.03	528.668	2009.08	
-714.604	12081.6	14253.4	-7190.01	4686.11	4169.4	1913.3	803.881	1653.42	
28211.1	75734.8	58518.2	7403.49	9464.87	5296.37	2509.57	2386.19	969.841	
18049.7	68424.1	36308.9	8726.43	8295.4	6833.46	1586.26	3994.59	48.8199	
-13122	13699.4	-9139.48	6745.1	4731.88	2444.4	-4724.82	1916.46	-1032.38	

11736.4	6040.19	3279.13	2155.45	-902.566	-782.741	-152.075	749.923	-665.1	
-7991.83	-5373.46	853.856	2282.57	657.413	-1831.82	-18.2966	629.051	-227.005	
-17219	-8266.25	-4306.2	3337.6	-200.259	-5159.05	-2207.15	-2040.24	-578.949	
17994.9	32818.2	3986.09	1208.91	-1175.24	-883.214	-2709.4	-919.295	-1512.21	
29405.8	65580.3	24302.6	8372.47	1782.31	4650.89	-709.475	1138.59	82.1263	
13436.2	17590.4	14446.9	898.265	3229.35	2118.26	-3036.84	1252.19	335.036	
15236.5	29927	16104	9432.5	-479.586	-2366.47	358.604	-657.163	-20.5921	
12658.7	29268.2	-5395.82	6800.53	-955.259	-1070.63	2757.44	-574.399	-543.255	
10678.6	2241.77	-13523.2	-2764.45	-3680.36	3303.1	-3666.76	-1685.44	-537.153	
11889.4	5645.71	714.281	3422.77	924.2	1482.46	-2511.37	-95.0225	-461.798	

4724.95	10872.3	-2619.39	6159.09	525.16	-2062.81	418.268	-1360.72	-169.052	
11212.6	28787.3	2377.01	-809.358	3023.8	-1039.88	2656.5	950.82	-128.944	
-11143.9	-5220.32	-8882.47	-10296.7	1994.89	-4974.68	4084.31	2487.89	63.619	
12271.6	11359.7	11979.2	-2590.46	-980.851	401.136	4618.88	632.693	1251.88	
14646.6	4208.59	3317.48	598.623	-2428.51	-207.665	5058.71	-570.696	901.962	
1011	-830.989	-5354.31	2647.04	4491.63	-200.638	2015.99	47.2414	562.482	
1496.12	21236.4	4555.99	6083.64	7725.47	-1030.63	958.438	181.874	-216.183	
-14288.2	-5907.52	-6197.05	-206.758	54.4277	-433.651	-648.701	-875.038	-1067.77	
-19431.2	-38057.1	-24387.3	-11050.3	-1807.3	52.3585	-3178.64	-1674.18	-809.892	
-19459.6	-24471.8	-25615.3	-3483.63	-891.821	93.9894	-933.042	-1660.95	-505.453	

19304.5	32916.3	29657.7	14100.1	1914.76	1951.31	2828.51	-1697.2	512.284	
17127	11725.6	22150.8	9247.81	3416.59	1944.96	2379.81	-607.796	-392.209	
92228	122166	52989.4	15906.4	6998.71	8461.81	4908.43	997.925	-622.934	
26062.5	34046.9	19432.9	7383.9	-169.033	51.8439	-4820.82	-1500.37	-1144.49	
-2405.35	2037.35	-8221.58	-537.876	2950.42	842.027	-4662.4	-2112.83	-1434.21	
32961.3	45055.1	10856	15082.9	-35.4941	4651.5	2312.19	-1724.91	-1158.78	
-10989.2	-30349.9	-11760	3571.8	-505.905	1889.07	-1441.31	235.037	-250.923	
3498.66	295.758	-14110.4	-4538.26	1317.01	-895.627	-1002.3	2705.09	1038.6	
31905.5	38451.5	-111.916	-8448.21	10022	-2714.25	-1622.63	-1272.43	564.111	
25496.8	26024.3	33600.3	4263.28	7435.54	1656.8	4861.13	-2400.96	579.78	

-5416.08	-10298.8	6834.09	4968.83	3773.09	1505.22	1276.81	525.654	362.436	
10599.3	3732.57	-580.308	-477.994	3017.29	449.968	1121.81	-515.497	722.711	
-14389.3	12283.7	-3990.81	4363.75	107.773	-442.451	98.0519	-378.448	-578.431	
28478.7	54190.6	1612.6	7571.24	10423.5	6440.61	2193.69	-501.521	-223.918	
20894.5	7470.14	-5503.23	3262.32	1575.55	5506.67	817.735	412.719	642.504	
21169	26221	8616.18	2006.71	-67.4426	4730.18	-1330.05	-352	-479.444	
15220.5	5757.12	2775.93	-4434.34	2599.86	948.48	-2047.72	-1680.9	-533.603	
-1447.72	-21414.5	-16871.8	-4047.51	-1637.1	-4232.92	-492.282	-1564.51	168.015	
22151.4	12736.5	2603.02	-3433.04	-6150.42	407.203	-2531.22	1440.63	815.147	
1789.43	18959.9	9632.35	9235.72	1544.33	1897.44	129.742	2139.58	329.142	

-7544.02	-4553.39	-8389.93	-3111.74	324.194	862.452	452.157	-2329.9	-62.265	
-24962.2	-27984.2	-10142.6	-4659.35	-2893.65	-3101.71	-1386.93	-894.821	439.156	
-42183.3	-26404.2	-7490.81	616.755	3205.59	-2087.15	-1067.91	-33.0157	1507.4	
36295.4	43927.4	20639.2	14502.5	13114.1	1999.83	3889.24	854.718	1072.04	
29905.2	30212.4	17678.1	13082	1557.51	121.206	1124.26	2081.23	6.47046	
12907.1	29849.4	13235.8	9734.13	688.381	1219.21	3283.79	1837.19	89.6619	
-1106.77	7026.19	3170.66	-106.837	-3460.56	1096.59	4130.06	1992.55	661.265	
1089.98	-7164.5	-6973.8	2604.42	-1703.96	1870.38	1959.44	2620.75	71.9088	
-8469.53	-9180.46	-15531.3	10762.1	8994.01	-581.829	1693.17	1143.2	146.815	
-10566.4	-4325.25	-5566.99	-356.023	2662.41	940.32	2089.93	-1515.93	741.79	

-8711.01	-33585.6	-10894.2	3816.28	5543.5	3787.94	1534.15	-109.809	-413.229	
-9939.44	-15546.8	-7512.5	-425.786	364.321	-563.298	715.768	843.791	-1246.11	
37250.1	58103.3	14537.4	8723.63	-5115.03	-4350.75	-1127.3	2348.77	-1095.86	
13801	43595.7	-3290.44	-7106.18	-1781.15	-10095.9	-5578.66	-26.7634	836.243	
-18124.2	-10037.6	-1517.14	-20960.4	-3218.45	-10199.1	-2102.65	-2503.99	41.3852	
-21393.2	4834.82	-11555.8	-9463.67	1050.29	2894.46	-2349.42	300.131	-1043.56	
3292.8	21325.2	-3262.2	5000.52	7639.64	2526.61	-562.169	15.5953	-763.543	
-13053.5	9427.04	-4320.27	-3926.76	3806.95	-782.235	3277.96	835.684	161.292	
-23242.9	-33467	-21762.4	-16407.9	-661.675	-4708.7	-2900.23	133.619	685.36	
-15883.6	-31512.7	-10349.2	1583.58	4740.34	756.015	-200.913	298.274	-121.28	

-8633.56	-19158.2	-11486.5	-1151.58	-6137.16	691.174	4233.13	79.1988	412.098	
3905.69	3078.2	-7786.53	655.891	-3528.02	132.277	4801.26	88.3531	97.2572	
66253.7	91342.9	36995	8622.01	6940.5	5342.72	523.255	-1289.92	-1022.94	
28626	20285.9	25419.8	5263.21	12276.9	-559.707	5507.07	-1957.34	-491.422	
-5079.51	-61356.1	6331.33	4536.41	9361.52	-2624.63	3480.63	2609.31	-812.956	
-19910.3	-73238.7	-16483.3	-12334.8	5026.38	-2165.22	-1310.95	2479.45	-963.29	
4588.63	-30700.3	-15011.6	-7902.37	-7687.81	-488.335	317.347	-77.7719	-557.679	
1026.1	-31937	-24581.6	-121.784	-7123.43	-7078.93	3302.71	-2047.69	-87.7275	
36846.2	16541	13875.2	28811.4	3091.27	2391	2904.86	-0.615353	-332.68	
13254.8	-28021.5	14695.9	10471.5	-3764.17	3118.54	219.467	939.066	524.523	

-7976.66	-25478.5	-4051.63	3790.43	-6181.02	-3486.01	-1009.4	973.352	30.8878	
-13810.2	-30781.4	-6678.15	-5014.02	-1580.42	-3527.96	-3898.97	727.702	-325.075	
-15610.8	-26561.8	-14125.1	-15839.5	124.534	-3492.87	-7312.38	1115.72	-386.62	
14497.1	34005.2	-9955.01	-4103.15	-2146.69	1981.61	4411.32	1039.52	269.233	
21791.4	40878.8	16535.3	2613.2	-9237	165.425	3068.06	-709.982	-2519.12	
-8904.08	15813.9	-1045.33	5276.84	-268.899	1226.17	-318.461	-2047.83	-2005.34	
9224.33	28632.4	15315.2	10218.6	5131.4	9209.33	3524.17	1955.41	-1381.28	
-9033.56	-22073.3	-1584.85	-5737.92	141.194	9890.73	4331.04	1028.46	1169.2	
-20573.3	3310.22	-42224.8	-14414.6	985.189	238.594	-970.138	-1994.88	3307.08	
-421.518	17903.8	-1082.23	-1827.24	-3769.09	3534.94	-1272.86	1188.79	1152.79	

-1501.47	-5277.34	-1343.83	3977.01	1512.35	-162.334	291.63	-502.571	-146.962	
3373.32	-6591.37	-3533.46	2656.96	-926.239	-614.41	288.712	-1024.7	402.727	
20426.5	6723.88	-8871.44	-1955.63	371.453	-2996.15	-2047.94	-1050.43	1033.35	
4357.69	15520.6	-4316.45	1575.92	2617.2	-1928.44	-1862.78	-3.07637	490.685	
-3200.75	11984.3	-5269.46	-7136.37	-140.81	-573.991	-1048.5	327.704	-16.0329	
-11733.5	-8571.28	-8486.03	-2971.86	639.199	321.851	-871.935	-56.468	-51.5962	
-7341.96	-10395.9	-3907.81	2142.02	3002.73	2775.41	-1506.24	-337.584	-116.83	
2981.62	-4702.8	2062.81	5886	2501.37	1632.66	-189.196	-222.357	540.304	
14288.6	15774.3	6061.85	-356.874	-468.089	-2315.2	1715.94	-698.597	548.609	
4604.18	10752.6	-246.366	2513.52	2893.39	124.051	1406.7	-583.333	-222.41	

10626.8	9752.98	-3239.02	-5503.72	-2395.43	-749.919	-1677.39	-1167.75	-596.87	
17505.4	17532.8	-1300.09	-4699.28	1239.9	939.432	-1239.89	-1265.94	-717.006	
-4497.54	32264	8096.52	-1714.28	7352.53	-1624.71	-801.289	-1411.95	171.759	
-18.837	24610.5	15342.2	3406.58	4912.69	1870.8	4042.4	2262.11	-59.0615	
259.425	-3523.35	-8884.26	-996.028	1016.67	4779.44	3221.08	3565.89	318.236	
-16151.4	-34875	-23124	-7492.57	-11043.8	2957.1	-3438.45	-673.102	-255.05	
-4978.12	-19777.2	-7332.47	3814.15	-4414.94	-2674.87	1801.35	734.612	454.474	
-27397	-5798.98	-28318.7	8313.2	-40.0327	-5523.11	2691.46	152.005	105.07	
-30378.4	-30453.2	-19674.1	169.703	-4755.54	-3716.65	-3124.07	228.956	-98.8221	
-3217.57	3794.7	-3427.81	-5315.6	-2382.69	888.466	78.1223	-590.832	135.137	

-1551.22	20130.8	5018.06	-3202.64	3734.83	1842.8	-774.59	290.7	905.375	
470.757	6012.21	-9988.16	-5167.18	1906.73	956.351	-3368.4	949.702	-112.294	
-4574.22	-24672.2	-27835.9	-10460.1	-2445.83	-986.248	-1532.59	1971.93	-484.121	
-9311.94	3690.47	-597.692	-2947.32	-3034.9	-1336.55	-72.476	1113.74	-237.368	
6888.56	38509	5604.63	3909.34	3751.01	-421	510.739	722.646	-367.801	
20441.8	42627.3	14673.4	2549.81	1892.06	1812.83	708.541	-119.663	-498.991	
16264.6	28044	12082.5	-1437.91	447.853	1293.13	-156.666	409.894	-247.928	
8642.92	12960.7	16701.7	-4938.16	-4774.2	-166.965	1417.61	715.352	-698.764	
-810.265	39233.5	12348.8	5798.58	-5695.39	4523.74	2640.89	735.077	-382.632	
-3621.76	29418.8	4980.96	2326.16	941.26	4256.85	1763.28	4.01188	1563.75	

188.186	18524.8	11007.7	3644.32	74.0394	2520.02	2819.22	418.903	72.9677	
15821.1	31433.7	16708.5	5954.92	3371.63	-1069.05	1194.24	-618.902	171.12	
32131.3	11446.4	19141.5	5656.93	1959.58	-6519.88	-639.682	-498.277	-460.468	
42614.3	23553.7	1190.24	3789.91	2526.89	3390.28	-53.3353	167.03	548.548	
31562.9	56429	3593.68	3997.37	4066.3	3764.2	1806.19	-2056.86	767.079	
4712.97	-368.971	-5397.98	5094.45	3389.14	762.652	5724.27	-445.621	560.676	
-20934.9	-28162.6	-2848.76	-3389.66	2504.46	-3337.75	3288.74	-611.142	-772.587	
3809.58	-16004.6	14742.1	1474.48	4827.71	174.953	-91.6283	-681.409	596.929	
-24782.2	-51055.5	-4325.68	-2521.67	2547.19	6924.41	1030.38	-26.2351	1613.74	
-8374.1	-38418.2	-9684.22	-2693.14	-1836.46	2843.69	496.143	386.932	341.802	

3061.44	7665.92	-1820.18	12728.4	3842.04	3836.55	-1720.66	-225.051	381.161	
4454.74	25623.8	-3388.94	5047.54	5605.35	1579.13	-870.712	902.321	-15.8414	
6749.5	23669.5	589.577	5090.95	4109.4	2410.65	5087.57	1133.86	114.814	
-8073.43	-6541.64	-20073.5	-608.798	1492.34	1411.8	419.436	1364.34	71.9377	
-8547.14	23684.8	-14044.4	-5438.23	4181.06	1647.12	-1227.74	49.9821	569.782	
9460.08	46024.2	1294.81	2844.61	4939.59	2720.82	3219.95	1470.06	587.538	
22961.1	60674.4	15809.5	3460.79	8258.29	2983.59	3390.27	1027.92	721.045	
12439.1	55170.3	18115.8	3828.19	889.893	2294.82	2099.94	1419.81	1149.75	
17281.1	-14959.5	6216.69	-3038.09	-5021.9	-257.189	3005.78	-1282.22	1144.72	
47371.2	47148.7	20414.2	17915.6	8535.11	8667.19	2542.4	776.407	104.096	

-8563.19	1986.67	1138.7	1237.51	539.903	-1209.31	-1174.93	-401.791	374.417	
4128.82	15173.2	3938.23	4809.74	1911.63	-1187.2	-336.091	751.56	486.302	
57903.9	77675.1	38284	19623.2	9169.32	4417.22	-247.41	800.811	-886.054	
7464.26	35706.5	10177.1	14261.2	-1088.36	2390.35	-951.389	79.6951	-936.091	
-13469.6	-6969.52	-19560.7	6743.46	-6061.74	444.308	1001.02	-503.388	-1298.45	
-5259.17	-13471.4	-11392.8	2783.19	-3104.32	-963.072	-277.322	-1094.87	-541.55	
18670.4	26417.9	10057.3	8357.65	122.263	2403.83	451.227	-1336.43	884.058	
10683.3	-3082.61	-807.715	-189.275	-5904.7	-954.653	-906.164	-874.758	26.0042	
-1608.38	-59926.7	6486.31	-5177.27	-6031.7	-4137.38	-2379.45	-1522.7	431.941	
-12002.8	-29453.5	-13067.9	1280.38	-1782.99	-972.337	-1715.88	-1801.11	-219.428	

-3350.83	-3848.12	-1227.66	-685.835	2413.1	-2809.25	-501.844	966.126	117.961	
-8788.62	11313.6	14321.7	1723.13	4763.48	-2110.57	2204.89	-72.7591	100.339	
-31586.8	32485.5	-21.7934	-12274.6	9720.89	-2087.61	1763.95	-1645.93	-468.223	
-23880.6	-5671	-17667.9	-9181.06	-1099.56	-17.6227	321.547	-310.339	-491.185	
-6386.86	-36023.8	6069.11	-411.078	-3138.07	4325.07	-1779.56	495.671	-858.114	
-7705.93	-21734.7	6323.45	5576.47	3596.26	2280.75	-1178.88	2237.65	144.211	
19073.6	22881.8	-517.318	-5733.94	2069.75	-11.6445	-1227.46	968.46	-60.3307	
19113.9	12152.5	14129.9	-20384.3	3036.16	-884.566	-1481.17	1524.82	-450.021	
32089.6	64690.1	19228.5	-8800.6	5964.56	-3740.37	1585.63	3730.2	-142.6	
22851.9	33412.8	10688.8	6974.79	2971.08	-3045.81	-925.463	1290.62	-377.247	

8221.6	210.399	5989.21	2924.36	2134.13	772.869	-1721.11	276.987	203.57	
-8573.47	-10079.3	-2796.29	587.662	-1529.9	-679.714	-843.199	-268.196	392.158	
-6639.88	17488	-8220.91	-2211.78	1578.4	-4597.64	2329.11	966.586	-492.537	
22455.3	21224.7	6167.97	-3897.41	4856.14	-4186.39	2295.56	-872.882	338.15	
-5436.23	-21560.7	-8343.58	-2578.55	-3450.63	-4014.36	-377.395	-1364.69	516.009	
-2062.46	-10939	-8815.16	-6427.62	-3212.53	-2354.82	-235.497	-830.227	189.064	
-1303.08	-11082.1	-16131.9	-13047	1801.08	-1405.78	745.91	-1671.86	-574.991	
9948.01	-4224.17	-10087.8	-7216.52	2807.2	-2571.93	2248.99	-514.044	60.8751	
33410.6	44048.5	15180.7	7950.42	-56.9797	-1024.95	2931.28	761.72	333.202	
1812.19	-3933.74	-8293.16	-959.242	-868.188	-254.215	-2072.42	1660.98	469.51	

-5399.07	5804.06	2434.91	-4678.86	-1628.52	-363.718	-1533.01	-207.653	63.2955	
-5035.3	20252.2	2171.14	550.76	-2437.16	-1133.9	-2817.09	-367.069	631.494	
-1166.2	31942.2	-3109.02	5939.15	-7282.05	-4337.22	2099.56	-1854.66	-619.257	
-16188.9	-39208.3	-19237	-4025.22	-11683.6	-4004.24	-210.105	-405.728	-378.335	
-16826	-47902.8	-8294.54	-5032.05	-10090.4	-5401.93	-4593.44	-1218.75	184.207	
-12944.2	-33203	5733.84	-5747.61	-3375.94	-768.583	-1650.6	-452.532	574.684	
5709.35	12551.5	24450.4	1057.59	2176.6	3420.62	-2043.53	24.878	-241.866	
20513.7	16838.8	15317.5	-6699.75	5032.73	2900.75	-4500.45	-277.343	-1063.95	
17951	14215.6	13244.1	-1293.97	5209.58	-2635.24	-5066.66	-1108.27	-1192.25	
29054.7	34645.3	21323.3	-2191.18	1565.57	-2264.54	870.032	1064.01	-792.617	

17620.1	33783.9	2825.37	853.064	-4507.31	-3462.22	-401.953	1100.17	296.78	
8336.13	16314.7	7965.75	3575.27	2478.46	-1912.46	760.336	1162.28	528.503	
-6696.84	-29635.6	-15677.1	5455.81	1448.78	-6744.49	-365.251	202.796	259.169	
10159.5	56021.7	28854	14220.8	2593.19	-4822.48	341.8	1135.45	78.9582	
-32512.9	16830	19105.8	-845.271	-696.038	68.8902	-188.417	1902.38	-755.5	
-3374.19	44204.4	21752.1	1351.68	5108.37	4492.88	-510.563	173.467	-468.62	
12889.6	43690.5	7221.03	-2336.8	4178.53	1215.9	-681.994	117.332	11.6825	
16472.7	21789.1	9850.67	4947.76	402.272	315.877	2123.55	-501.684	-420.108	
58214.5	90412.5	23800.3	14782.7	5778.78	397.134	-1029.54	198.423	-612.765	
25154.1	64095.6	15971.4	10251.7	-950.558	-3804.45	-3143.35	1135.08	-115.176	

-89.2349	-15252.5	9158.52	1959.96	2241.3	188.68	-1537.66	-1787.16	-826.291	
-6628.75	-8653.52	10229.7	2666.49	1542.17	-909.38	-153.789	-1165.49	-275.805	
-55632.4	-88665.5	-32249.7	-7574.91	-4439.72	-4567.58	452.331	-645.238	-504.431	
9642.35	-16682.4	-14383.4	-5318.05	-954.612	-1104.45	636.008	-795.307	304.458	
-3652.46	-28358.6	-17636.9	-15931.2	-4180.79	5295.97	-130.171	-40.6121	405.095	
-683.718	-23452.4	-22274.4	-11567	3024.28	1023.53	-2954.88	195.922	656.763	
5339.85	21726	587.08	4805.77	6923.77	1170.88	-2126.12	160.105	712.718	
-9882.92	2840.03	-17337.4	1070.16	3917.68	1076.85	-4057.56	804.348	199.898	
-30896.3	-41048.4	-46737.9	-20880.6	-1149.95	171.082	-5801.03	-1458.34	-267.382	
-9681.13	-52937.7	-11185.2	-12110.7	-4867.05	602.724	-5017.93	-2202.89	-415.465	

-897.947	9273.72	7506.81	-346.172	-4009.92	775.108	-186.261	-299.695	108.218	
14652.1	33099.5	14419.8	1860.33	1119.7	1484.28	-413.849	47.2939	267.16	
20082.9	19015.2	29129.9	8932.84	5407.18	2842.39	17.208	-1718.78	-266.189	
-22950	-12320.7	6344.94	-4245.55	-999.753	1982.36	479.421	448.101	-108.285	
-34757.8	-34546.9	-1796.53	-3651.76	665.381	79.6354	-4829.48	-1441.81	-790.759	
-29979.1	-68201.7	-17451.5	-12126.7	-2802.61	-6440.45	-3729.82	-1604.17	-578.003	
1834.65	-14404.8	-471.722	-7096.48	1259.99	-5547.29	-1099.8	-1869.11	-12.6724	
3668.22	-15476.3	6514.38	322.63	-806.607	-3885.83	-477.664	-1870.55	-678.751	
16195.4	12908	25692.4	2689.99	-708.921	-1688.62	-4400.38	-2779.63	-674.102	
7430.06	-5672.36	3113.33	-2843.25	-2894.9	-1167	-2443.67	-1134.11	-577.641	

-8551.8	19637	-2938.34	2574.35	6138.74	-1478.36	2318.56	-457.988	-116.069	
-696.576	10308.3	-2022.64	-3090.48	1275.93	-651.628	2440.94	290.945	-209.06	
17307.3	-26320	-16296.3	-23014.4	-9945.53	1381.51	-3143.34	1557.04	37.6882	
9476.82	-689.787	443.441	-14348.2	-12002.8	948.223	-5257.82	2781.25	1367.49	
-24722.3	-22219.3	-14722.3	-10493.1	-10258.5	2796.48	-1114.17	-1670.73	584.121	
-16302.8	-48232.6	-12514.4	-13814.1	-2052.3	-3521.39	-650.481	-1803.44	-208.121	
12381.4	-38848.4	-12623.1	-9721.05	-4159.3	-1945.61	660.208	950.205	-298.165	
5632.48	4306.58	-6465.87	3946.79	307.4	720.029	1556.21	-160.216	703.359	
1006.58	7436.06	-26500.7	-6212.23	1369.96	3951.09	-1927.14	221.353	483.914	
-16797.6	7890.74	-15088.8	-5401.98	5126.89	1804.93	-46.9244	-663.369	-73.9939	

-3672.55	6218.02	6108.61	68.4039	5204.98	3768.96	-1532.53	175.092	391.515	
10017.3	25630.9	7168.61	1029.18	4316.56	2077.6	-788.404	-1189.85	-200.688	
8434.6	13810	-10627.8	-3845.32	1198.11	-274.746	-2251.58	245.036	-316.135	
-3030.49	-37931.8	-22475.1	-10957.4	-9713.97	-7545.57	-5614.6	-1219.89	-482.926	
-1477.61	-37245.2	-24918.5	-8944.01	-4717.59	-5331.56	-2768.08	-370.691	-197.717	
26531.2	27623.2	4995.92	14497	4944.68	2316.96	3560.44	1351.29	266.817	
3579.39	8703.02	6350.95	12114.9	3765.96	5442.33	3580.73	1531.07	165.047	
-6751.24	-3697.52	7886.44	5798.36	2510.34	5534.8	3957.48	1332.2	956.42	
13368.3	19485.7	2514.95	3906.78	789.023	4231.34	4250.64	1042.79	309.34	
3397.01	-3591.15	-12840.4	4445.63	5030.9	3699.4	-144.184	938.98	988.578	

13979.6	6245.47	6351.46	6912.67	4333.14	2044.89	275.943	-160.009	-753.464	
23159.7	5522.99	12695.3	14382	2515.48	2779.73	1490.65	665.92	-134.543	
20538.4	-1298.41	1580.9	17969.4	3348.84	3600.72	6382.45	1524.54	1777.24	
16317.6	-18068.9	-10007.7	5137.41	-1411.23	-906.795	3554.45	-514.872	1342.75	
1970.89	-8208.85	-10535.4	-457.738	-1264.36	-3468.44	-5306.22	-2533.26	562.034	
6518.63	14128.4	5409.58	5021.83	3454.05	-1977.59	-2248.44	-557.321	124.303	
-9320.47	-4857.61	4412.04	7781.15	11399.6	-829.559	2751.2	29.5891	208.837	
-25296.6	-29183.6	1651.52	-5344.31	6217.79	813.696	1755.53	-735.86	433.586	
-14440.3	10026.6	15245.8	5129.38	2370.96	2490.38	-200.084	-230.831	330.206	
-10413.1	-55.7423	752.331	7314.69	5197.96	3718.03	565.425	25.5532	-1181.53	

-168.505	-12012.6	3154.05	230.12	2458.19	1111.28	1853.15	-970.313	-137.962	
-3367.9	-9754.2	-3186.99	-2216.83	769.815	1159.87	577.275	350.871	-472.531	
-32913.3	-37856.4	-25229.7	-3592.67	9512.24	5588.27	2750.01	759.081	-449.652	
-47874.3	-53065.8	-15691.2	-3627.73	13961.6	7157.57	2892.02	735.796	506.189	
-18303.5	-17335.1	-5060.49	-3148.06	5049.87	3611.36	2984.53	776.302	-217.078	
-8030.9	-23076.2	-3167.12	-990.249	1536.18	2568.85	447.652	-281.439	777.166	
-5619.6	-19463.8	-4558.15	3659.61	-1790.59	-2254.09	-3658.6	-2124.86	736.984	
-26376.3	-1634.5	-15325.8	-4255.89	-5008.55	-727.245	-1292.58	-1441.76	-443.654	
-22295.1	11987.7	-6875.44	-4827.07	-2653.55	1299.11	7.54455	438.306	444.407	
-4912.82	5220.85	5229.3	8356.86	9169.79	2653.69	3347.79	-717.705	-385.158	

-5936.61	-16712.3	1339.09	-8584.57	-2918.13	35.3515	-1117.69	-348.449	326.648	
2930.49	7962.52	8601.83	-1643.51	-1352.17	-824.04	1246.17	423.86	76.4113	
44122.4	52699.9	19669.8	10283.4	-5315.4	-4245.39	5973.31	4865.39	937.483	
28523.1	5929.64	19774	1504.77	-5128.71	3467.17	6928.11	1824.83	710.899	
-18278.6	-9484.08	-28706.7	-7489.24	-3408.41	5962.91	3625.24	-1373.05	-304.916	
-17325.1	559.511	-2120.4	-4955.63	-954.473	6547.94	-1384.34	-769.749	189.562	
-29319.4	-31378.2	-13235.8	-10228.6	-2157.99	-1415.01	-1292.15	-2452.88	-620.242	
-47369.8	-57822.1	-25914.9	-16058.7	-2305	-7433.82	-11.4455	-1254.54	-489.589	
-56300.8	-110824	-42597.2	-19778.7	-6935.51	-5135.95	-1526.99	1521.68	-190.139	
4220.28	16521.6	18323.6	-4812.65	524.705	2723.16	538.998	1426.28	394.533	

2954.12	-12751.8	-16804.8	-3532.67	959.215	-990.815	1062.51	1272.69	479.301	
11372.1	-1185.25	-8754.24	2220.27	6434.2	629.786	1955.72	1048.81	29.4196	
-15217.3	-30087.8	1878.68	-1864.59	11768.2	-1707.53	6776.19	-57.4244	-363.983	
6677.66	-30655.7	-6730.82	-650	7782.06	-502.445	4441.4	1640.04	1587.09	
15896.2	11185	18581	10067.3	6971.4	2862.29	5335.02	646.759	660.624	
-10530.1	-7670.05	12813.5	8787.55	1658.39	2131.22	2540.47	753.445	-249.97	
-16886.8	2043.54	4785.96	1120.94	-1755.71	2455.55	1663.18	1007.08	99.1724	
-722.248	16544.2	25988.9	-6123.01	1195.95	2477.17	-502.026	730.991	27.9267	
19246.7	28857.9	9486.27	-1245.17	-2726.69	3102.52	-3025.85	-247.596	-141.501	
-9056.61	-13721.1	-26000.7	-7617.81	-4165.96	-2902	-1074.57	-138.376	-58.5704	

-5163.23	9973.68	5044.36	5016.5	4140.82	-312.518	3066.89	1340.98	424.122	
-7782.69	20610.7	11109	-140.5	1780.61	476.352	1060.22	702.694	314.513	
-6616.69	32888.8	14956.6	13010.3	2427.98	4342.53	-1686.92	1091.48	-1232.69	
-25375.9	-7081.58	12514.7	9708.66	9676.67	-84.5313	-2402.92	1001.38	-504.895	
-11092.5	-17013.2	-2895.5	3363.74	-762.617	-3035.22	-1015.38	-541.624	-121.013	
18827.3	15477.4	8071.22	13541.7	3395.21	3459.22	2921.29	-1492.99	519.236	
4571.25	-658.498	4499.93	2782.65	3080.2	727.098	4134.43	-612.817	996.878	
-17248.1	361.453	10540.1	5432.27	-596.257	-4913.09	2062.62	-6.2797	525.941	
-41231.5	8790.32	3676.64	-467.997	-3760.33	-9736.45	-1976.9	-1017.95	1446.62	
-16333.7	-24080.5	-12069.3	6701.46	1733.01	-4485.75	2104.73	324.404	639.494	

-1374.24	-13918	-9458.05	-5176.49	-1593.04	-876.352	147.978	279.831	157.969	
6408.87	1885.5	-6525.55	-2422.54	146.907	-1646.06	331.529	223.856	216.269	
19011.2	-6073.83	-3772.58	-6898.4	-1458.93	-1251.11	-2709.36	477.324	268.778	
-8830.89	-31403.3	-12268.9	-10144.7	-646.291	-929.215	264.561	398.196	215.295	
3223.56	-768.06	1045.31	-7799.28	2547.19	1046.37	2598.04	-266.696	-310.003	
2508.14	3586.95	5208.07	-7993.71	4327.58	449.624	1433.41	-207.071	-301.562	
-6922.24	-219.418	775.894	2200.62	5266.53	-1852.76	-960.647	358.595	-286.243	
-16495.3	-7810.55	-9716.28	4590.63	4969.96	-284.173	-2536.15	363.928	815.111	
-17985.8	-41135.4	-4196.65	18.3174	2430.37	-1577.31	617.885	-558.575	227.27	
-2177.08	-34270.3	-7902.29	-6008.98	-13.8224	-2785.04	-1763.73	526.566	-159.128	

2424.9	-14026.2	2957.5	1175.66	519.021	-442.997	-2794.38	455.007	232.21	
-3714.77	7412.21	14905.6	2303.27	1600.99	1222.07	-1521.63	563.386	208.297	
-14572.6	18255	5299.51	4022.62	6686.72	5684.93	1021.8	-36.0389	1462.42	
39193.5	-3872.37	-6306.98	-3671.1	-4273.54	4198.66	554.257	2518.33	2047.13	
15584.2	-21856.8	9981.75	-4170.91	-1969.31	879.941	-121.744	2024	368.414	
-2180.97	-11821.1	17296.8	-3675.02	-3629.38	-617.258	-2037.92	89.4357	-367.752	
7863.26	15948.1	11558	-4664.51	-1517.28	-426.118	-620.587	-576.757	491.05	
-3718	-3267.29	4061.27	-4970.04	567.604	-3168.73	737.848	293.801	-233.502	
-12731.7	-32821.8	-2499.97	-4034.64	3647.55	-1795.12	953.323	-881.807	539.335	
3549.66	-2889.84	2535.7	5916.02	42.1304	-2518.45	-2425.07	-344.515	435.197	

-6959.72	4468.81	2526.57	5648.74	172.792	1866.81	73.2393	140.428	391.537	
5.07941	2602.3	-173.125	4019.13	509.508	2565.12	-2434.92	589.265	565.547	
7886.22	-2982.36	3652.8	-2879.96	-1578.97	2953.35	-2685.07	1500.77	286.136	
-7069.88	-30369.6	-11379.7	-5908.64	-5481.8	-666.298	-3121.69	1650.83	66.7771	
-31335.4	-18418.4	-13804.8	-2118.7	720.666	-1543.53	-1818.86	1557.59	-220.863	
-15603	-18665.7	-13517.6	-2098.17	1511.25	-1758.29	-1549.47	1269.3	-276.622	
-4326.84	-35252.3	-14690.5	-4457.41	-2056.96	-2419.8	-1351.44	675.653	-212.729	
-17519.1	-51252.5	-22176.8	-12914.5	-5564.9	-737.729	-1442.34	-391.37	-208.7	
-10380	-90256.7	-44581.5	-14345.5	-14717.9	3536.49	-307.679	382.174	-207.248	
4595.41	-13807.9	-6068.98	-1512.26	-3809.79	2540.33	18.3837	293.274	195.365	

-22701.4	-864.435	-7279.05	2436.44	-544.821	-11.4015	1242.08	-457.381	337.754	
-21250	-9436.97	1190.28	-856.179	-3215.13	672.123	1552.37	180.514	473.781	
13616.3	26424.8	-1509.71	-5174.02	-4607.03	6893.55	1998.04	135.023	868.795	
-9806.6	-40097.7	-1395.69	-5981.04	-339.612	3225.82	-2977.99	-621.317	278.508	
21902	28770.9	19191.6	9786.86	733.519	7004.92	810.134	243.825	38.7747	
3329.11	18167.5	1838.85	8035.36	-3500.62	1176.38	578.424	559.528	395.943	
11624.1	19519.7	4756.29	10977.8	2335.34	953.359	737.16	1792.13	368.888	
29259.6	27207	20180.7	14301.4	1527.77	39.8074	3500.25	528.525	384.246	
19875.1	32424.5	5715.26	-2664.12	-1432.69	1058.4	1482.93	-785.78	150.669	
-17370.9	-195.893	-5418.11	-7713.64	1516.72	-383.223	1313.4	-1715.07	-543.298	

