ibin	iptbin	itheta	r0	V	sigma2	chi	Vn Errors
0	0	0	0.2781	0.0574	338.2865	0.4701	0.0042
0	0	1	0.2821	0.0566	338.2865	0.4636	0.0042
0	0	2	0.3123	0.0511	338.2865	0.4186	0.0038
0	0	3	0.3079	0.0519	338.2865	0.4247	0.0038
0	0	4	0.3008	0.0531	338.2865	0.4347	0.0039
0	0	5	0.2936	0.0544	338.2865	0.4453	0.0040
0	0	6	0.2895	0.0552	338.2865	0.4517	0.0041
0	0	7	0.2987	0.0535	338.2865	0.4378	0.0039
0	0	8	0.3113	0.0513	338.2865	0.4200	0.0038
0	0	9	0.2941	0.0543	338.2865	0.4445	0.0040


ibin	iptbin	avgmult	avgpt	Vn mean	Vn mean Error
0	0	150.5499	0.9280	0.0539	0.0018

ibin	Nevent	totmultall	avgmultall	avgtrk
0	9312790.0000	1402039714.0000	150.5499	131.3419

