ibin	iptbin	itheta	r0	V	sigma2	chi	Vn Errors
0	0	0	0.2853	0.0560	338.2865	0.4583	0.0593
0	0	1	0.2911	0.0549	338.2865	0.4491	0.0581
0	0	2	0.4258	0.0375	338.2865	0.3070	0.0397
0	0	3	0.3257	0.0490	338.2865	0.4014	0.0519
0	0	4	0.3026	0.0528	338.2865	0.4320	0.0558
0	0	5	0.4323	0.0370	338.2865	0.3025	0.0391
0	0	6	0.4096	0.0390	338.2865	0.3192	0.0413
0	0	7	0.4437	0.0360	338.2865	0.2947	0.0381
0	0	8	0.3386	0.0472	338.2865	0.3862	0.0499
0	0	9	0.3012	0.0530	338.2865	0.4341	0.0561


ibin	iptbin	avgmult	avgpt	Vn mean	Vn mean Error
0	0	150.5499	0.9280	0.0462	0.0206

ibin	Nevent	totmultall	avgmultall	avgtrk
0	9312790.0000	1402039714.0000	150.5499	131.3419

