664
54.75	0.402211	94.3705	0.716679	40.1792	1.21522	17.5527	1.71664	8.14157	2.22075	3.8012	2.71638	2.70331	3.39089	0.774096	4.40931	0.27259	5.42024	130403

147770

614
55.202	0.401754	93.7068	0.716678	39.702	1.21468	17.6368	1.71852	7.84528	2.21654	3.74104	2.72488	2.71336	3.38984	0.838762	4.40844	0.299674	5.39602	119918

136115

550
55.8309	0.401099	93.6436	0.716858	40.1455	1.21457	17.5218	1.71737	7.70545	2.22004	3.77091	2.71979	2.67636	3.40141	0.778182	4.40727	0.270909	5.39909	107545

122289

9170
55.4513	0.401279	94.0863	0.716405	40.4095	1.21524	17.7291	1.71695	8.02585	2.21793	3.82486	2.71978	2.8578	3.39306	0.830207	4.40683	0.282552	5.43426	1.80397e+06

2.04947e+06

614
54.8648	0.401604	94.399	0.716406	39.7052	1.21511	17.3844	1.71866	7.93322	2.21876	3.72313	2.72327	2.7557	3.38968	0.763844	4.41734	0.309446	5.41057	120058

136209

10435
55.3897	0.401208	93.9587	0.716337	40.4548	1.21554	17.7504	1.71705	8.04734	2.21863	3.79061	2.71944	2.83095	3.39304	0.841495	4.40891	0.287782	5.41461	2.05173e+06

2.33068e+06

2257
55.2255	0.401193	93.7683	0.715922	40.4781	1.21503	17.7333	1.71668	7.98006	2.21804	3.72663	2.72052	2.82942	3.39057	0.809039	4.41219	0.312362	5.40784	442859

503001

23044
55.253	0.401218	93.9658	0.716306	40.4654	1.21549	17.751	1.71711	8.05958	2.21886	3.81995	2.71985	2.85411	3.39361	0.828459	4.41055	0.297995	5.41965	4.53147e+06

5.14561e+06

19238
55.4028	0.401279	93.9143	0.716415	40.4788	1.21506	17.7479	1.71667	8.1049	2.21804	3.80694	2.71874	2.86308	3.39461	0.835378	4.40852	0.295093	5.4202	3.78467e+06

4.29872e+06

19232
55.3801	0.401167	94.033	0.716278	40.3873	1.21528	17.7447	1.71694	8.07909	2.21805	3.80324	2.71959	2.86309	3.39207	0.838654	4.40867	0.297993	5.41977	3.78249e+06

4.29695e+06

428
55.1402	0.401451	93.3388	0.716476	40.5818	1.21421	17.2126	1.71741	7.88084	2.21734	3.91355	2.72087	2.8014	3.4024	0.824766	4.42576	0.292056	5.42603	83725

95010

46567
55.3701	0.401189	93.8666	0.716351	40.4866	1.21554	17.7955	1.71705	8.10692	2.21862	3.81614	2.71969	2.87212	3.39195	0.832907	4.40846	0.29493	5.41865	9.15945e+06

1.0405e+07

20251
55.4274	0.40115	94.0698	0.716409	40.5072	1.21534	17.7286	1.71686	8.06237	2.21803	3.83305	2.72056	2.83077	3.39331	0.833243	4.41111	0.286504	5.4183	3.9852e+06

4.5277e+06

17905
55.4096	0.401097	93.983	0.716284	40.4985	1.21539	17.7385	1.71712	8.02714	2.21764	3.79246	2.71983	2.87467	3.39251	0.842111	4.40822	0.289863	5.42618	3.52107e+06

4.00098e+06

17494
55.4503	0.401175	94.004	0.716316	40.444	1.21518	17.7671	1.71673	8.10644	2.21825	3.81359	2.72025	2.85566	3.39264	0.832171	4.40835	0.295873	5.42102	3.44179e+06

3.91112e+06

23763
55.3593	0.401097	93.9499	0.716259	40.5192	1.21536	17.7438	1.71649	8.07103	2.21885	3.80886	2.71978	2.85827	3.39169	0.834996	4.40806	0.291167	5.42405	4.67319e+06

5.30952e+06

20813
55.32	0.401202	94.0664	0.716407	40.4253	1.21561	17.6894	1.71651	8.07255	2.21824	3.82785	2.71953	2.85773	3.39091	0.837025	4.41062	0.290299	5.41915	4.09363e+06

4.64934e+06

467
55.0964	0.402305	93.4475	0.715813	40.2848	1.21763	17.6702	1.717	8.09422	2.21838	3.82441	2.72294	2.88865	3.37313	0.843683	4.40101	0.312634	5.40034	91650

103890

460
54.9152	0.401352	93.5478	0.716614	40.0761	1.21458	17.6065	1.71664	8.22391	2.21464	3.6413	2.71887	2.89565	3.39929	0.86087	4.39978	0.297826	5.45472	90013

102150

15586
55.3648	0.401231	93.9021	0.71625	40.4739	1.21525	17.8018	1.71676	8.0573	2.21785	3.80309	2.72042	2.8711	3.39337	0.846144	4.40658	0.290517	5.42517	3.06557e+06

3.48208e+06

12948
55.3828	0.401322	93.9003	0.716545	40.4393	1.21563	17.7738	1.71619	8.05885	2.21876	3.82631	2.72021	2.89512	3.39201	0.830012	4.41193	0.288462	5.41724	2.54685e+06

2.89252e+06

19677
55.3044	0.401156	93.7612	0.716147	40.487	1.21525	17.7419	1.7165	8.06586	2.21817	3.77822	2.72031	2.84505	3.3935	0.847843	4.4057	0.290136	5.4214	3.8644e+06

4.39036e+06

446
55.0987	0.401125	93.6614	0.717013	40.4417	1.21459	17.7152	1.71658	8.24888	2.21744	3.76457	2.71688	2.83632	3.39861	0.764574	4.3814	0.318386	5.4322	87443

99391

439
54.3166	0.400685	93.1367	0.71712	40.5718	1.21571	17.8815	1.71747	8.14123	2.22009	3.77449	2.72352	2.72437	3.39399	0.888383	4.39714	0.291572	5.38514	85775

97338

18288
55.4693	0.40128	93.9437	0.716302	40.4025	1.21546	17.748	1.71694	8.05599	2.21816	3.8207	2.71981	2.85871	3.39196	0.837434	4.41129	0.298392	5.42353	3.5965e+06

4.08617e+06

10807
55.3855	0.401282	93.9163	0.716276	40.393	1.21585	17.8139	1.71697	8.12011	2.21845	3.84177	2.71981	2.86176	3.39339	0.828259	4.40829	0.2912	5.42303	2.12635e+06

2.41484e+06

22627
55.3717	0.401179	93.8983	0.716444	40.4831	1.21544	17.8057	1.71704	8.12419	2.21807	3.82813	2.71977	2.84258	3.39566	0.843019	4.40739	0.299686	5.41928	4.45132e+06

5.05705e+06

44302
55.3268	0.401209	93.9232	0.716316	40.5311	1.21543	17.7624	1.71711	8.07697	2.2183	3.83125	2.71971	2.85427	3.39311	0.841858	4.40609	0.294705	5.42115	8.71537e+06

9.89895e+06

14581
55.3215	0.4013	93.977	0.716136	40.4368	1.21541	17.7781	1.71687	8.10006	2.21828	3.81387	2.71997	2.84782	3.39463	0.825732	4.4064	0.297716	5.42144	2.86856e+06

3.25738e+06

21425
55.2013	0.401249	93.8737	0.716501	40.4292	1.21566	17.7898	1.71705	8.09984	2.21813	3.83328	2.71909	2.87295	3.39075	0.846208	4.41009	0.298623	5.41919	4.21193e+06

4.78302e+06

19668
55.3495	0.401335	93.8599	0.716268	40.4037	1.21549	17.7486	1.71689	8.10143	2.21856	3.82255	2.72067	2.86943	3.39313	0.833232	4.40254	0.297132	5.42224	3.86674e+06

4.39158e+06

457
55.512	0.401239	93.8884	0.715932	40.3939	1.2137	17.5514	1.71577	7.96061	2.21923	3.7593	2.72536	2.88403	3.38297	0.805252	4.41098	0.260394	5.46111	89669

101918

439
54.9977	0.401082	93.7995	0.71625	40.2118	1.21403	17.6287	1.71695	8.30296	2.2172	3.70387	2.72094	2.83827	3.39537	0.835991	4.42323	0.250569	5.44535	86030

97708

428
55.0794	0.401679	94.0958	0.716831	40.3481	1.21444	17.4206	1.71526	7.99299	2.21659	3.70794	2.71797	2.70561	3.39245	0.836449	4.41688	0.301402	5.40821	83923

95225

545
54.4477	0.401987	93.7541	0.715886	40.055	1.21664	17.8936	1.71455	8.05321	2.2216	3.94312	2.7261	2.85505	3.39877	0.798165	4.39541	0.308257	5.39872	106873

121049

11135
55.3965	0.401148	93.8849	0.716375	40.5645	1.21552	17.7494	1.71719	8.06313	2.21859	3.82236	2.72013	2.86376	3.39273	0.827391	4.41229	0.306331	5.42045	2.19002e+06

2.48843e+06

21557
55.3396	0.401221	93.9583	0.716407	40.4477	1.21523	17.7779	1.71696	8.07932	2.21884	3.78995	2.71984	2.84474	3.39131	0.829151	4.40781	0.298465	5.42053	4.23897e+06

4.81508e+06

13293
55.3231	0.401166	93.9518	0.716171	40.5396	1.21558	17.7383	1.71656	8.07741	2.21814	3.80764	2.72114	2.86045	3.39288	0.817949	4.40903	0.29572	5.42382	2.61427e+06

2.96982e+06

21400
55.3489	0.401211	93.8618	0.716299	40.431	1.21528	17.8016	1.71679	8.09416	2.2185	3.83313	2.71929	2.86051	3.39235	0.846682	4.40717	0.293037	5.42149	4.2075e+06

4.78014e+06

22762
55.269	0.401158	93.9607	0.716418	40.445	1.21566	17.7616	1.71701	8.14076	2.21781	3.82589	2.71989	2.8689	3.39344	0.843423	4.40586	0.301379	5.41773	4.47744e+06

5.08541e+06

1772
55.3284	0.400897	93.7788	0.715784	40.2675	1.21527	17.5835	1.71585	7.96275	2.21946	3.74323	2.72143	2.81828	3.39412	0.772573	4.41687	0.28386	5.40006	346809

394339

16375
55.5163	0.401147	94.0565	0.716179	40.4006	1.21565	17.7213	1.717	8.05539	2.21832	3.82492	2.72051	2.84684	3.39486	0.833771	4.40944	0.286534	5.4219	3.22104e+06

3.6605e+06

19752
55.3357	0.401305	93.9652	0.716181	40.4331	1.21553	17.7743	1.71688	8.11822	2.21862	3.81126	2.71994	2.86108	3.39428	0.833789	4.40805	0.298906	5.42629	3.88627e+06

4.41322e+06

21425
55.3762	0.401233	94.0237	0.716362	40.3921	1.21551	17.7557	1.71678	8.06917	2.21841	3.82362	2.71968	2.85942	3.39354	0.835193	4.40648	0.295403	5.41917	4.21412e+06

4.787e+06

41892
55.2552	0.401232	93.8605	0.716376	40.3969	1.21546	17.8172	1.71687	8.09816	2.21889	3.83577	2.71958	2.86764	3.39416	0.833286	4.40723	0.297837	5.42399	8.23554e+06

9.35291e+06

14768
55.409	0.401171	93.9108	0.716637	40.4126	1.21537	17.8042	1.71687	8.0732	2.21836	3.79428	2.72078	2.85936	3.39369	0.834033	4.41256	0.290628	5.42415	2.9037e+06

3.299e+06

24921
55.3665	0.401258	93.9173	0.716389	40.5139	1.21532	17.7092	1.71677	8.0752	2.21797	3.81397	2.71953	2.85903	3.39361	0.828418	4.40499	0.293046	5.41781	4.90072e+06

5.56677e+06

20272
55.402	0.401234	93.9449	0.716444	40.4691	1.21531	17.7276	1.71706	8.09402	2.21782	3.81556	2.72019	2.87194	3.39129	0.846586	4.4092	0.298244	5.42076	3.98831e+06

4.53018e+06

23179
55.1778	0.401179	93.8919	0.716498	40.4568	1.21566	17.7436	1.71689	8.09755	2.21799	3.83218	2.7194	2.87402	3.39406	0.852841	4.40919	0.292894	5.42394	4.5565e+06

5.17401e+06

18963
55.3909	0.401189	94.043	0.716294	40.4222	1.21533	17.77	1.71683	8.04962	2.21796	3.79249	2.72036	2.83906	3.39492	0.834942	4.408	0.295206	5.42087	3.72967e+06

4.23704e+06

20130
55.3251	0.401206	93.8182	0.716304	40.5	1.21548	17.8117	1.71697	8.07	2.21863	3.79319	2.7202	2.86865	3.39243	0.840934	4.40537	0.294486	5.42531	3.95795e+06

4.49548e+06

20133
55.3131	0.40117	93.9427	0.716302	40.4918	1.21538	17.7624	1.71655	8.09691	2.2182	3.80589	2.71996	2.84821	3.3949	0.838375	4.40752	0.294144	5.42235	3.95933e+06

4.49758e+06

24474
55.3675	0.401216	93.8624	0.716187	40.4385	1.21544	17.7334	1.71713	8.10011	2.21782	3.81303	2.71986	2.8784	3.39351	0.835254	4.40799	0.291166	5.42432	4.81111e+06

5.46553e+06

21533
55.3081	0.401227	94.0536	0.716334	40.4175	1.21543	17.834	1.71683	8.07129	2.2184	3.77764	2.71936	2.85808	3.39321	0.839084	4.4079	0.296614	5.42077	4.23718e+06

4.81168e+06

11730
55.2414	0.401108	93.909	0.71648	40.4936	1.21521	17.7274	1.71716	8.09003	2.2178	3.81083	2.72103	2.84152	3.39384	0.838107	4.40704	0.291304	5.42491	2.30508e+06

2.61864e+06

17578
55.4181	0.401295	93.9641	0.71623	40.4091	1.21548	17.7311	1.71675	8.08175	2.21781	3.82433	2.71964	2.84321	3.39293	0.827682	4.40831	0.295085	5.42337	3.4569e+06

3.92683e+06

24096
55.3257	0.401252	93.884	0.716232	40.4297	1.21559	17.8075	1.71719	8.08943	2.21813	3.80864	2.71937	2.87952	3.39222	0.827772	4.40658	0.299469	5.42156	4.73871e+06

5.38188e+06

24044
55.2912	0.401253	93.9547	0.716404	40.492	1.21553	17.7604	1.71616	8.07187	2.21788	3.8242	2.72011	2.87698	3.39228	0.836051	4.40795	0.298786	5.42448	4.73022e+06

5.37158e+06

19440
55.3595	0.401235	94.0042	0.716363	40.4272	1.21572	17.7599	1.7162	8.05664	2.21855	3.79069	2.71971	2.87191	3.39301	0.83215	4.40809	0.295319	5.42318	3.82294e+06

4.34285e+06

23840
55.3135	0.401195	94.0074	0.716167	40.4346	1.21559	17.806	1.71709	8.09107	2.21879	3.80482	2.7202	2.85143	3.3935	0.841401	4.40895	0.294337	5.42111	4.69046e+06

5.32692e+06

17578
55.3446	0.40115	93.9606	0.716282	40.5095	1.21541	17.727	1.71696	8.09626	2.21825	3.80834	2.72008	2.86307	3.3948	0.837695	4.41605	0.290135	5.4237	3.45746e+06

3.92758e+06

18585
55.3312	0.401165	93.917	0.71624	40.5299	1.21508	17.7358	1.71666	8.10051	2.21773	3.81178	2.72001	2.84859	3.39414	0.841485	4.40747	0.292978	5.42875	3.65516e+06

4.15206e+06

30192
55.3976	0.40114	93.9711	0.71635	40.4464	1.21558	17.7514	1.7168	8.07297	2.21782	3.81707	2.71985	2.85642	3.3946	0.840819	4.40788	0.295144	5.41863	5.9382e+06

6.74637e+06

23936
55.3321	0.401229	93.9098	0.716562	40.4889	1.21516	17.8227	1.7172	8.07921	2.21812	3.81718	2.71975	2.84985	3.39348	0.835854	4.40773	0.294368	5.42396	4.70889e+06

5.34802e+06

31509
55.2975	0.401245	93.8017	0.716313	40.5328	1.21538	17.7409	1.71679	8.09734	2.21788	3.82443	2.7197	2.85509	3.39236	0.839506	4.40973	0.29325	5.41937	6.19506e+06

7.03541e+06

17731
55.3084	0.401201	94.0067	0.716265	40.4945	1.21532	17.7423	1.71681	8.1155	2.21814	3.81783	2.71899	2.82968	3.39387	0.850431	4.40893	0.29581	5.41535	3.48831e+06

3.96219e+06

23461
55.3442	0.401293	93.7963	0.716313	40.4658	1.21505	17.735	1.71673	8.09296	2.21868	3.82405	2.71965	2.85798	3.39255	0.852393	4.40842	0.294702	5.42388	4.61219e+06

5.23798e+06

14078
55.5604	0.401157	94.0087	0.716197	40.3786	1.2154	17.6976	1.71692	8.04837	2.21814	3.8173	2.72062	2.84984	3.39213	0.822205	4.39919	0.288677	5.42402	2.76807e+06

3.14603e+06

11586
55.2963	0.401246	94.0577	0.716136	40.4171	1.21536	17.7533	1.71641	8.07794	2.21845	3.81167	2.71919	2.86156	3.3947	0.829018	4.41076	0.295356	5.42424	2.27904e+06

2.58831e+06

22790
55.2892	0.401205	93.9398	0.716303	40.5048	1.21532	17.7829	1.7169	8.10794	2.21866	3.80527	2.72081	2.86819	3.39379	0.82466	4.4044	0.298113	5.41646	4.48315e+06

5.09176e+06

21546
55.3438	0.401239	93.9153	0.716372	40.451	1.21569	17.721	1.71672	8.06925	2.2181	3.82591	2.71968	2.85492	3.39286	0.829806	4.40493	0.293744	5.4199	4.23589e+06

4.81132e+06

13136
55.3809	0.401179	93.9219	0.716453	40.3613	1.21533	17.7323	1.71646	8.09402	2.2182	3.81836	2.72022	2.87865	3.39652	0.832065	4.40435	0.29933	5.42048	2.58191e+06

2.93352e+06

16857
55.2264	0.401215	93.8975	0.716369	40.5691	1.21539	17.8026	1.71707	8.0929	2.21852	3.8193	2.71904	2.8689	3.39359	0.826778	4.40341	0.292104	5.42802	3.31664e+06

3.76578e+06

31901
55.2809	0.401239	93.8882	0.716414	40.4537	1.21539	17.7882	1.71713	8.07392	2.21823	3.81797	2.7194	2.85082	3.39215	0.84013	4.40918	0.299395	5.42151	6.27259e+06

7.12328e+06

16101
55.4013	0.401084	94.0397	0.716317	40.4285	1.21546	17.788	1.71672	8.08614	2.21795	3.81548	2.71906	2.86827	3.39285	0.830259	4.40848	0.293336	5.41791	3.16805e+06

3.59939e+06

32114
55.3626	0.401335	93.8541	0.716441	40.4675	1.21529	17.7318	1.71679	8.08896	2.21792	3.79837	2.71977	2.86209	3.39367	0.842592	4.40718	0.290465	5.42056	6.31375e+06

7.17101e+06

13245
55.4228	0.401268	93.8726	0.716355	40.5135	1.21543	17.7326	1.71732	8.02778	2.21845	3.77848	2.71978	2.84636	3.39173	0.832692	4.40616	0.295357	5.41919	2.60419e+06

2.9579e+06

19746
55.2845	0.401323	93.8752	0.716205	40.5348	1.21567	17.7849	1.71647	8.11025	2.21877	3.84088	2.72054	2.86585	3.39502	0.838094	4.40668	0.292971	5.41491	3.88564e+06

4.4118e+06

28480
31820
30419
55.304	0.401239	93.8235	0.716237	40.5204	1.21526	17.7797	1.71654	8.07049	2.21801	3.83595	2.72026	2.86716	3.39273	0.840383	4.41433	0.292363	5.4213	6.25704e+06

7.10648e+06

55.3496	0.40122	93.9573	0.716328	40.4625	1.21542	17.7549	1.7168	8.08532	2.21846	3.83508	2.72016	2.86907	3.39461	0.844452	4.40916	0.290239	5.41468	5.6026e+06

6.36381e+06

55.3035	0.401264	93.8978	0.716272	40.4431	1.21532	17.8048	1.71703	8.10053	2.21857	3.84983	2.72074	2.87251	3.39298	0.847497	4.40689	0.294881	5.42537	5.98478e+06

6.79604e+06

30920
55.3333	0.401236	93.9221	0.716213	40.4245	1.21556	17.7936	1.71684	8.10103	2.21831	3.81255	2.71916	2.84667	3.3935	0.835317	4.41006	0.299224	5.422	6.08142e+06

6.90655e+06

15162
55.3612	0.401195	93.9582	0.71638	40.5104	1.21557	17.8221	1.71737	8.05949	2.21816	3.81071	2.71972	2.85246	3.39472	0.836301	4.40709	0.292903	5.43264	2.98312e+06

3.38876e+06

14079
55.3935	0.401253	93.8473	0.716279	40.4654	1.21526	17.7719	1.71671	8.06648	2.21762	3.77037	2.71969	2.85738	3.39248	0.828184	4.40797	0.293132	5.42152	2.76727e+06

3.14375e+06

22103
55.4379	0.401216	93.9087	0.716106	40.4376	1.21529	17.7508	1.71676	8.07261	2.21854	3.81681	2.72016	2.85038	3.39443	0.829525	4.41245	0.294259	5.42011	4.34651e+06

4.93778e+06

27245
55.3707	0.401209	93.9053	0.716251	40.5097	1.21531	17.7617	1.71682	8.07539	2.2184	3.81898	2.71936	2.8697	3.394	0.831565	4.41027	0.295797	5.42005	5.35965e+06

6.0876e+06

29913
55.2984	0.401272	93.8023	0.716385	40.5075	1.21551	17.7559	1.71659	8.09832	2.21849	3.8292	2.71955	2.87029	3.39334	0.834453	4.40709	0.29208	5.41393	5.88189e+06

6.67922e+06

16817
55.3316	0.401203	93.9731	0.716315	40.4231	1.21537	17.7407	1.71713	8.07284	2.21846	3.8222	2.71888	2.85229	3.39415	0.849557	4.40824	0.298805	5.41865	3.30708e+06

3.75632e+06

23585
55.2855	0.401243	93.8837	0.71646	40.4782	1.21581	17.7397	1.71731	8.08908	2.21837	3.81552	2.72077	2.86322	3.3947	0.836845	4.40982	0.299894	5.42173	4.63731e+06

5.26634e+06

28950
55.2336	0.401279	93.8994	0.716517	40.4944	1.21541	17.779	1.71658	8.0799	2.21803	3.80059	2.72033	2.86335	3.39478	0.837098	4.40676	0.292642	5.41795	5.6929e+06

6.46396e+06

14792
55.3415	0.401229	93.8268	0.716453	40.4644	1.21567	17.7832	1.71727	8.05571	2.21801	3.83018	2.72034	2.87358	3.39441	0.838561	4.40555	0.297188	5.42635	2.9078e+06

3.30322e+06

28499
55.266	0.401257	93.9888	0.716222	40.4654	1.21518	17.7691	1.71707	8.06105	2.2184	3.80175	2.71881	2.84919	3.39287	0.83245	4.40216	0.293414	5.41723	5.60487e+06

6.3646e+06

25892
55.3589	0.401174	93.9596	0.716253	40.4304	1.21521	17.7114	1.71682	8.11077	2.218	3.81172	2.72008	2.84462	3.39437	0.835548	4.40684	0.297775	5.42746	5.09126e+06

5.78325e+06

19354
55.339	0.40126	93.9563	0.71618	40.4168	1.21549	17.7495	1.71683	8.04035	2.21795	3.78237	2.71977	2.85466	3.39377	0.831146	4.41146	0.291516	5.41983	3.80438e+06

4.321e+06

29630
55.2937	0.401182	93.9256	0.71644	40.44	1.2155	17.7665	1.71675	8.11802	2.21828	3.80516	2.7201	2.86328	3.39281	0.843166	4.40994	0.298684	5.42902	5.82646e+06

6.61798e+06

14352
55.3535	0.4012	94.0645	0.716231	40.4611	1.21548	17.7788	1.71677	8.02376	2.21737	3.81083	2.72119	2.85152	3.39431	0.832915	4.41331	0.287904	5.43268	2.8235e+06

3.20717e+06

22628
55.2745	0.401203	93.8842	0.716396	40.4672	1.21547	17.7669	1.71694	8.08763	2.21878	3.81275	2.72086	2.85341	3.39398	0.842717	4.4089	0.290746	5.42156	4.44854e+06

5.05238e+06

11760
55.4917	0.401218	93.9461	0.716434	40.4515	1.21548	17.7573	1.71678	8.05646	2.21783	3.7943	2.7193	2.86361	3.39206	0.85102	4.4106	0.292432	5.41229	2.31342e+06

2.62841e+06

24550
55.349	0.401238	93.9253	0.716409	40.4302	1.21505	17.7881	1.71725	8.06379	2.21811	3.82664	2.71957	2.87079	3.39197	0.824481	4.40734	0.290387	5.4177	4.82804e+06

5.4837e+06

14003
55.3068	0.401209	93.8204	0.716263	40.5153	1.21579	17.8175	1.71686	8.07777	2.21865	3.84103	2.72033	2.87917	3.3937	0.841177	4.40926	0.298793	5.42261	2.75475e+06

3.12824e+06

9703
55.3547	0.401101	93.9264	0.716488	40.4941	1.21548	17.7565	1.71743	8.03483	2.21844	3.79161	2.72122	2.84273	3.39283	0.832217	4.41485	0.289189	5.41572	1.90687e+06

2.1669e+06

10294
55.3725	0.401159	94.0895	0.716498	40.4636	1.2158	17.716	1.71669	8.08403	2.21749	3.8164	2.72037	2.86818	3.39371	0.840101	4.40648	0.288226	5.41815	2.02558e+06

2.30111e+06

11894
55.3226	0.401208	93.945	0.716361	40.427	1.21548	17.6845	1.71693	8.10392	2.21827	3.8194	2.71918	2.85858	3.39532	0.844628	4.40661	0.298386	5.41701	2.33815e+06

2.65598e+06

27307
55.2518	0.401208	93.8568	0.716433	40.45	1.21547	17.8093	1.71682	8.06321	2.21745	3.8206	2.71978	2.86029	3.39419	0.839968	4.40846	0.293185	5.42616	5.36764e+06

6.09616e+06

27369
55.4006	0.401197	93.8955	0.71636	40.4875	1.21555	17.7775	1.71677	8.092	2.21854	3.82677	2.72022	2.83704	3.39225	0.842742	4.40934	0.293763	5.42163	5.38345e+06

6.1157e+06

11912
55.3241	0.401158	93.8183	0.716324	40.5205	1.21545	17.7965	1.71651	8.10343	2.2186	3.8049	2.72024	2.89112	3.39542	0.843939	4.41187	0.294493	5.42506	2.34263e+06

2.66111e+06

2204
55.647	0.401443	93.8004	0.716151	40.3553	1.21544	17.7418	1.71567	8.03085	2.21769	3.7255	2.722	2.78539	3.39164	0.803085	4.40166	0.291742	5.41187	432801

491891

29364
55.3071	0.401269	93.9084	0.716351	40.5149	1.21542	17.7632	1.71699	8.08224	2.21809	3.82397	2.72019	2.85043	3.39322	0.834832	4.40651	0.299142	5.42427	5.77613e+06

6.55945e+06

13142
55.3737	0.401248	93.9133	0.716179	40.4473	1.21568	17.7732	1.71698	8.08834	2.21875	3.8151	2.71974	2.8539	3.391	0.827195	4.40689	0.291965	5.42272	2.58462e+06

2.93571e+06

10850
55.475	0.401197	93.9209	0.71619	40.4176	1.21512	17.7894	1.71604	8.1023	2.21811	3.84498	2.72043	2.85724	3.39291	0.827742	4.41119	0.294101	5.423	2.13464e+06

2.42529e+06

29742
55.2397	0.401225	93.8797	0.716384	40.4903	1.21539	17.7911	1.71646	8.11317	2.21805	3.82116	2.72058	2.88131	3.3919	0.84036	4.40963	0.293928	5.42059	5.84992e+06

6.6429e+06

25995
55.3281	0.401129	93.9211	0.716422	40.455	1.21541	17.7566	1.71695	8.09948	2.21837	3.82427	2.71945	2.86824	3.3916	0.841354	4.40789	0.292518	5.42709	5.11177e+06

5.80694e+06

13065
55.2715	0.401154	94.0132	0.716564	40.4219	1.21504	17.7454	1.71606	8.07447	2.21755	3.80321	2.71977	2.86736	3.39455	0.834902	4.40705	0.299426	5.42794	2.56876e+06

2.91782e+06

1967
55.2608	0.401212	94.1749	0.716612	40.0188	1.21531	17.5516	1.71687	8.02949	2.2184	3.74021	2.71951	2.72649	3.39619	0.831723	4.4092	0.289273	5.42922	385303

437900

11521
55.3173	0.401223	93.9242	0.716426	40.4071	1.21558	17.8712	1.71656	8.05538	2.21921	3.83916	2.72009	2.88213	3.39732	0.834129	4.40573	0.294332	5.41514	2.26625e+06

2.57408e+06

11895
55.5016	0.401239	93.9343	0.716561	40.4797	1.21556	17.768	1.71659	8.07137	2.21804	3.79697	2.71981	2.85809	3.39228	0.843884	4.40583	0.293232	5.42082	2.34032e+06

2.65909e+06

16450
55.3753	0.401174	93.9409	0.716189	40.4897	1.21553	17.7871	1.71677	8.12249	2.21817	3.84498	2.72087	2.86875	3.39258	0.836596	4.40741	0.300122	5.42017	3.23757e+06

3.67766e+06

13781
55.2095	0.401169	93.8175	0.716242	40.5667	1.21556	17.8144	1.71637	8.09854	2.21829	3.84566	2.72052	2.85959	3.39357	0.833757	4.40914	0.295189	5.42516	2.71021e+06

3.07786e+06

14227
55.2653	0.401112	93.8078	0.716568	40.4955	1.21573	17.7545	1.71648	8.12012	2.21774	3.82196	2.72049	2.86273	3.3919	0.842272	4.40863	0.287552	5.4176	2.79618e+06

3.17629e+06

21238
55.3691	0.401138	93.9087	0.716347	40.499	1.21539	17.7521	1.71691	8.09794	2.21805	3.83176	2.72042	2.87442	3.39542	0.827714	4.40649	0.289669	5.42902	4.17686e+06

4.74564e+06

16658
55.2673	0.401246	93.9486	0.716382	40.5037	1.2151	17.7242	1.71704	8.09509	2.21863	3.8013	2.72041	2.85653	3.39461	0.831432	4.41047	0.295534	5.42366	3.27576e+06

3.72012e+06

38222
55.2116	0.401235	93.9205	0.716519	40.4573	1.21542	17.7609	1.71679	8.08681	2.21812	3.79996	2.71986	2.87293	3.39314	0.842551	4.40782	0.295615	5.42356	7.51485e+06

8.53299e+06

13151
55.2907	0.401239	93.8948	0.716448	40.4605	1.21565	17.8067	1.71663	8.11284	2.21847	3.83127	2.71986	2.874	3.3915	0.845867	4.40635	0.286062	5.43268	2.58746e+06

2.93797e+06

14614
55.3569	0.401167	93.9282	0.716237	40.5277	1.21554	17.7401	1.71646	8.09422	2.21851	3.82524	2.72	2.86191	3.39433	0.843506	4.40654	0.285001	5.42644	2.8748e+06

3.26569e+06

13713
55.408	0.401143	94.054	0.716192	40.4969	1.21544	17.7281	1.71699	8.08189	2.21838	3.82535	2.72049	2.84628	3.39411	0.82688	4.40898	0.294319	5.42927	2.69863e+06

3.0657e+06

12947
55.3403	0.401171	94.0113	0.716171	40.4203	1.21545	17.7855	1.71664	8.07647	2.21779	3.80775	2.71942	2.85	3.39327	0.820113	4.40781	0.291882	5.42433	2.54601e+06

2.89241e+06

12700
55.255	0.40129	93.9718	0.7163	40.397	1.21571	17.7782	1.71675	8.09228	2.21779	3.8648	2.71963	2.86551	3.39381	0.832756	4.40625	0.287874	5.42426	2.49794e+06

2.83648e+06

24613
55.2446	0.401221	93.7697	0.716356	40.5513	1.21555	17.8372	1.71662	8.08008	2.21821	3.83241	2.72003	2.86759	3.39594	0.849226	4.40789	0.291472	5.42361	4.84037e+06

5.49666e+06

12933
55.4409	0.401169	93.9605	0.716323	40.4678	1.21566	17.7043	1.71695	8.12302	2.21788	3.82309	2.72029	2.87543	3.3939	0.848682	4.41174	0.293281	5.42164	2.54455e+06

2.891e+06

50486
55.3041	0.40124	93.9599	0.716264	40.4654	1.21536	17.7665	1.71697	8.07505	2.21836	3.80715	2.72024	2.85131	3.39199	0.832389	4.40634	0.293527	5.42093	9.92866e+06

1.12763e+07

11718
55.2248	0.401204	93.801	0.716442	40.582	1.21561	17.7401	1.71701	8.07527	2.21809	3.81336	2.7196	2.86004	3.39432	0.845878	4.40666	0.28836	5.42799	2.30349e+06

2.61582e+06

11724
55.3835	0.401106	93.8235	0.716798	40.5174	1.21553	17.7471	1.71648	8.11046	2.21845	3.83879	2.71999	2.86489	3.39163	0.842545	4.40949	0.293501	5.42496	2.30517e+06

2.6194e+06

24457
55.3641	0.401196	93.9361	0.71639	40.4626	1.21549	17.7626	1.71702	8.11138	2.21817	3.81813	2.7198	2.86949	3.39309	0.832972	4.41056	0.298974	5.42041	4.8109e+06

5.46507e+06

9441
55.4728	0.401136	93.8798	0.716223	40.4319	1.21565	17.7794	1.71705	8.09353	2.21785	3.81411	2.72101	2.85679	3.39447	0.823218	4.41106	0.285987	5.42801	1.85639e+06

2.10947e+06

21859
55.3703	0.401209	93.9096	0.716276	40.4437	1.21536	17.7372	1.71689	8.08573	2.21807	3.81925	2.71982	2.87945	3.39442	0.837001	4.40734	0.291413	5.42181	4.29826e+06

4.88272e+06

16588
55.3119	0.401202	93.9471	0.716297	40.4266	1.21525	17.7916	1.71696	8.1023	2.21861	3.81179	2.72079	2.85465	3.39408	0.83898	4.40788	0.29027	5.42386	3.26212e+06

3.70535e+06

11660
10918
55.2402	0.401302	93.9738	0.716452	40.4496	1.21529	17.7063	1.71694	8.05386	2.21833	3.78456	2.71915	2.87075	3.39436	0.834048	4.41384	0.283962	5.4202	2.29174e+06
55.4287	0.401204	93.8846	0.716497	40.5567	1.21501	17.7252	1.7173	8.0457	2.21859	3.81563	2.72026	2.86628	3.3945	0.837333	4.41227	0.294743	5.42498	2.14734e+06

48891
2.43968e+06


2.60248e+06

29385
55.3563	0.401257	93.9117	0.716351	40.505	1.21548	17.7625	1.71688	8.09738	2.21787	3.81404	2.71916	2.86476	3.39393	0.836207	4.40603	0.294349	5.42152	9.61804e+06

1.09243e+07

55.3386	0.401189	93.9881	0.716246	40.4624	1.21565	17.7816	1.71633	8.05717	2.21862	3.81858	2.72014	2.85789	3.39391	0.833452	4.40841	0.299677	5.42034	5.78025e+06

6.56571e+06

0
-nan	-nan	-nan	-nan	-nan	-nan	-nan	-nan	-nan	-nan	-nan	-nan	-nan	-nan	-nan	-nan	-nan	-nan	0

0

818
55.1064	0.401038	93.9034	0.715494	40.3521	1.21685	17.7653	1.71785	7.99511	2.22112	3.83619	2.71907	2.98289	3.38762	0.892421	4.40657	0.327628	5.40894	160764

182546

10931
55.2726	0.401273	93.9074	0.716525	40.5144	1.21558	17.7465	1.71703	8.13924	2.21801	3.85244	2.71984	2.88985	3.39171	0.861037	4.4098	0.29979	5.42189	2.15144e+06

2.4429e+06

21948
55.2936	0.401253	93.9386	0.716278	40.4912	1.21532	17.8328	1.71734	8.08019	2.21822	3.79283	2.71995	2.87211	3.39199	0.836249	4.40643	0.293011	5.4219	4.3183e+06

4.90386e+06

11688
55.3014	0.401137	93.925	0.716455	40.4658	1.21548	17.8205	1.71664	8.08513	2.21862	3.80467	2.71969	2.87235	3.39498	0.845825	4.40994	0.286704	5.4285	2.29871e+06

2.61118e+06

10639
55.2104	0.401258	93.9216	0.716167	40.5257	1.21518	17.7787	1.71666	8.07275	2.2179	3.81154	2.72028	2.86897	3.39372	0.846038	4.40764	0.284801	5.42282	2.09266e+06

2.37591e+06

20391
55.4001	0.401231	93.8946	0.716476	40.4821	1.21554	17.8036	1.71713	8.10745	2.21794	3.80354	2.72065	2.86896	3.39281	0.843313	4.41217	0.292188	5.42299	4.01216e+06

4.5573e+06

14557
55.2376	0.401244	93.791	0.716334	40.4725	1.2159	17.8059	1.71694	8.11287	2.21899	3.82414	2.71887	2.88624	3.39425	0.862197	4.40641	0.300474	5.42533	2.86212e+06

3.25047e+06

10503
55.2332	0.401192	93.971	0.716247	40.4802	1.21561	17.707	1.71669	8.07531	2.21829	3.8329	2.71956	2.87204	3.39421	0.846044	4.4083	0.295439	5.41982	2.06533e+06

2.34546e+06

12888
55.3933	0.401157	93.9512	0.716248	40.4649	1.21532	17.7446	1.71693	8.09497	2.21878	3.83295	2.72099	2.87298	3.3932	0.834652	4.40958	0.296012	5.41841	2.53519e+06

2.88028e+06

20485
55.4039	0.401199	93.7908	0.716134	40.4418	1.21563	17.7566	1.71711	8.08035	2.21833	3.83017	2.71928	2.87713	3.39422	0.839346	4.40812	0.301489	5.4182	4.02662e+06

4.57474e+06

47955
55.261	0.401169	93.9366	0.716381	40.4938	1.21573	17.8018	1.71722	8.10139	2.21849	3.8307	2.71981	2.85101	3.3927	0.841664	4.40992	0.293921	5.42443	9.43332e+06

1.07137e+07

22634
55.2472	0.401263	93.9398	0.716307	40.3679	1.21544	17.757	1.71694	8.10383	2.21882	3.79783	2.71994	2.8819	3.3927	0.833171	4.40842	0.292392	5.42012	4.44922e+06

5.05238e+06

46811
55.3229	0.401242	93.9838	0.716382	40.4817	1.21549	17.7438	1.71685	8.0859	2.21828	3.8143	2.71994	2.86772	3.39336	0.832198	4.40907	0.296084	5.42285	9.20912e+06

1.04589e+07

15503
55.4455	0.401114	93.9438	0.716322	40.5436	1.2156	17.744	1.71716	8.10101	2.21818	3.7854	2.72056	2.85912	3.39411	0.839128	4.41055	0.291556	5.42237	3.05e+06

3.46574e+06

26254
55.3341	0.401225	93.965	0.716425	40.4105	1.21547	17.7411	1.71708	8.09823	2.21801	3.80643	2.72016	2.86318	3.39352	0.834006	4.40757	0.295193	5.42191	5.1625e+06

5.86377e+06

45317
11385
55.331	0.401209	93.8584	0.716301	40.498	1.21547	17.7638	1.71683	8.09515	2.21844	3.81691	2.71968	2.85147	3.39268	0.839729	4.41102	0.296114	5.42006	8.91131e+06

1.01216e+07
46243

55.3657	0.401096	93.8445	0.716464	40.4177	1.21565	17.8314	1.71642	8.09811	2.21805	3.81344	2.72031	2.86842	3.39405	0.846465	4.40616	0.299517	5.41449	2.23815e+06

2.54324e+06

55.3452	0.401215	93.9567	0.716359	40.4734	1.21543	17.7405	1.71709	8.07225	2.2184	3.82194	2.72005	2.87724	3.39318	0.840754	4.40946	0.295699	5.41877	9.09592e+06

1.03318e+07

45013
55.2589	0.401169	93.9299	0.71634	40.4697	1.21535	17.7753	1.71652	8.07935	2.21846	3.8296	2.71989	2.87073	3.39262	0.840668	4.40895	0.293226	5.42485	8.85169e+06

1.00535e+07

23542
55.3298	0.401186	93.9177	0.716337	40.5268	1.2158	17.7821	1.71723	8.07514	2.21845	3.80902	2.72011	2.86781	3.393	0.8371	4.40806	0.292881	5.41964	4.63111e+06

5.26018e+06

42979
55.3672	0.401204	93.9295	0.716322	40.4545	1.21551	17.7756	1.71691	8.09944	2.21849	3.8187	2.71974	2.86361	3.39295	0.843575	4.40801	0.294772	5.4229	8.454e+06

9.60352e+06

43915
55.3052	0.401226	93.9234	0.71639	40.4847	1.21522	17.7986	1.7168	8.10033	2.21822	3.83361	2.71943	2.86173	3.39307	0.837003	4.40922	0.299214	5.4215	8.63959e+06

9.81253e+06

41918
55.2864	0.401257	93.9542	0.71623	40.431	1.21539	17.7787	1.71669	8.08481	2.21834	3.8216	2.72029	2.87483	3.39337	0.839496	4.41148	0.299108	5.41874	8.2452e+06

9.36323e+06

41494
55.3568	0.40115	94.0281	0.716289	40.4727	1.21529	17.7855	1.71685	8.07013	2.21815	3.80265	2.7199	2.84986	3.39266	0.838603	4.40758	0.294211	5.42108	8.16409e+06

9.27385e+06

39671
55.2866	0.401233	93.8538	0.71633	40.4535	1.21533	17.7939	1.71704	8.08845	2.21837	3.82322	2.72002	2.85052	3.39375	0.841597	4.4071	0.297472	5.41909	7.80003e+06

8.8581e+06

40832
55.35	0.401201	93.9132	0.716176	40.5156	1.21563	17.7687	1.71684	8.0927	2.21838	3.80922	2.71993	2.87409	3.39366	0.843162	4.4102	0.296875	5.42079	8.03388e+06

9.12446e+06

27865
55.3832	0.401194	93.9189	0.716433	40.4156	1.21509	17.7866	1.71678	8.10386	2.21821	3.80423	2.72033	2.86754	3.3924	0.831509	4.40806	0.295388	5.42133	5.47944e+06

6.22523e+06

13907
55.3916	0.401156	93.9254	0.716584	40.427	1.21541	17.7742	1.71705	8.12382	2.21796	3.82865	2.71976	2.86848	3.39301	0.843316	4.40638	0.296182	5.41904	2.73559e+06

3.10792e+06

39714
55.3415	0.401219	94.0278	0.716286	40.5388	1.21543	17.7443	1.7169	8.08602	2.21852	3.8041	2.71958	2.86634	3.39217	0.833761	4.40823	0.298812	5.41995	7.81657e+06

8.87773e+06

18173
55.4001	0.401186	93.9175	0.716338	40.3856	1.21553	17.8015	1.71677	8.09487	2.21825	3.81417	2.72111	2.87597	3.39272	0.836681	4.40673	0.28768	5.4209	3.57421e+06

4.0601e+06

37462
55.3298	0.401221	93.8855	0.716253	40.4538	1.21548	17.7419	1.71706	8.07987	2.21775	3.81974	2.71982	2.87958	3.39579	0.844429	4.40971	0.293684	5.41981	7.36595e+06

8.36632e+06

1550
55.3955	0.401311	93.7032	0.715837	40.6652	1.21537	17.4329	1.71721	8.07871	2.21684	3.82452	2.71951	2.74581	3.39638	0.822581	4.40071	0.263871	5.41924	304219

345545

21086
55.3494	0.401292	93.901	0.716415	40.4562	1.2153	17.8241	1.71704	8.07403	2.21835	3.83425	2.71948	2.85934	3.39211	0.832401	4.40654	0.29171	5.42721	4.14817e+06

4.71109e+06

36641
55.2626	0.401193	93.906	0.716352	40.4679	1.21566	17.8074	1.71689	8.09992	2.21838	3.8297	2.72024	2.87579	3.3933	0.840561	4.41038	0.287028	5.4198	7.207e+06

8.18476e+06

