ibin	iptbin	itheta	r0	V	sigma2	chi	Vn Errors
0	0	0	0.2252	0.0487	578.3708	0.4441	0.0038
0	0	1	0.2184	0.0502	578.3708	0.4579	0.0040
0	0	2	0.2225	0.0493	578.3708	0.4495	0.0039
0	0	3	0.2235	0.0490	578.3708	0.4474	0.0039
0	0	4	0.2310	0.0474	578.3708	0.4328	0.0037
0	0	5	0.2392	0.0458	578.3708	0.4180	0.0036
0	0	6	0.2295	0.0478	578.3708	0.4357	0.0038
0	0	7	0.2314	0.0474	578.3708	0.4321	0.0037
0	0	8	0.2209	0.0496	578.3708	0.4527	0.0039
0	0	9	0.2348	0.0467	578.3708	0.4258	0.0037


ibin	iptbin	avgmult	avgpt	Vn mean	Vn mean Error
0	0	219.3872	0.9001	0.0482	0.0017

ibin	Nevent	totmultall	avgmultall	avgtrk
0	9018502.0000	1978543703.0000	219.3872	196.6573

