-548.393	
17.3997	
-662.585	
-563.102	
-700.378	
-819.703	
-824.495	
-1934.68	
-1114.25	
-650.503	
-1226.11	
-1154.56	
-878.243	
-369.005	
-300.703	
-1051.23	
313.632	
25.3637	
103.072	
-405.353	
-2171.49	
-860.95	
-1955.86	
-562.128	
-270.422	
-1442.88	
-1498.77	
-632.258	
-742.099	
128.269	
-1762.93	
-1266.85	
-1012	
-334.718	
271.023	
-805.63	
-1114.56	
-9.37095	
241.602	
138.681	
-127.157	
-579.264	
-863.723	
-978.144	
208.633	
-674.533	
-945.715	
-2445.52	
-29.1786	
-761.092	
539.858	
-16.4586	
-398.867	
-1055.41	
-516.5	
-2103.22	
-86.2999	
-881.046	
-1246.18	
-949.782	
-474.246	
248.924	
74.4407	
-1091.98	
-1569.65	
-1859.44	
-758.299	
-262.685	
-1050.06	
852.227	
-1029.25	
15.8554	
-520.693	
139.2	
-689.117	
