303.355	
3721.49	
-389.95	
3705.14	
2431.89	
718.567	
-876.429	
2031.71	
-659.293	
317.453	
-2819.11	
5589.48	
2559.64	
3995.9	
1389.86	
-487.681	
2671.84	
5405.83	
1420.67	
4185.99	
-1929.43	
653.571	
832.293	
4466.38	
3361.94	
-1118.16	
163.931	
1219.29	
2006.51	
1162.66	
2995.78	
-686.139	
407.489	
-1313.14	
2298.55	
4220.8	
105.04	
1007.32	
4292.59	
1667.22	
2157.78	
4670.63	
1740.78	
4355.19	
4556.85	
-4843.7	
3745.45	
212.992	
957.319	
3561.73	
341.856	
1283.16	
2053	
660.031	
354.768	
8521.77	
2167.18	
9949.77	
-1771.55	
-182.724	
2076.15	
-454.607	
-3410.84	
570.363	
1219.4	
3263.19	
2215.98	
2800.78	
-1075.6	
-2923.93	
-791.302	
2012.96	
501.016	
593.118	
-3989.69	
-1787.27	
2029.08	
-677.646	
2520.59	
3239.39	
161.505	
2849.19	
2581.14	
-240.24	
476.146	
-2468.26	
516.593	
1770.9	
-1374.48	
1381.93	
-762.03	
1153.27	
4536.71	
-405.788	
755.939	
4087.32	
-177.019	
-3716.36	
725.902	
-395.9	
1575.44	
-1736.28	
4675.78	
2861.63	
2529.84	
1587.81	
1737.01	
2903.94	
4226.1	
1887.73	
3344.3	
4941.64	
2307.1	
784.718	
521.562	
-1992.04	
128.943	
4195.02	
-2767.39	
9223.37	
4282.52	
2377.61	
1589.76	
760.356	
-175.483	
3136.26	
-390.701	
3364.01	
-2784.88	
-225.143	
931.85	
3515.44	
1358.47	
2270.16	
4509.9	
3806.36	
2840.36	
924.021	
5332.32	
1026.03	
-4427.18	
2293.38	
3647.32	
4072.88	
3861.72	
105.294	
1750.62	
5602.79	
2979.19	
1797.55	
-2236.74	
-678.673	
5112.69	
-898.147	
606.376	
1890.34	
3578.78	
3845.32	
-2178.54	
4823.15	
588.188	
-474.88	
-1032.32	
-1376.27	
5242.65	
-88.2902	
-760.564	
3448.6	
-1183.63	
6889.35	
4931.58	
2106.72	
-2251.76	
951.669	
3935.6	
2675.3	
-454.132	
-4495.44	
-1048.6	
-348.674	
3249	
1344.43	
2224.19	
2555.8	
11.6935	
1961.81	
-532.536	
810.343	
-262.259	
60.7003	
1073.03	
2273.24	
-129.52	
4922.82	
3081.78	
-106.483	
6186.34	
-551.54	
2156.98	
-617.32	
1201.97	
-2361.76	
1423.99	
2192.93	
-1714.25	
-231.447	
2536.99	
385.506	
-1903.2	
4690.53	
614.876	
6031.83	
5824.05	
-18.4294	
545.194	
1788.86	
-1336.96	
2241.55	
1761.01	
-15.7538	
-2245.67	
-2480.04	
-609.87	
814.751	
-774.203	
4676.94	
875.189	
4079.19	
4041.47	
1333.41	
3478.24	
2255.9	
3857.03	
1777.54	
2034.12	
-988	
-2228.78	
-2632.53	
-830.886	
1527.86	
3728.58	
-478.107	
2417.65	
7455.83	
231.898	
1308.06	
6750.19	
1340.66	
2958.96	
1247.71	
-4587.72	
-3450.48	
1083.1	
5664.01	
1130.68	
2210.6	
4545.29	
1217.16	
2052.31	
-314.052	
1803.85	
6963.15	
-430.944	
2995.83	
325.254	
2009.32	
1048.25	
3443.28	
4886.57	
1227.55	
1851.92	
-44.5112	
1385.34	
7779.34	
442.935	
5023.58	
1417.2	
6202.77	
-661.99	
1239.26	
1003.33	
7110.47	
1978.74	
-54.4616	
-1890.58	
1358.14	
-999.351	
1869.9	
2096.04	
2196.23	
1606.49	
-2220.64	
-2088.73	
2233.98	
4273.07	
2792.29	
4239.62	
3555.17	
2823.37	
-491.519	
-2681.24	
1252.53	
-422.953	
4965.21	
2409.75	
3528.3	
1308.79	
3464.54	
2968.82	
-4329.03	
4423.15	
772.259	
-2929.41	
7898.7	
-104.358	
1116.54	
3502.97	
-3609.51	
-130.581	
2123.29	
738.182	
2067.43	
-1788.25	
-32.7526	
4087.27	
1602.79	
440.266	
-3127.1	
3816.38	
4044.3	
619.815	
4559.41	
1773.88	
899.215	
-817.418	
661.067	
69.0117	
3613.07	
4164.58	
-1810.8	
2251.55	
2198.62	
4582.25	
2448.46	
3070.1	
1737.85	
-1821.98	
-717.504	
1000.71	
1364.49	
-3068.37	
-1662.25	
1205.23	
1302.97	
-735.617	
-3658.95	
4601.93	
-1481.56	
1357.82	
4863.2	
2486.67	
3431.25	
2556.31	
-11.0963	
3398.19	
3334.2	
-434.231	
4385.23	
3242.6	
755.878	
1330.33	
757.352	
-1173.08	
334.58	
-2337.12	
-9106.88	
2473.36	
1233.98	
3300.93	
2905.17	
1958.64	
395.672	
1740.1	
3659.94	
2321.93	
-2610.23	
1244.39	
-406.323	
-3210.78	
805.999	
1109.3	
2972.18	
2596.48	
-1073.05	
-596.301	
7657.03	
3018.85	
-3517.79	
-1318.57	
391.638	
1574.62	
498.821	
6507.95	
-3010.78	
-6462.5	
-1120.12	
1822	
-2273.99	
-992.042	
-422.331	
3814.97	
3208.27	
1982.33	
5153.6	
-1585.4	
3263.87	
-684.669	
1361.62	
-7520.67	
-1063.85	
-1275.36	
2963.71	
7973.38	
-21.4947	
1443.29	
4982.06	
-580.102	
2844.49	
627.291	
797.387	
1610.04	
-1969.59	
-2048.05	
1030.47	
1405.67	
303.775	
-786.251	
1698.25	
-3572.29	
3871.61	
-223.832	
5403.47	
-2640.85	
3871.57	
-2267.11	
2505.56	
1970.51	
-414.185	
1395.09	
-1500.4	
-3187.61	
3987.15	
-1518.06	
-585.423	
2495.03	
5156.17	
3288.82	
-2374.14	
1469.65	
5218.06	
4433.78	
-1666.5	
3185.58	
4881.11	
130.496	
3109.75	
-1136.47	
-282.026	
1530.26	
-155.127	
-712.157	
-904.096	
4628.58	
3802.51	
795.357	
715.266	
4239.68	
1072.79	
1248.64	
-627.952	
3127.92	
-1398.48	
102.316	
-3083.58	
681.804	
3739.13	
-2475.25	
260.339	
-488.099	
-806.91	
3222.23	
6195.05	
216.176	
23.3335	
-4509.31	
3728.98	
3057.13	
957.396	
-220.437	
-389.322	
2572.02	
-218.014	
4558.6	
-716.463	
-485.621	
3321.02	
3352.01	
942.108	
-32.7709	
748.874	
755.087	
3682.5	
271.586	
340.657	
5573.07	
363.144	
3456.25	
1830.44	
155.643	
15.7381	
1477.69	
799.911	
-2444.34	
963.299	
-754.13	
1181.18	
3144.68	
4400.53	
6055.81	
1405.69	
3289.87	
2489.16	
3707.22	
-1238.15	
1622.8	
2670.1	
6424.02	
4259.88	
-1358.04	
-600.074	
-1379.67	
-1243.03	
3536.51	
-225.483	
1864.05	
8014.66	
-930.272	
1652.39	
-4313.67	
3786.77	
-4112.95	
-120.83	
513.589	
3699.19	
1132.91	
-1927.49	
958.487	
2852.9	
-408.157	
797.945	
4941.97	
387.117	
605.649	
2433.82	
2386.99	
2416.93	
7550.11	
-33.2277	
1796.99	
5190.52	
2925.73	
949.086	
4102.73	
4386.78	
3549.41	
-2590.04	
4151.46	
3406.9	
6158.41	
1801.34	
3043.56	
2196.69	
2126.11	
6500.9	
831.491	
2921.06	
308.885	
4132.61	
197.534	
-53.4316	
6981.13	
1391.8	
-1720.99	
1407.02	
-1937.22	
-4358.8	
5602.56	
7370.9	
6912.51	
2135.39	
1984.54	
9680.84	
-3065.14	
-3233.21	
8285.23	
1553.31	
2479.08	
388.474	
4152.71	
3410.57	
2002.88	
6611.49	
-2444.82	
2844.52	
3909.53	
-1386.21	
1295.8	
2616.84	
5677.09	
5931.77	
-2778.44	
-1627.33	
2634.09	
-1818.23	
-929.694	
-502.667	
1138.63	
3659.29	
-731.837	
-242.335	
-914.49	
855.981	
4014.46	
-1562.07	
1256.69	
1325.12	
-4160.26	
39.7976	
1652.58	
914.716	
-1745.56	
-330.397	
1907.71	
2042.43	
1056.36	
2071.68	
2401.07	
8181.88	
1276.79	
2915.96	
7340.24	
2553.36	
1476.59	
1933.02	
1787.1	
-1505.16	
2611.57	
1625.81	
742.716	
-12.7926	
1157.79	
-2575.36	
-1021.46	
5639.07	
6855.88	
8837.57	
3449.79	
-1287.27	
521.837	
-176.637	
4129.99	
-1427.75	
-3077.17	
817.939	
9155.44	
2271.22	
-4681.91	
3453.65	
-3272.14	
7120.45	
32.959	
-2143.66	
460.453	
918.796	
125.775	
7405.71	
4498.46	
9118.49	
2389.22	
527.154	
2404.73	
-2131.79	
1901.1	
134.487	
2839.48	
1537.19	
4440.21	
5670.67	
2173.1	
400.305	
1907.61	
-3607.9	
4968.15	
2636.4	
2902.53	
2299.27	
8204.36	
-613.666	
2872.08	
2948.72	
1664.4	
-424.52	
3834.14	
4378.92	
3207.01	
-1873.5	
3543.85	
3581.91	
2697.84	
1622.43	
-3267.38	
-553.363	
727.564	
-765.842	
-5041.16	
1622.87	
4082.1	
-4718.34	
-817.804	
3637.53	
3259.96	
1914.84	
749.256	
-2252.16	
-1562.14	
1405.34	
-1518.71	
2858.94	
-1756.1	
4069.32	
641.175	
3374.95	
-3096.16	
3002.82	
-106.548	
1298.28	
621.296	
1435.34	
-1181.68	
166.395	
3640.25	
-5896.64	
-299.819	
1601.84	
1928.34	
-1122.45	
5744	
1045.26	
-1772.16	
1091.04	
2826.47	
1448.22	
3845.75	
2899.97	
254.422	
-486.276	
3710.48	
-3254.12	
1983.49	
3471.6	
1013.16	
3781.15	
-4966.44	
2510.55	
322.731	
4165.41	
-672.45	
-3950.89	
-884.709	
8407.6	
5100.63	
3263.43	
-323.625	
1847.22	
-2510.98	
-1189.12	
-348.629	
5261.84	
4170.27	
2572.1	
-2436.02	
-291.459	
4766.6	
1780.38	
2179.57	
2547.59	
4045.15	
1058.07	
4862.76	
2182.26	
-3680.72	
-480.468	
3645.54	
866.95	
5222.58	
1022.93	
1595.14	
193.74	
-1995.72	
-7934.66	
-1149.52	
3571.88	
2018.03	
4057.32	
2599.17	
1181.18	
6023.15	
6131.53	
1016.69	
1012.42	
-184.667	
3086.57	
8054.24	
1354.3	
-2769.4	
4937.66	
1407.64	
7078.18	
-3589.07	
8441.09	
-78.8698	
5136.7	
3176.31	
2720.68	
4434.61	
-35.9392	
-5614.68	
-233.293	
1562.17	
3486.36	
976.525	
3702.96	
6551.23	
4191.16	
11299.1	
2048.38	
1339.34	
10199.3	
-3656.93	
2024.64	
5318.6	
707.44	
2449.49	
-160.893	
923.622	
7159.59	
4957.66	
-2081.27	
8263.96	
5849.31	
4623.82	
2203.77	
-2498.15	
1206.11	
1051.35	
-1697.85	
-2298.91	
765.047	
14234	
-267.562	
2986.03	
1992	
1030.24	
2813.11	
452.457	
6891.18	
2010.54	
-678.257	
-520.248	
2067.47	
