4.89	3.02	1194.52
4.89	3.021	1191.55
4.89	3.022	1190.94
4.89	3.023	1189.87
4.89	3.024	1191.01
4.89	3.025	1192.79
4.89	3.026	1192.92
4.89	3.027	1196.05
4.89	3.028	1196.38
4.89	3.029	1194.31
4.89	3.03	1190.67
4.89	3.031	1189.36
4.89	3.032	1184.76
4.89	3.033	1185
4.89	3.034	1186.31
4.89	3.035	1187.96
4.89	3.036	1186.96
4.89	3.037	1188.66
4.89	3.038	1186.96
4.89	3.039	1189.77
4.89	3.04	1184.39
4.891	3.02	1198.9
4.891	3.021	1199.74
4.891	3.022	1197.67
4.891	3.023	1197.95
4.891	3.024	1195.96
4.891	3.025	1194.19
4.891	3.026	1194.91
4.891	3.027	1194.89
4.891	3.028	1191.94
4.891	3.029	1191
4.891	3.03	1191.96
4.891	3.031	1192.63
4.891	3.032	1190.89
4.891	3.033	1189.34
4.891	3.034	1192.28
4.891	3.035	1194.52
4.891	3.036	1190.29
4.891	3.037	1185.98
4.891	3.038	1188.44
4.891	3.039	1186.77
4.891	3.04	1189.83
4.892	3.02	1208.3
4.892	3.021	1204.45
4.892	3.022	1201.83
4.892	3.023	1201.63
4.892	3.024	1199.73
4.892	3.025	1201.9
4.892	3.026	1201.84
4.892	3.027	1200.14
4.892	3.028	1200.52
4.892	3.029	1197.67
4.892	3.03	1196.41
4.892	3.031	1197.18
4.892	3.032	1198.25
4.892	3.033	1195.54
4.892	3.034	1196.46
4.892	3.035	1198.87
4.892	3.036	1197.12
4.892	3.037	1197.74
4.892	3.038	1199.36
4.892	3.039	1199.13
4.892	3.04	1199.82
4.893	3.02	1219.31
4.893	3.021	1217.7
4.893	3.022	1217.13
4.893	3.023	1216.59
4.893	3.024	1213.41
4.893	3.025	1211.64
4.893	3.026	1208.31
4.893	3.027	1202.91
4.893	3.028	1206.71
4.893	3.029	1206.32
4.893	3.03	1206.42
4.893	3.031	1207.14
4.893	3.032	1205.57
4.893	3.033	1207.46
4.893	3.034	1208.39
4.893	3.035	1207.28
4.893	3.036	1209.86
4.893	3.037	1206.29
4.893	3.038	1206.58
4.893	3.039	1207.74
4.893	3.04	1209.64
4.894	3.02	1215.08
4.894	3.021	1213.62
4.894	3.022	1211.12
4.894	3.023	1213.1
4.894	3.024	1214.48
4.894	3.025	1216.87
4.894	3.026	1218.17
4.894	3.027	1221.33
4.894	3.028	1222.38
4.894	3.029	1220.56
4.894	3.03	1214.39
4.894	3.031	1216.06
4.894	3.032	1214.85
4.894	3.033	1214
4.894	3.034	1214.99
4.894	3.035	1216.56
4.894	3.036	1215.74
4.894	3.037	1214.43
4.894	3.038	1217.25
4.894	3.039	1213.25
4.894	3.04	1213.26
4.895	3.02	1228.32
4.895	3.021	1226.37
4.895	3.022	1220.71
4.895	3.023	1218.09
4.895	3.024	1217.71
4.895	3.025	1221.89
4.895	3.026	1217.14
4.895	3.027	1217.48
4.895	3.028	1218.29
4.895	3.029	1215.22
4.895	3.03	1211.46
4.895	3.031	1211.5
4.895	3.032	1212.51
4.895	3.033	1209.25
4.895	3.034	1206.38
4.895	3.035	1211.19
4.895	3.036	1209.69
4.895	3.037	1210.9
4.895	3.038	1207.57
4.895	3.039	1205.88
4.895	3.04	1208.01
4.896	3.02	1242.85
4.896	3.021	1244.09
4.896	3.022	1243.76
4.896	3.023	1243.21
4.896	3.024	1241.6
4.896	3.025	1237.55
4.896	3.026	1233.65
4.896	3.027	1234.5
4.896	3.028	1231.12
4.896	3.029	1231.2
4.896	3.03	1232.09
4.896	3.031	1227.32
4.896	3.032	1224.07
4.896	3.033	1226.84
4.896	3.034	1223.59
4.896	3.035	1224.97
4.896	3.036	1225.32
4.896	3.037	1218.18
4.896	3.038	1221.11
4.896	3.039	1218.35
4.896	3.04	1213.31
4.897	3.02	1253.41
4.897	3.021	1252.7
4.897	3.022	1248.72
4.897	3.023	1250.74
4.897	3.024	1249.19
4.897	3.025	1245.94
4.897	3.026	1244.29
4.897	3.027	1244.16
4.897	3.028	1243.8
4.897	3.029	1244.21
4.897	3.03	1241.91
4.897	3.031	1242.34
4.897	3.032	1238.52
4.897	3.033	1239.42
4.897	3.034	1234.79
4.897	3.035	1229.49
4.897	3.036	1228.67
4.897	3.037	1229.36
4.897	3.038	1229.05
4.897	3.039	1226.24
4.897	3.04	1224.49
4.898	3.02	1255.87
4.898	3.021	1252.99
4.898	3.022	1252.13
4.898	3.023	1252.21
4.898	3.024	1249.2
4.898	3.025	1250.72
4.898	3.026	1248.41
4.898	3.027	1250
4.898	3.028	1249.95
4.898	3.029	1250.41
4.898	3.03	1250
4.898	3.031	1247.93
4.898	3.032	1247.84
4.898	3.033	1244.93
4.898	3.034	1244.72
4.898	3.035	1242.67
4.898	3.036	1237.58
4.898	3.037	1235.96
4.898	3.038	1232.22
4.898	3.039	1231.07
4.898	3.04	1230.16
4.899	3.02	1267.86
4.899	3.021	1263.36
4.899	3.022	1262.1
4.899	3.023	1259.7
4.899	3.024	1258.19
4.899	3.025	1258.07
4.899	3.026	1254.85
4.899	3.027	1251.33
4.899	3.028	1251.17
4.899	3.029	1250.5
4.899	3.03	1250.45
4.899	3.031	1245.24
4.899	3.032	1244.04
4.899	3.033	1247.4
4.899	3.034	1247.66
4.899	3.035	1248.47
4.899	3.036	1252.44
4.899	3.037	1247.31
4.899	3.038	1247.75
4.899	3.039	1249.54
4.899	3.04	1247.18
4.9	3.02	1264.04
4.9	3.021	1263.47
4.9	3.022	1262.79
4.9	3.023	1262.57
4.9	3.024	1263.33
4.9	3.025	1260.46
4.9	3.026	1258.2
4.9	3.027	1256.8
4.9	3.028	1258.04
4.9	3.029	1255.43
4.9	3.03	1253.5
4.9	3.031	1256.37
4.9	3.032	1257.01
4.9	3.033	1257.88
4.9	3.034	1256.97
4.9	3.035	1254.63
4.9	3.036	1251.03
4.9	3.037	1250.8
4.9	3.038	1249.66
4.9	3.039	1251.87
4.9	3.04	1250.88
4.901	3.02	1258.33
4.901	3.021	1260.17
4.901	3.022	1261.53
4.901	3.023	1261.31
4.901	3.024	1262.91
4.901	3.025	1266.64
4.901	3.026	1263.96
4.901	3.027	1262.9
4.901	3.028	1262.75
4.901	3.029	1261.2
4.901	3.03	1261.29
4.901	3.031	1263.35
4.901	3.032	1261.34
4.901	3.033	1257.4
4.901	3.034	1259.52
4.901	3.035	1254.31
4.901	3.036	1255.72
4.901	3.037	1252.8
4.901	3.038	1250.98
4.901	3.039	1253.8
4.901	3.04	1254.99
4.902	3.02	1277.95
4.902	3.021	1275.23
4.902	3.022	1273.99
4.902	3.023	1273.05
4.902	3.024	1271.81
4.902	3.025	1269.65
4.902	3.026	1268.46
4.902	3.027	1270.15
4.902	3.028	1269.18
4.902	3.029	1262.52
4.902	3.03	1259.82
4.902	3.031	1259.1
4.902	3.032	1260.93
4.902	3.033	1261.51
4.902	3.034	1260.36
4.902	3.035	1259.1
4.902	3.036	1257.51
4.902	3.037	1259.25
4.902	3.038	1259.83
4.902	3.039	1261.49
4.902	3.04	1255.59
4.903	3.02	1283.74
4.903	3.021	1283.52
4.903	3.022	1283.33
4.903	3.023	1280.81
4.903	3.024	1278.94
4.903	3.025	1278.71
4.903	3.026	1276.9
4.903	3.027	1278.05
4.903	3.028	1277.19
4.903	3.029	1276.12
4.903	3.03	1274.79
4.903	3.031	1278.25
4.903	3.032	1278.16
4.903	3.033	1278.84
4.903	3.034	1279.48
4.903	3.035	1277.83
4.903	3.036	1274.58
4.903	3.037	1271.52
4.903	3.038	1272.34
4.903	3.039	1269.41
4.903	3.04	1269.33
4.904	3.02	1282.68
4.904	3.021	1285.51
4.904	3.022	1287.56
4.904	3.023	1285.3
4.904	3.024	1285.54
4.904	3.025	1286.67
4.904	3.026	1285.94
4.904	3.027	1288.99
4.904	3.028	1290.44
4.904	3.029	1290.05
4.904	3.03	1288.88
4.904	3.031	1285.94
4.904	3.032	1286.22
4.904	3.033	1283.55
4.904	3.034	1285.3
4.904	3.035	1283.71
4.904	3.036	1279.19
4.904	3.037	1277.63
4.904	3.038	1279.7
4.904	3.039	1276.37
4.904	3.04	1277.65
4.905	3.02	1302.17
4.905	3.021	1298.32
4.905	3.022	1299.49
4.905	3.023	1300.34
4.905	3.024	1301.33
4.905	3.025	1302.16
4.905	3.026	1303.04
4.905	3.027	1302.94
4.905	3.028	1302.4
4.905	3.029	1301.78
4.905	3.03	1299.5
4.905	3.031	1299.26
4.905	3.032	1295.97
4.905	3.033	1294.74
4.905	3.034	1294.6
4.905	3.035	1294.65
4.905	3.036	1296.47
4.905	3.037	1295.71
4.905	3.038	1292.78
4.905	3.039	1294.26
4.905	3.04	1296.18
4.906	3.02	1301.79
4.906	3.021	1304.13
4.906	3.022	1302.47
4.906	3.023	1303.24
4.906	3.024	1301.89
4.906	3.025	1306.24
4.906	3.026	1307.78
4.906	3.027	1312.75
4.906	3.028	1310.18
4.906	3.029	1312.79
4.906	3.03	1317.34
4.906	3.031	1317.69
4.906	3.032	1319.55
4.906	3.033	1317.58
4.906	3.034	1313.81
4.906	3.035	1313.09
4.906	3.036	1313.56
4.906	3.037	1313.16
4.906	3.038	1314.15
4.906	3.039	1314.84
4.906	3.04	1317.29
4.907	3.02	1307.93
4.907	3.021	1310.64
4.907	3.022	1309.94
4.907	3.023	1310.92
4.907	3.024	1309.28
4.907	3.025	1310.98
4.907	3.026	1309.54
4.907	3.027	1305.2
4.907	3.028	1303.69
4.907	3.029	1302.66
4.907	3.03	1308.82
4.907	3.031	1305.84
4.907	3.032	1306.48
4.907	3.033	1309.59
4.907	3.034	1308.74
4.907	3.035	1311.06
4.907	3.036	1312.39
4.907	3.037	1314.76
4.907	3.038	1312.57
4.907	3.039	1315.35
4.907	3.04	1314.96
4.908	3.02	1315.56
4.908	3.021	1309.45
4.908	3.022	1309.28
4.908	3.023	1307.82
4.908	3.024	1305.49
4.908	3.025	1306.37
4.908	3.026	1308.14
4.908	3.027	1306.56
4.908	3.028	1301.91
4.908	3.029	1302.92
4.908	3.03	1308.62
4.908	3.031	1307.1
4.908	3.032	1305.07
4.908	3.033	1308.47
4.908	3.034	1306.5
4.908	3.035	1304.09
4.908	3.036	1307.14
4.908	3.037	1307.41
4.908	3.038	1310.15
4.908	3.039	1312.08
4.908	3.04	1310.17
4.909	3.02	1312.02
4.909	3.021	1311.51
4.909	3.022	1314.31
4.909	3.023	1313.39
4.909	3.024	1314.73
4.909	3.025	1317.74
4.909	3.026	1317.53
4.909	3.027	1313.82
4.909	3.028	1313.77
4.909	3.029	1314.2
4.909	3.03	1314.28
4.909	3.031	1309.16
4.909	3.032	1312.47
4.909	3.033	1311.17
4.909	3.034	1314.68
4.909	3.035	1310.93
4.909	3.036	1309.33
4.909	3.037	1303.62
4.909	3.038	1303.84
4.909	3.039	1305.32
4.909	3.04	1306.41
{4.89,3.04}
1184.39	177
