5.22	3.3	3154.82
5.22	3.301	3154.92
5.22	3.302	3156.14
5.22	3.303	3154.73
5.22	3.304	3154.7
5.22	3.305	3155.42
5.22	3.306	3162.71
5.22	3.307	3162.17
5.22	3.308	3159.04
5.22	3.309	3161.03
5.22	3.31	3164.38
5.22	3.311	3165.5
5.22	3.312	3164.62
5.22	3.313	3163.39
5.22	3.314	3160.78
5.22	3.315	3163.82
5.22	3.316	3161.33
5.22	3.317	3159.99
5.22	3.318	3160.33
5.22	3.319	3158.36
5.22	3.32	3155.98
5.221	3.3	3168.65
5.221	3.301	3170.25
5.221	3.302	3169.73
5.221	3.303	3166.31
5.221	3.304	3165.99
5.221	3.305	3165.35
5.221	3.306	3159.2
5.221	3.307	3158.46
5.221	3.308	3159.45
5.221	3.309	3159.97
5.221	3.31	3158.18
5.221	3.311	3157.94
5.221	3.312	3159.32
5.221	3.313	3163.45
5.221	3.314	3167.34
5.221	3.315	3166.65
5.221	3.316	3171.43
5.221	3.317	3170.54
5.221	3.318	3170.04
5.221	3.319	3169.92
5.221	3.32	3167.27
5.222	3.3	3170.68
5.222	3.301	3170.61
5.222	3.302	3169.64
5.222	3.303	3172.29
5.222	3.304	3171.86
5.222	3.305	3173.73
5.222	3.306	3175.09
5.222	3.307	3177.11
5.222	3.308	3176.48
5.222	3.309	3173.1
5.222	3.31	3169.09
5.222	3.311	3168.06
5.222	3.312	3166.46
5.222	3.313	3163.71
5.222	3.314	3164.68
5.222	3.315	3162.89
5.222	3.316	3162.07
5.222	3.317	3165.67
5.222	3.318	3167.14
5.222	3.319	3169.02
5.222	3.32	3167.46
5.223	3.3	3161.98
5.223	3.301	3162.5
5.223	3.302	3162.95
5.223	3.303	3165.08
5.223	3.304	3166.83
5.223	3.305	3169.56
5.223	3.306	3170.93
5.223	3.307	3170.41
5.223	3.308	3172.13
5.223	3.309	3175.3
5.223	3.31	3176.18
5.223	3.311	3173.52
5.223	3.312	3173.68
5.223	3.313	3177.22
5.223	3.314	3176.56
5.223	3.315	3172.54
5.223	3.316	3174.31
5.223	3.317	3171.42
5.223	3.318	3168.05
5.223	3.319	3169.62
5.223	3.32	3166.19
5.224	3.3	3156.18
5.224	3.301	3154.48
5.224	3.302	3151.67
5.224	3.303	3150.45
5.224	3.304	3149.74
5.224	3.305	3151.07
5.224	3.306	3154.92
5.224	3.307	3155.63
5.224	3.308	3155.68
5.224	3.309	3156.03
5.224	3.31	3153.96
5.224	3.311	3155.81
5.224	3.312	3161.87
5.224	3.313	3165.01
5.224	3.314	3168.91
5.224	3.315	3168
5.224	3.316	3166.18
5.224	3.317	3163.69
5.224	3.318	3163.18
5.224	3.319	3162.89
5.224	3.32	3162.19
5.225	3.3	3154.77
5.225	3.301	3151.81
5.225	3.302	3151
5.225	3.303	3155.2
5.225	3.304	3154.79
5.225	3.305	3153.95
5.225	3.306	3151.89
5.225	3.307	3152.72
5.225	3.308	3149.36
5.225	3.309	3151.78
5.225	3.31	3152.93
5.225	3.311	3152.17
5.225	3.312	3151.34
5.225	3.313	3149.07
5.225	3.314	3152.52
5.225	3.315	3151.23
5.225	3.316	3154.5
5.225	3.317	3158.11
5.225	3.318	3162.73
5.225	3.319	3165.9
5.225	3.32	3163.75
5.226	3.3	3144.11
5.226	3.301	3146.47
5.226	3.302	3141
5.226	3.303	3143.4
5.226	3.304	3145.24
5.226	3.305	3146.16
5.226	3.306	3149.28
5.226	3.307	3150.38
5.226	3.308	3151.43
5.226	3.309	3149.45
5.226	3.31	3149.54
5.226	3.311	3149.86
5.226	3.312	3150.71
5.226	3.313	3150.16
5.226	3.314	3150.75
5.226	3.315	3150.28
5.226	3.316	3152
5.226	3.317	3151.81
5.226	3.318	3150.57
5.226	3.319	3150.35
5.226	3.32	3152.03
5.227	3.3	3154.69
5.227	3.301	3155.97
5.227	3.302	3154.13
5.227	3.303	3149.5
5.227	3.304	3146.08
5.227	3.305	3147.18
5.227	3.306	3144.53
5.227	3.307	3142.88
5.227	3.308	3139.86
5.227	3.309	3140.71
5.227	3.31	3142.75
5.227	3.311	3143.57
5.227	3.312	3144.15
5.227	3.313	3146.43
5.227	3.314	3147.66
5.227	3.315	3145.75
5.227	3.316	3146.87
5.227	3.317	3148.13
5.227	3.318	3142.39
5.227	3.319	3145.28
5.227	3.32	3144.18
5.228	3.3	3154.02
5.228	3.301	3155.74
5.228	3.302	3154.28
5.228	3.303	3153.96
5.228	3.304	3153.64
5.228	3.305	3155.31
5.228	3.306	3156.33
5.228	3.307	3154
5.228	3.308	3150.82
5.228	3.309	3150.55
5.228	3.31	3148.54
5.228	3.311	3146.91
5.228	3.312	3147.31
5.228	3.313	3144.46
5.228	3.314	3141.25
5.228	3.315	3140.09
5.228	3.316	3139.09
5.228	3.317	3137.54
5.228	3.318	3138.43
5.228	3.319	3143.12
5.228	3.32	3140.39
5.229	3.3	3148.38
5.229	3.301	3150.08
5.229	3.302	3151.93
5.229	3.303	3154.71
5.229	3.304	3154.46
5.229	3.305	3152.25
5.229	3.306	3149.74
5.229	3.307	3151.63
5.229	3.308	3153.08
5.229	3.309	3148.21
5.229	3.31	3149.06
5.229	3.311	3149.22
5.229	3.312	3149.39
5.229	3.313	3146.15
5.229	3.314	3143.99
5.229	3.315	3142.57
5.229	3.316	3143.79
5.229	3.317	3145.04
5.229	3.318	3141.18
5.229	3.319	3140.15
5.229	3.32	3139.28
5.23	3.3	3139.15
5.23	3.301	3140.83
5.23	3.302	3138.91
5.23	3.303	3136.74
5.23	3.304	3138.52
5.23	3.305	3139.16
5.23	3.306	3138.52
5.23	3.307	3139.93
5.23	3.308	3142.81
5.23	3.309	3142.56
5.23	3.31	3139.98
5.23	3.311	3140.2
5.23	3.312	3142.43
5.23	3.313	3141.91
5.23	3.314	3143.73
5.23	3.315	3147.07
5.23	3.316	3146.4
5.23	3.317	3146.59
5.23	3.318	3143.51
5.23	3.319	3142.11
5.23	3.32	3141.67
5.231	3.3	3146.02
5.231	3.301	3147.42
5.231	3.302	3145.05
5.231	3.303	3144.51
5.231	3.304	3145.01
5.231	3.305	3145.86
5.231	3.306	3143.68
5.231	3.307	3143.4
5.231	3.308	3139.81
5.231	3.309	3133.28
5.231	3.31	3135.2
5.231	3.311	3137.46
5.231	3.312	3136.59
5.231	3.313	3134.01
5.231	3.314	3136.18
5.231	3.315	3134.81
5.231	3.316	3136.24
5.231	3.317	3131.84
5.231	3.318	3130.52
5.231	3.319	3132.67
5.231	3.32	3134.08
5.232	3.3	3141
5.232	3.301	3140.49
5.232	3.302	3138.14
5.232	3.303	3139.08
5.232	3.304	3138.42
5.232	3.305	3139.61
5.232	3.306	3141.88
5.232	3.307	3141.26
5.232	3.308	3141.05
5.232	3.309	3141.68
5.232	3.31	3141.45
5.232	3.311	3142.58
5.232	3.312	3138.15
5.232	3.313	3141.25
5.232	3.314	3137.18
5.232	3.315	3134.8
5.232	3.316	3136.77
5.232	3.317	3138.81
5.232	3.318	3139.87
5.232	3.319	3138.5
5.232	3.32	3138.79
5.233	3.3	3143.18
5.233	3.301	3145.19
5.233	3.302	3147.38
5.233	3.303	3146.25
5.233	3.304	3144.09
5.233	3.305	3141.68
5.233	3.306	3143.39
5.233	3.307	3142
5.233	3.308	3142.64
5.233	3.309	3144.21
5.233	3.31	3140.73
5.233	3.311	3144.2
5.233	3.312	3145.27
5.233	3.313	3143.23
5.233	3.314	3140.27
5.233	3.315	3139.16
5.233	3.316	3139.29
5.233	3.317	3138.58
5.233	3.318	3135.8
5.233	3.319	3131.31
5.233	3.32	3132.62
5.234	3.3	3139.57
5.234	3.301	3141.27
5.234	3.302	3140.24
5.234	3.303	3139.88
5.234	3.304	3141.77
5.234	3.305	3140.14
5.234	3.306	3138.93
5.234	3.307	3139.53
5.234	3.308	3142.82
5.234	3.309	3142.17
5.234	3.31	3140.5
5.234	3.311	3139.27
5.234	3.312	3135.52
5.234	3.313	3134.05
5.234	3.314	3133
5.234	3.315	3129.38
5.234	3.316	3127.52
5.234	3.317	3124.88
5.234	3.318	3122.98
5.234	3.319	3124.09
5.234	3.32	3126.76
5.235	3.3	3126.36
5.235	3.301	3128.83
5.235	3.302	3134.2
5.235	3.303	3134.15
5.235	3.304	3132.39
5.235	3.305	3130.19
5.235	3.306	3132.7
5.235	3.307	3130.86
5.235	3.308	3127
5.235	3.309	3123.79
5.235	3.31	3122.54
5.235	3.311	3124.62
5.235	3.312	3125.72
5.235	3.313	3124.76
5.235	3.314	3126.77
5.235	3.315	3127.03
5.235	3.316	3130.74
5.235	3.317	3130.85
5.235	3.318	3125.94
5.235	3.319	3128.18
5.235	3.32	3128.1
5.236	3.3	3133.23
5.236	3.301	3131.94
5.236	3.302	3129.39
5.236	3.303	3127.28
5.236	3.304	3127.94
5.236	3.305	3126.27
5.236	3.306	3124.71
5.236	3.307	3123.07
5.236	3.308	3122.54
5.236	3.309	3124.31
5.236	3.31	3126.03
5.236	3.311	3122.99
5.236	3.312	3124.35
5.236	3.313	3123.58
5.236	3.314	3122.51
5.236	3.315	3122.06
5.236	3.316	3126.76
5.236	3.317	3124.48
5.236	3.318	3124.38
5.236	3.319	3126.76
5.236	3.32	3123.76
5.237	3.3	3141.56
5.237	3.301	3137.76
5.237	3.302	3136.86
5.237	3.303	3136.68
5.237	3.304	3136.98
5.237	3.305	3138.55
5.237	3.306	3138.87
5.237	3.307	3134.29
5.237	3.308	3133.38
5.237	3.309	3132.1
5.237	3.31	3131.8
5.237	3.311	3127.55
5.237	3.312	3129.11
5.237	3.313	3125.32
5.237	3.314	3123.15
5.237	3.315	3125.16
5.237	3.316	3126.19
5.237	3.317	3128.61
5.237	3.318	3130.93
5.237	3.319	3127.99
5.237	3.32	3130.69
5.238	3.3	3142.6
5.238	3.301	3141.74
5.238	3.302	3140.63
5.238	3.303	3140.16
5.238	3.304	3140.36
5.238	3.305	3143.49
5.238	3.306	3143.11
5.238	3.307	3141.23
5.238	3.308	3139.55
5.238	3.309	3136.77
5.238	3.31	3139.12
5.238	3.311	3138.35
5.238	3.312	3139.29
5.238	3.313	3134.54
5.238	3.314	3133.15
5.238	3.315	3132.34
5.238	3.316	3131.05
5.238	3.317	3127.5
5.238	3.318	3125.79
5.238	3.319	3126.72
5.238	3.32	3127.16
5.239	3.3	3139.36
5.239	3.301	3148.1
5.239	3.302	3146.56
5.239	3.303	3145.75
5.239	3.304	3147.42
5.239	3.305	3148.39
5.239	3.306	3144.25
5.239	3.307	3148.25
5.239	3.308	3150.61
5.239	3.309	3149.15
5.239	3.31	3146.2
5.239	3.311	3149.56
5.239	3.312	3149.08
5.239	3.313	3146.56
5.239	3.314	3145.53
5.239	3.315	3151.24
5.239	3.316	3151.02
5.239	3.317	3147.92
5.239	3.318	3149.22
5.239	3.319	3145.66
5.239	3.32	3142.99
{5.236,3.315}
3122.06	182
