4.5	2.27	5701.64
4.5	2.271	5703.15
4.5	2.272	5703.03
4.5	2.273	5691.92
4.5	2.274	5691.97
4.5	2.275	5693.39
4.5	2.276	5695.55
4.5	2.277	5691.6
4.5	2.278	5687.95
4.5	2.279	5688.65
4.5	2.28	5690.62
4.5	2.281	5684.77
4.5	2.282	5687.88
4.5	2.283	5692.64
4.5	2.284	5688.65
4.5	2.285	5686.52
4.5	2.286	5685.93
4.5	2.287	5683.53
4.5	2.288	5677.22
4.5	2.289	5680.12
4.5	2.29	5676.91
4.501	2.27	5707.64
4.501	2.271	5702.04
4.501	2.272	5699.4
4.501	2.273	5694.89
4.501	2.274	5693.59
4.501	2.275	5692.41
4.501	2.276	5690.72
4.501	2.277	5691.76
4.501	2.278	5687.96
4.501	2.279	5688.75
4.501	2.28	5684.47
4.501	2.281	5684.54
4.501	2.282	5685.05
4.501	2.283	5684.06
4.501	2.284	5681.03
4.501	2.285	5680.03
4.501	2.286	5681.06
4.501	2.287	5684.23
4.501	2.288	5678.17
4.501	2.289	5676.38
4.501	2.29	5674.54
4.502	2.27	5694.97
4.502	2.271	5694.43
4.502	2.272	5699.68
4.502	2.273	5698.13
4.502	2.274	5703.23
4.502	2.275	5700.45
4.502	2.276	5695.96
4.502	2.277	5693.44
4.502	2.278	5699.29
4.502	2.279	5696.06
4.502	2.28	5692.11
4.502	2.281	5689.98
4.502	2.282	5694.83
4.502	2.283	5695.24
4.502	2.284	5693.16
4.502	2.285	5689.08
4.502	2.286	5688.38
4.502	2.287	5687.18
4.502	2.288	5680.74
4.502	2.289	5673.19
4.502	2.29	5674.65
4.503	2.27	5693.24
4.503	2.271	5695.85
4.503	2.272	5691.34
4.503	2.273	5697.04
4.503	2.274	5695.71
4.503	2.275	5702.88
4.503	2.276	5704.07
4.503	2.277	5700.87
4.503	2.278	5701.47
4.503	2.279	5696.93
4.503	2.28	5693.19
4.503	2.281	5696.51
4.503	2.282	5694.41
4.503	2.283	5702.51
4.503	2.284	5700.56
4.503	2.285	5696.1
4.503	2.286	5692.53
4.503	2.287	5694.34
4.503	2.288	5692.37
4.503	2.289	5685.34
4.503	2.29	5680.14
4.504	2.27	5706.14
4.504	2.271	5705.42
4.504	2.272	5706.44
4.504	2.273	5708.8
4.504	2.274	5700.71
4.504	2.275	5694.66
4.504	2.276	5697.99
4.504	2.277	5698.45
4.504	2.278	5703.76
4.504	2.279	5702.38
4.504	2.28	5705.76
4.504	2.281	5706.07
4.504	2.282	5699.77
4.504	2.283	5699.18
4.504	2.284	5698.17
4.504	2.285	5691.3
4.504	2.286	5690.39
4.504	2.287	5697.5
4.504	2.288	5699.69
4.504	2.289	5697.07
4.504	2.29	5694.97
4.505	2.27	5718.31
4.505	2.271	5717.72
4.505	2.272	5718.4
4.505	2.273	5710.84
4.505	2.274	5702.87
4.505	2.275	5706.75
4.505	2.276	5708.63
4.505	2.277	5700.43
4.505	2.278	5696.89
4.505	2.279	5699.02
4.505	2.28	5695.71
4.505	2.281	5699.23
4.505	2.282	5700.11
4.505	2.283	5705.29
4.505	2.284	5703.59
4.505	2.285	5703.05
4.505	2.286	5699.89
4.505	2.287	5701.45
4.505	2.288	5705.33
4.505	2.289	5698.57
4.505	2.29	5695.2
4.506	2.27	5734.18
4.506	2.271	5734.04
4.506	2.272	5734.22
4.506	2.273	5724.5
4.506	2.274	5721.55
4.506	2.275	5722.23
4.506	2.276	5718.8
4.506	2.277	5718.89
4.506	2.278	5709.59
4.506	2.279	5708.33
4.506	2.28	5706.42
4.506	2.281	5707.45
4.506	2.282	5708.37
4.506	2.283	5702.5
4.506	2.284	5702.37
4.506	2.285	5703.18
4.506	2.286	5699.24
4.506	2.287	5701.88
4.506	2.288	5701.02
4.506	2.289	5698.17
4.506	2.29	5694.14
4.507	2.27	5755.14
4.507	2.271	5749.61
4.507	2.272	5746.89
4.507	2.273	5748.59
4.507	2.274	5745.17
4.507	2.275	5744.42
4.507	2.276	5737.05
4.507	2.277	5733.36
4.507	2.278	5730.22
4.507	2.279	5727.15
4.507	2.28	5721.29
4.507	2.281	5721.01
4.507	2.282	5715.5
4.507	2.283	5711.95
4.507	2.284	5710.57
4.507	2.285	5712.54
4.507	2.286	5706.94
4.507	2.287	5708.66
4.507	2.288	5705.27
4.507	2.289	5700.49
4.507	2.29	5698.24
4.508	2.27	5746.47
4.508	2.271	5747.34
4.508	2.272	5746.54
4.508	2.273	5746.56
4.508	2.274	5742.77
4.508	2.275	5738.88
4.508	2.276	5736.4
4.508	2.277	5730.79
4.508	2.278	5729.78
4.508	2.279	5724.57
4.508	2.28	5724.5
4.508	2.281	5714.68
4.508	2.282	5716.21
4.508	2.283	5716.41
4.508	2.284	5715.77
4.508	2.285	5710.31
4.508	2.286	5707
4.508	2.287	5707.12
4.508	2.288	5705.2
4.508	2.289	5710.47
4.508	2.29	5706.03
4.509	2.27	5749.38
4.509	2.271	5753.27
4.509	2.272	5743.09
4.509	2.273	5744.38
4.509	2.274	5741.55
4.509	2.275	5741.89
4.509	2.276	5740.47
4.509	2.277	5729.13
4.509	2.278	5735.64
4.509	2.279	5731.56
4.509	2.28	5729.82
4.509	2.281	5724.22
4.509	2.282	5725.04
4.509	2.283	5719.18
4.509	2.284	5720.34
4.509	2.285	5709.65
4.509	2.286	5709.66
4.509	2.287	5713.74
4.509	2.288	5710.81
4.509	2.289	5705.83
4.509	2.29	5706.71
4.51	2.27	5764.87
4.51	2.271	5758.97
4.51	2.272	5757.06
4.51	2.273	5748.43
4.51	2.274	5745.24
4.51	2.275	5740.8
4.51	2.276	5737.67
4.51	2.277	5739.25
4.51	2.278	5748.81
4.51	2.279	5750.12
4.51	2.28	5743.98
4.51	2.281	5746.16
4.51	2.282	5743.94
4.51	2.283	5743.65
4.51	2.284	5736.32
4.51	2.285	5729.48
4.51	2.286	5729.91
4.51	2.287	5729.94
4.51	2.288	5729.26
4.51	2.289	5728.56
4.51	2.29	5725.43
4.511	2.27	5745.91
4.511	2.271	5739.7
4.511	2.272	5753.04
4.511	2.273	5748.39
4.511	2.274	5753.84
4.511	2.275	5755.85
4.511	2.276	5756.16
4.511	2.277	5753.09
4.511	2.278	5747.75
4.511	2.279	5750.6
4.511	2.28	5747.43
4.511	2.281	5746.39
4.511	2.282	5746.62
4.511	2.283	5742.91
4.511	2.284	5744.39
4.511	2.285	5743.72
4.511	2.286	5746.17
4.511	2.287	5740.4
4.511	2.288	5736.55
4.511	2.289	5736.44
4.511	2.29	5728.85
4.512	2.27	5745.08
4.512	2.271	5749.39
4.512	2.272	5753.72
4.512	2.273	5753.98
4.512	2.274	5752.1
4.512	2.275	5750.58
4.512	2.276	5749.88
4.512	2.277	5750.56
4.512	2.278	5754.59
4.512	2.279	5748.79
4.512	2.28	5750.67
4.512	2.281	5744.17
4.512	2.282	5743.55
4.512	2.283	5744.66
4.512	2.284	5748.59
4.512	2.285	5749.36
4.512	2.286	5743.26
4.512	2.287	5741.98
4.512	2.288	5744.4
4.512	2.289	5742.55
4.512	2.29	5735.86
4.513	2.27	5767.76
4.513	2.271	5763.17
4.513	2.272	5752.19
4.513	2.273	5749.24
4.513	2.274	5747.34
4.513	2.275	5750.87
4.513	2.276	5746.03
4.513	2.277	5750.42
4.513	2.278	5754.53
4.513	2.279	5752.68
4.513	2.28	5753.54
4.513	2.281	5757.53
4.513	2.282	5755.3
4.513	2.283	5752.37
4.513	2.284	5756.73
4.513	2.285	5753.3
4.513	2.286	5750.86
4.513	2.287	5746.77
4.513	2.288	5742.76
4.513	2.289	5748.44
4.513	2.29	5742.46
4.514	2.27	5771.44
4.514	2.271	5769.49
4.514	2.272	5763.78
4.514	2.273	5762.91
4.514	2.274	5761.84
4.514	2.275	5758.33
4.514	2.276	5752.53
4.514	2.277	5750.52
4.514	2.278	5750.29
4.514	2.279	5748.27
4.514	2.28	5743.85
4.514	2.281	5741.03
4.514	2.282	5744.09
4.514	2.283	5746.97
4.514	2.284	5748.32
4.514	2.285	5749.41
4.514	2.286	5749.8
4.514	2.287	5744.77
4.514	2.288	5747.84
4.514	2.289	5739.2
4.514	2.29	5742.71
4.515	2.27	5774.84
4.515	2.271	5770.79
4.515	2.272	5769.14
4.515	2.273	5760.6
4.515	2.274	5764.52
4.515	2.275	5769.53
4.515	2.276	5763.06
4.515	2.277	5764.31
4.515	2.278	5756.5
4.515	2.279	5757.91
4.515	2.28	5751.7
4.515	2.281	5754.22
4.515	2.282	5754.05
4.515	2.283	5758.96
4.515	2.284	5751
4.515	2.285	5748.82
4.515	2.286	5749.12
4.515	2.287	5747.86
4.515	2.288	5750.31
4.515	2.289	5750.63
4.515	2.29	5743.7
4.516	2.27	5782.23
4.516	2.271	5785.4
4.516	2.272	5787.82
4.516	2.273	5787.49
4.516	2.274	5784.02
4.516	2.275	5783.01
4.516	2.276	5780.05
4.516	2.277	5772.46
4.516	2.278	5775.51
4.516	2.279	5776.2
4.516	2.28	5765.98
4.516	2.281	5765.18
4.516	2.282	5759.71
4.516	2.283	5755.93
4.516	2.284	5752.48
4.516	2.285	5756.02
4.516	2.286	5754.6
4.516	2.287	5760.58
4.516	2.288	5759.74
4.516	2.289	5757.47
4.516	2.29	5753.84
4.517	2.27	5821.68
4.517	2.271	5811.64
4.517	2.272	5807.48
4.517	2.273	5803.72
4.517	2.274	5791.6
4.517	2.275	5789.1
4.517	2.276	5784.55
4.517	2.277	5783.22
4.517	2.278	5779.66
4.517	2.279	5787.63
4.517	2.28	5787.53
4.517	2.281	5788.3
4.517	2.282	5785.05
4.517	2.283	5778.69
4.517	2.284	5773.71
4.517	2.285	5770.26
4.517	2.286	5765.68
4.517	2.287	5757.08
4.517	2.288	5756.82
4.517	2.289	5750.31
4.517	2.29	5747.02
4.518	2.27	5835.57
4.518	2.271	5829.25
4.518	2.272	5824
4.518	2.273	5819.97
4.518	2.274	5810.49
4.518	2.275	5805.16
4.518	2.276	5806.04
4.518	2.277	5798.12
4.518	2.278	5796.35
4.518	2.279	5788.31
4.518	2.28	5782.64
4.518	2.281	5781.1
4.518	2.282	5777.07
4.518	2.283	5779.45
4.518	2.284	5776.7
4.518	2.285	5775.42
4.518	2.286	5772.05
4.518	2.287	5770.27
4.518	2.288	5774.01
4.518	2.289	5775.87
4.518	2.29	5769.86
4.519	2.27	5858.48
4.519	2.271	5858.76
4.519	2.272	5844.36
4.519	2.273	5839.4
4.519	2.274	5837.08
4.519	2.275	5830.27
4.519	2.276	5826.64
4.519	2.277	5821.55
4.519	2.278	5810.84
4.519	2.279	5806.06
4.519	2.28	5804.02
4.519	2.281	5800.88
4.519	2.282	5796.21
4.519	2.283	5789.76
4.519	2.284	5795.77
4.519	2.285	5792.16
4.519	2.286	5788.35
4.519	2.287	5782.25
4.519	2.288	5783.69
4.519	2.289	5776.61
4.519	2.29	5774.15
{4.502,2.289}
5673.19	177
