11.5941	
-423.816	
-962.839	
-1095.23	
-590.855	
-831.194	
-581.001	
-104.003	
-1579.49	
50.6042	
-1144.68	
-322.714	
-706.781	
94.8682	
99.2104	
354.107	
-803.698	
-679.833	
-864.974	
85.7212	
-996.825	
-964.792	
-525.542	
-1973.82	
-503.035	
-1537.07	
-622.972	
-448.288	
-617.827	
-507.166	
-2344.28	
-119.08	
-225.801	
56.4073	
-1315.27	
-396.464	
176.316	
153.958	
390.077	
-956.838	
-1813.88	
-589.237	
-213.504	
165.911	
-192.466	
-594.982	
-149.235	
34.6561	
-129.776	
439.274	
-96.8255	
722.935	
-506.71	
-556.144	
-524.302	
-166.889	
-742.953	
-921.473	
-465.761	
-1371.57	
-154.311	
-641.804	
112.478	
-332.311	
-1377.57	
391.363	
-889.775	
-277.58	
-41.8185	
-207.121	
-1099.52	
-611.91	
-1064.27	
75.8149	
234.184	
-1439.47	
-179.881	
137.983	
-934.606	
-767.895	
-1683.2	
-218.916	
-398.173	
214.63	
-637.567	
857.542	
236.089	
-599.388	
-1323.56	
-822.887	
-553.542	
-557.049	
-1202.68	
-1148.17	
-1647.22	
-735.246	
-615.905	
-405.177	
-418.823	
-375.222	
-23.665	
471.163	
-868.506	
-1304.33	
-78.8293	
39.817	
-762.919	
-830.865	
-133.018	
184.906	
-1091.68	
-1221.53	
-2098.01	
-216.903	
-487.374	
-316.295	
268.798	
-279.449	
-1054.9	
-428.368	
-518.473	
-1192.1	
-691.656	
82.6869	
-35.8499	
-529.762	
-1062.88	
-879.417	
15.6876	
-893.475	
-521.964	
-641.487	
-110.11	
-280.239	
284.523	
-1697.33	
-896.165	
-1049.01	
-478.825	
-574.826	
-14.6875	
-244.62	
-894.605	
675.107	
-1036.15	
-766.383	
-553.074	
-1636.88	
-848.348	
-1301.17	
-39.6298	
-389.243	
-536.134	
-972.428	
4.17871	
-1261.46	
-238.589	
-379.926	
-1481.8	
-211.203	
-69.7837	
-679.24	
225.287	
325.427	
121.742	
-672.452	
428.432	
-476.722	
-333.547	
62.6789	
-823.111	
-511.701	
361.797	
-346.495	
-977.746	
-994.583	
529.346	
-193.388	
-1555.59	
-512.672	
318.31	
-484.961	
-1433.89	
-304.267	
405.501	
-1410.66	
2.01029	
-1192.26	
-151.653	
-1325.85	
-184.52	
-1398.67	
-814.85	
434.123	
-755.931	
240.697	
1.22121	
-1106.7	
-926.202	
-1467.27	
-83.2982	
-439.167	
-1530.11	
-1177.84	
-2126.48	
-638.133	
-307.189	
-264.607	
-1142.24	
-3545.47	
-153.911	
-1004.89	
-1587.94	
-122.776	
-70.0139	
-441.307	
-1504.89	
141.476	
-825.918	
-27.66	
-697.923	
-178.731	
-69.0443	
443.529	
-176.314	
-1189.57	
-381.864	
146.874	
-471.066	
216.986	
-1074.41	
-159.357	
124.439	
-398.404	
-532.593	
177.424	
1170.08	
-24.302	
703.136	
-1179.32	
-394.739	
-381.281	
-780.728	
-1867.06	
-1356.51	
-106.897	
-495.453	
-682.761	
599.602	
-426.945	
-1315.09	
-811.76	
-75.9716	
-1024.38	
-445.623	
-103.208	
-533.905	
-366.373	
-30.6562	
-374.18	
-1556.65	
