731764	
429920	
478717	
291051	
411690	
915075	
416773	
646019	
476287	
864677	
657384	
354435	
356527	
734012	
860936	
1.21845e+06	
647810	
240955	
879985	
502998	
376933	
570555	
1.02249e+06	
916628	
307390	
696627	
358433	
538490	
950162	
544908	
368635	
290534	
514149	
745974	
464261	
484248	
492441	
815020	
327954	
519211	
503238	
455421	
512276	
448661	
324573	
845734	
308209	
566433	
620355	
326000	
417662	
409214	
785482	
422854	
464089	
559575	
314293	
390591	
423793	
796754	
763889	
1.06948e+06	
269352	
417531	
720350	
376853	
907812	
674271	
435023	
180144	
383273	
744819	
996378	
510577	
593153	
366703	
710506	
285164	
372071	
706182	
397385	
497681	
709971	
949277	
752005	
447500	
393876	
583544	
236925	
745920	
985137	
295482	
662387	
137757	
380910	
237975	
412831	
632210	
618997	
908618	
291606	
800820	
680679	
627839	
633572	
257986	
502767	
392341	
624710	
790890	
566823	
780751	
293411	
336423	
679285	
627335	
404376	
358350	
778416	
852273	
557230	
596310	
535491	
666380	
269257	
337964	
613468	
449283	
811352	
534093	
971809	
323421	
277287	
536077	
345324	
1.17323e+06	
543877	
343192	
402108	
273385	
521299	
1.14252e+06	
809192	
452474	
308217	
422377	
996104	
326928	
321123	
1.03888e+06	
358982	
756171	
454885	
728364	
428716	
602660	
417798	
327693	
631360	
393505	
623396	
429207	
440139	
172488	
454524	
418405	
364016	
475227	
299204	
322854	
454495	
167528	
278014	
372656	
580425	
336972	
351535	
