-9985.11	
-12294.8	
-6701.41	
-13420.7	
-10856.3	
-8724.03	
-9162.29	
-13735.4	
-16311.6	
-11987.6	
-15996.5	
-9339.9	
-15562.5	
-25423.8	
-8551.11	
-16551.5	
-21016	
-18394.2	
-14741.6	
-9269.22	
-19910	
-21351.1	
-8955.93	
-30449.8	
-13054.4	
-3246.15	
-9598.22	
-9726.25	
-9171.45	
-26795.4	
-8710.66	
-19661.3	
-12240.6	
-13570.8	
-8932.97	
-7503.93	
-40280.5	
-13159.4	
-20177.4	
-9690.87	
-7677.66	
-28593.6	
-8085.79	
-17554.7	
-13185.5	
-15004.1	
-14576	
-20380	
-35949.7	
-6805.64	
-22638.3	
-19788.7	
-1661.03	
-11906.5	
-23051.6	
-8665.85	
-11557.2	
-3156.52	
-7186.15	
-13420.6	
-1952.11	
-12725.2	
-15692.5	
-20334.4	
-20921.6	
-3622.58	
-2318.68	
-10095.9	
-19243.2	
-1647.99	
-27630.9	
-26064.2	
-25995.9	
-17486.5	
-12110.9	
-26035.1	
-4371.93	
-18424.5	
-1806.74	
-39739.9	
-23149.4	
-13940.7	
-15804.5	
-3012.38	
-16781	
-20001.4	
-23560.3	
-12221.9	
-23340.5	
-21107.7	
-11803.5	
-10895.4	
-10801.3	
-15612.6	
-11366.6	
-11955.1	
-13158.2	
-8085.53	
-20956.8	
-14087.9	
-38523.7	
-16330.5	
-20077.5	
-33352.3	
-14419.9	
-20976.4	
-11196.5	
-13999	
-4526.13	
-8880.84	
-31412.1	
-24664.6	
-14720.8	
-8739.67	
-30581.8	
-9945.14	
-12323.5	
-26149.5	
-15167.4	
-4562.21	
-9512.11	
-23424.3	
-10782.3	
-17092.2	
-18881	
-1130.15	
-12564.4	
-8318.8	
-9244.37	
-1648.96	
-14599.4	
-3405.01	
-10157.7	
-24130.7	
-11008.4	
-7449.86	
-23794	
-21369.9	
-20885.9	
-28935	
-16183.6	
-12454.1	
-6347.07	
-31611.8	
-11541.5	
-17723.1	
-10052.6	
-30333.1	
-19082.5	
-10488.6	
-11676.2	
-11291.1	
-22860	
-34596.2	
-22854.2	
-28370.5	
-20908.7	
-12914.4	
-17616.3	
-10604.5	
-28014.2	
-21992.7	
-28080.9	
-12520.9	
-10169	
-16612.1	
-24487	
-12044.9	
-13588.4	
-7365.42	
-13095.6	
-29271.4	
-23630.1	
-7553.88	
-9278.57	
-12682.7	
-16663.4	
-25249.3	
-13395.9	
-23910	
-25684.1	
-21353.6	
-25701.7	
-26338.1	
-25331.8	
-20474	
-7673.92	
-15936.9	
-21810.8	
-5861.09	
-32077.6	
-21546.2	
-11531.6	
-7277.35	
-29767.6	
-16867.7	
-6095.19	
-18557.4	
-15697.7	
-20530.3	
-23962.6	
-21578.1	
-20453.1	
-19491.2	
-24761.5	
-13473.3	
-12804	
-12048.2	
-12440	
-12573.8	
-23652.8	
-11120.5	
-19606.1	
-27308.6	
-6766.72	
-22894.3	
-17830.9	
-11058.5	
-14042	
-14455.9	
-35963.4	
-17412.1	
-22091.1	
-8956.25	
-17483.6	
-24029.6	
-7863.47	
-5334.31	
0	
-19029.2	
-14193.7	
-11427.3	
-13225.3	
-15622.7	
-10142.7	
-11399.4	
-18812.1	
-7143.68	
-4036.26	
-637.344	
-18006.4	
-10435.3	
-8470.12	
-7190.78	
-16197.1	
-10186.3	
-32638.2	
-7639.06	
-20668.7	
-8062	
-7727.74	
-5688.87	
-5055.65	
-5860.58	
-11378.8	
-10783.8	
-9156.75	
-5914.61	
-8788.64	
-13803.6	
-30014.9	
-10174.4	
-18705.5	
-7245.18	
-25028.4	
-8965.62	
-11645	
-11360.4	
-26834.7	
-7726.95	
-10362.7	
-8295.8	
-10285.9	
-11844.4	
-8144.15	
-8335.07	
-14974.5	
-19865.4	
-12822.8	
-12043.2	
-9888.25	
-11724.1	
-18067.9	
-14896.1	
-23079.2	
-17637.9	
-19193.7	
-8644.9	
-10176.4	
-25157	
-10500.5	
-2899.35	
-8897.38	
-31051	
-30023.7	
-12999.1	
-26405.6	
-7935.91	
-3644.87	
-7087.7	
-11027.9	
-13632.6	
-24840	
-10930.1	
-18434.5	
-13836.8	
-14087.8	
-17278.1	
-17371	
-16864.9	
-3115.41	
-10386.8	
-29805	
-8613.18	
-2469.3	
-9676.87	
-11666.3	
-34364.7	
-27286.1	
-8000.1	
-16647.4	
-9356.1	
-32369.8	
-20005.9	
-11768.9	
-35030.7	
-3522.7	
-26461.6	
-8796.83	
-18604.1	
-5484.07	
-15657.8	
-41.7786	
-19170.6	
-5842.95	
-19183.6	
-6953.8	
-26094.2	
-17582.1	
-20881.5	
-8324.53	
-15993.8	
-11728.4	
-20862.8	
-8181.95	
-13691.9	
-15051.1	
-21484.8	
-10932.3	
-11008.9	
-21915.2	
-25728.8	
-17753	
-17878.3	
-25791.6	
-41500.9	
-13543.7	
-14970.8	
-10899.6	
-16537.3	
-13073.5	
-27187.9	
-10168	
-19051.8	
-7125.02	
-8315.63	
-18830.5	
-16516.3	
-7022.65	
-21124.7	
-15035.1	
-22835	
-18423.3	
-8011.58	
-10357.1	
-11656.5	
-8410.55	
-15277.5	
-8149.32	
-29307	
-9640.56	
-29450.3	
-18454.2	
-16469.7	
-21898.3	
-6990.58	
-21002.1	
-14419.3	
-15640.3	
-11175.9	
-4285.35	
-31425.7	
-9305.79	
-7117.82	
-21688.7	
-8017.1	
-12798.3	
-9280.58	
-14381.5	
-20600.5	
-7106.58	
-15711.5	
-8191.89	
-18491.4	
-10511.1	
-28851.5	
-6906.9	
-9138.39	
-11251	
-8990.45	
-24463.1	
-10707	
-12593	
-30342.5	
-11566.1	
-5227.96	
-7608.07	
-29851.9	
-21456.9	
-8033.67	
-16646.7	
-5368.43	
-4134.7	
-8971.04	
-15373.3	
-17541.7	
-19254.8	
-19687.2	
-19125.3	
-25528.6	
-22678.4	
-33842.4	
-24425.2	
-22754.2	
-19503.3	
-21727.9	
-29958.4	
-25047.8	
-23675.1	
-18473	
-20552.7	
-28017.6	
-26479.9	
-26123.2	
-22264.4	
-13360.2	
-15946.5	
-7189.47	
-24404.2	
-5087.52	
-26618.6	
-13215.3	
-23142.9	
-18576.6	
-31273.5	
-23802.9	
-18980.6	
-24561.3	
-15102	
-21411.9	
-20054.9	
-27120	
