ibin	iptbin	itheta	r0	V	sigma2	chi	Vn Errors
0	0	0	0.2103	0.0618	649.7657	0.4486	0.0041
0	0	1	0.2248	0.0579	649.7657	0.4198	0.0038
0	0	2	0.2240	0.0581	649.7657	0.4212	0.0038
0	0	3	0.2092	0.0622	649.7657	0.4510	0.0041
0	0	4	0.2044	0.0636	649.7657	0.4615	0.0042
0	0	5	0.2046	0.0636	649.7657	0.4611	0.0042
0	0	6	0.2183	0.0596	649.7657	0.4322	0.0039
0	0	7	0.2232	0.0583	649.7657	0.4227	0.0039
0	0	8	0.2114	0.0615	649.7657	0.4464	0.0041
0	0	9	0.2047	0.0635	649.7657	0.4610	0.0042


ibin	iptbin	avgmult	avgpt	Vn mean	Vn mean Error
0	0	184.9485	0.9384	0.0610	0.0018

ibin	Nevent	totmultall	avgmultall	avgtrk
0	10499707.0000	1941904643.0000	184.9485	162.1051

