4.69902e+06	
5.20982e+06	
1.15871e+07	
5.93069e+06	
5.19286e+06	
7.63657e+06	
4.55274e+06	
8.04275e+06	
5.02311e+06	
4.86175e+06	
3.58755e+06	
6.09582e+06	
4.50968e+06	
8.8651e+06	
5.6588e+06	
4.90381e+06	
6.22767e+06	
6.51135e+06	
4.31486e+06	
4.46639e+06	
1.15764e+07	
1.46761e+07	
1.04069e+07	
1.48367e+07	
5.08656e+06	
6.74342e+06	
1.46093e+07	
4.60674e+06	
6.37393e+06	
6.5066e+06	
1.59278e+07	
5.33264e+06	
1.25503e+07	
1.98078e+07	
8.56854e+06	
8.48694e+06	
1.15353e+07	
1.20478e+07	
5.71319e+06	
7.39549e+06	
5.40433e+06	
6.41709e+06	
1.32786e+07	
6.22048e+06	
1.12967e+07	
1.02676e+07	
6.6242e+06	
6.23085e+06	
7.09911e+06	
1.43672e+07	
6.87551e+06	
1.56918e+07	
8.44262e+06	
6.11902e+06	
1.13138e+07	
8.87462e+06	
1.31924e+07	
6.35855e+06	
5.59137e+06	
1.60496e+07	
5.48232e+06	
6.44649e+06	
2.00929e+06	
1.17875e+07	
6.17213e+06	
1.74268e+07	
7.05515e+06	
5.259e+06	
3.98128e+06	
5.63198e+06	
8.44775e+06	
5.94349e+06	
1.05578e+07	
1.26365e+07	
8.01257e+06	
7.66382e+06	
8.85244e+06	
1.15081e+07	
7.43533e+06	
8.87116e+06	
6.72003e+06	
5.35781e+06	
1.36691e+07	
1.53376e+07	
3.85454e+06	
0	
8.09474e+06	
4.87967e+06	
9.06156e+06	
8.76675e+06	
5.33264e+06	
8.76294e+06	
1.52031e+07	
1.03471e+07	
368988	
5.84724e+06	
8.96115e+06	
1.25052e+07	
4.20461e+06	
8.30314e+06	
5.02926e+06	
1.57132e+07	
7.56929e+06	
8.34085e+06	
8.16847e+06	
5.88209e+06	
5.65276e+06	
1.18089e+07	
1.11893e+07	
7.62713e+06	
4.80777e+06	
8.93776e+06	
5.48236e+06	
8.74023e+06	
1.00738e+07	
1.45371e+07	
1.18972e+07	
1.46765e+07	
1.81795e+07	
1.33844e+07	
1.46179e+07	
8.61895e+06	
8.09338e+06	
5.87276e+06	
1.0502e+07	
8.32679e+06	
1.50306e+07	
1.1616e+07	
9.69982e+06	
1.10365e+07	
1.02511e+07	
5.71346e+06	
6.98335e+06	
9.2534e+06	
1.08272e+07	
1.38637e+07	
1.22158e+07	
5.66544e+06	
6.7619e+06	
1.73554e+07	
1.16207e+07	
1.06942e+07	
1.05508e+07	
8.52392e+06	
7.55963e+06	
1.30412e+07	
1.4185e+07	
4.73932e+06	
5.71041e+06	
8.44736e+06	
3.91256e+06	
1.60819e+07	
1.43464e+07	
5.2573e+06	
1.1679e+07	
1.32235e+07	
9.74406e+06	
8.55805e+06	
5.64162e+06	
1.01571e+07	
9.63213e+06	
4.63693e+06	
1.31454e+07	
1.14955e+07	
1.70153e+07	
4.50133e+06	
6.51237e+06	
4.86524e+06	
8.09014e+06	
1.26944e+07	
7.48369e+06	
6.89799e+06	
4.27608e+06	
9.77193e+06	
1.34503e+07	
1.37904e+07	
4.61304e+06	
6.33386e+06	
1.15962e+07	
5.02144e+06	
5.82309e+06	
5.40824e+06	
1.22534e+07	
4.37677e+06	
1.37045e+07	
4.96306e+06	
5.19525e+06	
1.62694e+07	
4.53463e+06	
1.16162e+07	
1.10617e+07	
1.08999e+07	
5.27731e+06	
1.50471e+07	
5.73919e+06	
8.96223e+06	
1.26457e+07	
8.11332e+06	
5.91739e+06	
6.75661e+06	
6.80399e+06	
4.77005e+06	
8.67066e+06	
1.40818e+07	
1.24601e+07	
1.08504e+07	
1.09924e+07	
5.1648e+06	
7.57653e+06	
6.66065e+06	
1.03296e+07	
1.51674e+07	
1.31554e+07	
8.00526e+06	
9.34604e+06	
4.76078e+06	
5.16865e+06	
7.59301e+06	
1.02125e+07	
1.20552e+07	
1.32809e+07	
1.42291e+07	
4.98771e+06	
1.6175e+07	
4.61233e+06	
1.58425e+07	
1.15064e+07	
6.00781e+06	
1.62046e+07	
7.35875e+06	
9.70965e+06	
9.89629e+06	
1.25182e+07	
5.37204e+06	
1.15564e+07	
1.12319e+07	
1.18252e+07	
6.11121e+06	
1.5639e+07	
1.29375e+07	
1.38161e+07	
1.5057e+07	
1.3161e+07	
1.49212e+07	
9.56152e+06	
4.71602e+06	
8.46811e+06	
4.15076e+06	
1.4999e+07	
1.26302e+07	
1.23284e+07	
9.10317e+06	
1.0165e+07	
3.54566e+06	
1.31128e+07	
1.47193e+07	
1.41088e+07	
2.13007e+07	
1.7505e+07	
4.87451e+06	
4.52511e+06	
4.67624e+06	
1.14675e+07	
8.54649e+06	
1.16766e+07	
1.46437e+07	
6.34138e+06	
9.03039e+06	
1.06604e+07	
7.8204e+06	
7.79342e+06	
6.99898e+06	
1.09433e+07	
6.21824e+06	
5.445e+06	
1.35927e+07	
8.26027e+06	
8.21436e+06	
1.68278e+07	
8.75652e+06	
2.05166e+07	
5.00872e+06	
1.3656e+07	
9.88761e+06	
8.02779e+06	
1.83799e+07	
4.69405e+06	
8.75773e+06	
7.85506e+06	
8.7808e+06	
1.30843e+07	
3.83637e+06	
6.08929e+06	
7.67834e+06	
1.47697e+07	
1.13768e+07	
4.64956e+06	
9.65358e+06	
1.39571e+07	
2.00188e+07	
1.25542e+07	
5.04304e+06	
7.19447e+06	
5.71144e+06	
1.58794e+07	
1.75571e+07	
1.11368e+07	
6.48909e+06	
7.01167e+06	
1.35515e+07	
1.31552e+07	
1.20708e+07	
9.38382e+06	
6.78474e+06	
4.6083e+06	
1.12317e+07	
5.12619e+06	
1.75995e+07	
1.68952e+07	
1.14931e+07	
5.02888e+06	
4.74239e+06	
1.2492e+07	
1.1115e+07	
5.25677e+06	
4.60002e+06	
1.60251e+07	
4.69843e+06	
1.07733e+07	
4.60944e+06	
6.69069e+06	
5.02988e+06	
4.53141e+06	
1.57439e+07	
5.88826e+06	
5.20982e+06	
3.93836e+06	
4.9126e+06	
7.36031e+06	
1.53321e+07	
4.50996e+06	
1.53297e+07	
4.62439e+06	
5.06498e+06	
9.61651e+06	
1.02679e+07	
1.449e+07	
1.33053e+07	
1.37857e+07	
8.77787e+06	
1.28309e+07	
1.24282e+07	
1.19246e+07	
1.12799e+07	
