2325.07	
-4452.13	
-140.597	
434.448	
-2518.12	
-1726.47	
3567.09	
2920.07	
-222.466	
-222.917	
140.02	
4593.62	
3523.19	
280.954	
1660.36	
-1750.23	
-4006.66	
-98.8743	
-3782.18	
-1013.11	
3267.24	
-2038.52	
1364.15	
504.154	
569.394	
-2104.32	
191.587	
3768.83	
-604.052	
-2530.43	
-2997.88	
-2069.16	
-1268.13	
88.8262	
-3226.29	
538.08	
-1295.63	
2593.48	
962.056	
-903.29	
-919.387	
792.027	
3342.32	
565.957	
-2632	
-116.419	
-1352.3	
1347.69	
-1039.75	
-62.3286	
-1420.03	
-905.955	
-6642.24	
-856.583	
4548.37	
5287.72	
556.367	
-2974.33	
2783.17	
6484.73	
-265.333	
106.876	
632.382	
-1969.53	
-3096.71	
-340.246	
-1883.11	
-2294.21	
2371.8	
1224.93	
-1502.82	
-1398.47	
2331.72	
2618.03	
3939.25	
-1950.75	
330.029	
-1136.5	
3939.68	
-4343.35	
3918.76	
-661.59	
2031.02	
-535.851	
996.494	
407.337	
-993.887	
900.379	
-3725.25	
1158.88	
1948.98	
2309.81	
1919.92	
1799.6	
4225.09	
6977.43	
2078.2	
2410.2	
1351.73	
2857.38	
430.31	
-828.912	
-2919.56	
-4530.61	
5391.14	
-2392.52	
6532.18	
767.498	
568.957	
3479.2	
-1290.21	
-3893.61	
-132.918	
621.619	
-689.283	
2228.26	
-1746.83	
6326.68	
-1822.76	
3357.26	
-200.651	
1399.57	
963.051	
-2522.83	
1372.4	
62.4227	
-1082.37	
-1590.46	
2945.63	
-1140.94	
1657.53	
-3570.97	
2698.63	
-175.457	
3294.83	
-2825.28	
-1878.34	
248.513	
956.459	
554.439	
-2404.01	
827.45	
-4108.23	
-1798.09	
1768.15	
1284.46	
-531.994	
-243.924	
1013.95	
279.433	
3021.65	
-1279.21	
1222.81	
2074.02	
2235.79	
827.45	
1098.06	
939.598	
-5859.73	
-1374.18	
883.581	
-264.05	
-2525.32	
1241.38	
-2612.21	
-2113.43	
-2230.15	
-2185.29	
2864.49	
-1447.75	
-1042.07	
3572.97	
-1912.81	
-2527.03	
2289.44	
-2899.72	
1458.34	
-1515.99	
3957.47	
295.925	
-1598.1	
-1937.05	
-2543.26	
-1176.32	
1174.85	
6384.73	
-208.008	
-2402.29	
-458.479	
3091.65	
-3388.82	
1167.82	
-3270.8	
-442.008	
-2525.32	
734.421	
2285.21	
-997.534	
1652.22	
-700.968	
-617.452	
874.256	
-4071.62	
-1078.57	
-1663.42	
111.79	
981.038	
-120.63	
1923.69	
976.653	
-1251.3	
-1778.01	
3052.52	
-350.845	
-2216.38	
-4726.66	
2560.39	
1113.84	
-590.453	
907.27	
-1435.9	
-1854.2	
8.40852	
-321.883	
-869.444	
2900.95	
61.552	
-869.411	
326.529	
-44.6398	
3416.32	
-4773.77	
1840.73	
-1391.4	
993.049	
-1061.62	
-1567.76	
14.7118	
4657.62	
-1179.37	
-494.493	
-799.111	
756.917	
-1019.6	
-5488	
-2087.41	
427.968	
-514.911	
-1057.36	
-856.014	
6671.86	
-2566.97	
1685.6	
1593.41	
-547.462	
-1065.54	
2988.67	
1178.22	
-4744.33	
-3207.45	
-2559.58	
-1487.76	
-1404.25	
-5298.57	
1187.73	
209.1	
-2551.54	
-4517.22	
3184.18	
-1243.41	
1427.86	
1685.6	
-2668.62	
1474.36	
744.762	
-296.737	
-126.215	
552.039	
6051.63	
2245.43	
1089.84	
207.08	
-784.644	
-577.648	
-6590.47	
-1889.97	
532.734	
-432.346	
1441.44	
586.013	
-6682.61	
5399.56	
1536.25	
-1899.16	
-750.513	
-2582.42	
-2360.95	
-644.161	
1456.06	
2026.28	
