1.13957e+07	
1.12881e+07	
1.13415e+07	
1.14506e+07	
1.13941e+07	
1.13572e+07	
1.14669e+07	
1.13424e+07	
1.13574e+07	
1.146e+07	
1.13292e+07	
1.13824e+07	
1.13196e+07	
1.12997e+07	
1.12744e+07	
1.12671e+07	
1.1324e+07	
1.14579e+07	
1.13896e+07	
1.13927e+07	
1.12578e+07	
1.12668e+07	
1.13364e+07	
1.14364e+07	
1.13579e+07	
1.13856e+07	
1.13735e+07	
1.13734e+07	
1.12704e+07	
1.13276e+07	
1.13692e+07	
1.13576e+07	
1.1335e+07	
1.1341e+07	
1.13776e+07	
1.13707e+07	
1.14488e+07	
1.13233e+07	
1.1404e+07	
1.13273e+07	
1.1336e+07	
1.14197e+07	
1.13784e+07	
1.13283e+07	
1.14823e+07	
1.1354e+07	
1.14267e+07	
1.12295e+07	
1.12779e+07	
1.13833e+07	
1.13283e+07	
1.14648e+07	
1.13994e+07	
1.1379e+07	
1.12753e+07	
1.14098e+07	
1.13578e+07	
1.13268e+07	
1.13246e+07	
1.12872e+07	
1.13507e+07	
1.14481e+07	
1.12992e+07	
1.13108e+07	
1.14165e+07	
1.13283e+07	
1.12964e+07	
1.12915e+07	
1.14382e+07	
1.13514e+07	
1.13896e+07	
1.1358e+07	
1.13265e+07	
1.1353e+07	
1.13448e+07	
1.13646e+07	
1.14597e+07	
1.14025e+07	
1.14142e+07	
1.13109e+07	
1.13292e+07	
1.14117e+07	
1.1334e+07	
1.13243e+07	
1.12821e+07	
1.13678e+07	
1.12607e+07	
1.14175e+07	
1.13769e+07	
1.13655e+07	
1.14007e+07	
1.13739e+07	
1.13473e+07	
1.13501e+07	
1.14715e+07	
1.13591e+07	
1.14564e+07	
1.13172e+07	
1.14061e+07	
1.12582e+07	
1.12844e+07	
1.14428e+07	
1.1377e+07	
1.12976e+07	
1.13559e+07	
1.13667e+07	
1.12593e+07	
1.13358e+07	
1.13077e+07	
1.13845e+07	
1.14381e+07	
1.13599e+07	
1.14003e+07	
1.13465e+07	
1.14089e+07	
1.13523e+07	
1.13085e+07	
1.13659e+07	
1.14073e+07	
1.13116e+07	
1.13682e+07	
1.13226e+07	
1.1377e+07	
1.1216e+07	
1.13706e+07	
1.13676e+07	
1.13676e+07	
1.13492e+07	
1.13482e+07	
1.13608e+07	
1.12459e+07	
1.13717e+07	
1.14332e+07	
1.13441e+07	
1.1429e+07	
1.12901e+07	
1.13543e+07	
1.14046e+07	
1.14983e+07	
1.14062e+07	
1.12829e+07	
1.14197e+07	
1.1306e+07	
1.13446e+07	
1.13067e+07	
1.13331e+07	
1.13412e+07	
1.13747e+07	
1.13206e+07	
1.14135e+07	
1.13676e+07	
1.13981e+07	
1.1418e+07	
1.13316e+07	
1.13997e+07	
1.13343e+07	
1.13875e+07	
1.14184e+07	
1.12271e+07	
1.13816e+07	
1.13193e+07	
1.13524e+07	
1.12928e+07	
1.14153e+07	
1.12997e+07	
1.14098e+07	
1.13992e+07	
1.13488e+07	
1.13196e+07	
1.13814e+07	
1.13388e+07	
1.13988e+07	
1.12958e+07	
1.13438e+07	
1.13371e+07	
1.13638e+07	
1.14243e+07	
1.13942e+07	
1.14061e+07	
1.13873e+07	
1.13272e+07	
1.14121e+07	
1.14021e+07	
1.13828e+07	
1.14089e+07	
1.14028e+07	
1.14214e+07	
1.13596e+07	
1.12669e+07	
1.137e+07	
1.13729e+07	
1.13481e+07	
1.13638e+07	
1.1385e+07	
1.13911e+07	
1.1356e+07	
1.13504e+07	
1.13046e+07	
1.13016e+07	
1.13394e+07	
1.12869e+07	
1.13462e+07	
1.13549e+07	
1.12495e+07	
1.13221e+07	
1.13956e+07	
1.13664e+07	
1.13346e+07	
1.13526e+07	
1.14528e+07	
1.13347e+07	
1.13479e+07	
1.13753e+07	
1.13169e+07	
1.12658e+07	
1.13669e+07	
1.13919e+07	
1.13479e+07	
1.14185e+07	
1.12849e+07	
1.12863e+07	
1.1364e+07	
1.1363e+07	
1.12849e+07	
1.13593e+07	
1.13702e+07	
1.14519e+07	
1.14519e+07	
1.13724e+07	
