3085.44	
-854.991	
-5994.63	
-375.108	
-318.281	
-3453.91	
-1436.54	
-300.552	
2345.46	
1065.3	
-320.313	
-4128.8	
-2224.47	
583.535	
4218.64	
-1020.36	
-2303.73	
3813.09	
-2270.43	
-2782.85	
-329.782	
1429.77	
-809.271	
1359.95	
-1739.26	
290.426	
745.407	
-2379.07	
-2043.46	
-6738.3	
1279.76	
-1586.28	
-1886.67	
831.101	
-752.555	
-3851.08	
-3775.31	
1938.79	
-27.6655	
2142.16	
1091.41	
3159.39	
288.095	
584.565	
-1706.38	
3221.93	
707.383	
-1314.38	
-1702.84	
-2359.4	
5029.8	
-566.393	
1047.69	
-1720.67	
990.353	
1479.75	
-153.783	
-2237.36	
2957.86	
-2458.08	
2655.36	
242.317	
3427.64	
-3242.94	
-992.294	
5029.8	
-565.474	
-845.823	
5628.06	
-914.889	
907.581	
-169.14	
1667.89	
1462.52	
-464.925	
76.9268	
726.207	
-802.378	
4081.17	
-6297.72	
2377.58	
-2676.66	
9.2621	
-20.4394	
255.608	
-1308.4	
-2928.92	
-2897.9	
-2063.14	
-1178.87	
-298.749	
1310.06	
603.755	
-1057.94	
586.084	
2599.32	
-3779.11	
327.584	
1453.1	
5877.21	
642.323	
2530.6	
-1683.04	
579.298	
-983.145	
2939.38	
-78.128	
-516.456	
3535.36	
-941.53	
1463.42	
-467.4	
573.779	
-2714.7	
-2818.66	
-1975.53	
-30.7185	
3052.54	
-959.782	
-3006.65	
-1255.15	
-3791.38	
-1683.04	
-1073.31	
1925.21	
-2971.54	
1408.85	
3512.61	
1020.99	
-1818.06	
-2679.14	
524.701	
1473.87	
1512.47	
3842.79	
-2465.47	
-7154.89	
2057.31	
2649.73	
-1256.69	
-1793.8	
1153.44	
1413.22	
187.924	
-1981.67	
4819.87	
-990.191	
1159.86	
1878.31	
1331.24	
-2971.54	
2673.04	
-2761.51	
3252.31	
-1296.08	
3533.3	
663.514	
1885.53	
245.005	
4004.24	
-593.332	
466.692	
-1597.63	
-845.614	
-1067.61	
1519.71	
-2045.8	
-5492.17	
424.839	
-1187.08	
-1022.73	
217.081	
-788.711	
-2079.05	
1145.11	
545.566	
3976.14	
-2668.97	
-1077.86	
-883.678	
-155.635	
-2475.48	
-1327.75	
1201.35	
-579.108	
-7288.9	
-3231.56	
-1715.35	
4111.59	
3280.71	
-295.968	
-2041.63	
2528.21	
2305.74	
2158.76	
99.0998	
-1729.6	
-3129.06	
52.8478	
123.895	
-6248.74	
2258.34	
-626.444	
-575.637	
-2100.61	
1125.37	
-2634.82	
2046.72	
-2646.78	
2385.7	
1742.73	
-60.7144	
-2272.75	
3915.66	
3090.84	
1796.05	
1689.39	
-60.7144	
1992.61	
-3189.5	
566.776	
-2555.25	
2075.02	
-3189.5	
-1978.14	
3500.47	
-978.856	
-978.856	
2026.43	
