-8149.9	36755.4	126205	-14408.7	-132093	
-77391.2	-61710.4	15012.1	3485.24	47341.6	
21273.2	-33985.2	-63924.1	16035	108860	
34985.7	-43019.3	42196.6	-126527	74728.1	
4156.94	-89521.3	-61017.6	-135227	-24665.6	
-20296.1	132707	-54804.3	-49963.6	35584.9	
-21872.7	-47603.9	-173999	35542.1	112124	
31522.4	185264	-35354.2	42933.9	-86051.8	
48959.5	111171	61427	79854.3	54249.7	
-54575.7	-50199.8	7079.1	-26605.2	-2759.75	
39820.1	24064.7	9536.01	-112782	-107505	
-606.397	21151.2	-47770.9	57443.6	75738.6	
30724.5	-18151.6	-88696	74132.3	-212769	
-11179.7	97524.1	209014	-94406.3	-42058	
-121144	-101685	43952.3	102283	-145018	
-64450.5	72872.8	85323.6	-25533.9	11969.2	
26850.5	-35423.7	-9275.15	-34620.7	5666.98	
-60267.4	-125618	54252.4	-53592.3	127853	
-61445.2	26186.1	-116843	52528.7	-7821.46	
-64522.5	206702	-209102	-70845.2	-29536.3	
-66781.2	-146923	2654.47	-103778	-211421	
-24589.6	-40868.5	-47179.6	-11962.5	-17230.5	
143282	207852	54100.7	94758	-32329.4	
35676.9	52702.1	-12320.1	81149.6	12391.2	
9957.08	5737.38	-142375	-92878.1	22838.8	
-62305.9	288691	-77773.1	-14101.7	-45639.9	
-41771.6	-64288.3	4588.51	59402.7	-159394	
81915.2	-84549.9	-1281.11	38512.7	27634.2	
-19073	-22863.5	-21163.7	39526	-81321.1	
30539.6	-103704	-85257.6	-22928.2	-56566.7	
-16031.7	134329	242430	-6873.03	156580	
42571.6	12887.5	-57772.3	48630.4	-247078	
-91718.2	-11268.2	-213517	-42837.4	-8673.67	
16079.7	16297.8	18568.2	13407.2	58113.5	
31558.6	-114869	-48177.7	-32709	187722	
-72337.1	-216169	40649.3	87490	-18672.4	
42838.1	73622.1	-95838.2	-3609.78	149794	
52390.5	44783.6	110036	15119.2	-54017.6	
56658.5	51169.2	31861.4	81003.4	145093	
-60938.1	11020.4	-101825	40742.5	-151088	
-86480.1	-247106	154018	116142	-89756.3	
-25954.1	-64821.4	201620	-51336.9	-76845.5	
-39729	256247	63701.4	-23793.7	-116662	
-14095.5	-118635	54015.5	-72544.3	-94394.9	
53790.5	-26543.7	-102902	-9672.15	62403.5	
-27906	53164	71715.3	9500.84	-111148	
-25384.4	65120.1	8994.85	-3648.79	82003.2	
12235.9	87591.6	-207805	32299.3	135951	
-27039.1	-34959.9	-225939	-30726.1	-84335.1	
89653.7	-333.193	27556.9	62488.6	-175289	
-84159.9	67220.1	24568.2	9810.16	-289931	
-2601.83	-171151	-18938.7	116143	-63900.1	
23539.7	-81046.3	-21910	-15631.7	-68414.4	
-28173.5	32556.1	74307.7	-63141.5	-79187.6	
48442.6	-284062	2602.94	44248.3	-90660.7	
-57624.1	57735.4	-44513.5	10086	41941.2	
4362.31	-197251	-71287.3	-12707.2	140395	
-58770.3	-29736.7	1608.41	-36464.6	-88608.7	
122701	-168378	146872	79820.1	-106174	
-18173.2	50929.4	-27858	-3061.7	-50294.7	
-59991.3	104684	-144701	-118266	313759	
59263.4	20253.9	196382	-801.428	-270996	
27130.5	137177	110339	12221.8	-66811.8	
-7255.9	-13255.4	-7425.1	-4124.06	-23836.5	
-33880.6	-113539	-212672	-42464.4	18466.5	
35248.3	52159.9	-5714.68	93601	-51749.7	
-25819.6	-170378	217546	21995.9	20527.6	
-21813	22285	-53440.5	23356.7	-15469.4	
28736.6	132237	-14566.7	5595.38	-21681.3	
-84994.2	51785.5	26256	-107856	-118629	
-32471	114690	-33066.6	17565.5	112510	
12798.2	130712	71578.9	2311.97	28437.9	
-20410.4	93788.4	108480	79497.1	141246	
-16940.8	111281	-68295.4	-21607.2	-42840.4	
-35492.1	-824.374	-43457.6	53905.1	-70330.3	
-35875.2	-76853.1	-53569.2	46594.7	159314	
39760.6	-94603.6	8692.4	-66872.9	197433	
-16359.3	54067.6	-3874.47	50802.7	259254	
-135820	161649	-7820.34	-13106.2	-13824.4	
-56825.1	5230.38	51562.3	10838.6	-81996.9	
-107505	-58808.3	-175087	78749	63027.6	
-38136	75183.4	170693	30277.9	-92639.6	
-15935.7	-67000.2	-123248	-72330.7	214743	
-22068.5	-39628.2	-37045	-90097.1	-147202	
-3367.33	-39191.1	1718.43	-105752	21728.5	
-36739.4	-17077	119144	17030.8	21864.8	
-101900	49031	-10896.7	-36600.2	24624	
-49926	245928	-35166.1	-62588.8	20063.5	
59618.1	-12503.6	33641	-10933.8	-174743	
53796.3	19077.3	-167924	-75905	120365	
-4186.93	238119	23349.6	-5891.38	40616.5	
-35114.7	-12526	166888	10110.9	204747	
-26118.9	-252559	-173043	-40207.6	-41812.1	
58689.5	-149474	74121.8	-48073.9	60661	
6721.3	115593	111840	-2737.35	60249.6	
34647.6	67477.8	30167.7	-24465.1	-1812.06	
-26539.8	-42846.8	-25651.4	-42685.5	6434.07	
-99497.3	13608.9	65046.3	-52235.9	2131	
23081.9	-273034	-20446.8	-12763.1	102655	
26342.2	-43236.4	-1233.99	50849.3	-95072.3	
-44551.5	-42635.8	-149677	-95899.5	103457	
-116541	-159003	-71295.2	-143847	9385.9	
32148.1	267799	-91764.4	1971.71	-89622.5	
-29961.6	18940.4	5722.04	-19022.3	81425.1	
54024.9	-1313.79	56875	60759	-55565.4	
-28722.5	57271.7	97766.8	30095.8	117166	
-14618.8	-72926.3	91926.9	15840.1	6501.05	
-36840.3	-7417.84	178210	-40742.8	195019	
-8264.31	49117.2	-6383.24	-5844.89	-13160.5	
-57026	147348	59251.6	101718	148652	
35626.1	149018	18243.7	-9416.16	-279373	
-82874.2	27720.2	38484.4	23399.2	-57838.2	
-61056	-34826.3	136621	27735.8	30930	
7600.52	-96197.7	82505.8	-28097.7	-46732.9	
-28691.6	158648	5582.55	-87142.5	185341	
20440.2	-166334	113223	-7322.54	-238187	
30866	-176756	68065	39946.7	-79436.5	
-3334	-1625.22	-6735.07	-5596.95	-25357.2	
33450.3	-97041.4	-122920	56076.1	-94086.4	
-44567.3	215517	44795.2	-84982.9	-35947.5	
-15810.7	26791.1	-8605.37	3303.6	-74635.3	
-49416.7	-54699.6	-69502	-36023.1	-80397.3	
34861.9	-43524.1	-59424.7	-179170	213819	
45413.5	85488.6	-121921	1954.92	-120740	
8174.96	-21769.2	-96464.1	43008.7	32790.2	
-42164.5	-32099.6	-27552.8	-64348.6	-12844.8	
-66301.7	63049.2	123893	-158819	-122377	
32482	-43738.4	332729	-14275.1	26463.3	
-59827.8	-7711.93	10138.4	4558.17	-19226.4	
-52951.7	-97464.5	41750	-55648.5	212349	
36291.6	-65141.5	37551.4	-64617.8	-136760	
-2937.7	37920.7	15448.2	-24678.1	84678.7	
6363.16	-52587.9	-36538.4	59356.3	100550	
16177.3	-13655	46901.7	-12021.9	17403.5	
6377.03	22971.1	-29232.3	-11457.9	-27288.7	
-10690.8	119824	75940.6	-20655.9	-29134	
-3609.18	-100413	151828	-159763	244653	
-75530.7	-150709	-26825.3	-56441.3	-120599	
-64382.8	-50292.6	194408	95408.7	106215	
-45613.6	-54318.7	2266.49	-79226.5	-292316	
29303.4	-71977.7	29039.2	-13562.3	50723.4	
6853.66	96460.3	-80174.9	-139484	-90455.7	
7946.22	-25326.2	66631.9	67747.9	123895	
-102689	101468	-88646.8	-107508	124367	
49635.2	8848.04	20810	-47114.1	303655	
-49480	32020.6	-19582.3	-88072.3	21512.3	
29897.3	432.622	-168466	-222921	-277895	
-74513.9	56057.3	8678.8	2409.26	-143904	
-122806	-254840	-131437	54209.8	143658	
-13690.8	-51819.3	66487.1	-31226.3	-211990	
64337.1	21401.6	-233069	-54347.9	147099	
-41109	-11133.1	-162476	25081.8	41426.6	
-21709.4	28542	-65195	37433.1	-180326	
-8302.48	43690.1	-84658.9	-110598	71180.5	
-21137.4	106103	83109.1	14925.8	-18063.9	
-23501.5	-5849.76	52611.8	-31164.8	-25659.4	
34705.1	-88437.5	196568	-44478.5	7954.14	
72954.9	-123135	-6341.31	26272.2	68459.7	
483.724	-95973	-9187.95	-87958.5	-107243	
6785.05	-21722.5	63985.4	72822.6	-17007.6	
4957.16	-10038.1	49833.1	85799.4	28205.6	
-53071.2	37222.7	-19358.8	85596.2	95310.5	
29535.1	-117163	5446.78	110671	-77667.6	
-67025.6	31042.9	30156.6	-48957.7	99796.1	
-57104.1	347796	-28451.5	146573	196900	
-1617.44	-7888.47	64337.3	70748.2	-118033	
12346.3	-43377.2	19219.2	72845.8	-21209.2	
1412.19	132208	58125.6	-30705.9	147021	
-25341.8	-26274.3	185830	13170.7	-60913.4	
-3589.13	-75209.5	10420.5	-29928	-113680	
22432.2	135044	51520.6	-29847.8	93461.3	
-36738.9	-101365	-82583.2	-45135.2	5729.37	
-86951.8	-84569	-266212	40320.2	393343	
-32948.5	-84525	-62886.3	-41301.9	21369.5	
-152494	50756.4	-23362	-9848.4	-116367	
34022.8	179559	-61710.7	-63178.7	305415	
-75149.1	-80370.2	-69812.3	41359.2	-116537	
-10075.1	3920.74	147246	31176.9	343455	
365.328	160535	-86298	-64739.6	-30878.3	
-2986.21	19465.5	-89160.8	29033.4	22356.1	
-14911.2	-80767.7	-220618	27655.9	-45973.2	
-29881.6	-40762.1	77003	-31149.9	-99003.8	
-13690.4	-12281.8	-4362.87	65542.5	26491.2	
22997.4	-65954.2	-73786.8	-42239.8	-123322	
47610.4	-23239.7	-40487.5	6640.57	-271735	
-10106.5	75430.5	-74911.2	-41874.6	-101321	
-7199.26	108046	226560	-158716	-759.22	
38734.2	-37589.7	28442.9	-17237.3	91642.4	
43523.3	-13453.7	54212.9	64595.1	340053	
-21513.6	-28499.6	-36465	23993.6	110455	
-47150.6	1413.69	-104426	48004.6	65414.3	
-14975.3	1010.12	23627.7	32716.5	-168365	
-25031.4	96420.4	36273	33115.9	-115168	
55521.1	22492.3	-73593.8	41637.7	52050.2	
10039	130765	200463	75441.6	53174.2	
40769.7	2786.81	48958.5	-21187.8	-185077	
-32023.3	147816	93734.3	95187.5	111286	
-2870.7	-22423.8	-49622.1	-26998.1	26583.3	
16256.9	-4615.82	97338	35223.6	262413	
-36968.1	-134858	-74884	-64424.2	49815	
-61327.3	-67139.3	6209.09	-79474.1	-37862.9	
49896.2	-49939.2	-127389	63869.2	-280390	
-42525.4	68576.5	23811.4	44058.5	8077.16	
-21353	30222.7	161035	6217.5	173799	
-62525.9	65659.9	-67896.7	31961.9	153520	
19930.4	56373	-71401	13747.9	-70096.6	
-53015.8	102212	-286256	-52993	346229	
-111440	114485	9349.7	-102429	-225612	
-39411.5	-260897	-127504	-58041	64617	
-30450.5	170891	135154	3138.52	138310	
36559.7	43117.3	-105110	-70241.8	162161	
-21291.8	-180382	-30888.9	-7564.61	-104195	
-21606	122883	-35962.1	17231.3	-24520	
47384.5	-294639	-75349.7	-75404.4	-231881	
14594.3	9201	16890	-22516.6	-95306.1	
-126955	144453	-274280	-47282.1	220139	
-12850.4	12183.3	30657.6	-48479.5	-121899	
7232.08	-48734.1	40617.7	-99347.6	-197973	
980.663	29177.6	-119221	-68369.8	-288635	
0	0	0	0	0	
-5791.55	-62141.8	-13678.8	-33684.9	114497	
-9032.63	73070.2	116071	-26224	97562.5	
8214.36	-3345.1	11504.7	-6750.85	-10060.1	
-43825.3	-12594.2	-128728	38583.2	-210935	
314.423	1873.57	-134718	-8146.85	-137614	
-24611	150943	8738.59	-93015.9	-130088	
65533.2	77659.6	-3133.89	2368.22	-58898.5	
-96534	-26493.7	113481	-37267.6	-15919.9	
31020.8	-114790	94555.7	-22300.2	-110165	
-59901.6	-53204	71136	-1581.19	8535.81	
13836.8	-10323.2	7218.21	96547	-24569.1	
-100732	139037	18629.9	-23245.9	138955	
70674.3	-32616.9	-40375.1	-111897	-120514	
-44104.9	-8793.01	91020.3	13146.7	-40205.4	
11562.8	-151571	28114.7	1760.6	-163651	
-75443.2	-8090.2	-30728.4	-57813.8	-165957	
6091.68	45766.4	-122387	3714.02	215138	
10384.9	-68199.4	67830.2	-20789.5	65328.9	
-143058	-110089	240280	58000	64680.1	
17345	52648.3	47828.4	-65501.8	38158.4	
32487.9	123874	-66585.1	-18631	50338	
25913.1	15415	-36771.6	-41160.7	146553	
-41690.9	150084	78266.1	19878.6	88484.4	
-96951.4	-23478.7	-44762.5	18034.2	150265	
41180.7	57668.6	21278.2	-54208.8	-115351	
-52608.4	-40968.3	55900.5	47295.3	68715.2	
-60975.3	46247.1	51943.2	29437.7	34826.2	
17791.6	3995.32	-37678.2	89771.4	-28829.8	
-14534.9	61537	-57867.7	-165799	-274001	
-61060.7	181125	-73937	47330.2	59408.5	
-158026	-291919	43574.9	-43951	158133	
-10388.7	-141728	113393	75388.8	-26883.2	
-21538.8	-55582.8	-63931.7	-81647.5	-55346.8	
-19474.3	-182004	-17087.3	2479.67	-38624.9	
-45569.5	141107	105896	3028.26	128304	
33444.1	-76319.9	-117031	-1873.24	97565.2	
17601.7	30879.6	-78356.4	59788.2	-312396	
72430.5	128498	46218.6	7666.14	-483342	
60784.2	-193624	53929.8	83657.7	-41156.4	
-2467.77	-106414	-1408.11	-66168.6	216040	
-9924.89	-102968	184182	84731	-103335	
-48671.7	-192497	50509.8	-3272.25	12708.1	
56397.5	-4757.99	76296.2	-51781.6	321104	
-77135.6	277245	-249936	-17180.4	-33335.5	
-84400.9	188217	112733	20634.2	106369	
39875.6	46381.9	-128834	29344.8	-11593.8	
-1827.32	-118536	-183417	24867.1	-76880	
11501.8	-64730	-65717.8	62783.7	-157514	
-68467.9	-149025	7110.63	56468.2	236172	
-106120	-40224.1	-33374.4	108387	15056.3	
1569.8	-322018	-118381	60460.1	2837.11	
29746	775.815	32680	-14486.1	-12737.9	
2271.12	-168491	-61767.4	34806.7	86153.7	
24403.5	11556.4	-75544.9	8518.17	-97911.8	
59072.4	141498	-29783.9	-15681.7	27173.9	
-41545	-69514.1	164793	242796	-5453.34	
57412.1	11185.7	-21790.9	-94619.1	63243.4	
-35745.4	-56485.5	82937.9	86294.4	-125159	
-45601.6	-16900.1	97585	-558.06	-29345.9	
-15077.4	35167.8	137705	1792.29	358710	
-45957	201590	30816.5	6086.21	-11642.5	
46009.6	-47419.2	-21056.9	94933.2	58249.6	
-56615.7	266693	115373	-66653.8	-167669	
-34798.6	121941	9800.27	-28253.9	-5148.2	
-20484.7	237.807	47526.7	-9210.66	19837.1	
81585.2	135849	-234121	-54296.8	-184790	
38820.5	-120556	11095.2	-4439.98	-109063	
-42159.6	27633	157055	14359.8	129781	
-21514.1	-154909	-88423	-61093.3	-22328.2	
49306.9	-45659.9	165176	18102.8	377407	
-13634.5	-95271.9	15312.4	-78500	-62449.5	
-32682.9	10978.5	-84299.8	-57193.8	-51369.9	
71023.5	25651.3	-19446.1	-26420.6	137726	
-133021	-55819.4	-6080	-147296	-47204.1	
30398.9	101875	-202971	-46077.7	107838	
73904.2	49947.1	23456.5	-130050	-176798	
19443.8	-85750.6	-79927.4	64678.7	-126313	
14895.1	-69951.5	-34183.5	20343	38259.5	
21186	10509.5	169914	-64263.6	11009.4	
12877.1	5177.45	-367045	69516.3	100375	
-53678.7	-171003	128971	12216.2	-37835.3	
-65441.9	29890.6	47387.2	-11168.2	-109900	
-29745.7	150855	-97295.5	-49659.5	67167.7	
-103985	-69255.1	26983.3	-36353.1	29323.3	
46100.4	-79661.1	75933.4	-55335.4	83277.9	
40677.9	-26622.4	51375.1	56290.5	11686	
72189.6	49419.3	-82201.9	-43017.1	41959.4	
-13449.8	82421.8	-62001	19867.5	13064	
-21325.3	127337	-18583.2	66085.7	-93522.5	
81055.8	62561.5	60879.5	-103880	170563	
12712.1	48298.3	-7966.52	-20262.9	-130788	
38364.7	-89923	-164742	-50276.6	116628	
10402.1	-5120.39	116201	19324.8	82051.1	
-44950	62792.5	22937.9	-15578.4	47950.2	
-5297.21	-318078	179210	-59600.9	80703.4	
72447.3	46386.4	14408.9	162176	-29861.6	
-189282	76591.9	193018	-52571	-75244.5	
5274.51	35762	69164.2	-25125	-70549	
30659.2	-14951	-117424	161842	73251.7	
-11794.3	-59251.2	59121.8	58872.1	-45202.7	
-46204.2	-41414.9	-25178.4	-14704.1	2009.44	
-69393.6	-28499.6	77368.3	70055.6	23308.1	
99114.1	-64570.3	-73779.3	2730.22	146150	
-14333.1	227172	322076	-22012.5	144009	
27801.9	-39342.1	-106330	29193.3	1820.87	
7296.22	-90857.9	163412	41771.3	75289.4	
24867.9	66977.6	-52920.1	-59373	-148338	
15518.1	-156040	-54485.5	-88077.3	-45165	
-61180	-41035.7	-7416.16	135662	-159655	
87299.8	25060.5	-40234.5	59006.7	174449	
19035.6	-7944.06	23521.4	5891.8	-209729	
-578.561	68943.4	12118.4	-54947.7	-143558	
28889.4	-158915	76486	-13318.6	-131176	
36309.2	-29613.7	177456	-6703	-192304	
63741	222215	26097.9	-114971	-18148.8	
65103.8	-71492.6	-73048.7	33724.2	-77419.1	
-2846.44	10896.2	-44120.2	-66088.7	83800.3	
-8481.17	-48540.1	30023.8	-243926	-179108	
16599.5	-8407.04	-13374.4	4948.91	-20747.3	
29363.5	227724	50429.3	-87758.1	-13878.2	
-13196.4	58785.6	56338.6	32961.4	2516.51	
42254.4	-140432	111182	-104968	326593	
-434.094	67274	342972	14631.7	-92784.8	
-49884.2	57575.8	-29375.7	-48242.6	-53754.5	
-40063.3	-229999	85873.6	145259	-369725	
-9398.19	69476	-140643	-37121.2	-47513	
-46097.3	-157849	-42361.8	66297.1	-188839	
-7916.21	103102	-81744.2	24736.9	-47542.1	
-40772	-123835	-61712.9	3139.61	149997	
55984.8	109305	-182225	-118155	225707	
31448	109201	-310330	-3688.47	-2985.27	
23377.1	33658.5	53485.8	24921.9	-52195.7	
75599.5	110531	6556.72	-74584.6	-36121.1	
-51434.5	-52305.2	-130194	-45257.9	64599.7	
-22849.9	-37663.4	37183	-60218.4	40592.4	
28190.7	22971.8	-134667	22548.7	262661	
55999.1	96810.2	40078.1	-40957.7	-124294	
35972	-30507.5	46438.2	-122863	26292.2	
81518.3	140104	-276048	45878.8	151050	
-32368.8	11774.5	-64534.9	107171	90299	
24172.5	22102.4	-116459	52140.8	103814	
118782	-19203.5	146031	-12711.4	119333	
81246.8	209900	-227982	36381	286414	
-8004.61	-48763.2	-62618.6	-65374.2	57.8321	
-25197.6	67061.6	17901.8	-31702.9	13935.6	
8994.87	-123120	-97330.4	54407.8	-115287	
-10355.6	51726.8	-30504.8	53211.2	-271756	
-28439.7	-134335	-37583.6	-99070.2	-171488	
2645.5	-92616.8	-93068.4	-78275.4	67347	
-117760	21558	-66651.9	-166888	52646.5	
36296.3	-31053.8	-493.257	-574.438	309836	
-96406.9	114522	-2490.92	13821.4	-21922.6	
-72395.2	-112590	64158.1	-28798	-92440.8	
17403	35996.3	71098.8	-63946.1	-52200.3	
-2636.42	38397.7	-41592.2	2132.07	-112460	
-10614.8	-14552.3	-7788.3	-6625.49	19680.8	
-50548.2	-163484	-15415.9	23609.1	-280953	
43942.2	46164.4	33972.6	24424.7	167628	
63526.1	64765.2	-87768.7	23744.1	-42562.5	
18821.7	-99548.9	-203062	-109365	46096.2	
6587.51	132749	-129746	-25974.9	59749	
-32076.9	253397	-147588	70009	-31851.8	
-24095	98344.7	-97771.1	88050.2	108483	
29708.2	-46046	-76865.7	61965.7	-43112.1	
-11856.8	-4711.86	16501	48681.4	57922.5	
-14903.5	199391	-105259	-12397.5	-124282	
-88195.7	33221.4	93585.8	46357.3	74237.5	
-30875.2	-204468	24190.4	-23092.2	167304	
48918.6	283888	-153161	46334.1	-155206	
-40789.2	35599.5	-50521.6	-73379.5	396498	
-39970.7	-53553	106246	-2746.61	98097	
40403.9	85771.9	175945	97128.5	-110730	
33071.5	107080	-23874.9	-23464.8	46748.5	
80267.3	717.444	-76268.4	17679.8	86495.9	
-32269.5	-59442.2	101439	-41457.8	113688	
28447.4	-93635.5	100267	-4696.99	-3168.59	
-144811	93960.3	-127668	104084	19202.2	
-20968.4	11943.7	110739	10691.4	-63795.4	
-55526.3	-32169.7	146034	50296.9	-95377.2	
54812.7	-147204	11124.8	-16803.3	152416	
46773.3	77729.5	12488.1	-789.411	-183544	
-19723.8	-9218.26	-41400.3	-24636.9	-8470.56	
-141397	-317799	-35482.3	106397	-182661	
108859	-60498.6	-51405	39623	-53661	
3516.46	-122425	-125774	23543.5	189389	
36406.3	41722.7	99545.8	123616	69180.1	
1893.2	-93093.3	34619.2	52038.7	-213292	
-15999.4	-43752.4	-61878	-39843	31767.5	
6230.95	44736.4	-279833	64675.5	-132698	
2045.75	3211.84	42202.6	-25072	25847.3	
-21806.3	101069	-105630	-12385.2	-137711	
10010.9	-314916	99569.1	-47320.9	149543	
55704	3386.04	-69861.2	116501	84908.6	
-50471.8	114167	-145318	-39202	81574.7	
-15103.4	-163092	48760	41534.8	46432.1	
-26435.5	107530	-67234.2	-32815	-4783.74	
15774.9	-141291	31348.7	-13841	-74591.8	
40131.4	-2146.56	13774.4	-2785.36	-111311	
28891.8	-31973.4	2633.6	48796.5	143812	
-102665	136744	-43660.4	-50018.2	-116628	
-38108.2	-131801	-19849.7	20227.6	-156883	
-46620.4	-22929.5	-39189.8	-14618	-39116	
66332.4	-97065.6	-58816	-4400.84	160837	
-50959.5	242556	31631.2	-70531.6	152690	
-71147.1	-28928.7	-148533	59286.8	-60429.1	
43076.7	173477	9008.39	-13641.9	-45209.2	
2878.07	-94785.4	-23814	39391.4	334354	
61105	-89249.1	-129678	40156.5	3494.87	
-55320.7	101975	4340.27	24556.5	297189	
20482.2	33116.8	26136.2	13577.4	-94787.7	
-59734.7	67644.1	16398	97798.2	49935.9	
-25334.4	-7871.63	12343.6	-58489.5	-77072.7	
-45169.2	2418.79	-75344.1	-104502	-1552.51	
101280	-7324.85	-13861	31043.3	-134768	
12749.7	91259.3	104247	-77832.5	-52559.9	
-78748	66872	75015.8	41180.5	-26827.9	
59924	2369.5	-8349.25	23144.4	82557.2	
-39994.1	-147938	42044	8300.37	34050.5	
-72794.8	-57664.4	-123043	-33825.6	-32822.8	
-55211.3	181571	71784.7	-22157.5	-93094	
8784.24	29049.5	-48614.4	35860	15556.4	
-44813.6	30366.8	135154	-34402.3	-178495	
-5656.57	117960	-18449.9	-13536.7	165133	
40313.3	209647	-89922.9	-41024.3	315193	
48978.4	83954.2	-46754.6	-44459.1	-29896.3	
-14720.1	147071	38625.2	11837.4	-43246.8	
24302.5	47681.7	-36938.6	-2666.04	20583.7	
-34014.5	17556.2	14696.6	-19918.6	-17169.3	
47382	-53669.7	122227	-153662	-10487.3	
4715.56	132354	-58668.4	-4643.45	431550	
-36335.1	72000.7	-230016	65731.7	60062.2	
142947	83699.6	21356.6	-60855.7	-77886.7	
-53402.6	55504.1	-73653.2	74292.2	30320.6	
-73839.3	-99039.5	34302.2	-18580.4	-45027.6	
22118.9	35283.6	13840.1	146665	-177251	
21101.7	24684.5	-97869.1	23326.5	11142.5	
