-7400.67	
-21041.8	
-27958.2	
-8681.47	
-18636.6	
-8427.72	
-15536.5	
-19395.6	
-20095.8	
-20835.5	
-32394	
-10367	
-8938.39	
-17076.8	
-7803.52	
-9411.05	
-11790.1	
-13864.4	
-15714.8	
-26290.9	
-14918.3	
-8471.08	
-26030.2	
-19038	
-33847.3	
-14630.7	
-15536.5	
-33424.6	
-13208.1	
-16930.5	
-11452.9	
-15517.3	
-14962.7	
-12021.6	
-29557.6	
-26159.3	
-15669.3	
-17448.6	
-15881.5	
-16995.4	
-21448.3	
-10913.3	
-15712.6	
-17471.2	
-11865.4	
-8470.35	
-16897.3	
-13575.7	
-12643.5	
-8509.91	
-7779.33	
-15044.5	
-19180.3	
-8471.08	
-14379.4	
-12452.3	
-12848.3	
-7007.16	
-26340.7	
-12446.5	
-13647.2	
-22125.9	
-11765.2	
-8049.58	
-10538.8	
-13928.1	
-11950	
-17010.2	
-18056.6	
-25694.9	
-38142.3	
-23648.9	
-15669.3	
-22614.8	
-14977.2	
-13799.8	
-7639.05	
-28005.7	
-18403.6	
-8509.91	
-19056.1	
-20936.6	
-15044.5	
-20095.8	
-7670.96	
-26159.3	
-24113.8	
-13864.4	
-7007.16	
-18178.4	
-17158.4	
-12021.6	
-13394.3	
-7599.84	
-10913.3	
-15184.1	
-15517.3	
-11452.9	
-25233.3	
-17300.1	
-17471.2	
-6791.37	
-13615.5	
-12747.4	
-13594.1	
-10547.3	
-16904.6	
-26709.3	
-15002.2	
-8889.68	
-20936.6	
-22063.5	
-27958.2	
-21390.5	
-30037.6	
-17158.4	
-9208.05	
-26916.5	
-22549.1	
-7599.84	
-18319.4	
-17680.4	
-7639.05	
-20771.6	
-8592.39	
-19900.7	
-12536.2	
-14379.4	
-20877.3	
-17448.6	
-14977.2	
-22494.5	
-21448.3	
-25694.9	
-11950	
-12881.5	
-21439.7	
-17942.1	
-12947.8	
-12704.6	
-13761.8	
-9933.49	
-24649.3	
-7645.62	
-7401.49	
-18319.4	
-28209	
-12747.4	
-21833.1	
-16414.9	
-26290.9	
-10132.6	
-20443.3	
-21543.1	
-19243.7	
-23646.7	
-15679.2	
-15184.1	
-9208.05	
-15329	
-22494.5	
-15881.5	
-14046.7	
-18458	
-19755.2	
-18056.6	
-22286.8	
-19180.3	
-15002.2	
-18403.6	
-11765.2	
-19849	
-9784.18	
-11968.6	
-6631.08	
-17955.9	
-20775.4	
-8889.68	
-13623.8	
-15712.6	
-13799.8	
-18178.4	
-15228.6	
-19243.7	
-27967.8	
-13761.8	
-21041.8	
-29295.3	
-26340.7	
-18115.7	
-11551.3	
-12941.1	
-10170.3	
-26643.9	
-28725.9	
-10132.6	
-12881.5	
-9031.38	
-16552.8	
-25467.8	
-25042.2	
-15375.6	
-10287.1	
-21748.6	
-7645.62	
-19009.1	
-22286.8	
-28544.2	
-8175.55	
-17622.6	
-26709.3	
-7401.49	
-23171.8	
-11318.2	
-26916.5	
-7098.85	
-7670.96	
-25606.1	
-22549.1	
-17010.2	
-26506.2	
-12640	
-9784.18	
-9617.39	
-24498.1	
-14781.4	
-13928.1	
-25148.8	
-26643.9	
-14452	
-9574.26	
-15679.2	
-11551.3	
-24113.8	
-33847.3	
-14189.4	
-19189.1	
-13725.1	
-28005.7	
-29180.3	
-14666.9	
-8144.29	
-25467.8	
-21775.2	
-13623.8	
-29723.5	
-17680.4	
-17533.7	
-16059.8	
-2887.83	
-12043.8	
-9456.89	
-24649.3	
-12437.1	
-26227.6	
-9251.78	
-19900.7	
-7518.5	
-7098.85	
-29383.8	
-15228.6	
-28209	
-9652.11	
-11208.8	
-20999.4	
-15253.6	
-16414.9	
-16904.6	
-26577.5	
-16614.3	
-15375.6	
-12941.1	
-14781.4	
-12536.2	
-12621.3	
-19756.1	
-38142.3	
-27328	
-15938.9	
-13594.1	
-8002.59	
-21071.7	
-29180.3	
-17622.6	
-13858.6	
-29989.3	
-18793.2	
-22104.9	
-15020.8	
-12621.3	
-11971.1	
-21390.5	
-19009.1	
-11464.9	
-11726.4	
-24661.8	
-20775.4	
-22214.9	
-8374.24	
-10808.6	
-12280.7	
-18458	
-17039	
-19755.2	
-25823.7	
-20986.6	
-17369.7	
-20877.3	
-12704.6	
-12947.8	
-18895.5	
-21318.7	
-27967.8	
-25097.8	
-12640	
-26555.9	
-11703	
-21480.8	
-29383.8	
-19986.2	
-14452	
-19849	
-13600.2	
-11945.2	
-29723.5	
-30037.6	
-10893.3	
-10942.1	
-14630.7	
-29295.3	
-11703	
-20323.1	
-14574.3	
-10930.7	
-17533.7	
-28544.2	
-13552.5	
-25606.1	
-26506.2	
-25465.6	
-8891.8	
-14189.4	
-15192.7	
-8202.67	
-14200.2	
-24289.7	
-18367.2	
-25823.7	
-16552.8	
-9652.11	
-17626.7	
-30272.1	
-23970	
-24252.1	
-16830.4	
-16216.7	
-25097.8	
-8317.88	
-35484.9	
-16830.4	
-8592.39	
-21748.6	
-22125.9	
-12223.1	
-22104.9	
-31630.9	
-6924.45	
-16614.3	
-13208.1	
-25042.2	
-17955.9	
-11968.6	
-20443.3	
-9439.2	
-9270.7	
-14666.9	
-12236.7	
-17656.7	
-8984.2	
-13725.1	
-18512.3	
-27142.2	
-10808.6	
-20814.9	
-29050.7	
-25957.6	
-26227.6	
-15442.9	
-19756.1	
-21251.3	
-20999.4	
-19789.4	
-21071.7	
-9694.19	
-12316.4	
-15632.6	
-6791.37	
-15442.9	
-21543.1	
-14574.3	
-25465.6	
-5801.55	
-19189.1	
-23822.2	
-10842	
-21775.2	
-18115.7	
-10287.1	
-23171.8	
-12446.5	
-17039	
-13361.1	
-10063.4	
-13007.5	
-11948.8	
-12312	
-29306.3	
-27328	
-19251.3	
-8891.8	
-24325.7	
-20333.3	
-9951.93	
-15938.9	
-24661.8	
-9328.8	
-23353.1	
-12186.6	
-28474.8	
-14066.8	
-18895.5	
-21318.7	
-9031.38	
-21439.7	
-12186.6	
-6924.45	
-21480.8	
-9270.7	
-8002.59	
-12661.3	
-8528.91	
-31957.8	
-14567	
-7091.21	
-13217.1	
-7376.31	
-13080.7	
-6969.8	
-8027.32	
-17895.9	
-11603.5	
-28178.8	
-28272.2	
-10942.1	
-12236.7	
-10223.8	
-26555.9	
-33376.8	
-16659.7	
-10746.8	
-13858.6	
-14567	
-15045.1	
-20323.1	
-8144.29	
-18769.4	
-5801.55	
-10063.4	
-23646.7	
-13600.2	
-19428	
-9574.26	
-24252.1	
-18367.2	
-15811.7	
-9883.74	
-10761.5	
-30272.1	
-13615.5	
-12321	
-5738.13	
-8204.9	
-11820.6	
-27385	
-13077.1	
-17961.9	
-13296.2	
-30581.2	
-29989.3	
-16059.8	
-10842	
-24498.1	
-26947.1	
-11569.4	
-19528	
-35484.9	
-9456.89	
-17942.1	
-23970	
-11971.1	
-15045.1	
-5244.27	
-7518.5	
-17125.1	
-7376.31	
-8361.84	
-8528.91	
-11265.6	
-14200.2	
-10169.5	
-29050.7	
-11450.9	
-11535.9	
-28725.9	
-7491.66	
-11514.2	
-27142.2	
-10309.4	
-9888.41	
-21251.3	
-5502.86	
-12347.9	
-18941.8	
-14817.4	
-26669.6	
-28481.3	
-12661.3	
-29377.1	
-12316.4	
-8374.24	
-15752.4	
-13047	
-25957.6	
-8204.9	
-17125.1	
-10761.5	
-26562.1	
-11575.3	
-8618.54	
-13552.5	
-7017.26	
-17852	
-12120.3	
-11149.5	
-17744.8	
-17626.7	
-25148.8	
-8507.81	
-17133.3	
-24325.7	
-9707.22	
-11608.9	
-29306.3	
-2887.83	
-26841.3	
-27577.5	
-23353.1	
-34074.7	
-22988.4	
-9506.01	
-13047	
-12212.3	
-14315.6	
-8202.67	
-19428	
-9676.73	
-9888.41	
-12717.9	
-12437.1	
-11535.9	
-28474.8	
-14046.7	
-20333.3	
-18793.2	
-20248	
-10580.9	
-11945.2	
-9439.2	
-11063.8	
-11823.7	
-7615.78	
-23013.5	
-11059.7	
-10763.3	
-28178.8	
-20814.9	
-9928.98	
-9560.69	
-26577.5	
-14545.8	
-8593.39	
-27385	
-12440.2	
-22276.5	
-13922.1	
-24605.9	
-30639.8	
-9676.73	
-8984.2	
-27361.5	
-8361.84	
-9707.22	
-6523.79	
-8027.32	
-17744.8	
-14665.6	
-7293.67	
-3583.77	
-23496.9	
-33376.8	
-18769.4	
-13361.1	
-28272.2	
-21424.4	
-9251.78	
-20145.2	
-7202.14	
-20986.6	
-16332.2	
-19251.3	
-19611.2	
-22071.1	
-13290.9	
-25905.1	
-9211.55	
-5502.86	
-14665.6	
-15752.4	
-9951.93	
-9928.98	
-10223.8	
-26947.1	
-11464.9	
-8498.38	
-26928.7	
-31633.8	
-6394.82	
-23013.5	
-19986.2	
-31630.9	
-10170.3	
-24144.8	
-29052.8	
-5244.27	
-28710.2	
-7388.16	
-21914	
-20657.1	
-13217.1	
-7672.01	
-11262.2	
-24289.7	
-25826.9	
-30581.2	
-9841.3	
-17895.9	
-11726.4	
-8498.38	
-9509.97	
-17133.3	
0	
-28717.8	
-9463.3	
-13296.2	
-20279.7	
-10293.5	
-14315.6	
-23597.2	
-28085.8	
-16332.2	
-7694.56	
-16659.7	
-7014.83	
-9506.01	
-11597.9	
-8043.33	
-9601.87	
-13922.1	
-17465.1	
-34423.5	
-9463.3	
-21424.4	
-18512.3	
-14448.3	
-11283.1	
-11820.6	
-28481.3	
-11575.3	
-592.41	
-17961.9	
-21592.3	
-10707.6	
-18941.8	
-16315.8	
-29377.1	
-19090.1	
-7672.01	
-9006.92	
-8593.39	
-13274.6	
-10893.3	
-9061.7	
-19528	
-9617.39	
-29672.9	
-22214.9	
-19611.2	
-16216.7	
-10707.6	
-12312	
-19006	
-28710.2	
-12933.9	
-23822.2	
-11653.7	
-22988.4	
-10580.9	
-8094.61	
-10169.5	
0	
-26669.6	
-9387.24	
-19247.2	
-26841.3	
-10346	
-7202.14	
-23327.9	
-8317.88	
-8094.61	
-34074.7	
-16828.4	
-11208.8	
-11905.3	
-592.41	
-6969.8	
-13504.5	
-8095.22	
-25618.7	
-7293.67	
-10930.7	
-7388.16	
-26562.1	
-8095.22	
-14907.2	
-20657.1	
-11149.5	
-5738.13	
-20279.7	
-13378.6	
-14545.8	
-13914.1	
-30639.8	
-11653.7	
-10417.1	
-8226.25	
-27577.5	
-6394.82	
-19789.4	
-9694.19	
-22276.5	
-7694.56	
-10417.1	
-6868.53	
-17952.3	
-7491.66	
-11823.7	
-20248	
-11597.9	
-12223.1	
-31957.8	
-19090.1	
-9509.97	
-12280.7	
-11905.3	
-8043.33	
-20145.2	
-11948.8	
-9328.8	
-25905.1	
-24605.9	
-7017.26	
-10763.3	
-9006.92	
-11283.1	
-22071.1	
-9061.7	
-23496.9	
-19247.2	
-21914	
-15192.7	
-15811.7	
-15632.6	
-13080.7	
-11603.5	
-11063.8	
-13290.9	
-10346	
-12440.2	
-11450.9	
-12321	
-13077.1	
-11262.2	
-25826.9	
-14066.8	
-9211.55	
-17656.7	
-11514.2	
-10309.4	
-25618.7	
-10293.5	
-24144.8	
-9601.87	
-9841.3	
-12933.9	
-29052.8	
-8226.25	
-34423.5	
-17852	
-14817.4	
-17465.1	
-13007.5	
-8507.81	
-10746.8	
-21592.3	
-7014.83	
-16828.4	
-28085.8	
-29672.9	
-19006	
-12212.3	
-13378.6	
-12120.3	
-11059.7	
-11569.4	
-7091.21	
-3583.77	
-16315.8	
-7615.78	
-9883.74	
-12347.9	
-17952.3	
-6523.79	
-11265.6	
-27361.5	
-9387.24	
-11608.9	
-8618.54	
-9560.69	
-31633.8	
-13504.5	
-12717.9	
-26928.7	
-28717.8	
-13914.1	
-23597.2	
-14448.3	
-13274.6	
-23327.9	
-14907.2	
-6868.53	
