-224.87	
-148.619	
717.599	
610.078	
626.98	
892.27	
340.419	
-49.6186	
-175.96	
-31.7045	
246.904	
100.408	
389.148	
-67.6435	
-57.9898	
505.712	
938.391	
-554.183	
1139.84	
1791.54	
675.152	
576.899	
137.806	
2533.12	
935.152	
-62.6294	
803.348	
3954.68	
-94.9058	
607.314	
1060.65	
313.541	
365.383	
2473.15	
1660.55	
-51.3599	
687.827	
367.115	
-600.723	
905.236	
2049.19	
1635.73	
607.795	
1096.81	
2727.43	
1846.85	
3792.74	
3032.06	
4533.78	
551.323	
1038.3	
840.981	
1800.91	
2170.17	
121.384	
1735.56	
1003.72	
485.01	
-581.062	
463.279	
1350.24	
3014.21	
760.759	
152.547	
927.448	
-240.93	
638.474	
1123	
2540.29	
584.65	
1015.52	
698.529	
975.62	
2092.37	
500.462	
2867.49	
2044.11	
-48.8744	
914.13	
1043.64	
986.555	
707.402	
3885.1	
2924.37	
501.067	
28.8741	
1584.69	
2354.56	
2491.6	
1510.28	
2967.38	
42.3125	
318.253	
-71.6018	
-159.558	
536.115	
467.044	
484.51	
1921.01	
1953.08	
2604.89	
1875.65	
4716.18	
163.631	
2303.28	
327.615	
306.427	
1261.11	
-311.204	
2646.5	
-231.241	
598.825	
137.293	
227.013	
184.126	
436.405	
866.218	
1353.05	
743.639	
703.923	
2243.05	
766.597	
1312.91	
416.215	
3361.38	
1240.29	
323.881	
443.469	
572.893	
589.93	
562.985	
189.018	
1109.23	
1789.49	
532.51	
1265.06	
1139.51	
1117.43	
2368.92	
3932.14	
359.801	
630.196	
847.797	
1273.27	
735.167	
1730.39	
24.9645	
584.727	
1057.79	
671.88	
403.595	
-181.815	
305.851	
1667.48	
407.689	
128.566	
-219.931	
824.318	
30.5989	
12.5699	
382.208	
154.103	
502.122	
927.834	
-99.683	
336.16	
1432.19	
1224.42	
566.656	
707.465	
492.49	
159.732	
631.13	
203.815	
-111.328	
611.983	
-653.141	
1264.66	
1395.23	
2021.92	
2745.24	
201.501	
902.9	
1562.71	
1361.81	
612.036	
2909.63	
3673.17	
-1161.52	
1656.22	
903.577	
1897.98	
2105.52	
1905.8	
3613.03	
2284.56	
1039.71	
280.837	
-247.086	
354.491	
620.533	
94.444	
685.097	
785.418	
829.924	
-232.397	
872.037	
1601.19	
1473.57	
756.116	
-524.097	
44.2077	
772.789	
569.415	
-494.008	
110.078	
495.053	
44.2077	
1118.26	
1433.32	
358.483	
774.241	
41.9695	
1391.56	
850.802	
1420.32	
-2.74823	
503.335	
1402.93	
1311.91	
1298.59	
526.91	
917.593	
1107.8	
1707.45	
-10.1538	
97.4274	
412.783	
437.137	
734.268	
1707.45	
-31.4749	
1571.7	
-103.543	
-565.249	
522.909	
379.384	
734.259	
728.793	
470.831	
588.107	
-793.422	
12.4254	
1941.54	
1275.23	
2528.04	
158.686	
1045.19	
227.326	
1151.75	
1257.04	
1050.23	
287.207	
537.513	
552.507	
2022.26	
2940.27	
1050.23	
305.661	
77.7021	
855.109	
195.684	
834.028	
482.154	
96.438	
399.897	
1003.48	
572.779	
1744.31	
1169.24	
425.347	
61.9425	
1214.44	
2304.13	
750.009	
572.779	
34.0562	
1970.58	
457.192	
-79.1026	
493.406	
3104.61	
2217.27	
-271.259	
3347.96	
1095.91	
74.4733	
1046.28	
546.765	
853.393	
1433.32	
132.216	
2981.49	
625.593	
561.976	
-296.189	
1044.98	
2028.4	
163.037	
3049.34	
1335.2	
-563.931	
130.626	
1469.45	
2438.59	
258.005	
625.593	
-304.697	
306.557	
618.644	
2088.6	
138.767	
-410.247	
934.745	
586.733	
703.923	
655.278	
64.6321	
1594.76	
3227.37	
1316.75	
316.387	
900.067	
1199.34	
743.941	
582.747	
814.147	
1061.59	
668.244	
395.212	
288.818	
-15.2469	
754.247	
640.784	
1386.45	
1006.36	
806.494	
647.12	
443.737	
145.543	
1190.24	
2897.03	
190.344	
886.331	
-7.01547	
2677.75	
1476.09	
886.331	
295.577	
455.258	
2678.88	
561.976	
5074.08	
4412.05	
442.311	
606.317	
4194.96	
536.569	
-628.348	
1088.42	
1599.36	
1626.26	
680.526	
1167.53	
401.26	
910.231	
144.454	
2198	
1085.61	
437.355	
-59.5146	
859.289	
2408.78	
1483.41	
777.219	
1127.5	
506.201	
3429.05	
-296.189	
2930.38	
4545.5	
746.384	
-140.659	
756.868	
1518.55	
1954.22	
1763.37	
3434.73	
1317.51	
1728.22	
3178.17	
-174.099	
-283.766	
2091.93	
845.58	
381.782	
1259.64	
2025.58	
2647.99	
714.181	
1849.41	
1571.7	
193.051	
577.94	
855.936	
2193.28	
1159.42	
854.584	
1044.98	
2321.72	
-194.954	
652.442	
1033.94	
718.688	
1967.69	
835.138	
766.028	
2798.21	
5532.97	
746.516	
1271.96	
619.93	
-121.387	
195.432	
619.93	
1085.25	
760.67	
499.89	
3108.63	
2082.53	
206.975	
329.099	
1218.29	
1079.42	
860.924	
108.837	
1111.47	
-24.398	
2243.05	
231.51	
792.737	
2588.43	
320.088	
1252.98	
383.482	
-221.459	
1986.98	
1838.56	
-542.681	
3600.31	
201.909	
2048.16	
941.834	
-147.069	
-303.62	
355.655	
144.454	
3072.63	
546.765	
980.18	
51.0534	
273.916	
1840.73	
688.762	
2158.34	
1192.16	
3358.02	
888.537	
1825.02	
1062.95	
1046.28	
495.371	
163.037	
1913.16	
353.926	
1894.33	
973.284	
1577.09	
296.852	
1357.03	
1039.34	
767.729	
106.512	
69.9352	
1231.53	
1089.09	
1588.08	
310.67	
196.433	
649.812	
807.854	
1540.09	
845.58	
462.484	
1934.7	
311.843	
714.181	
291.59	
1103.58	
1177.14	
544.081	
709.732	
241.392	
-380.767	
2695.28	
-7.68744	
2337.65	
2091.93	
760.67	
647.52	
-310.809	
1970.58	
-256.033	
1039.34	
195.086	
1583.68	
2678.18	
3752	
1982.15	
1722.75	
418.889	
-121.387	
615.801	
1593.5	
1965.82	
1177.14	
267.148	
2598.72	
1021.72	
848.101	
762.967	
1200.26	
1937.1	
-173.502	
1336.34	
1683.35	
2954.03	
1720.03	
3324.4	
2066.6	
2063.61	
1814.75	
2991.92	
2028.4	
1894.33	
848.101	
-240.619	
1134.63	
250.145	
1712.98	
766.597	
482.408	
938.693	
-556.873	
864.528	
1253.27	
252.569	
196.001	
686.198	
64.2791	
1886.64	
2572.03	
-147.069	
375.196	
1388.59	
150.531	
-0.688247	
665.481	
1072.52	
-539.013	
2571.69	
1236.73	
-753.382	
2121.57	
2942.13	
2538.53	
3984.29	
336.361	
855.936	
1050.52	
2929.09	
422.898	
-65.5295	
-350.44	
1354.96	
698.955	
363.102	
923.2	
1436.89	
1833.88	
807.854	
1722.75	
64.2791	
2344.6	
1050.52	
192.74	
-1228.02	
1365.19	
1370.7	
-8.31672	
1145.64	
1203.55	
2965.89	
-0.688247	
1297.82	
-267.614	
196.433	
1844.4	
2720.98	
-413.808	
776.26	
647.52	
2904.41	
1065.63	
2513.3	
1866.82	
1992.77	
618.644	
121.469	
61.9425	
2028.59	
724.722	
314.653	
-132.408	
538.62	
305.661	
1693.5	
-8.5416	
2710.68	
-413.808	
-79.5398	
2441.31	
1373.69	
2929.09	
1970.17	
2396.13	
2513.3	
3263.28	
237.851	
22.7264	
4266.18	
4446.7	
-666.195	
1721.82	
386.149	
1899.66	
929.438	
64.5639	
2839.79	
-223.536	
1328.62	
1923.76	
857.193	
-341.3	
1957.82	
22.7264	
-147.446	
1233.68	
2906.47	
2039.38	
-209.976	
1569.8	
305.301	
2651.07	
220.782	
1312.91	
1640.77	
880.701	
3862.99	
2766.25	
-572.435	
-100.589	
1145.76	
3180.77	
3243.48	
2762.93	
1956.63	
794.27	
455.258	
321.3	
1292.9	
522.33	
2816.93	
47.1554	
1970.2	
1426.93	
1088.42	
556.411	
2306.84	
1266.14	
-100.589	
1638.76	
519.41	
655.126	
659.55	
1065.63	
1044.88	
135.753	
1912.79	
938.693	
-651.612	
-1228.02	
3177.16	
-261.496	
425.347	
1016.98	
400.138	
2275.77	
5074.08	
2766.25	
1396.49	
442.577	
1562.94	
1415.49	
3003.15	
1435.79	
-142.498	
1126.56	
2723.5	
-261.496	
1525.91	
416.215	
741.472	
624.898	
220.461	
2693.92	
1635.65	
1095.29	
1315.46	
2495.89	
846.988	
506.201	
456.074	
2904.41	
2378.77	
2452.47	
-391.857	
2832.99	
823.293	
835.138	
211.913	
-75.6869	
1585.04	
403.777	
3024.11	
2459.5	
1952.77	
1105.16	
846.988	
1759.67	
230.679	
1041.72	
1360.74	
231.233	
1097.08	
192.197	
125.547	
784.025	
2206	
427.747	
2563.99	
195.432	
1996.37	
958.312	
538.62	
1192.16	
558.209	
3579.7	
1057.43	
280.802	
3490.98	
1012.23	
2280.09	
1656.4	
2236.67	
2987.58	
2572.06	
2712.28	
958.312	
1930.11	
989.102	
-79.5398	
1278.19	
2361.04	
1554.1	
2672.34	
-95.2191	
296.852	
-666.195	
1638.24	
1354.96	
343.279	
5159.09	
1145.76	
2295.85	
943.477	
-468.464	
3177.16	
2075.42	
1954.22	
1905.06	
1147.96	
2563.99	
566.287	
1394.36	
1037.96	
2642.89	
2838.89	
1046.88	
1638.24	
497.064	
1377.95	
1227.52	
657.688	
-278.638	
3020.3	
-426.661	
3059	
2401.59	
241.392	
199.818	
2945.14	
411.198	
4446.7	
663.529	
600.159	
140.69	
463.322	
2398.4	
1372.02	
-59.8734	
2399.87	
298.167	
1452.08	
20.7013	
3361.38	
1729.33	
3919.64	
280.837	
3008.31	
4813.6	
448.218	
421.199	
140.69	
336.361	
2002.25	
655.126	
912.332	
-711.993	
3118.21	
99.6341	
-42.6328	
740.23	
2888.8	
331.723	
-79.9846	
1684.95	
1452.08	
3669.71	
1439.69	
1295.83	
437.427	
211.675	
-271.241	
-207.044	
1351.29	
770.184	
261.665	
-88.5503	
5598.23	
-616.155	
-79.9846	
344.289	
492.467	
354.491	
4581.26	
-147.446	
422.898	
260.508	
462.043	
2762.93	
4098.9	
885.469	
1048.38	
819.335	
-298.902	
224.302	
304.951	
155.34	
2383.6	
36.3484	
2495.89	
1033.94	
4686.66	
260.241	
1901.8	
5022.9	
5307.64	
578.712	
-114.215	
2383.6	
884.664	
-341.3	
600.236	
1516.49	
1595.03	
385.51	
708.247	
785.418	
1099.33	
309.903	
689.215	
-413.976	
1079.22	
1571.8	
1684.81	
2331.98	
454.999	
1043.17	
1910.05	
1328.62	
-391.857	
-409.367	
910.776	
456.074	
616.629	
-22.062	
475.268	
3648.37	
1093.92	
3933.27	
1283.54	
230.679	
1375.72	
3243.48	
2331.98	
369.267	
705.697	
1907.27	
1384.14	
81.242	
1214.15	
166.749	
2803.17	
80.407	
2092.71	
1439.12	
1400.68	
1338.62	
1042.57	
1220.47	
1118.47	
801.331	
1888.1	
1601.19	
85.3521	
-325.165	
1287.53	
1349.23	
2272.76	
1932.63	
1240.29	
122.409	
1457.56	
2641.56	
261.665	
546.466	
126.386	
492.45	
1042.57	
971.605	
356.051	
613.637	
1062.18	
1263.66	
2291.18	
791.687	
2088.95	
495.959	
435.465	
2.27849	
759.116	
3872.28	
1557.42	
-60.9995	
519.41	
854.41	
1073.13	
804.746	
943.477	
806.327	
691.439	
1391.56	
358.984	
-278.638	
1143.59	
737.886	
13.7944	
798.089	
759.116	
-426.661	
213.413	
649.197	
3003.36	
2905.57	
1435.79	
2184.86	
1377.1	
1062.95	
1389.36	
1859.16	
2402.53	
1137.55	
2617.76	
1656.4	
1216.12	
348.76	
677.725	
1795.72	
1024.73	
3275.7	
36.5478	
2940.27	
50.0065	
691.439	
482.154	
158.893	
1830.73	
779.979	
341.854	
1978.35	
27.1651	
-142.498	
106.323	
2863.11	
3975.77	
3626.81	
2258.89	
272.494	
-486.626	
-578.757	
3228.08	
-44.445	
1162.54	
801.463	
2337	
2424.29	
1065.45	
2903.74	
1188.29	
819.335	
167.636	
1437.68	
-82.9789	
590.371	
678.703	
2981.49	
1638.22	
260.508	
524.404	
407.689	
36.5478	
742.383	
1901.8	
770.184	
1562.11	
1387.04	
2603.99	
1716.04	
741.472	
2514.15	
2924.17	
432.5	
6206.66	
3506.85	
4432.16	
648.389	
1968.99	
-372.869	
2955.42	
191.192	
2519.03	
793.486	
1657.74	
-307.864	
-82.9789	
777.447	
388.275	
1990.79	
1536.85	
319.893	
-679.543	
567.825	
3139.65	
1105.16	
2914.85	
2149.54	
373.978	
1147.96	
606.317	
1313.78	
1140.95	
2337.65	
308.127	
1483.35	
913.624	
1700.49	
315.9	
4126.38	
2248.48	
3033.04	
1300.39	
1214.15	
921.48	
571.568	
1657.74	
733.156	
99.1082	
318.925	
-190.299	
910.776	
-176.51	
959.639	
3096.7	
898.334	
381.782	
4430.41	
113.979	
859.289	
1423.67	
4853.01	
691.277	
2178.96	
1803.6	
1952.77	
3547.66	
166.749	
1083.54	
2800.68	
814.4	
1289.39	
3922.97	
604.359	
1095.34	
585.041	
-186.694	
2266.36	
1395.22	
1375.72	
-123.778	
1850.61	
-24.398	
-916.237	
1300.39	
-104.857	
831.659	
347.082	
1032.84	
128.566	
-28.2855	
748.016	
940.748	
1952.12	
1478	
1139.57	
5020.73	
419.262	
715.287	
836.921	
-609.921	
2741.23	
231.233	
1526.96	
361.22	
1011.39	
274.212	
4556.24	
441.888	
897.373	
1637.71	
2266.36	
1633.61	
546.466	
531.55	
1539.4	
1357.03	
278	
1389.36	
608.507	
2194.18	
2139.97	
2991.92	
2363.75	
1393.99	
84.7687	
949.32	
1830.73	
1970.52	
2303.72	
742.577	
303.009	
2987.58	
495.087	
2389.84	
298.167	
663.685	
1216.12	
1827.21	
2354.29	
5636.41	
720.405	
2792.26	
2279.66	
89.2322	
1022.97	
1747.57	
-1217.52	
4556.24	
2800.6	
168.352	
2311.85	
2.79121	
629.877	
1814.75	
2369.09	
4141.74	
1743.25	
-26.5786	
-507.061	
2404.12	
2641.56	
1639.93	
108.511	
3163.69	
2712.28	
1821.29	
-221.459	
-523.612	
774.241	
282.789	
2279.66	
567.037	
449.595	
722.193	
-237.629	
-425.264	
-277.235	
954.563	
2603.99	
1661.9	
936.708	
961.106	
5534.4	
1329.49	
1001.83	
167.84	
-219.931	
1072.35	
1660.24	
1436.89	
86.4651	
1502.09	
675.69	
654.378	
2082.46	
-832.922	
989.102	
1431.99	
1427.27	
-40.7807	
109.545	
4090.21	
3984.29	
641.75	
1990.79	
722.193	
549.123	
71.0576	
1647.17	
-307.864	
402.766	
-77.5218	
937.265	
2869.15	
333.2	
3476.74	
2076.6	
2273.75	
318.416	
263.437	
2396.13	
660.854	
943.321	
4296.18	
-789.99	
3669.71	
1905.64	
3040.23	
-288.936	
1037.96	
-628.643	
1625.37	
1647.17	
1293.36	
462.483	
821.37	
2022.26	
3272.3	
1371.29	
3775.35	
2262.01	
-369.418	
374.277	
606.665	
1423.67	
1171.32	
260.155	
1143.59	
352.5	
705.761	
2631.13	
-1318.73	
405.53	
3406.93	
419.262	
-7.40335	
802.111	
1873.8	
2187	
2838.89	
462.483	
1130.06	
1214.04	
829.416	
741.458	
1803.6	
109.598	
2478.28	
1065.79	
1703.23	
5492.82	
4755.01	
-317.909	
776.26	
-507.13	
742.286	
642.998	
2496.05	
1048.7	
657.688	
1038.22	
1531.08	
522.33	
1891.65	
337.75	
1972.53	
2384.47	
2176.16	
-151.105	
1611.06	
762.967	
-133.845	
829.416	
775.796	
824.318	
645.632	
1656.7	
4169.36	
187.012	
853.393	
348.193	
715.287	
1164.08	
1011.39	
312.975	
916.913	
299.724	
991.024	
1695.39	
4022.51	
143.971	
942.903	
1081.27	
1235.45	
1678.88	
1729.33	
1525.91	
4686.66	
553.852	
1711.04	
-507.061	
-18.6297	
1656.7	
3592.43	
-57.9898	
4335.93	
790.34	
156.581	
667.009	
555.373	
-534.644	
-169.531	
1039.92	
1470.24	
1312.51	
481.908	
1497.87	
2028.59	
1552.81	
30.5989	
1957.65	
1710.21	
486.188	
-365.868	
396.673	
91.438	
-184.967	
914.789	
502.911	
1327.55	
3275.7	
4535.05	
758.013	
752.788	
3557.57	
558.209	
1390.53	
2003.9	
3592.43	
453.42	
70.0619	
2563.54	
1496.45	
1374.5	
468.581	
1514.77	
948.362	
1032.73	
219.786	
282.789	
1187.5	
21.4381	
4266.18	
3008.31	
3188.42	
-523.612	
2709.55	
372.074	
2897.03	
2002.25	
426.537	
919.44	
2798.35	
330.132	
3615.97	
1747.14	
912.564	
1056.17	
70.0619	
615.913	
1905.06	
476.619	
505.712	
416.587	
1786.31	
1027.61	
3357.44	
4223.87	
1548.09	
2749.62	
1703.59	
858.28	
2655.93	
556.411	
1747.72	
-88.5503	
1343.52	
1275.55	
551.323	
2076.6	
3861.02	
543.772	
353.425	
2622.57	
3188.22	
902.739	
3108.33	
979.848	
732.713	
3648.37	
1049.68	
12.5699	
1206.77	
979.848	
-304.23	
1171.32	
1888.23	
364.538	
1848.98	
4813.6	
1613.4	
951.961	
3700.46	
1183.34	
2385.83	
-628.643	
1437.68	
-475.312	
446.253	
168.602	
1121.16	
795.13	
3200.22	
1338.35	
1391.67	
2408.78	
1038.3	
686.847	
1338.35	
1034.52	
841.581	
-361.787	
846.071	
347.656	
1277.88	
2918.32	
2252.91	
30.4051	
1421.83	
1586.73	
-194.954	
740.406	
1710.69	
1003.88	
4581.26	
938.391	
310.933	
889.308	
5598.23	
-1045.4	
492.467	
949.403	
1065.79	
2070.38	
3180.77	
1678.88	
1071.39	
145.35	
954.709	
954.709	
-27.8686	
930.664	
-239.782	
2864.02	
567.848	
1333.55	
1882.09	
840.981	
3087.28	
957.251	
580.755	
912.454	
1093.92	
598.46	
1497.43	
1759.9	
1216.75	
145.941	
1865.85	
1677.78	
3490.98	
670.768	
5307.64	
3600.31	
1287.53	
2420.85	
775.796	
1677.78	
502.55	
0.593249	
4180.26	
2719.44	
742.629	
122.423	
1159.96	
382.208	
379.037	
1939.19	
3895.31	
828.058	
734.72	
-9.14957	
1736.09	
-554.183	
3345.64	
3385.63	
1235.36	
1800.91	
223.343	
1836.84	
1264.2	
101.73	
778.539	
426.537	
567.825	
316.908	
778.539	
2812.12	
356.051	
1280.12	
1493.11	
2154.96	
347.09	
2465.38	
942.903	
421.753	
1309.9	
-56.5752	
1116.54	
1086.6	
-27.3186	
586.548	
-352.673	
501.172	
1069.26	
2170.17	
5022.9	
219.786	
695.808	
2080.72	
708.247	
1591	
1562.94	
1681.56	
496.656	
2080.72	
2448.1	
2433.6	
-425.107	
654.759	
3313.1	
101.541	
348.76	
1535.44	
977.246	
777.696	
536.098	
2399.79	
415.827	
1139.84	
437.453	
1382.38	
64.6635	
358.984	
227.326	
448.218	
1039.71	
373.885	
-80.0149	
800.693	
-793.422	
235.847	
703.59	
1548.75	
1034.52	
2953.45	
2953.45	
-380.767	
1328.97	
3287.28	
-755.384	
-66.5762	
1668.77	
1543.97	
1753.53	
3312.63	
2092.71	
121.384	
1176.27	
2711.13	
678.703	
169.674	
4431.41	
1217.11	
1342.58	
282.465	
2709.55	
4630.57	
-247.086	
-7.01547	
894.049	
2032.77	
592.464	
1224	
1125.5	
1125.5	
1595.03	
2499.56	
3089.12	
2059.41	
320.522	
331.485	
225.606	
1281.12	
1023.94	
2149.54	
959.639	
2955.7	
1183.34	
688.453	
362.485	
1683.17	
190.344	
530.282	
922.59	
1791.54	
1395.22	
1078.83	
525.04	
1201.71	
1735.56	
-201.324	
2101.66	
1439.12	
3038.54	
2428.93	
1760.94	
-155.468	
565.765	
731.912	
1937.1	
239.65	
655.673	
-220.311	
1760.94	
554.303	
676.094	
1384.14	
1854.65	
740.406	
1397.06	
705.484	
597.102	
2459.5	
-509.503	
1760.8	
2194.18	
1324.58	
978.14	
1642.97	
1177.92	
1789.49	
1642.97	
830.251	
2940.25	
-57.4137	
1710.69	
1024.73	
585.435	
1925.47	
536.2	
1163.17	
675.152	
791.687	
2269.75	
464.432	
1107.9	
2240.42	
2618.91	
3163.69	
252.047	
185.653	
566.656	
1014.47	
446.253	
767.801	
476.054	
561.377	
-60.9995	
476.054	
1141.33	
1.42803	
1083.54	
772.742	
1336.34	
2138.55	
1759.9	
588.509	
685.097	
1281.56	
532.51	
1052.1	
297.933	
766.028	
1533.88	
746.516	
2088.95	
2523.29	
104.477	
1048.86	
1333.61	
707.465	
1152.96	
2070.79	
1460.79	
170.138	
2070.79	
1865.85	
1062.18	
2503.41	
2224.52	
715.496	
1152.85	
-396.145	
1224.35	
475.817	
1093.2	
-77.5218	
1768.46	
497.534	
449.594	
1003.72	
308.017	
492.49	
1763.26	
848.385	
466.57	
2351.5	
767.331	
1265.06	
2351.5	
145.941	
2236.67	
-196.79	
1745.17	
1195.4	
1148.05	
1709.81	
1069.26	
1377.1	
3874.04	
709.344	
2954.03	
405.53	
77.0543	
229.035	
2524.67	
-87.7741	
2544.32	
159.732	
1048.49	
1169.13	
1513.13	
-375.272	
2903.74	
1513.13	
1459.98	
4483.4	
561.362	
1343.66	
533.348	
1847.39	
1030.27	
515.774	
1139.51	
519.435	
1558.63	
872.037	
88.092	
-352.673	
485.01	
225.606	
98.7486	
2184.86	
404.237	
2800.68	
2424.29	
2593.83	
631.13	
645.632	
791.147	
195.086	
-111.852	
2791.51	
462.484	
2059.41	
-134.448	
623.722	
655.673	
496.656	
375.001	
497.445	
897.569	
-130.117	
649.197	
744.614	
3753.67	
61.1861	
-581.062	
934.176	
2312.13	
123.379	
2642.89	
1117.43	
1745.6	
3324.4	
1146.94	
203.815	
3062.51	
3484.04	
172.016	
914.789	
1024.83	
905.006	
2662.77	
1711.9	
1749.18	
1415.84	
2258.89	
1236.25	
2519.03	
4917.29	
92.1724	
453.738	
1095.45	
-111.328	
2066.6	
1432.32	
912.5	
239.65	
2016.58	
2435.47	
256.604	
814.4	
1197.8	
1737.22	
635.284	
2571.69	
330.132	
2368.92	
1141.33	
418.157	
3626.81	
2247.56	
1281.12	
349.47	
1666.78	
-17.9543	
463.279	
-284.163	
1022.15	
1473.57	
1494.84	
5834.82	
-11.669	
484.838	
4425.32	
620.533	
4126.38	
106.323	
-388.179	
1102.84	
2297.85	
3176.67	
1848.98	
314.653	
1902.13	
2070.38	
-1161.28	
3382.8	
2677.78	
2036.9	
3932.14	
643.266	
1691.68	
2861.13	
570.35	
363.102	
1891.97	
2973.55	
1992.77	
-496.473	
2463.3	
613.18	
207.338	
569.343	
829.924	
157.864	
-95.2275	
1350.24	
-913.26	
469.834	
1326.61	
1812.55	
2369.05	
2062.41	
1710.33	
1163.17	
693.039	
229.035	
2401.59	
4415.8	
4130.16	
1692.84	
1281.56	
1700.49	
-1615.31	
-9.14957	
2924.17	
756.116	
1289.39	
-119.825	
1378.29	
1311.91	
2514.15	
265.383	
1035.44	
929.438	
61.604	
116.878	
1667.36	
4560.62	
1180.12	
116.044	
1106.62	
1256.51	
917.593	
1235.36	
480.596	
608.927	
1716.04	
877.553	
294.899	
1350.39	
436.693	
855.109	
16.7701	
3014.21	
2193.32	
1398.05	
905.006	
3979.4	
1992.48	
1959.24	
1214.44	
-396.145	
2275.77	
1633.61	
-219.787	
2712.34	
2544.32	
-211.428	
111.608	
2473.76	
1281.6	
1134.62	
1257.04	
2770.16	
1376.61	
-209.976	
188.885	
501.172	
1208.89	
1881.69	
2816.93	
1530.93	
2070.16	
1878.11	
845.61	
-179.332	
582.257	
2914.85	
1642.63	
2519.14	
475.444	
-97.4762	
2248.48	
392.953	
1095.91	
3118.21	
900.067	
3003.15	
2914.57	
-117.53	
937.607	
788.067	
1411.72	
1512.4	
3922.97	
3139.65	
783.081	
1176.27	
519.435	
2043.14	
43.1826	
1024.83	
964.562	
713.046	
338.686	
719.859	
1210.14	
1737.22	
743.941	
1079.24	
760.759	
2406.79	
2330.97	
350.685	
-679.543	
496.224	
1458.32	
1483.41	
2111.47	
2101.66	
-189.48	
264.806	
964.691	
910.231	
2661.6	
2948.04	
1496.38	
589.062	
1031.82	
1970.52	
814.147	
2810.82	
1272.41	
517.247	
659.206	
2768.4	
429.903	
1152.41	
280.802	
1476.9	
902.246	
1492.82	
-110.756	
3802.03	
569.343	
495.281	
4430.41	
1620.2	
2940.25	
3024.11	
-328.12	
-248.107	
98.7486	
499.89	
2474.27	
1041.72	
3335.85	
1764	
686.665	
256.604	
1061.59	
569.775	
742.577	
-42.9488	
1672.55	
1042.58	
735.394	
3096.7	
218.397	
3033.04	
1779.2	
4098.9	
718.73	
2021.27	
1411.94	
327.615	
1052.1	
219.232	
668.244	
716.553	
1565.42	
-692.322	
113.979	
2347.71	
2158.34	
361.733	
3274.66	
1667.36	
1623.05	
67.82	
-148.566	
217.095	
-212.654	
497.445	
2048.02	
-262.271	
608.705	
1294.54	
1788.02	
395.212	
269.554	
2672.34	
643.266	
1768.05	
-466.327	
63.291	
3446.37	
263.437	
1848.02	
441.888	
3081.36	
-92.1919	
522.509	
-711.993	
2678.18	
1252.98	
2198.11	
-26.5786	
875.141	
306.427	
2094.95	
288.818	
466.57	
362.219	
946.337	
199.818	
1530.93	
1047.5	
981.899	
2658.25	
168.734	
542.379	
79.9762	
1106.3	
1043.17	
-1095.58	
1478	
1598.52	
836.921	
1522.75	
1126.28	
2040.24	
2470	
-15.2469	
1051.15	
349.47	
1030.27	
-198.86	
3167.9	
3052.6	
2479.96	
659.683	
600.159	
748.016	
461.105	
61.604	
893.45	
256.791	
1261.11	
734.47	
93.8014	
3009.27	
237.961	
-175.577	
2705.77	
754.247	
1576.27	
1146.94	
-333.71	
1967.61	
2914.57	
1298.76	
88.2828	
1866.82	
-364.787	
89.2322	
674.349	
1075.51	
840.055	
1198.45	
2895.95	
2247.56	
1001.83	
1592.25	
-109.533	
1889.98	
94.444	
884.664	
443.433	
1622.79	
96.4336	
819.738	
2176.16	
340.176	
2401.5	
119.32	
845.61	
1426.72	
224.302	
-913.26	
1593.5	
1608.72	
297.29	
2363.75	
-275.351	
4096.34	
743.196	
-311.204	
547.397	
1338.62	
603.867	
1070.33	
1691.68	
211.675	
3266.22	
1115.58	
290.154	
316.37	
2389.84	
495.281	
1145.74	
2139.97	
-12.5886	
572.566	
442.109	
-338.125	
2735.88	
-232.397	
2425.21	
2343.12	
160.215	
132.85	
-263.414	
268.614	
1378.29	
1169.85	
2028.24	
-117.53	
747.021	
358.448	
1586.13	
376.685	
1942.44	
1486.16	
2335.76	
2646.5	
679.476	
436.693	
-371.359	
608.705	
1821.29	
600.941	
-393.686	
836.789	
2832.92	
1959.24	
-298.902	
1574.53	
2273.75	
-671.531	
1487.28	
4141.74	
3557.57	
684.382	
603.277	
971.605	
-494.008	
809.116	
334.745	
2756.7	
4147.66	
1263.66	
864.504	
1349.23	
1428.09	
2511.62	
724.722	
1902.03	
1620.2	
1048.39	
754.266	
1230.45	
1827.21	
-216.692	
279.234	
629.877	
2326.82	
704.187	
1235.33	
1592.96	
689.626	
2124.61	
-97.4762	
-472.289	
874.827	
2079.42	
475.268	
-9.36499	
-231.241	
12.4254	
903.983	
3167.9	
1588.55	
1410.41	
2565.59	
1509.4	
-960.788	
842.303	
392.953	
1289.16	
110.172	
4641.13	
1947.53	
5020.5	
1942.04	
-12.94	
2187.82	
4090.21	
1281.47	
2048.02	
1602.79	
2262.01	
2311.51	
5534.4	
269.874	
473.234	
487.905	
1337.12	
-433.248	
496.224	
787.612	
795.13	
275.386	
589.062	
158.893	
1698.41	
2331.6	
1457.56	
1635.65	
-486.626	
943.296	
2272.76	
598.825	
3783.32	
2040.24	
297.29	
149.865	
416.525	
3138.93	
2095.13	
74.4733	
1312.5	
2354.29	
928.547	
1525.34	
-23.6998	
936.708	
743.177	
1587.33	
1764	
2047.73	
617.049	
1189.92	
1539.8	
803.195	
738.479	
1831.03	
1644.29	
601.159	
2233.58	
856.951	
693.757	
4180.26	
2496.05	
358.448	
913.624	
3230.95	
1565.42	
798.089	
601.752	
2598.05	
538.35	
4296.18	
2307.8	
851.358	
640.784	
1251.26	
235.658	
2132.59	
119.32	
1483.35	
-935.109	
361.733	
412.783	
2739.83	
1170.22	
3476.74	
690.518	
1086.94	
1278.19	
1409.22	
1359.86	
1879.74	
1154.47	
142.025	
2519.42	
1848.02	
5636.41	
2544.28	
333.2	
1332.14	
172.606	
-59.5146	
223.389	
1544.84	
3872.28	
1978.35	
1443.97	
754.266	
1427.53	
280.615	
2383.51	
1522.75	
747.021	
-304.697	
953.788	
1848.9	
-164.412	
2469.87	
203.872	
74.3931	
2476.33	
1106.3	
-702.443	
2705.77	
3501.6	
1562.11	
916.913	
1591	
1569.23	
3406.93	
2741.23	
96.4336	
1145.74	
1942.44	
2756.7	
2124.61	
1942.04	
2331.6	
1101.78	
1508.87	
1205.12	
1806.87	
247.473	
2646.97	
-18.0281	
1394.39	
1333.79	
2187.82	
-609.921	
3775.35	
1159.42	
1259.64	
1371.29	
1048.39	
2559.84	
1029.96	
3919.64	
1340.87	
720.405	
765.685	
-40.5755	
840.055	
1503.78	
1620.52	
319.893	
2617.76	
1800.68	
1098.83	
564.556	
851.377	
1819.19	
1550.58	
502.911	
1838.56	
663.112	
2384.47	
1587.33	
2202.55	
1281.47	
249.867	
3024.07	
-303.62	
616.395	
318.925	
153.115	
3269.14	
4630.57	
160.215	
-317.909	
949.32	
1211.23	
84.7687	
1038.22	
189.913	
1807.67	
206.278	
444.325	
1577.09	
966.972	
2792.26	
1081.16	
1516.49	
3228.08	
2739.83	
1301.38	
971.801	
1200.26	
801.925	
7502.47	
1644.41	
1539.8	
66.201	
2094.42	
365.973	
347.082	
3188.42	
1297.68	
1447.09	
2511.62	
615.801	
2667.39	
553.852	
1090.63	
991.024	
2751.77	
180.536	
2401.18	
3806.86	
2965.89	
1235.45	
641.75	
280.615	
531.55	
61.038	
1409.22	
275.669	
1660.24	
1420.32	
260.771	
878.477	
-57.4137	
354.827	
-173.502	
826.785	
388.275	
5020.5	
844.157	
2381.68	
1329.16	
750.911	
1720.05	
954.563	
1343.52	
1447.69	
80.8495	
435.465	
168.352	
3760.37	
2906.47	
765.685	
457.267	
-119.485	
-21.5761	
667.009	
-164.412	
91.438	
2285.12	
1683.35	
1327.55	
3783.32	
741.458	
4607.9	
78.8839	
2202.55	
-425.264	
-1040.14	
1941.54	
475.817	
1178.42	
-7.40335	
-286.362	
99.1082	
861.971	
937.265	
211.913	
1040.8	
1720.03	
277.421	
1357.63	
1114.67	
2992.16	
3700.46	
2037.72	
1503.78	
-316.981	
628.245	
71.0576	
555.373	
801.463	
618.935	
1301.38	
1258.11	
1187.5	
1561.3	
1390.53	
678.972	
-65.5295	
566.287	
2132.59	
239.424	
-1194.29	
3765.21	
1223.41	
821.37	
894.814	
396.673	
-104.857	
3272.3	
-365.868	
4966.55	
153.115	
1343.66	
1275.23	
487.53	
2918.32	
-467.744	
1551.06	
1146.72	
1048.38	
-534.644	
2469.87	
13.21	
351.739	
1017.61	
2751.77	
121.469	
1627.17	
1703.59	
921.48	
109.598	
834.636	
787.189	
1056.17	
-234.673	
1926.18	
-25.279	
1297.68	
551.842	
1167.67	
1907.27	
1637.71	
-238.042	
64.5639	
187.012	
2688.1	
2864.02	
2559.84	
732.862	
75.853	
1711.9	
732.713	
2478.28	
2311.57	
2528.04	
2381.68	
1811.81	
-169.531	
1563.94	
1275.55	
2004.05	
3632.01	
-990.158	
2385.83	
260.771	
1191.62	
166.033	
1393.99	
47.1554	
522.647	
3108.33	
790.34	
1859.16	
231.758	
871.074	
1288.86	
3024.07	
63.1577	
4607.9	
161.226	
1747.57	
336.371	
1939.19	
190.384	
4169.36	
3944.92	
-454.539	
1039.92	
948.362	
1126.56	
598.46	
3104.61	
2285.12	
639.024	
889.308	
1981.86	
1658.2	
1102.84	
191.192	
907.97	
1349.76	
7502.47	
1070.53	
310.933	
1661	
3200.22	
1114.67	
2082.46	
1882.87	
-269.106	
476.619	
1384.84	
192.197	
914.238	
2590.99	
3397.7	
-1217.52	
2835.98	
2178.96	
861.971	
1279.27	
4335.93	
1826.13	
2526.47	
3806.86	
63.6902	
586.548	
1470.24	
-304.23	
4530.33	
-95.2191	
1223.41	
1343.32	
1278.62	
709.256	
-579.658	
1836.84	
1421.35	
586.733	
1086.6	
3463.79	
-615.704	
1071.39	
1106.62	
1561.3	
1597.75	
580.755	
3760.37	
303.009	
1241.49	
1873.8	
-59.8734	
-1237.28	
1412.54	
1639.93	
1296.95	
-256.151	
140.59	
1822.08	
834.636	
1514.77	
-361.787	
633.488	
1015.66	
703.59	
1747.14	
1125.72	
-271.241	
1341.74	
-273.061	
1017.61	
415.827	
402.766	
410.878	
65.2378	
3733.02	
930.664	
817.33	
2519.14	
978.521	
4194.96	
122.423	
282.465	
223.343	
732.862	
2003.9	
-398.232	
569.449	
2047.19	
2992.16	
-40.7807	
304.951	
653.222	
2346.36	
467.1	
1697.22	
-238.042	
1040.32	
742.286	
1217.11	
1826.91	
416.587	
1245.99	
1888.23	
742.629	
558.368	
720.073	
3765.21	
871.074	
1759.38	
-22.062	
301.726	
518.095	
404.828	
896.751	
1078.83	
1493.11	
239.963	
795.589	
522.647	
1272.41	
421.753	
752.788	
-174.099	
1280.12	
652.703	
916.32	
109.545	
1775.99	
536.2	
364.538	
1926.18	
1802.14	
857.61	
1658.2	
122.409	
1910.01	
1415.26	
111.151	
-190.541	
1919.57	
841.581	
1786.31	
2472.73	
525.04	
1981.86	
353.425	
250.515	
654.759	
1048.7	
286.971	
1884.44	
1631.01	
2624.59	
3313.1	
1382.38	
13.7944	
252.047	
3274.66	
63.4818	
3632.01	
2835.98	
-114.898	
1271.96	
318.416	
1333.41	
3397.7	
1008.22	
1586.73	
820.795	
495.053	
715.496	
-595.033	
-755.384	
-239.782	
341.854	
2606.52	
1311.62	
-509.503	
1621	
-650.802	
370.215	
-27.8686	
1027.61	
1707.62	
161.226	
492.385	
3463.79	
466.231	
2420.85	
1343.32	
2212.83	
2848.38	
1668.77	
2032.77	
1195.4	
522.131	
-197.201	
855.236	
79.9762	
2711.13	
123.14	
1735.58	
-542.681	
260.155	
-95.1038	
1882.87	
2644.66	
245.39	
1573.33	
734.268	
695.808	
2719.44	
1571.66	
717.626	
1412.54	
515.774	
784.464	
565.765	
3357.44	
-384.482	
1107.9	
1341.74	
701.507	
437.453	
1539.26	
513.785	
583.108	
1224	
2955.7	
61.1861	
660.064	
520.951	
-758.978	
-560.712	
1641.23	
1177.92	
973.284	
1198.45	
4530.33	
765.427	
698.507	
1531.08	
-398.232	
2346.36	
1378.28	
865.48	
1470.84	
252.594	
-260.862	
2380.37	
731.912	
561.377	
2812.12	
2304.13	
4223.87	
-230.915	
1817.84	
92.1724	
104.477	
516.927	
3517.28	
627.318	
894.049	
314.867	
3038.54	
1397.06	
1434.35	
170.138	
1759.38	
925.113	
-284.163	
518.095	
143.971	
772.742	
1583.68	
2624.01	
1958.73	
1207.78	
813.408	
845.745	
2735.88	
140.59	
767.331	
1083.15	
843.928	
1548.09	
-98.5449	
1521.76	
2433.6	
584.414	
-4.54872	
718.372	
1469.45	
857.61	
1014.47	
937.159	
1802.14	
1324.58	
-87.7741	
848.385	
712.443	
-375.272	
570.35	
1925.47	
-184.967	
-45.6522	
847.801	
-616.636	
410.878	
2458.57	
370.512	
929.058	
-284.532	
541.682	
4415.8	
2065.38	
252.569	
-134.448	
3287.28	
2624.59	
2123.29	
2662.77	
1631.01	
576.899	
4147.66	
2803.4	
497.582	
1152.96	
30.4051	
-216.812	
1515.79	
844.393	
1040.32	
588.509	
1169.13	
1479.73	
1569.53	
1103.24	
1779.07	
919.44	
295.577	
1197.8	
1311.62	
877.553	
449.594	
2606.52	
1833.88	
1158.1	
2557.64	
-211.428	
-384.802	
2056.04	
985.03	
1245.77	
-257.438	
1571.09	
137.806	
916.32	
2848.38	
320.522	
1152.85	
567.848	
-197.201	
3176.67	
1763.26	
621.773	
2791.51	
4641.13	
543.772	
453.741	
1143.82	
1690	
3429.05	
-606.76	
1215.91	
-557.081	
783.081	
-384.482	
1847.39	
1048.7	
-95.1038	
-579.163	
1035.44	
-241.023	
1048.49	
386.149	
350.685	
330.397	
1745.17	
1854.65	
2533.12	
2103.39	
1806.82	
1641.23	
734.72	
2591.33	
3484.04	
513.785	
-179.332	
-208.331	
435.868	
1121.16	
-153.994	
820.795	
854.584	
512.641	
601.159	
2380.37	
1095.45	
-833.232	
937.607	
346.035	
585.435	
3331	
1378.28	
-248.107	
1148.05	
580.172	
-111.852	
1956.63	
85.0692	
935.152	
1411.94	
1792.53	
648.122	
855.236	
247.949	
2154.96	
2435.47	
925.113	
748.666	
686.665	
558.495	
-1045.4	
2359.99	
627.318	
664.951	
994.329	
-1227.22	
613.18	
1788.02	
1332.14	
934.542	
2138.55	
2016.28	
-98.5449	
3062.51	
1294.54	
980.18	
1958.73	
561.362	
-62.6294	
5834.82	
1535.44	
3035.26	
692.936	
595.65	
1016.98	
-198.86	
362.66	
1047.5	
413.912	
1497.43	
1753.68	
-29.8615	
937.159	
583.108	
-45.6522	
-395.418	
1622.79	
842.871	
1281.6	
247.473	
1010.92	
1166.15	
2224.52	
2016.58	
541.682	
734.47	
648.645	
-130.117	
2123.29	
803.348	
2973.55	
311.843	
3767.29	
1753.53	
-260.862	
2803.4	
-224.204	
555.571	
2832.99	
1264.2	
1008.31	
88.2828	
821.429	
1434.35	
1027.08	
719.859	
1848.07	
1749.18	
-196.79	
3877.46	
1550.58	
-388.179	
3954.68	
1342.57	
2499.56	
-27.3186	
603.867	
584.414	
1304.32	
622.407	
265.383	
1965.82	
3579.7	
1073.63	
1115.58	
2618.3	
1275.86	
370.512	
-1943.66	
-11.669	
4483.4	
157.864	
347.098	
1569.53	
735.394	
2193.32	
1921.01	
911.393	
-94.9058	
1571.09	
189.913	
-66.5762	
-371.359	
597.102	
1388.59	
1906.2	
-496.473	
5159.09	
1487.28	
556.273	
1389.09	
1564.55	
123.379	
-119.825	
-579.163	
2070.16	
607.314	
1714.42	
-208.331	
1953.08	
2269.75	
1072.04	
592.464	
2667.39	
2198.11	
1370.7	
2304.52	
-9.36499	
346.035	
469.834	
3240.74	
-98.7574	
2945.14	
-960.788	
608.927	
558.495	
257.658	
1236.25	
43.1826	
1060.65	
778.183	
2045.84	
934.542	
2604.89	
2523.29	
1720.05	
-364.787	
-155.468	
2441.31	
2038.14	
1753.68	
928.547	
1326.61	
1166.15	
-566.135	
2770.16	
1666.78	
0	
331.723	
2111.47	
313.541	
1768.46	
803.195	
1875.65	
220.247	
978.14	
-12.5886	
1258.11	
1233.68	
1411.72	
1812.55	
2036.9	
0	
3802.03	
36.3484	
365.383	
4716.18	
693.456	
142.025	
3874.04	
767.801	
638.13	
223.389	
864.504	
1146.72	
2406.79	
2369.05	
1710.33	
0	
1779.2	
2473.15	
163.631	
1558.63	
297.933	
689.215	
792.994	
1044.88	
4560.62	
1101.78	
2062.41	
517.247	
-18.0281	
654.237	
-12.94	
1660.55	
2303.28	
1167.67	
875.141	
2312.13	
1093.2	
0	
1398.05	
116.044	
1672.55	
-413.976	
1119.53	
624.898	
564.556	
1071	
663.112	
-23.6998	
1288.86	
1126.28	
-48.8744	
323.881	
0	
912.5	
1079.22	
77.0543	
-219.787	
582.257	
-692.322	
206.278	
617.054	
1097.08	
914.13	
3009.27	
1769.97	
690.518	
1070.53	
66.201	
443.469	
1494.84	
0	
1571.8	
1642.63	
-466.327	
338.686	
404.237	
706.186	
180.536	
2895.95	
1043.64	
1930.11	
572.893	
1410.98	
-702.443	
1891.97	
275.669	
63.6902	
981.899	
-189.48	
1210.14	
0	
1684.81	
1745.6	
4096.34	
986.555	
457.267	
589.93	
987.136	
-44.0248	
-1615.31	
1377.95	
1620.52	
-1237.28	
-21.5761	
3052.6	
964.691	
1476.9	
-1040.14	
-224.87	
453.738	
225.371	
2425.21	
707.402	
421.199	
562.985	
1256.51	
444.325	
-817.489	
902.246	
1967.61	
-328.12	
-148.619	
1022.15	
1932.63	
3885.1	
65.2378	
2335.76	
628.245	
2473.76	
189.018	
239.424	
344.289	
41.9695	
1492.82	
819.738	
2861.13	
2021.27	
475.444	
1109.23	
2924.37	
1428.09	
1090.63	
17.0326	
385.51	
470.831	
720.073	
787.189	
894.814	
717.599	
806.327	
316.37	
-110.756	
1692.84	
689.626	
1169.85	
110.172	
718.73	
1811.81	
705.697	
1795.72	
63.291	
-25.279	
1458.32	
110.078	
1656.22	
294.899	
-413.11	
610.078	
493.406	
750.911	
652.703	
1337.12	
836.789	
217.095	
168.734	
903.577	
659.206	
437.137	
1594.76	
190.384	
1376.61	
-990.158	
2337	
78.8839	
613.637	
1884.44	
377.508	
626.98	
1525.34	
1902.03	
522.509	
659.683	
750.009	
1897.98	
1512.4	
1042.58	
277.421	
432.5	
536.569	
1384.84	
336.371	
213.413	
523.716	
856.951	
-650.802	
892.27	
874.827	
1598.52	
1298.76	
2438.59	
2105.52	
2330.97	
2347.71	
779.979	
6206.66	
-1194.29	
1317.51	
1278.62	
2590.99	
1170.22	
1947.53	
1495.95	
340.419	
245.39	
443.433	
256.791	
2678.88	
1905.8	
2810.82	
3446.37	
416.525	
1866.82	
742.383	
3506.85	
290.154	
1967.69	
1627.17	
1822.08	
-49.6186	
-615.704	
698.507	
4545.5	
1745.42	
3613.03	
569.775	
2658.25	
1189.92	
1426.72	
268.614	
2321.72	
2284.56	
716.553	
777.447	
-175.96	
2479.96	
75.853	
1140.95	
688.762	
569.449	
538.35	
-4.54872	
633.488	
894.154	
334.745	
442.109	
1359.86	
63.1577	
3547.66	
1235.33	
-31.7045	
709.732	
301.726	
929.058	
297.324	
362.219	
1118.26	
653.222	
376.685	
1825.02	
1075.51	
1427.53	
1509.4	
246.904	
-269.106	
1139.57	
-31.4749	
-176.51	
1021.72	
-7.68744	
1051.15	
1608.72	
1415.26	
603.277	
1779.07	
1569.23	
404.828	
-236.285	
269.874	
34.0562	
-579.658	
1576.27	
2303.72	
2063.61	
100.408	
1236.73	
572.566	
704.187	
1032.84	
1008.22	
1394.39	
-257.438	
1910.01	
967.78	
1312.5	
1889.98	
2088.6	
2942.13	
1586.13	
1410.41	
1296.95	
389.148	
1743.25	
1297.82	
851.377	
1539.4	
2212.83	
1644.29	
2720.98	
-606.76	
4412.05	
743.196	
1783.19	
-114.898	
684.382	
2311.51	
249.867	
2404.12	
978.521	
-935.109	
3263.28	
1518.55	
-67.6435	
717.626	
1970.17	
2343.12	
473.234	
2326.82	
2311.85	
2591.33	
492.385	
150.839	
1211.23	
652.442	
3862.99	
679.476	
1588.55	
617.049	
-832.922	
558.368	
971.801	
2651.07	
51.0534	
765.427	
-51.3599	
3331	
-237.629	
668.34	
2644.66	
279.234	
-433.248	
851.358	
1447.09	
291.59	
250.515	
743.177	
903.983	
687.827	
1154.47	
1625.37	
2401.18	
400.138	
843.928	
549.123	
267.148	
664.951	
584.727	
1602.79	
1544.84	
520.951	
693.757	
354.827	
-595.033	
665.481	
367.115	
2095.13	
2476.33	
823.293	
802.111	
-616.636	
1293.36	
1086.94	
595.65	
-350.44	
2646.97	
1057.79	
1831.03	
252.594	
172.606	
123.14	
1866.82	
-600.723	
1029.96	
1611.06	
1251.26	
1057.43	
203.872	
1479.73	
1721.82	
-507.13	
-395.418	
2519.42	
1205.12	
671.88	
516.927	
1539.26	
905.236	
1711.04	
2295.85	
1245.77	
555.571	
312.975	
403.595	
865.48	
1083.15	
2049.19	
4535.05	
411.198	
1312.51	
1215.91	
1027.08	
1817.84	
-181.815	
847.801	
1635.73	
740.23	
3615.97	
622.407	
-153.994	
1032.73	
305.851	
845.745	
1515.79	
155.34	
3861.02	
1792.53	
-1943.66	
2749.62	
1667.48	
985.03	
1613.4	
347.656	
454.999	
801.331	
2.27849	
1137.55	
-578.757	
1968.99	
1313.78	
-557.081	
435.868	
85.0692	
2359.99	
2016.28	
-29.8615	
648.645	
1015.52	
698.529	
975.62	
2092.37	
500.462	
2867.49	
2044.11	
1003.48	
401.26	
108.837	
-256.033	
1203.55	
794.27	
1759.67	
362.66	
1010.92	
1008.31	
1848.07	
1304.32	
2618.3	
347.098	
1333.55	
828.058	
347.09	
977.246	
1548.75	
1342.58	
1201.71	
497.582	
1158.1	
453.741	
2103.39	
-833.232	
748.666	
994.329	
1421.83	
1882.09	
1736.09	
2465.38	
2399.79	
3312.63	
3089.12	
1906.2	
1564.55	
1714.42	
2304.52	
3240.74	
778.183	
2038.14	
