ibin	iptbin	itheta	r0	V	sigma2	chi	Vn Errors
0	0	0	0.2463	0.0593	281.1049	0.5835	0.0026
0	0	1	0.2633	0.0554	293.2996	0.5336	0.0056
0	0	2	0.2633	0.0553	293.4619	0.5330	0.0056
0	0	3	0.2594	0.0562	290.7060	0.5443	0.0047
0	0	4	0.2486	0.0586	283.1946	0.5750	0.0029


1	0	0	0.2735	0.0550	281.8402	0.5231	0.0060
1	0	1	0.2721	0.0554	280.7345	0.5278	0.0055
1	0	2	0.2708	0.0556	280.2500	0.5299	0.0053
1	0	3	0.2762	0.0545	283.3355	0.5166	0.0068
1	0	4	0.2748	0.0548	282.5027	0.5202	0.0064


2	0	0	0.2694	0.0580	260.6480	0.5541	0.0032
2	0	1	0.3010	0.0517	277.0463	0.4792	0.0138
2	0	2	0.2747	0.0568	264.0276	0.5388	0.0041
2	0	3	0.2774	0.0563	265.2963	0.5330	0.0045
2	0	4	0.2994	0.0522	275.9137	0.4845	0.0122


3	0	0	0.3005	0.0538	259.3693	0.4964	0.0084
3	0	1	0.3331	0.0486	271.0318	0.4390	0.0386
3	0	2	0.2886	0.0559	254.0461	0.5220	0.0050
3	0	3	0.2959	0.0548	256.9095	0.5082	0.0065
3	0	4	0.2915	0.0555	255.0327	0.5173	0.0054


4	0	0	0.2836	0.0593	233.9384	0.5554	0.0025
4	0	1	0.3083	0.0545	245.1182	0.4988	0.0072
4	0	2	0.2947	0.0569	239.6576	0.5266	0.0041
4	0	3	0.2918	0.0576	238.1069	0.5344	0.0036
4	0	4	0.3006	0.0557	242.3964	0.5127	0.0054


5	0	0	0.3088	0.0564	229.2517	0.5132	0.0050
5	0	1	0.3027	0.0577	226.3150	0.5289	0.0037
5	0	2	0.3057	0.0570	227.8863	0.5205	0.0043
5	0	3	0.3103	0.0563	229.3494	0.5127	0.0050
5	0	4	0.3119	0.0558	230.3595	0.5072	0.0056


ibin	iptbin	avgmult	avgpt	Vn mean	Vn mean Error
0	0	165.1019	0.8861	0.0569	0.0014

1	0	159.6479	0.8847	0.0550	0.0029

2	0	154.1697	0.8830	0.0550	0.0023

3	0	148.7094	0.8815	0.0537	0.0050

4	0	143.2545	0.8797	0.0568	0.0015

5	0	137.8531	0.8776	0.0567	0.0024

ibin	Nevent	totmultall	avgmultall	avgtrk
0	810735.0000	133853882.0000	165.1019	146.9014

1	1039664.0000	165980156.0000	159.6479	141.9052

2	1320560.0000	203590297.0000	154.1697	136.9055

3	1661921.0000	247143302.0000	148.7094	131.9141

4	2049576.0000	293610963.0000	143.2545	126.9228

5	2430334.0000	335029172.0000	137.8531	121.9450

