50	29838	11551
43	25753	9969
48	28479	11071
48	28847	11029
1558	943713	360160
2395	1.44787e+06	553813
2430	1.46972e+06	562485
2393	1.44363e+06	552687
2294	1.39096e+06	531429
2839	1.71884e+06	657628
2885	1.74706e+06	667905
2852	1.72956e+06	660070
2063	1.24804e+06	476085
3157	1.9053e+06	730202
3130	1.8959e+06	724445
1393	844137	321846
3492	2.11214e+06	808955
3201	1.93868e+06	741811
2795	1.69181e+06	647222
36	21617	8259
32	19527	7443
4438	2.68404e+06	1.02702e+06
2917	1.76746e+06	674569
2406	1.45507e+06	556784
4130	2.49837e+06	956004
4585	2.77506e+06	1.06118e+06
4246	2.57552e+06	984352
2978	1.79875e+06	688511
1413	856560	327099
2342	1.41396e+06	540954
3614	2.18931e+06	836470
5091	3.08312e+06	1.17746e+06
41	24812	9489
5043	3.05765e+06	1.16853e+06
5003	3.03203e+06	1.1584e+06
4402	2.66594e+06	1.01814e+06
26	15783	5986
20	11885	4627
2023	1.22409e+06	467879
36	21708	8284
25	14957	5739
5702	3.45269e+06	1.3201e+06
2074	1.25434e+06	479854
2738	1.65644e+06	633818
2727	1.65264e+06	631137
4105	2.49475e+06	951799
3383	2.04973e+06	782695
3052	1.84669e+06	706354
4353	2.63345e+06	1.00697e+06
132	79195	30310
5822	3.52545e+06	1.34768e+06
3099	1.87309e+06	716662
4188	2.52958e+06	968803
1756	1.06e+06	405930
5717	3.46737e+06	1.32386e+06
1183	714195	273056
30	18260	6989
2275	1.37749e+06	526586
35	21351	8126
6970	4.21892e+06	1.61263e+06
3040	1.83878e+06	703837
2432	1.47187e+06	562945
32	18944	7348
2632	1.59428e+06	609159
1452	881427	335809
4098	2.48489e+06	948771
2392	1.44663e+06	552797
3323	2.00973e+06	768951
2636	1.59636e+06	610417
4399	2.65961e+06	1.01889e+06
4289	2.59806e+06	993341
2179	1.31964e+06	503727
1810	1.09516e+06	418587
1360	826444	314920
3881	2.34726e+06	898715
260	157428	60124
2038	1.23523e+06	470986
3096	1.87318e+06	715805
2395	1.44962e+06	554111
2545	1.54189e+06	588348
204	122217	46920
2720	1.64518e+06	629205
3114	1.88298e+06	720389
189	113804	43571
4812	2.91439e+06	1.11451e+06
4760	2.89142e+06	1.1035e+06
2332	1.41222e+06	539351
3287	1.99494e+06	760942
4184	2.53446e+06	968557
2837	1.71962e+06	656139
4386	2.65278e+06	1.0141e+06
33	20064	7584
31	18485	7085
2689	1.63086e+06	622842
30	18121	6969
27	16180	6188
3613	2.18476e+06	836265
27	16240	6260
21	12724	4887
2082	1.26466e+06	481919
40	24292	9225
3503	2.12296e+06	810651
22	12981	5011
3161	1.9148e+06	732716
3817	2.31473e+06	883005
3970	2.40512e+06	918817
1941	1.17869e+06	449156
3059	1.85022e+06	707962
3841	2.32438e+06	888539
2516	1.52325e+06	581955
2783	1.6888e+06	644140
3408	2.0555e+06	787722
2483	1.50136e+06	573959
5352	3.23988e+06	1.23978e+06
2908	1.75769e+06	673171
2804	1.70226e+06	650049
2766	1.67256e+06	639051
2911	1.76045e+06	673522
4404	2.66602e+06	1.0187e+06
2226	1.34399e+06	514880
5629	3.41427e+06	1.30281e+06
1857	1.12706e+06	429012
168	101519	38808
3832	2.32168e+06	887870
173	104936	40131
6047	3.66001e+06	1.40039e+06
2110	1.28003e+06	488210
82	49404	18907
3265	1.98124e+06	755481
7445	4.50943e+06	1.72399e+06
4800	2.90735e+06	1.1102e+06
4023	2.43785e+06	931724
4691	2.83987e+06	1.08595e+06
2342	1.41809e+06	541674
85	51289	19616
5792	3.50338e+06	1.34075e+06
4049	2.44999e+06	937287
4609	2.79448e+06	1.06742e+06
75	45409	17406
81	48945	18796
2313	1.4002e+06	535788
3004	1.81442e+06	695603
3730	2.25557e+06	862943
4489	2.72103e+06	1.03969e+06
59	35957	13699
3877	2.35246e+06	896749
1283	775385	296251
61	36745	14051
92	54878	21235
66	40426	15340
1860	1.12496e+06	429689
1368	828348	316626
3281	1.98326e+06	758801
3661	2.22027e+06	847681
2322	1.40249e+06	536839
2625	1.58636e+06	607682
5440	3.29556e+06	1.25996e+06
2027	1.22871e+06	469376
5744	3.48334e+06	1.33106e+06
6924	4.19857e+06	1.60381e+06
5399	3.27811e+06	1.2521e+06
2279	1.38008e+06	526864
1960	1.1893e+06	453218
4194	2.5398e+06	971244
2805	1.69849e+06	648378
4120	2.49298e+06	953581
2944	1.78127e+06	681131
2300	1.39092e+06	531603
3062	1.85314e+06	709031
5384	3.2563e+06	1.24631e+06
3735	2.25785e+06	864088
1972	1.19398e+06	456549
2991	1.81497e+06	693309
77	47028	17819
73	44069	16851
3538	2.13924e+06	819035
3800	2.30312e+06	880103
78	46838	17959
58	35220	13397
2514	1.52095e+06	581808
4524	2.73629e+06	1.0462e+06
2180	1.31847e+06	503549
63	38180	14510
4395	2.66489e+06	1.01789e+06
66	39713	15298
3715	2.24958e+06	860057
4733	2.87057e+06	1.09562e+06
4502	2.72313e+06	1.04131e+06
5781	3.50828e+06	1.33819e+06
5594	3.38584e+06	1.29514e+06
2530	1.53219e+06	585066
2231	1.34794e+06	515975
3538	2.1433e+06	818166
6624	4.01946e+06	1.53575e+06
5030	3.04519e+06	1.16558e+06
2816	1.70404e+06	651804
1813	1.09838e+06	419237
1945	1.18102e+06	449977
4134	2.50712e+06	956884
131	79109	30023
5644	3.41633e+06	1.30769e+06
2078	1.25777e+06	481626
4157	2.51273e+06	962418
2892	1.74909e+06	669065
4117	2.49006e+06	953523
3200	1.93819e+06	739790
3388	2.0548e+06	784668
1948	1.17817e+06	450499
3755	2.274e+06	868686
3483	2.11273e+06	806046
5868	3.55027e+06	1.35898e+06
2212	1.3362e+06	511285
5768	3.49884e+06	1.3363e+06
2131	1.29126e+06	492818
5218	3.16e+06	1.20869e+06
7180	4.35428e+06	1.66271e+06
1694	1.02257e+06	391677
3548	2.14412e+06	820972
2708	1.64086e+06	626007
3804	2.30313e+06	880973
4357	2.63846e+06	1.00905e+06
3122	1.88994e+06	722914
2768	1.67163e+06	640310
1853	1.12394e+06	429335
125	75480	28879
2744	1.66127e+06	635245
5434	3.28527e+06	1.25791e+06
1790	1.0822e+06	413743
4514	2.73436e+06	1.04553e+06
3974	2.40952e+06	920596
4747	2.87539e+06	1.09986e+06
3068	1.85777e+06	709520
2082	1.25967e+06	481535
1668	1.00846e+06	385654
3313	2.00764e+06	766004
3974	2.40504e+06	920655
3487	2.11293e+06	807457
1863	1.13016e+06	430691
4050	2.45891e+06	937084
3417	2.06574e+06	790355
3669	2.22307e+06	849572
2678	1.62017e+06	618968
1801	1.09212e+06	416987
5458	3.30464e+06	1.26378e+06
2695	1.63248e+06	623139
3966	2.40194e+06	918894
3163	1.9133e+06	732331
2679	1.61772e+06	619841
4396	2.66474e+06	1.01867e+06
1647	994316	380300
5513	3.33825e+06	1.27687e+06
2040	1.23132e+06	471591
5014	3.03503e+06	1.16113e+06
3506	2.12538e+06	810696
3497	2.11228e+06	809511
4017	2.42997e+06	931518
4189	2.53824e+06	969497
2988	1.80976e+06	690622
5495	3.33364e+06	1.27314e+06
4262	2.58635e+06	987637
6940	4.20206e+06	1.60637e+06
1848	1.11866e+06	427576
1610	972692	371909
2537	1.53877e+06	587034
6018	3.64165e+06	1.39407e+06
2057	1.24446e+06	475856
2721	1.64551e+06	629856
3449	2.08779e+06	798763
3239	1.96176e+06	749504
3275	1.9826e+06	757688
6704	4.06585e+06	1.55122e+06
1776	1.07502e+06	410266
3867	2.33995e+06	894743
6405	3.88554e+06	1.48294e+06
3543	2.14549e+06	819568
3107	1.87876e+06	718461
3980	2.41162e+06	921939
1928	1.16691e+06	445873
3355	2.03298e+06	775885
2737	1.65739e+06	633421
1856	1.12255e+06	429608
3979	2.41077e+06	921077
7259	4.38852e+06	1.68027e+06
3376	2.04526e+06	782775
4327	2.62117e+06	1.00218e+06
5123	3.10685e+06	1.18582e+06
3984	2.41589e+06	922093
2994	1.81533e+06	691899
1815	1.09981e+06	419943
4898	2.96544e+06	1.13432e+06
4034	2.44477e+06	934146
2837	1.71667e+06	656807
2711	1.63775e+06	627024
1634	987026	377007
3184	1.92594e+06	737137
1846	1.11596e+06	426662
3365	2.04024e+06	779442
5119	3.09852e+06	1.18617e+06
2863	1.73361e+06	662888
2389	1.44665e+06	551928
3830	2.31865e+06	886124
5616	3.39728e+06	1.30029e+06
1316	796948	304602
3741	2.26442e+06	866500
6253	3.78424e+06	1.44687e+06
7412	4.48419e+06	1.71572e+06
1879	1.14075e+06	434869
2623	1.58557e+06	606839
1538	929550	355698
5266	3.18782e+06	1.21917e+06
3739	2.26395e+06	865993
1788	1.08149e+06	413130
1403	850365	324656
2676	1.61964e+06	619995
6509	3.944e+06	1.50684e+06
3226	1.95777e+06	746753
5570	3.37198e+06	1.28988e+06
2516	1.52426e+06	581090
2889	1.74691e+06	670238
3880	2.34501e+06	896783
3251	1.96261e+06	750707
3555	2.14944e+06	823163
3320	2.00956e+06	768679
3150	1.90747e+06	729267
3810	2.30637e+06	882244
1706	1.03466e+06	395075
3428	2.07805e+06	794369
3915	2.37068e+06	906045
3883	2.35627e+06	899973
4137	2.50859e+06	958168
1696	1.02427e+06	391777
3673	2.22153e+06	851235
4666	2.82845e+06	1.08105e+06
3765	2.28221e+06	871053
2574	1.55873e+06	596291
1865	1.13211e+06	432289
2935	1.77804e+06	679586
1987	1.2004e+06	459358
2751	1.66766e+06	636412
2492	1.50779e+06	575597
6299	3.8147e+06	1.45915e+06
1496	907036	345606
2251	1.36451e+06	520892
5217	3.16523e+06	1.20887e+06
1324	800989	306296
2829	1.71069e+06	654302
3899	2.36325e+06	902529
3141	1.89915e+06	726348
3150	1.90968e+06	727610
4839	2.93313e+06	1.12086e+06
3631	2.1999e+06	841076
4920	2.97953e+06	1.13974e+06
6481	3.93204e+06	1.50099e+06
1825	1.10636e+06	422840
3281	1.98546e+06	758694
5400	3.26761e+06	1.25006e+06
5705	3.45167e+06	1.32083e+06
3419	2.0718e+06	791713
2300	1.39284e+06	531530
2546	1.54157e+06	589331
1681	1.01666e+06	389043
3781	2.29114e+06	875658
3767	2.27974e+06	871103
1561	946735	361111
4040	2.45075e+06	935634
5459	3.30782e+06	1.26417e+06
3648	2.21048e+06	844673
3725	2.26039e+06	863179
3015	1.82514e+06	697384
3597	2.17417e+06	832771
2731	1.65015e+06	631359
5106	3.09064e+06	1.18306e+06
1579	955087	365247
1611	976734	371909
4521	2.74306e+06	1.04775e+06
2415	1.46184e+06	558243
2476	1.49699e+06	572810
7025	4.25637e+06	1.62607e+06
3359	2.03243e+06	776799
3090	1.8669e+06	714569
3401	2.06266e+06	787801
2886	1.74743e+06	666892
3366	2.03202e+06	778533
5003	3.03476e+06	1.15793e+06
4785	2.89999e+06	1.10772e+06
1476	893520	341415
1531	926478	354158
1770	1.07469e+06	410223
3063	1.8558e+06	708059
1456	884170	337381
6310	3.82017e+06	1.46082e+06
4810	2.91218e+06	1.11419e+06
2845	1.72486e+06	659316
3835	2.32619e+06	888837
2901	1.75495e+06	671555
4785	2.90196e+06	1.10921e+06
3934	2.3833e+06	911553
6265	3.79612e+06	1.45044e+06
3380	2.04312e+06	781528
3099	1.87507e+06	717506
2462	1.49015e+06	569271
2605	1.57754e+06	602852
1500	907079	346506
1090	660151	252420
6192	3.75671e+06	1.4333e+06
1741	1.05476e+06	402562
6639	4.02332e+06	1.538e+06
5494	3.32524e+06	1.27273e+06
4469	2.70405e+06	1.03447e+06
4952	2.99898e+06	1.14646e+06
5796	3.51561e+06	1.34264e+06
5765	3.4916e+06	1.33545e+06
4668	2.82612e+06	1.08114e+06
3641	2.21184e+06	844313
3235	1.95604e+06	748562
3285	1.98703e+06	760516
1396	844289	322155
2610	1.58098e+06	604649
3265	1.97748e+06	756004
3305	1.99992e+06	765013
2865	1.73403e+06	661915
4454	2.69891e+06	1.03102e+06
3010	1.82367e+06	696019
2929	1.77346e+06	677473
1848	1.11873e+06	427478
4375	2.65147e+06	1.01381e+06
1653	1.00414e+06	383060
6344	3.84674e+06	1.47043e+06
4685	2.83633e+06	1.08504e+06
3629	2.19788e+06	839511
2467	1.49203e+06	571115
2513	1.51998e+06	581527
5988	3.62938e+06	1.38626e+06
3100	1.87401e+06	717569
3542	2.147e+06	820036
4224	2.55878e+06	979192
3807	2.31023e+06	881331
5541	3.35628e+06	1.28347e+06
6706	4.06546e+06	1.55269e+06
3258	1.97351e+06	754682
2987	1.80688e+06	690591
4704	2.85313e+06	1.0878e+06
2942	1.78545e+06	681717
4845	2.93902e+06	1.12262e+06
6746	4.09831e+06	1.56295e+06
3079	1.86287e+06	712470
1662	1.00773e+06	384589
6047	3.66554e+06	1.40145e+06
3179	1.92668e+06	736586
4517	2.73084e+06	1.04475e+06
6151	3.72804e+06	1.42411e+06
139	84509	32091
3165	1.91933e+06	732402
6292	3.81051e+06	1.45654e+06
4468	2.70453e+06	1.03451e+06
2970	1.79587e+06	687750
5696	3.44984e+06	1.31968e+06
4176	2.52521e+06	966879
6651	4.03401e+06	1.54075e+06
3442	2.08678e+06	797208
2138	1.29171e+06	493209
3133	1.89273e+06	724431
2346	1.41986e+06	543454
2871	1.74151e+06	664472
1629	988828	377402
2834	1.71679e+06	655488
3505	2.12678e+06	811280
139	84525	32107
3197	1.93562e+06	740076
1585	958624	366512
4556	2.75531e+06	1.05482e+06
4108	2.48774e+06	950732
2812	1.70245e+06	651441
3285	1.98904e+06	760379
4209	2.54727e+06	974352
2858	1.72922e+06	660974
5565	3.37179e+06	1.28945e+06
1625	983879	375269
3079	1.86764e+06	713186
5675	3.43459e+06	1.31217e+06
6001	3.63305e+06	1.38885e+06
2336	1.41142e+06	540193
4280	2.59223e+06	991455
2783	1.68689e+06	643646
3451	2.09505e+06	799539
2908	1.7624e+06	672988
5512	3.33892e+06	1.27702e+06
5843	3.54035e+06	1.35289e+06
6414	3.89236e+06	1.48697e+06
4578	2.76404e+06	1.05869e+06
5562	3.37554e+06	1.28872e+06
6207	3.75491e+06	1.43608e+06
3102	1.87924e+06	718174
3942	2.38766e+06	913809
3279	1.9899e+06	759563
7214	4.38199e+06	1.67192e+06
4744	2.87718e+06	1.09839e+06
3968	2.40057e+06	918035
2972	1.79898e+06	687657
2780	1.68025e+06	642556
3547	2.15131e+06	821705
6084	3.68932e+06	1.40707e+06
4024	2.43725e+06	932422
2678	1.62201e+06	619111
2808	1.69883e+06	649862
3419	2.07675e+06	790863
2241	1.357e+06	518385
2932	1.77834e+06	678849
2931	1.77004e+06	677611
6635	4.02194e+06	1.53613e+06
2698	1.62964e+06	623493
1641	994118	379136
5087	3.07784e+06	1.17848e+06
3076	1.86078e+06	711892
4511	2.73539e+06	1.04486e+06
4142	2.50568e+06	958345
4731	2.86525e+06	1.09473e+06
2265	1.36838e+06	524500
2916	1.76072e+06	673963
2831	1.70839e+06	654524
2815	1.69909e+06	650456
1594	967839	368500
3139	1.90537e+06	727183
3547	2.1488e+06	820635
5361	3.2512e+06	1.2411e+06
4545	2.75193e+06	1.05271e+06
2616	1.58158e+06	603831
2902	1.76324e+06	671613
4414	2.67582e+06	1.02273e+06
5031	3.04624e+06	1.16584e+06
3816	2.307e+06	882770
5493	3.32586e+06	1.27202e+06
2428	1.46742e+06	561575
3315	2.00876e+06	766846
4555	2.75589e+06	1.0552e+06
5268	3.19059e+06	1.22022e+06
2929	1.76902e+06	677354
3659	2.2174e+06	847606
5677	3.44538e+06	1.31542e+06
4536	2.75042e+06	1.04963e+06
2757	1.66672e+06	637387
6174	3.73636e+06	1.42956e+06
2960	1.78891e+06	685023
5834	3.5399e+06	1.35243e+06
6772	4.10188e+06	1.56826e+06
4108	2.48645e+06	949999
2623	1.58967e+06	607122
3519	2.1303e+06	814299
2767	1.67519e+06	639702
6080	3.68876e+06	1.40817e+06
4923	2.97853e+06	1.14004e+06
3219	1.95396e+06	745399
2635	1.59196e+06	609651
3379	2.04722e+06	782304
3784	2.28789e+06	875546
2809	1.69791e+06	649591
3017	1.82545e+06	698424
5849	3.5407e+06	1.35363e+06
3819	2.30898e+06	883745
2801	1.695e+06	649205
2918	1.76352e+06	674835
658	399173	152111
4359	2.64271e+06	1.00972e+06
4374	2.646e+06	1.01227e+06
4325	2.61838e+06	1.00175e+06
5240	3.18042e+06	1.21303e+06
2818	1.70388e+06	651222
6030	3.6518e+06	1.3965e+06
4757	2.88382e+06	1.1028e+06
2626	1.5923e+06	607487
5394	3.26361e+06	1.24845e+06
6323	3.83331e+06	1.4637e+06
2633	1.59151e+06	609215
2566	1.55688e+06	594549
3921	2.37555e+06	907517
4601	2.79276e+06	1.06516e+06
2827	1.708e+06	653601
2777	1.67894e+06	642498
5440	3.30276e+06	1.2608e+06
5917	3.58298e+06	1.37114e+06
2794	1.6874e+06	645910
7686	4.65309e+06	1.77894e+06
2863	1.73758e+06	662338
3869	2.34273e+06	895701
5095	3.08695e+06	1.18024e+06
1198	726861	277108
6444	3.90957e+06	1.49343e+06
3336	2.02156e+06	771674
3560	2.15712e+06	824952
5877	3.55932e+06	1.36148e+06
2701	1.63306e+06	625005
2650	1.60382e+06	613475
3266	1.98248e+06	755612
4720	2.85926e+06	1.09278e+06
4147	2.50743e+06	959492
2723	1.64776e+06	629910
4271	2.58763e+06	988955
2591	1.57041e+06	599471
2731	1.6481e+06	631259
4172	2.53031e+06	966487
2843	1.72295e+06	658411
5764	3.49455e+06	1.33432e+06
3837	2.3216e+06	889080
1877	1.13261e+06	433707
5078	3.08063e+06	1.1766e+06
4676	2.83468e+06	1.08411e+06
4381	2.65149e+06	1.0147e+06
6647	4.02028e+06	1.53784e+06
2469	1.4912e+06	570676
3682	2.23119e+06	853280
1237	749148	285713
5721	3.46187e+06	1.32284e+06
1280	772893	295732
2527	1.53355e+06	585123
5108	3.09779e+06	1.18345e+06
4127	2.50485e+06	954896
5272	3.19627e+06	1.2209e+06
2711	1.63242e+06	625955
2762	1.67009e+06	639058
5613	3.39768e+06	1.30046e+06
3458	2.09137e+06	800218
6286	3.80589e+06	1.45538e+06
3738	2.25918e+06	864829
3126	1.89297e+06	722413
4390	2.65688e+06	1.01588e+06
4171	2.53156e+06	966415
1731	1.04596e+06	400107
3353	2.02836e+06	775983
2573	1.5539e+06	594612
4983	3.02142e+06	1.15462e+06
5392	3.26177e+06	1.24825e+06
3595	2.17734e+06	833275
4463	2.70813e+06	1.03311e+06
2429	1.4755e+06	562378
3786	2.28924e+06	876111
4153	2.50882e+06	961131
6998	4.24217e+06	1.62065e+06
2310	1.40171e+06	534532
3551	2.14795e+06	822002
4863	2.94903e+06	1.12667e+06
2728	1.65218e+06	631914
6428	3.89353e+06	1.48767e+06
4234	2.56016e+06	979331
3498	2.11873e+06	809657
3056	1.85198e+06	707192
3493	2.10975e+06	807530
3140	1.90315e+06	726671
6497	3.93365e+06	1.50429e+06
2514	1.5187e+06	581015
5314	3.21407e+06	1.23025e+06
6892	4.17128e+06	1.59526e+06
4035	2.4433e+06	933868
2716	1.64507e+06	628745
2514	1.5231e+06	582299
4330	2.61859e+06	1.00219e+06
2646	1.59794e+06	611578
5472	3.31026e+06	1.26607e+06
5086	3.0817e+06	1.17779e+06
4743	2.87242e+06	1.0973e+06
5031	3.0457e+06	1.16487e+06
6156	3.73858e+06	1.42603e+06
3028	1.83871e+06	701663
3244	1.96468e+06	750676
2456	1.49187e+06	568696
4369	2.65192e+06	1.01189e+06
4028	2.43397e+06	931903
5246	3.17488e+06	1.21428e+06
3562	2.15798e+06	824559
4997	3.02865e+06	1.15694e+06
5557	3.36636e+06	1.28768e+06
3136	1.90127e+06	725796
2530	1.52408e+06	583907
2358	1.43057e+06	545963
4538	2.75e+06	1.05178e+06
4727	2.86786e+06	1.09491e+06
6476	3.92242e+06	1.49986e+06
2283	1.38109e+06	528677
2555	1.54481e+06	591091
3582	2.17115e+06	829398
5860	3.55374e+06	1.35719e+06
4278	2.58967e+06	990334
2325	1.40766e+06	537525
2952	1.79011e+06	683133
3194	1.93107e+06	739582
6859	4.15523e+06	1.58829e+06
4098	2.47982e+06	947814
1717	1.03974e+06	396908
5538	3.34812e+06	1.2809e+06
2989	1.81177e+06	691516
2381	1.44212e+06	550735
3844	2.32409e+06	890556
3380	2.04771e+06	782718
4815	2.91624e+06	1.11448e+06
5474	3.31425e+06	1.26784e+06
5477	3.32588e+06	1.26917e+06
3142	1.90405e+06	727570
2496	1.50683e+06	577061
2988	1.81002e+06	692032
5116	3.09753e+06	1.18456e+06
2162	1.31172e+06	500271
4143	2.51153e+06	957921
6353	3.84784e+06	1.47184e+06
4554	2.75804e+06	1.05474e+06
2598	1.57072e+06	601002
1607	971125	371447
4967	3.01324e+06	1.15073e+06
3883	2.34793e+06	898921
2910	1.76387e+06	673220
3622	2.19019e+06	838365
1955	1.18111e+06	451227
4326	2.62128e+06	1.00278e+06
2327	1.40462e+06	538788
6773	4.10325e+06	1.56982e+06
3045	1.84052e+06	705344
1552	937521	358478
1182	716205	272765
2982	1.80896e+06	690951
2810	1.69838e+06	649831
3556	2.15103e+06	823039
1562	946247	361595
2537	1.5349e+06	586701
2307	1.399e+06	533679
5569	3.37351e+06	1.29019e+06
2906	1.76288e+06	672832
3905	2.36456e+06	904539
4680	2.83133e+06	1.08324e+06
3604	2.1837e+06	834505
2362	1.42488e+06	545310
6524	3.95364e+06	1.50958e+06
4682	2.83866e+06	1.08362e+06
5009	3.03424e+06	1.15994e+06
1438	867578	332087
2901	1.75542e+06	671629
5402	3.27146e+06	1.24997e+06
2309	1.401e+06	534295
137	83446	31689
4381	2.64884e+06	1.01427e+06
5010	3.02921e+06	1.15974e+06
5772	3.50002e+06	1.33712e+06
4372	2.64839e+06	1.01185e+06
2216	1.34284e+06	512694
6257	3.79232e+06	1.45007e+06
4180	2.52967e+06	967060
4097	2.48306e+06	948599
2177	1.31418e+06	503710
3636	2.20411e+06	842553
4962	3.00332e+06	1.14914e+06
2123	1.28352e+06	490755
2001	1.20954e+06	462059
1510	912944	348820
5620	3.40057e+06	1.30196e+06
1592	964251	368452
3524	2.13222e+06	816002
6202	3.75201e+06	1.43531e+06
2862	1.73365e+06	662166
2288	1.38685e+06	529598
2968	1.79889e+06	687042
3908	2.36342e+06	904848
4687	2.83838e+06	1.08549e+06
2267	1.37369e+06	523982
4031	2.44626e+06	932972
4491	2.71684e+06	1.03869e+06
4913	2.97532e+06	1.13736e+06
1504	908394	347398
2968	1.79492e+06	686363
3964	2.39922e+06	917420
4928	2.98658e+06	1.14103e+06
4326	2.6175e+06	1.00176e+06
3506	2.11916e+06	810866
2804	1.6993e+06	649083
2282	1.3826e+06	527982
1292	777873	297784
4876	2.95002e+06	1.12942e+06
2810	1.70067e+06	649526
3868	2.34179e+06	895615
3408	2.05865e+06	789068
4308	2.61118e+06	997349
1932	1.16798e+06	446368
2845	1.72357e+06	659233
4895	2.96498e+06	1.13471e+06
4703	2.84663e+06	1.08846e+06
6124	3.70651e+06	1.41694e+06
6361	3.85329e+06	1.47285e+06
3350	2.02544e+06	774582
5638	3.41789e+06	1.30559e+06
2262	1.36769e+06	523623
2154	1.30637e+06	498616
4574	2.76726e+06	1.06008e+06
4298	2.60441e+06	996016
5858	3.54366e+06	1.35586e+06
4256	2.57756e+06	986123
3990	2.41725e+06	923178
2882	1.74159e+06	666660
5233	3.16698e+06	1.21137e+06
4641	2.81183e+06	1.07536e+06
3669	2.21691e+06	848925
2697	1.6304e+06	622572
3178	1.91913e+06	734946
4031	2.44303e+06	933557
4423	2.68368e+06	1.02432e+06
2137	1.29798e+06	494702
3471	2.10056e+06	803136
4631	2.80265e+06	1.07163e+06
2971	1.80042e+06	687995
3969	2.40117e+06	918945
4178	2.5259e+06	967675
4545	2.75322e+06	1.05315e+06
5136	3.10865e+06	1.18905e+06
4139	2.50716e+06	958658
3922	2.3766e+06	906659
2582	1.56248e+06	597534
6274	3.79349e+06	1.45122e+06
2170	1.31306e+06	500613
6257	3.7915e+06	1.44969e+06
3537	2.13878e+06	817731
5648	3.42615e+06	1.3094e+06
3942	2.38434e+06	911382
2458	1.48628e+06	568533
4282	2.59435e+06	991619
4023	2.43726e+06	932765
4513	2.72843e+06	1.04511e+06
5010	3.03668e+06	1.16065e+06
4068	2.4668e+06	942518
6032	3.64559e+06	1.39504e+06
2070	1.25199e+06	477979
3969	2.40864e+06	919137
4329	2.62387e+06	1.0029e+06
3788	2.29292e+06	876294
5037	3.0577e+06	1.16703e+06
3890	2.35432e+06	900520
3464	2.09647e+06	802025
3976	2.40872e+06	920168
4241	2.56898e+06	982350
5735	3.47369e+06	1.3279e+06
2339	1.41607e+06	540720
4767	2.89219e+06	1.10494e+06
5481	3.32434e+06	1.27079e+06
5846	3.54333e+06	1.35289e+06
3649	2.2098e+06	843698
3263	1.97085e+06	754722
3905	2.36822e+06	904712
3741	2.26398e+06	865812
4277	2.59114e+06	990823
4218	2.5488e+06	976763
2667	1.61605e+06	617464
3971	2.40911e+06	920113
4540	2.75294e+06	1.05182e+06
3618	2.19442e+06	838092
3273	1.9859e+06	758865
3646	2.20672e+06	844273
5713	3.46186e+06	1.32255e+06
3881	2.35153e+06	898250
4383	2.66072e+06	1.01674e+06
2222	1.34496e+06	513633
3573	2.16474e+06	827593
3540	2.14266e+06	819858
3851	2.32921e+06	890788
3606	2.18588e+06	834659
2253	1.36323e+06	521537
5298	3.20735e+06	1.22581e+06
5582	3.3858e+06	1.29253e+06
1365	826090	315243
4097	2.48874e+06	948470
3558	2.15266e+06	823814
3679	2.22763e+06	850896
3492	2.1162e+06	809413
4184	2.53864e+06	969493
5225	3.16864e+06	1.21039e+06
3600	2.1819e+06	832652
2577	1.558e+06	596019
3434	2.07782e+06	795390
3701	2.23933e+06	856321
3287	1.98723e+06	760673
5178	3.13255e+06	1.19815e+06
3415	2.0693e+06	790387
3568	2.16005e+06	825083
4079	2.47482e+06	944813
3247	1.96252e+06	750577
3353	2.02992e+06	776586
4844	2.93166e+06	1.12243e+06
3999	2.42385e+06	925788
3366	2.03613e+06	779334
3329	2.01801e+06	770941
3884	2.35498e+06	899245
3175	1.92391e+06	735252
3511	2.12683e+06	812850
3112	1.88646e+06	720596
3449	2.08855e+06	799076
3151	1.90726e+06	728965
6389	3.87129e+06	1.47954e+06
