111.266	
-187.876	
-350.809	
-577.488	
-1564.58	
2593.89	
1548.85	
1995.64	
-2935.01	
-152.681	
-2615.78	
2253.65	
-235.797	
-2557.53	
-115.922	
-1760.17	
381.417	
-1044.05	
-1237.34	
464.987	
-136.402	
-2847.17	
2835.92	
889.912	
-3443.12	
1366.38	
997.065	
2545.01	
466.462	
962.614	
1516.09	
-792.403	
-73.4327	
3683.29	
4954.91	
2463.52	
-55.6679	
44.2604	
69.016	
276.718	
116.143	
1470.04	
1409.83	
30.9602	
141.389	
1321.18	
-502.341	
346.178	
-915.997	
-99.8313	
2948.69	
2942.84	
1353.35	
-438.226	
1075.08	
512.289	
157.176	
1120.46	
129.914	
7085.32	
980.058	
1614.05	
266.003	
1764.53	
-4159.99	
-858.542	
1376.59	
-1567.98	
997.136	
861.568	
-1185.42	
4282.51	
2874.39	
-1389.13	
178.351	
594.784	
-2090.52	
-2238.33	
-2445.04	
2378.02	
-676.107	
-574.675	
3101.26	
429.68	
3959.56	
290.336	
3564.38	
-420.373	
-2922.01	
875.433	
919.318	
193.761	
-18.0942	
1148.39	
-166.102	
87.2671	
1753.76	
12.8033	
-103.309	
811.622	
-169.503	
-1989.99	
49.5057	
3078.02	
-1371.31	
8211.75	
3175.12	
-369.719	
602.918	
2600.66	
-91.0602	
965.713	
-542.834	
-658.843	
464.874	
1238.38	
761.055	
1775.03	
388.218	
-1856.68	
114.877	
336.527	
-137.466	
-1041.42	
526.801	
4891.29	
-1006.06	
-304.517	
-1887.67	
-3028.52	
5104.63	
-570.262	
-2139.33	
937.301	
178.86	
1278.8	
2505.59	
1788.99	
-281.479	
233.765	
1792.44	
-218.652	
-8015.11	
1164.95	
451.581	
1187.61	
123.082	
596.137	
273.385	
-183.002	
1457.42	
-643.631	
-3430.2	
-1942.21	
-4870.33	
1628.41	
318.5	
915.405	
5345.63	
-4161.21	
-2904.56	
-1047.96	
398.982	
-632.88	
5393.27	
6664.82	
1925.27	
2239.26	
-941.871	
-7041.82	
2775.73	
-1311.2	
897.931	
-116.842	
473.137	
-2527.06	
-2206.58	
-86.6746	
-334.538	
2969.75	
2861.7	
1832.19	
-384.937	
3307.35	
134.312	
-1771.13	
523.7	
601.78	
-706.897	
243.835	
-2141.12	
-2820.63	
597.472	
2288.08	
1950.97	
1387.67	
843.349	
43.582	
1806.39	
123.213	
4666.3	
1467.22	
-1487.37	
-161.261	
-2198.47	
-227.78	
2138.79	
1055.94	
-832.392	
943.748	
-281.748	
-2672.8	
-669.377	
-147.645	
-310.067	
-988.299	
3106.6	
-4040.3	
-944.438	
-1318.73	
-2795.48	
-1223.13	
-449.571	
-2426.95	
305.206	
-1081.16	
-860.431	
-116.935	
4566.25	
-305.147	
-1358.02	
364.72	
923.327	
-638.001	
-532.993	
-390.519	
-234.657	
-1772.34	
-5774.23	
-1419.58	
-750.779	
3227.41	
-1635.09	
-5627.16	
1345.17	
2195.39	
-643.985	
214.727	
1638.79	
640.131	
2600.5	
444.607	
-474.238	
-782.54	
-527.847	
1790.4	
-651.233	
3278.74	
1.19708	
-2196.06	
-3879.55	
-1401.68	
-671.682	
2591.65	
-4116.15	
1453.91	
47.5917	
675.89	
3332.69	
2546.19	
891.701	
1571.14	
1357.18	
1316.45	
-1443.45	
208.061	
-3021.8	
-908.796	
3389.95	
-1531.77	
-898.488	
-3863.58	
4222.68	
1802.43	
254.873	
-656.176	
1573.93	
137.792	
778.287	
-1776.64	
3147.82	
-1196.52	
1914.34	
1025.69	
2259.56	
-2056.68	
-24.1	
2794.55	
1432.61	
-27.1666	
839.775	
1384.45	
-200.612	
1067.31	
-4213.94	
2139.73	
-1167.96	
-3717.81	
1799.32	
771.435	
1921.49	
-366.095	
-664.014	
415.529	
1998.21	
-5102.09	
-3788.35	
-37.0246	
-2158.94	
3046.8	
560.694	
-3042.79	
1818.13	
-1465.97	
-746.04	
1280.42	
683.571	
1042.44	
4630.53	
-1243.59	
2422.26	
-279.011	
2990.69	
4606.44	
-636.987	
-1668.61	
382.938	
203.226	
204.309	
-1816.11	
-575.853	
392.424	
2160.58	
-3776.06	
-663.784	
2288.41	
-900.222	
1846.77	
-1199.8	
1565	
-1587.87	
-1060.18	
5770.97	
-92.4405	
-560.207	
-127.875	
4719.74	
72.7207	
1231.53	
1127.29	
-1211.87	
1920.7	
27.4835	
991.614	
-328.762	
2670.41	
1018.06	
735.06	
-934.782	
-41.3545	
2738.35	
-1640.33	
-138.207	
-680.386	
-3011.18	
3145.01	
-1383.29	
-3311.25	
4734.36	
853.647	
3477.1	
1528.91	
-4546.61	
-1444.08	
2347.33	
-1763.19	
784.385	
502.135	
-832.964	
-2309.4	
854.625	
-962.769	
4290.3	
-1884.22	
1056.53	
428.562	
1254.82	
1928.4	
1179.99	
1483.56	
961.367	
-1199.87	
3422.83	
-1136.76	
-1867.63	
643.933	
286.858	
2133.15	
-1222.05	
-1458.97	
-1149.94	
116.515	
-3432.64	
1981.51	
-4392.66	
-1118.1	
1008.33	
210.754	
280.738	
413.348	
-1216.55	
3803.09	
-2303.28	
1922.33	
1819.5	
-1691.1	
1586.66	
-1315.39	
-6831.34	
1760.01	
1800.82	
-352.608	
332.763	
185.22	
-5804.02	
606.706	
4320.64	
-1143.41	
-614.35	
-4862.88	
1958.33	
2213	
628.109	
-1543.38	
-123.81	
-1773.12	
797.854	
240.362	
8339.06	
-396.556	
1714.99	
5.77952	
-3653.93	
5122.13	
-2611.48	
3157.74	
2251.37	
-2058.51	
-4625.63	
-1887.84	
1101.28	
-811.034	
1467.28	
1794.68	
1044.45	
2525.93	
1730.57	
-317.683	
636.928	
682.187	
200.847	
-1044.95	
616.303	
638.38	
4230.02	
2180.01	
-832.599	
648.687	
4359.07	
634.402	
-4891.12	
-1052.09	
642.9	
-819.6	
552.628	
-1312.81	
1665.3	
699.241	
5174.51	
-2198.7	
-834.288	
-5199.24	
2391.05	
-888.874	
3118.49	
-226.285	
1965.28	
-840.292	
-1227.41	
913.848	
261.081	
-5378.41	
-1553.29	
944.606	
872.731	
555.498	
-217.863	
-702.076	
-2378.91	
1888.06	
4.43222	
-591.46	
-1327.89	
-583.999	
2041.12	
2348.29	
-798.169	
977.439	
-213.358	
-1769.57	
-1572.96	
-1745.55	
3648.51	
2130.4	
2231.9	
1023.5	
-1805.68	
2995.64	
-6156.74	
-1296.14	
434.024	
-1637	
-939.641	
-860.681	
-4191.41	
-728.472	
556.106	
1632.74	
287.119	
1236.73	
1309.26	
527.847	
1021.09	
-4755.44	
802.218	
2003.61	
-1414.73	
5099.07	
-565.03	
-2146.42	
-2198.29	
-216.593	
-1873.66	
1595.04	
-3837.37	
-2850.1	
-1153.55	
850.424	
-1545.52	
-732.657	
244.852	
-944.423	
-1004.47	
1183.07	
-3588.38	
1995.48	
-1152.38	
7922.29	
84.0814	
-776.757	
108.739	
4174.95	
1151.65	
138.131	
3364.79	
-744.157	
-966.45	
3522.22	
6923.71	
-2826.85	
-1278.48	
864.055	
4223.57	
-4613.59	
128.29	
169.031	
-5994.27	
633.026	
-608.33	
3385.01	
-1243.27	
-628.145	
-1435.26	
-2335.44	
-3309.15	
3089.38	
-1107.23	
1900.4	
-289.166	
5548.5	
57.5756	
-2103.78	
-2372.86	
1903.44	
-2001.24	
166.695	
-1787.33	
-111.432	
-2270.78	
262.543	
1119.45	
5257.45	
-5.6003	
-2511.37	
1319.78	
8254.43	
1976.23	
884.932	
-2989.17	
-1560.22	
-1371.24	
3672.47	
504.744	
421.693	
-591.257	
3987.79	
3484.86	
-702.032	
-1483.36	
2175.46	
-1276.44	
-4008.62	
1285.64	
2204.91	
1730.72	
-3408.69	
4142.51	
-2160.9	
784.901	
-1966.19	
752.836	
3924.46	
3458.37	
-4570.46	
27.6237	
2248.25	
-513.743	
3257.13	
1350.48	
-1351.51	
-4280.52	
2797.56	
-1080.39	
-1086.81	
-2302.93	
-1778.07	
6171.05	
-933.022	
423.593	
-2103.47	
4237.25	
-223.103	
-320.864	
2121.2	
-3428.93	
-2579.9	
1317.62	
1816.18	
2351.53	
-2014.68	
-1313.63	
-1516.35	
-533.653	
2813.15	
-1125.15	
3712.35	
3460.65	
1180.99	
-110.134	
-1524.61	
-6003.67	
1755.47	
-554.066	
1219.81	
276.071	
3028.79	
-1049.41	
1328.3	
1286.99	
-271.04	
820.779	
-1063.12	
-677.95	
1448.7	
4155.03	
-272.211	
2008.95	
2779.02	
3532.39	
-3252.04	
848.386	
6581.49	
2717.2	
598.244	
1654.22	
-1804.27	
1193.75	
14.6705	
-2130.17	
-22.0455	
-1600.9	
-484.366	
1138.85	
-2306.79	
294.469	
1670.5	
-1044.88	
2983.73	
-2062.21	
1221.64	
882.696	
-1230.39	
-3828.74	
1.01792	
-1221.91	
733.173	
-2222.72	
1662.99	
1226.63	
-340.888	
-57.1476	
-159.71	
4163.44	
-4090.22	
-2193.85	
-297.323	
1547.78	
-433.485	
319.689	
1837.17	
636.727	
515.378	
-1728.46	
1000	
3229.4	
-2491.24	
-158.754	
-2547.99	
-853.221	
-217.077	
274.325	
-97.2204	
-3503.87	
2978.64	
-799.513	
-1983.11	
1931.54	
-3532.78	
-979.69	
2663.64	
342.558	
6351.63	
1064.61	
-1186.74	
1775.96	
-615	
3953.09	
1836.99	
-3807.45	
4391.92	
-64.844	
1866.84	
-1647.99	
-1307.62	
-2472.15	
-2068.59	
-536.657	
-774.369	
-2132.78	
-2573.59	
-1406.3	
-2039.24	
2228.02	
880.149	
25.7479	
2150.32	
-240.722	
-1697.18	
3502.18	
-539.25	
-6862.48	
2138.14	
-213.265	
-5656.67	
-1482.42	
3318.79	
2815.41	
-610.824	
-215.991	
-2698.35	
2280.35	
-203.967	
340.72	
-1078.66	
4137.48	
8769.06	
3330.18	
2656.17	
3249.21	
-2331.15	
1208.7	
1378.76	
917.699	
-3745.64	
-1755.95	
428.591	
-2569.03	
1521.86	
578.727	
-3594.5	
-7662.58	
5441.86	
4602.62	
501.62	
328.676	
-1127.23	
2539.23	
-870.995	
-3124.43	
-1920.37	
-4268.44	
-1725.83	
-5933.82	
45.0368	
-767.947	
334.881	
1223.78	
1809.78	
-1555.78	
-5589.69	
952.704	
3193.25	
7453.93	
-443.837	
3018.88	
-3245.35	
-1763.92	
-2125	
-4788.39	
-2266.36	
-271.185	
-821.854	
2675.17	
-369.971	
-245.429	
1064.07	
2196.03	
139.054	
1082.58	
-2368.74	
4056.75	
224.31	
1628.6	
3725.31	
-1442.01	
2567.71	
-1224.05	
-50.6504	
-4343.55	
824.456	
3650.12	
452.088	
-402.241	
8710.3	
-2175.45	
3554.74	
-1121.89	
2089.07	
974.981	
982.222	
1044.85	
-1992.05	
3277.96	
458.902	
-1967.22	
4116.66	
672.819	
2550.34	
3312.67	
2982.69	
