-7.16656	
-95.0455	
-626.777	
-28.7268	
-5829.4	
-5468.67	
-6841.44	
-4914.1	
-7229.07	
-9266.45	
-9671.65	
-7186.13	
-5390.59	
-10493.1	
-9901.19	
-5712.07	
-11633.2	
-628.238	
-9087.86	
-219.64	
-344.947	
-10234.4	
-7206.18	
-8927.76	
-12008.6	
-17059	
-11350.7	
-9857.43	
-3038.13	
-6051.1	
-11192.1	
-16941.3	
157.608	
-13141.3	
-12785.9	
-8833.69	
-395.431	
-240.399	
-3303.18	
-917.911	
-248.419	
-15109.6	
-5202.42	
-6321.85	
-8829.42	
-12250.8	
-6316.81	
-5695.99	
-16279.3	
-836.585	
-18960.8	
-6838.25	
-11984.6	
-2214.61	
-19470.8	
-799.12	
-229.879	
-4515.82	
-284.855	
-23538.7	
-14734.9	
-4398.07	
-468.175	
-6368.67	
-6422.08	
-9236.45	
-7192.78	
-10280.6	
-8653.65	
-11336.7	
-10168.7	
-3904.48	
-4546.49	
-5697.84	
-9280.57	
-1966.42	
-5763.66	
-9470.14	
-6521.46	
-6352	
473.663	
-8328.29	
-6650.32	
-313.21	
-17400.1	
-13929.8	
-6307.6	
-7607.85	
-11809.2	
-6350.61	
-11772.5	
237.766	
287.544	
-6120.73	
-39.6567	
-497.634	
-10293.1	
-47.2926	
-179.832	
-6260.16	
-101.737	
-10669.4	
37.9431	
-9649.88	
-10078.3	
-11018	
-5227.12	
-7615.45	
-10111.4	
-7122.13	
-5688.8	
-8365.19	
-8752.86	
-14670	
-12385.6	
-8582.67	
-7519.13	
-7661.08	
-13045.8	
-5865.27	
-15562.7	
-6446.42	
-562.893	
-10434.4	
-119.258	
-15703.4	
-2217.32	
130.595	
-8612.99	
-21416.2	
-18888.9	
-10922.1	
-16903	
-6773.76	
-622.976	
-17289.3	
-13132.9	
-12766.8	
-120.882	
-49.6913	
-7881.49	
-9343.17	
-9851.26	
-10034	
-77.4312	
-10525.9	
-2192.22	
-758.132	
-271.885	
-454.633	
-6167.64	
-2511.94	
-9523.81	
-9194.51	
-5943.08	
-5567.13	
-19664.1	
-4647.78	
-14206.6	
-23438.9	
-18891.4	
-3526.5	
-4419.08	
-12605.6	
-11051.5	
-8494.22	
-10838.1	
-11054.7	
-7524.47	
-11887.1	
-8462.78	
-7661.31	
-8815.3	
-667.297	
-357.648	
-9560.76	
-8606.39	
472.636	
-416.074	
-9921.96	
-13434.5	
-6044.43	
183.893	
-12661	
169.968	
-11703.6	
-11187	
-13122.3	
-19375	
-17122.6	
-6272.15	
-9069.49	
-10795.7	
-19290.9	
-14701	
-6867.82	
-3607.51	
-8028.13	
-13714.4	
298.276	
-17787.1	
-1983.95	
-12704.5	
-6679.45	
-13574.5	
-11345.5	
-13034.8	
-4550.15	
-8977.92	
-9296.66	
-18589.4	
-5237.74	
-23633.3	
-6415.44	
-13931.1	
-21652.8	
-5754.03	
-6743.82	
-8592.33	
-11714.2	
-8739.56	
-5990.13	
-4164.18	
-5536.18	
-242.228	
-12528.8	
-16688.4	
-5419.42	
-14974.4	
-10806.7	
-12821.9	
-8560.3	
-5436.33	
-4911.5	
-9765.86	
-8954.78	
-9811.45	
-5353.34	
-11190.2	
-6495.82	
-9264.62	
-10141.2	
-3992.1	
-12472.4	
-5689.2	
-11916.1	
-9178.79	
-3854.12	
-11108.4	
-6572.77	
-15515.1	
-5951.73	
-10655.3	
-10053.7	
-10960.6	
-13706	
-14910.4	
-8396.38	
-15499.9	
-15076.8	
-16270.6	
-5326.94	
-2909.6	
-7935.93	
-19792.1	
-4736.91	
-6531.29	
-10501.4	
-9603.09	
-6108.4	
-24516.9	
-6923.05	
-12476.5	
-15430.9	
-10863.1	
-7309.1	
-12196.6	
-4778.62	
-11344.1	
-9875.15	
-7492.65	
-11121.5	
-21828.6	
-9085.33	
-14326.4	
-20208.2	
-11756.2	
-8146.74	
-6079.69	
-9967.6	
-11293.6	
-10639.7	
-6270.54	
-4466.99	
-10537.3	
-5903.38	
-9653.67	
-18923.7	
-11583.7	
-6772.41	
-7437.38	
-9980.37	
-2064.18	
-10173.7	
-20636.1	
-23365	
-7908.18	
-6032.36	
-4449.8	
-18833.1	
-14857.7	
-5916.51	
-3102.4	
-6654.19	
-18332.6	
-10060.4	
-13252.6	
-8222.14	
-6936.17	
-13162.2	
-10070.9	
-11430.1	
-11225.8	
-9857.27	
-8186.6	
-795.849	
-10177.8	
-6781.59	
-10193.2	
-13505.7	
-1893.56	
-9668.57	
-12569.8	
-9809.32	
-8245.06	
-6773.09	
-9685.99	
-5480.98	
-5308.28	
-10247.1	
-14625.2	
-3194.72	
-2359.68	
-11522	
-4484.89	
-6165.68	
-8134.6	
-8526.45	
-8057.61	
-10483.8	
-10063.1	
-11889	
-25830.1	
-5666.68	
-11805.2	
-23816	
-17866	
-13246.9	
-8632.4	
-7430.66	
-4252.28	
-11383.5	
-10942.1	
-4771.7	
-11023.1	
-15447.8	
-11494.7	
-9502.57	
-6694.7	
-10337.1	
-10418.5	
-9352.3	
-4334.91	
-6571.61	
-12426.9	
-6008.44	
-8649.74	
-23892	
-9031.92	
-6285.28	
-7623.8	
-7423.08	
-10741	
-17578	
-14494.8	
-5691.54	
-6771.83	
-7013.84	
-5821.63	
-2202.43	
-12882.1	
-15931.7	
-5907.85	
-10522.5	
-6769.8	
-11617.9	
-10473.1	
-18714.2	
-6291.49	
-13040	
-7367.39	
-7244.56	
-3977.36	
-1754.59	
-18447	
-5813.51	
-17912.3	
-14403.9	
-12913.3	
-13271.9	
-20087.1	
-16956.5	
-13590	
-15548.8	
-8538.89	
-9423.67	
-4994.4	
-7972.27	
-6780.93	
-10890.2	
-8053.98	
-7706.58	
-4165.91	
-7485.14	
-4692.42	
-9755.42	
-5928.44	
-16923.2	
-8724.17	
-11432.5	
-6673.86	
-7955.31	
-14659.4	
-10336.9	
-11323.7	
-12223.5	
-10274.6	
-13173.4	
-18244.6	
-6406.74	
-6688.01	
-10274.7	
-6577.34	
-11687.7	
-22507.8	
-5630.47	
-3914.58	
-18042.8	
-13270.8	
-16326	
-20364.9	
-258.903	
-12834.6	
-20644.2	
-14589.4	
-5149.7	
-12959.9	
-13035.5	
-21599.6	
-10042	
-5838.33	
-10922.2	
-7670.48	
-6303.17	
-2705.24	
-6642.67	
-8573.97	
-25.0798	
-9635.03	
-6964.51	
-10988	
-14101.9	
-9182.63	
-10351.9	
-9426.24	
-9748.33	
-14278	
-5621.95	
-10200	
-16473.5	
-17655.3	
-8489	
-8393.62	
-7267.89	
-7807.08	
-10583.6	
-10999.7	
-13683.4	
-19779.5	
-14330.1	
-13426.4	
-18356.4	
-8835.66	
-11962.3	
-6979.6	
-20518.2	
-12581.7	
-7825.21	
-5211.84	
-7070.95	
-10669.7	
-18001	
-11124.4	
-8634.16	
-7286.91	
-6922.38	
-5644.7	
-8188.52	
-10303.4	
-16966.2	
-5218.68	
-3279.85	
-14970.5	
-9343.04	
-17340.6	
-10775.8	
-13504.8	
-6437.51	
-9096.95	
-4436.58	
-8253.88	
-7197.14	
-7368.39	
-15736.7	
-15871.7	
-12266.8	
-7298.07	
-5899.34	
-14074.9	
-15386.4	
-14838.6	
-17613.8	
-7416.86	
-12066.6	
-13982.7	
-18791.3	
-5550.41	
-10360.7	
-15452.7	
-15542.1	
-5096	
-14963.7	
-9977.42	
-14709.1	
-23067.6	
-10977.4	
-10748.6	
-11327.4	
-8158.06	
-18201.3	
-18166.1	
-9541.18	
-7553.25	
-9594.25	
-11346	
-6484.29	
-9807.78	
-17399.7	
-9035.12	
-11175.3	
-4276.54	
-1330.64	
-14977.1	
-13837	
-11885.5	
-12793.4	
-7548.04	
-15866	
-16863.8	
-10830.6	
-15170.1	
-12238.8	
-7121.47	
-7588.44	
-9263.21	
-12469.4	
-7620.15	
-11628.5	
-17747.7	
-16647.3	
-5797.27	
-21907.3	
-6693.64	
-10376.2	
-20706.9	
-1868.36	
-17550.6	
-11191.6	
-7598.34	
-20318.3	
-7409.66	
-9909.79	
-9334.52	
-12778.6	
-15819.3	
-6840.12	
-11166.6	
-3873.89	
-5359.51	
-12138.3	
-8213.47	
-15688.3	
-15080	
-7912.06	
-14564.9	
-18477.1	
-11090.2	
-14425.1	
-9792.95	
-9517.36	
-1858.54	
-16623.2	
-3442.07	
-8224.57	
-11462.5	
-13114.2	
-17378.4	
-4441.06	
-8879.38	
-13365.1	
-9073.8	
-18863.8	
-11610.3	
-7942.66	
-14989.5	
-8087.77	
-2794.84	
-10188.7	
-7604.72	
-16476.6	
-14571.8	
-8342.69	
-9780.76	
-7984.55	
-12914.3	
-15854.8	
-21854.3	
-6456.74	
-11945.4	
-15548.3	
-8322.46	
-20712.2	
-10345.5	
-5020.43	
-4207.14	
-11899.3	
-10563.2	
-22298.2	
-7223.19	
-10286.6	
-21738	
-7552.85	
-4730.83	
-8288.47	
-11695.2	
-4058	
-20675.3	
-16024.8	
-7675.9	
-12568.9	
-19566.1	
-5979.86	
-10788.4	
-6882.73	
-9556.04	
-12302.4	
-16400.1	
-12565.4	
-18235	
-18862	
-12228.9	
-10443.5	
-4322.35	
-14269.9	
-13721.3	
-19305.2	
-7776.8	
-6918.11	
-9447.35	
-19011.2	
-16769.9	
-5293.12	
-7030.35	
-8961.66	
-22856.6	
-13740.9	
-6800.72	
-14145.6	
-7571.35	
-6748.55	
-11248	
-8817.05	
-14145.7	
-15802.2	
-17937.5	
-12705.3	
-7437.08	
-8626.31	
-11565.3	
-1438.02	
-12536	
-12471.8	
-14528.3	
-6364.8	
-2736.16	
-14103.4	
-4590.79	
-7766.45	
-14734.3	
-4052.27	
-15818.8	
-9531.3	
-22872.1	
-10616.7	
-6158.72	
-4314.43	
-10411.9	
-8468.28	
-8743.96	
-3434.75	
-9497.82	
-5577.23	
-13217.3	
-6855.15	
-12670.8	
-10038	
-11669.6	
-9142.61	
-17611.6	
-17259.9	
-16310.3	
-5766.83	
-7271.68	
-9815.99	
-2777.64	
-613.823	
-10755.1	
-9124.05	
-17990.7	
-14654.9	
-5950.09	
-20367.5	
-13192.4	
-8304.45	
-7662.88	
-8132.16	
-15985.6	
-7225.64	
-5824.6	
-2034.19	
-13663.1	
-5120.5	
-10038.3	
-16398.3	
-8583.1	
-8742.59	
-10165.4	
-10400.7	
-9180.49	
-3525.4	
-14325.2	
-12976	
-15784	
-5000.1	
-7155.04	
-15493.1	
-12361.6	
-9288.89	
-7104.06	
-10872.1	
-5795.22	
-4210.5	
-15917.7	
-6824.56	
-10545	
-5806.43	
-9942.29	
-3966.95	
-6362.19	
-15629.1	
-20231.2	
-15152.8	
-17973.8	
-13597.9	
-19504.4	
-5364.79	
-632.873	
-18205.9	
-11543.3	
-17649.6	
-13645.2	
-12778	
-7514.73	
-16626.3	
-12407.4	
-4839.14	
-3841.44	
-7500.32	
-11210.5	
-10578	
-6089.98	
-9841.35	
-13879.1	
-3967.69	
-11594.8	
-8451.83	
-14932.7	
-16816.7	
-10723.2	
-12394.5	
-2085.62	
-19184.4	
-6237.76	
-18948.3	
-11399.5	
-17774.2	
-11900.1	
-7774.53	
-14309.1	
-14554.2	
-14190.2	
-13599.7	
-10450.3	
-11956.4	
-3866.16	
-12483.3	
-11034	
-4918.71	
-12754.9	
-12713.9	
-13067.9	
-10993.9	
-11897.1	
-16345.9	
-5765.2	
-7728.02	
-17385.3	
-20171.4	
-9093.26	
-3810.37	
-11057.8	
-11860.2	
-11516.9	
-13605.6	
-7531.77	
-12646.3	
-12419.4	
-6919.48	
-11398.1	
-10829.7	
-10594.8	
-12725.8	
-12091.9	
-8322.51	
-5837.69	
-9400.06	
-13045	
-15211.1	
-6446.93	
-15887.2	
-19163.9	
-2663.66	
-16039.8	
-7337.59	
-5387.37	
-10335.6	
-6661.72	
-13842.1	
-9229.05	
-6482.81	
-10809.4	
-11082.3	
-9861.55	
-15986.2	
-6630.31	
-7418.85	
-14967.6	
-10205.6	
-9738.22	
-18080.4	
-6521.7	
-5800.67	
-7865.36	
-6098.39	
-9247.52	
-7774.94	
-6724.59	
-11196.5	
-12413.1	
-18062.5	
