5.61937e+06	
5.89785e+06	
5.05853e+06	
6.00803e+06	
5.94048e+06	
5.32943e+06	
5.45677e+06	
7.6547e+06	
8.2178e+06	
5.31044e+06	
5.49317e+06	
1.04806e+07	
1.07378e+07	
9.88549e+06	
5.60154e+06	
2.05319e+06	
1.09206e+07	
5.53981e+06	
7.67607e+06	
5.14496e+06	
5.72123e+06	
5.52902e+06	
4.91072e+06	
1.51501e+07	
1.38787e+07	
1.69289e+07	
1.00306e+07	
6.7657e+06	
5.99485e+06	
8.30143e+06	
4.54099e+06	
7.16521e+06	
6.85238e+06	
1.01337e+07	
1.96111e+06	
1.86452e+06	
1.68902e+07	
9.26064e+06	
2.43737e+07	
2.02999e+06	
8.04503e+06	
1.25492e+07	
1.29852e+07	
1.54459e+06	
7.38998e+06	
5.39365e+06	
2.6247e+07	
1.77335e+07	
8.86868e+06	
1.50983e+06	
7.65314e+06	
7.13725e+06	
1.51179e+06	
9.34839e+06	
5.21682e+06	
1.29335e+07	
1.46569e+07	
6.20867e+06	
1.56861e+06	
1.53838e+06	
7.05251e+06	
1.12142e+07	
1.58589e+07	
1.57397e+06	
1.43238e+07	
7.47002e+06	
1.24251e+07	
9.70403e+06	
1.31184e+07	
5.21189e+06	
9.71646e+06	
8.13976e+06	
1.30353e+07	
1.29653e+07	
1.58678e+07	
7.67847e+06	
6.82144e+06	
9.03188e+06	
1.33687e+07	
1.27079e+07	
9.42673e+06	
1.52147e+07	
1.52932e+06	
2.41622e+07	
1.81081e+07	
1.44245e+06	
1.67712e+07	
5.2102e+06	
1.36824e+06	
1.43361e+07	
6.42464e+06	
9.25593e+06	
1.7694e+07	
9.52141e+06	
8.93686e+06	
1.53799e+07	
1.28743e+07	
9.95411e+06	
5.60313e+06	
1.51204e+07	
5.41315e+06	
6.13237e+06	
1.3309e+07	
1.17985e+07	
2.2889e+07	
1.22179e+07	
8.8097e+06	
7.32428e+06	
6.56783e+06	
9.62622e+06	
1.61224e+07	
8.92466e+06	
1.79538e+07	
1.23109e+07	
1.36246e+07	
1.20134e+07	
1.29174e+07	
7.56288e+06	
6.76688e+06	
2.36747e+07	
1.44427e+07	
1.72686e+07	
1.30717e+07	
8.8962e+06	
8.33575e+06	
1.52272e+07	
8.48192e+06	
1.43755e+07	
8.64438e+06	
8.94457e+06	
1.01429e+07	
1.76226e+07	
9.73302e+06	
6.51171e+06	
7.18098e+06	
9.15374e+06	
5.99647e+06	
1.43831e+07	
5.29346e+06	
9.49757e+06	
1.70762e+07	
5.55125e+06	
4.2236e+06	
9.8109e+06	
5.77892e+06	
7.88289e+06	
1.38548e+07	
1.02534e+07	
1.7815e+07	
8.14396e+06	
8.33874e+06	
1.36449e+07	
1.65764e+07	
1.54111e+07	
5.33379e+06	
1.42571e+07	
5.79819e+06	
4.53523e+06	
1.11245e+07	
5.54077e+06	
1.22953e+07	
6.29185e+06	
5.77867e+06	
1.68412e+07	
7.78868e+06	
1.01691e+07	
9.86104e+06	
5.23741e+06	
5.75748e+06	
1.62153e+07	
7.57561e+06	
4.77833e+06	
1.23567e+07	
1.33218e+07	
8.39523e+06	
5.69706e+06	
1.36616e+07	
6.95871e+06	
9.23328e+06	
1.6314e+07	
7.53886e+06	
1.16291e+07	
1.00625e+07	
6.51017e+06	
5.37191e+06	
1.64302e+07	
1.09152e+07	
4.56098e+06	
0	
5.33149e+06	
6.94723e+06	
1.58014e+07	
4.93868e+06	
6.01149e+06	
7.1416e+06	
4.6692e+06	
403888	
5.24437e+06	
1.54926e+07	
1.27344e+07	
1.66162e+07	
1.07498e+07	
1.01898e+07	
5.04756e+06	
5.24298e+06	
6.98224e+06	
1.33678e+07	
1.2712e+07	
1.27164e+07	
6.72044e+06	
9.3703e+06	
7.35851e+06	
5.71182e+06	
5.74039e+06	
1.76842e+07	
2.03642e+07	
6.59311e+06	
9.25279e+06	
5.75888e+06	
9.23792e+06	
9.5731e+06	
6.64967e+06	
1.53298e+07	
1.24968e+07	
9.3688e+06	
9.61756e+06	
1.23529e+07	
6.87627e+06	
1.28563e+07	
7.10082e+06	
6.81503e+06	
1.60671e+07	
1.00262e+07	
1.26813e+07	
2.61147e+06	
8.0067e+06	
9.12267e+06	
7.32157e+06	
6.94342e+06	
4.94448e+06	
6.20226e+06	
8.43866e+06	
1.19787e+07	
1.21923e+07	
5.26618e+06	
5.97868e+06	
6.84693e+06	
1.95781e+07	
1.37752e+07	
6.06247e+06	
1.07868e+07	
1.44169e+07	
7.1558e+06	
1.51778e+07	
1.32639e+07	
1.09124e+07	
1.27468e+07	
5.60807e+06	
1.93654e+07	
1.33197e+07	
1.27942e+07	
5.58807e+06	
8.49359e+06	
9.66623e+06	
8.76298e+06	
5.07726e+06	
5.23919e+06	
5.0552e+06	
1.12673e+07	
8.38424e+06	
1.45672e+07	
4.01362e+06	
6.06866e+06	
1.44713e+07	
9.45104e+06	
9.23588e+06	
9.44158e+06	
1.81439e+07	
1.25243e+07	
6.67989e+06	
6.18817e+06	
6.39849e+06	
5.61552e+06	
5.67332e+06	
1.13751e+07	
1.87717e+07	
1.22538e+07	
6.58186e+06	
1.4786e+07	
7.04036e+06	
1.60296e+07	
1.36616e+07	
5.77749e+06	
5.18678e+06	
1.8537e+07	
4.71578e+06	
1.37604e+07	
1.37634e+07	
1.06879e+07	
6.27361e+06	
1.14052e+07	
6.31565e+06	
4.05096e+06	
5.55276e+06	
1.14054e+07	
6.02053e+06	
1.17301e+07	
6.82329e+06	
9.00948e+06	
1.18837e+07	
6.30611e+06	
6.31134e+06	
3.63623e+06	
1.42071e+07	
4.20467e+06	
6.80468e+06	
7.7464e+06	
1.58546e+07	
5.11867e+06	
3.83095e+06	
6.06896e+06	
1.50572e+07	
5.08252e+06	
1.09528e+07	
9.23242e+06	
1.81289e+07	
3.75474e+06	
6.67021e+06	
3.97954e+06	
1.82946e+07	
7.91712e+06	
1.56621e+06	
1.17561e+07	
6.33762e+06	
1.09968e+07	
3.72794e+06	
9.18886e+06	
5.46551e+06	
1.36154e+07	
7.57838e+06	
5.23004e+06	
3.71076e+06	
5.85711e+06	
2.96949e+06	
6.45672e+06	
1.39609e+07	
1.11672e+07	
2.30104e+06	
5.28522e+06	
7.004e+06	
7.89195e+06	
6.9925e+06	
1.73253e+07	
5.93258e+06	
1.2318e+07	
1.79057e+07	
1.30879e+07	
1.78405e+07	
5.57335e+06	
1.76973e+07	
9.10641e+06	
5.3231e+06	
9.2959e+06	
9.17132e+06	
9.60861e+06	
5.6406e+06	
1.39406e+07	
1.61161e+07	
1.45834e+07	
1.67258e+07	
4.9731e+06	
5.12796e+06	
1.65008e+07	
9.93724e+06	
9.84281e+06	
1.24622e+07	
8.70086e+06	
1.6645e+07	
9.6463e+06	
7.83967e+06	
5.58608e+06	
1.63735e+07	
1.36891e+07	
1.08548e+07	
8.21542e+06	
1.54743e+07	
1.0799e+07	
6.64337e+06	
1.63091e+07	
8.34112e+06	
4.73718e+06	
5.7519e+06	
2.22421e+07	
1.59385e+07	
1.60106e+07	
1.36345e+07	
6.69751e+06	
5.12085e+06	
1.21732e+07	
9.38557e+06	
9.05087e+06	
4.97579e+06	
6.20997e+06	
1.75794e+07	
3.94984e+06	
9.37502e+06	
1.48458e+07	
2.02351e+07	
1.51215e+07	
1.14675e+07	
1.23341e+07	
1.27819e+07	
4.39516e+06	
1.12831e+07	
5.11658e+06	
7.33196e+06	
1.67282e+07	
8.9034e+06	
6.95623e+06	
1.48226e+07	
6.16973e+06	
1.95016e+07	
1.74989e+07	
1.16892e+07	
5.87e+06	
9.75911e+06	
8.48473e+06	
1.64525e+07	
1.44025e+07	
1.25248e+07	
8.69164e+06	
6.33636e+06	
1.00432e+07	
1.41047e+07	
1.5844e+07	
6.31518e+06	
1.00253e+07	
1.86296e+07	
1.20768e+07	
8.49901e+06	
1.54614e+07	
1.33833e+07	
9.73046e+06	
1.3737e+07	
1.80792e+07	
1.16475e+07	
1.33188e+07	
1.08786e+07	
1.50193e+07	
1.30175e+07	
1.71262e+07	
1.28847e+07	
8.36392e+06	
1.39107e+07	
1.44217e+07	
5.00936e+06	
1.46627e+07	
1.76594e+07	
1.63573e+07	
8.38503e+06	
1.05443e+07	
5.31678e+06	
