2423.87	
3683.86	
3507.5	
2467.89	
1252.39	
3735.17	
6801.01	
7771.8	
3783.16	
3075.05	
5139.89	
10375	
7513.34	
12775.2	
6167.25	
36.2069	
7188.73	
4945.86	
7902.31	
1456.15	
2124.08	
2159.36	
4471.8	
10894.8	
11714.8	
16789.8	
6563.35	
7566.65	
4846.94	
8420.75	
5569.1	
4603.21	
3082.53	
6814.75	
1391.2	
429.832	
11438.5	
8256.75	
20519	
1269.51	
3987.2	
7257.34	
10088.3	
-606.883	
5122.58	
4871.38	
25256.1	
19536.9	
7053.71	
781.209	
4843.71	
7952.04	
912.919	
9329.82	
2383.8	
8160.49	
10335.2	
4090.63	
-848.434	
884.628	
4038.5	
9612.03	
16530.2	
14.0452	
9295.03	
4052.65	
8845.37	
7141.41	
10012.3	
3582.22	
9582.11	
2932.6	
11717.5	
17655.4	
9672.32	
3841.11	
4128.54	
5980.81	
7805.97	
8645.41	
5907.34	
7887.15	
1616.62	
17066.5	
15194.4	
1472.89	
12264.7	
1612.3	
-754.193	
7968.5	
4258.93	
9692.12	
13006.1	
7923.72	
6197.41	
14107	
10052.5	
7094.35	
2572.11	
11027.2	
7514.35	
2327.81	
5912.35	
14484.5	
18890	
10482.9	
6840.41	
5400.42	
5232.84	
5963.13	
16763.9	
7985.99	
16866.3	
6507.67	
15000.3	
9437.63	
8878.38	
6990.53	
4273.22	
24873.4	
9276.46	
12267.8	
7278.97	
10954.1	
4218.07	
20218.9	
4540.47	
12268.3	
7087.22	
5852.15	
7117.53	
16394.8	
10286.1	
6531.59	
5807.24	
7580.47	
1991.96	
5862.68	
4688.6	
8205.59	
11956.3	
2819.27	
3751.59	
7045.05	
6721.37	
8499.67	
14903.4	
3971.4	
15537.7	
6312.45	
5470.91	
14060.1	
13135.9	
12144.2	
6623.7	
12361.1	
3647.58	
3791.4	
8760.36	
3944.84	
15125.6	
3782.58	
4678.41	
13788.5	
6861.76	
11446.5	
8135.47	
3228.93	
5722.24	
16268.8	
8512.23	
3062.67	
14232.7	
6889.71	
9495.28	
5665.41	
13809.4	
4958.91	
10501.7	
14351.1	
7578.99	
11620	
5261.08	
6480.97	
3503.56	
16539.8	
8139.18	
2695.44	
0	
6137.93	
3154.83	
20452.1	
3767.68	
4249.79	
5274.62	
2813.86	
411.533	
4964.34	
14746.1	
14092.4	
13281.9	
13094.2	
9166.51	
2649.96	
2309.82	
4719.03	
8844.92	
13056.5	
15119.6	
4993.01	
8997.67	
5356.19	
5221.23	
5721.09	
15295.5	
15051.4	
6221.06	
7587.39	
3442.64	
6748.9	
7183.36	
2573.97	
12389.6	
6541.32	
6184.15	
10194.1	
9442.67	
4771.5	
12497.9	
3282.23	
5198.6	
16670.3	
9920.54	
9285.37	
1331.6	
6611.45	
2506.47	
3672.22	
3967.01	
5416.86	
2936.55	
4362.14	
8963.98	
5650.18	
3029.07	
5541.97	
4438.46	
20990.9	
8411.14	
4025.82	
8755.54	
12184.5	
8126.08	
15023.7	
10295.1	
7585.48	
11746.6	
3140.37	
17876.7	
8405.51	
8482.94	
5895.13	
4523.77	
6496.15	
6815	
4979.15	
2661.59	
3775.26	
9330.99	
5588.66	
11074.5	
982.386	
7532.31	
11035.1	
2732.81	
6467.98	
4598.03	
12385.9	
12339.6	
7210.61	
1659.77	
7225.42	
5633.62	
5406.88	
11921.2	
18090.3	
8560.86	
4334.31	
6735.34	
5565.2	
12070.1	
7958.93	
5269.57	
3192.67	
17017.7	
2158.79	
17637.5	
8136.72	
8637.25	
4946.59	
8258.63	
6254.94	
3590.44	
4007.62	
9512.57	
5371.01	
11731.3	
5725.47	
7963.17	
13139.7	
5776.08	
6399.18	
1566.82	
12886.7	
2868.93	
6273.04	
5937.07	
12137	
1617.08	
3321.89	
3926.15	
12145.1	
1917.33	
10630.5	
6561.86	
11446.3	
1943.73	
3656.43	
3947.74	
16557.3	
3052.18	
960.682	
8002.03	
6278.81	
6385.68	
183.85	
7708.54	
4477.15	
10039	
8891.58	
5601.59	
2828.54	
4540.6	
1419.96	
5692.33	
10246.2	
10497.9	
1632.54	
5500.14	
4260.8	
9672.13	
8063.95	
17761.6	
722.861	
10412.3	
13783.7	
12761.2	
17194.1	
5720.54	
17662.5	
6282.45	
2929.03	
9946.42	
3316.47	
7490.44	
3883.53	
12952.1	
13112.1	
14366.7	
16306.9	
2690.38	
5141.73	
8202.56	
4525.34	
8640.5	
9496.64	
6847.46	
13954.4	
7269.41	
6422.73	
4509.5	
12147	
9792.48	
12037.7	
7033.26	
14497.2	
12014	
5015.03	
9770.48	
9576.01	
7867.13	
4513.47	
17350.2	
16196.9	
11410.3	
11438.4	
7895.81	
4356.54	
8980.46	
5883.48	
8308.7	
4747.27	
5100.17	
21846.4	
624.026	
7487.38	
16949.6	
16268.1	
7485.27	
12732.3	
10763.4	
9666.55	
3051.86	
4758.28	
4156.93	
4492.67	
14328.8	
8613.89	
3615.55	
14077.2	
6607.19	
15451.7	
16456.8	
10940.9	
5204.23	
7761.72	
6321.4	
7751.93	
14297.5	
13656.5	
1126.58	
4318.39	
10321	
13321.1	
8866.92	
7197.65	
7442.71	
18600	
9860.73	
9275.01	
13546.7	
10663.4	
6658.63	
11404.9	
18520.7	
8503.07	
14541.4	
9563.36	
7818.99	
10124.3	
15721.9	
9461.13	
4190.22	
9245.44	
13814.9	
2137.42	
4786.48	
13514.9	
12452.2	
4273.29	
10044.4	
1566.02	
