-14695.4	
-3177.25	
-13089.1	
-36479.9	
-12025.6	
-13975.8	
-13251.1	
-2345.03	
-27056.5	
-21670.9	
-13221.7	
-52966.3	
-5423.82	
-16976.2	
-11370.2	
-35137.1	
-14561.2	
-18832.5	
-23229.1	
-20714.7	
-21324.5	
-19186.3	
-5229.65	
-11573.2	
-57460.4	
-14529.1	
-20762.9	
-22988.4	
-12801.9	
-23168.9	
-3374.98	
-16363	
-18462.1	
-15927.9	
-3813.71	
-17150.7	
-18590.6	
-61694.8	
-45308.5	
-4677.28	
-4928.8	
-13819.5	
-31712.9	
-13308	
-28175.1	
-16087.8	
-24903.2	
-26794	
-3277.37	
-11376.4	
-17526.5	
-33252.4	
-21491	
-27533.5	
-13740.2	
-13174	
-4659.47	
-23694.1	
-12025.6	
-12962.6	
-42665.8	
-13251.1	
-14079.6	
-21250.3	
-22250.6	
-23397.3	
-32486.2	
-13280.2	
-57100.5	
-14056.8	
-20602.8	
-3177.25	
-20586.7	
-20714.7	
-35968.8	
-33479	
-35903.3	
-2345.03	
-35637.4	
-27583.7	
-18588	
-52966.3	
-23472.5	
-3355.78	
-21670.9	
-26528.7	
-36479.9	
-14219.4	
-31712.9	
-29998	
-19340.2	
-14304.4	
-57460.4	
-35105.9	
-3045.7	
-5229.65	
-29260	
-23106.4	
-13089.1	
-20224.1	
-29998	
-35137.1	
-13975.8	
-39279	
-4143.03	
-17526.5	
-3374.98	
-27583.7	
-11805.5	
-11370.2	
-16976.2	
-17150.7	
-36883.4	
-22829.8	
-42665.8	
-14561.2	
-41353.4	
-17456.6	
-11573.2	
-39279	
-18590.6	
-26794	
-14529.1	
-13949.2	
-27533.5	
-19838.6	
-29260	
-35968.8	
-40900.3	
-28137.3	
-21250.3	
-41841.7	
-16710.5	
-10325.1	
-4677.28	
-19581.8	
-18709.6	
-16087.8	
-30942.9	
-17006.2	
-36731.4	
-22988.4	
-15990.3	
-23472.5	
-18202.7	
-25785.1	
-35903.3	
-34307.1	
-30115	
-28412.3	
-30942.9	
-33479	
-53758.2	
-31506	
-22863	
-18247.7	
-35637.4	
-41841.7	
-26528.7	
-15293.8	
-57100.5	
-15143.3	
-36731.4	
-14589.3	
-35477.7	
-33374.3	
-30579.9	
-19102.6	
-20602.8	
-3355.78	
-18275.9	
-16737.2	
-3045.7	
-14304.4	
-36883.4	
-23729.2	
-18509.7	
-4143.03	
-22785.9	
-21727.8	
-33374.3	
-39613.8	
-32777.8	
-35105.9	
-23694.1	
-11805.5	
-28920	
-35477.7	
-10094.1	
-33524.8	
-11866.1	
-35146.9	
-13949.2	
-17456.6	
-16710.5	
-20586.7	
-32777.8	
-12579.6	
-22739.7	
-43926.1	
-17174	
-32030.3	
-34307.1	
-30441.2	
-10325.1	
-44703.6	
-26533.8	
-32030.3	
-10668.3	
-23106.4	
-25100.7	
-22546.4	
-25100.7	
-29265.8	
-15990.3	
-30115	
-29717.4	
-20224.1	
-18202.7	
-40900.3	
-29265.8	
-34534.4	
-29303.1	
-33524.8	
-22387.9	
-18247.7	
-18865.9	
-29005.4	
-15595.5	
-28137.3	
-19617.3	
-15293.8	
-28412.3	
-11538.8	
-30441.2	
-39613.8	
-42925.9	
-21837.8	
-30350.4	
-12161.9	
-44703.6	
-15133.1	
-18588	
-37316.9	
-12161.9	
-26533.8	
-13192.4	
-37741.6	
-22037.8	
-32439	
-32439	
-31635.6	
-27150.4	
-22546.4	
-13192.4	
-19923.6	
-53758.2	
-31635.6	
-21669.8	
-43439.7	
-42925.9	
-19578.2	
-19838.6	
-34416.3	
-34416.3	
-17492.5	
-18462.1	
-14589.3	
-14141.1	
-18709.6	
-29717.4	
-37421.6	
-19617.3	
-22607.3	
-17006.2	
-28920	
-9847.87	
-12962.6	
-33689.5	
-29378.6	
-40835.3	
-12863.9	
-23729.2	
-26012.9	
-12685.9	
-13716.2	
-31506	
-8118.97	
-22607.3	
-16116.1	
-13725.3	
-43439.7	
-28631	
-18360.4	
-39460.6	
-4917.7	
-15143.3	
-23397.3	
-19102.6	
-23475.5	
-15133.1	
-43926.1	
-11866.1	
-11058.8	
-24839.2	
-22440	
-4917.7	
-41499.4	
-17740.7	
-23315	
-16845.2	
-16737.2	
-11635.5	
-14141.1	
-37429.2	
-31375.5	
-12579.6	
-40835.3	
-10094.1	
-33664.1	
-13512.8	
-24662.2	
-27266.1	
-18579.9	
-12908.3	
-37741.6	
-22829.8	
-37316.9	
-12667.1	
-9847.87	
-29586.2	
-23804.6	
-14584.3	
-22785.9	
-35498.5	
-18275.9	
-21837.8	
-11538.8	
-17342.7	
-10623.4	
-12420.4	
-31811.3	
-37429.2	
-10668.3	
-37421.6	
-12908.3	
-24402.4	
-20326.6	
-17405.7	
-18509.7	
-39460.6	
-19176.9	
-8118.97	
-38944.1	
-17204	
-11765.3	
-33664.1	
-20126.6	
-19176.9	
-27150.4	
-39316.3	
-29586.2	
-12246.4	
-15595.5	
-18378.2	
-35248	
-34534.4	
-15094.1	
-18254.9	
-12567	
-41499.4	
-15519.1	
-41845.3	
-21975.4	
-12863.9	
-38944.1	
-15078.5	
-22387.9	
-11831.9	
-11469.3	
-41115.1	
-29378.6	
-19923.6	
-24158.9	
-18254.9	
-44622.4	
-17986.4	
-10267	
-17703.9	
-41845.3	
-21850.3	
-14584.3	
-18451.4	
-11058.8	
-13725.3	
-41115.1	
-29437.9	
-14955.6	
-9444.75	
-12557	
-32383.2	
-11564.8	
-15078.5	
-33689.5	
-39587.5	
-23281	
-14756.2	
-15229.4	
-9152.9	
-15852.2	
-10267	
-27266.1	
-13952.7	
-39587.5	
-44551.7	
-14044.5	
-18117.2	
-9152.9	
-10270.5	
-30877.1	
-12467.9	
-14551.7	
-10573.6	
-14500.2	
-12246.4	
-25785.1	
-35350.6	
-16101.8	
-10595.3	
-41353.4	
-22440	
-25777.4	
-17492.5	
-10573.6	
-31811.3	
-28303.7	
-14248.2	
-14338.6	
-18360.4	
-9166.95	
-24109.7	
-17049.9	
-12561.4	
-19581.8	
-10595.3	
-29522.5	
-22189.2	
-9416.43	
-21850.3	
-28631	
-10552	
-6257.16	
-15098.3	
-13358.5	
-12420.4	
-13317.8	
-13512.8	
-26248.5	
-9143.34	
0	
-9416.43	
-22037.8	
-24158.9	
-22106.4	
-35350.6	
-13317.8	
-57919.4	
-37173.7	
-7902.22	
-21669.8	
-23315	
-7993.54	
-16845.2	
-14100.6	
-11222.7	
-603.942	
-27646.1	
-40508.3	
-8149.34	
-18290	
-34175.6	
-17204	
-13428.6	
-26248.5	
-44065	
-6281.01	
-14998.1	
-7902.22	
-15094.1	
-21040.5	
-39316.3	
-21096.1	
-20269.6	
-17465.3	
-8149.34	
-19435.1	
-8299.15	
-4781.59	
-14726.9	
-12567	
-6281.01	
-34210.7	
-30579.9	
-12915.9	
-11831.9	
-17773.4	
-27124.7	
-32256.2	
-19666.6	
-20880.1	
-44551.7	
-14038	
-20880.1	
-27666.1	
-44065	
-11469.3	
-14721.7	
-24109.7	
-31686.7	
-11312.7	
-17174	
-44596.7	
-14447.7	
-22863	
-15046.4	
-22295.2	
-15042.5	
-23475.5	
-15720.1	
-9143.34	
0	
-16265.9	
-18865.9	
-7993.54	
-40508.3	
-30176.8	
-57919.4	
-24662.2	
-603.942	
-37578.8	
-26950.4	
-37578.8	
-10270.5	
-25601.8	
-20991	
-35498.5	
-12252.9	
-16101.8	
-27050	
-9444.75	
-10623.4	
-17049.9	
-31602.5	
-21975.4	
-19461.9	
-28403.9	
-15229.4	
-22976	
-21727.8	
-34210.7	
-30198.7	
-17465.3	
-14551.7	
-35146.9	
-29759.9	
-12557	
-32498.9	
-35248	
-31602.5	
-24402.4	
-18153.1	
-12685.9	
-27124.7	
-13319.9	
-15305	
-14726.9	
-25260.1	
-12913.7	
-48632.8	
-27050	
-19435.1	
-23443.7	
-34829.9	
-18451.4	
-20126.6	
-23761.2	
-26089.6	
-31686.7	
-11312.7	
-24839.2	
-9242.42	
-31847.2	
-47628.4	
-9476.88	
-13716.2	
-22739.7	
-29005.4	
-17703.9	
-25641.9	
-27666.1	
-21469	
-35406.5	
-31847.2	
-25777.4	
-23804.6	
-15098.3	
-14044.5	
-5519.97	
-11564.8	
-14500.2	
-19578.2	
-17740.7	
-13952.7	
-29303.1	
-30909.8	
-14248.2	
-11632.7	
-26950.4	
-15046.4	
-46706.6	
-11037.9	
-6257.16	
-30909.8	
-18579.9	
-30350.4	
-42114.8	
-43103	
-12561.4	
-11222.7	
-30348	
-47628.4	
-16116.1	
-17367	
-20991	
-25601.8	
-8299.15	
-22106.4	
-38567.7	
-29437.9	
-5519.97	
-34175.6	
-28262.2	
-48632.8	
-28262.2	
-32795.8	
-10090.9	
-27961.8	
-17932.1	
-18153.1	
-12252.9	
-17342.7	
-26682.5	
-13428.6	
-19461.9	
-44452.9	
-12566.9	
-17932.1	
-11635.5	
-17754.4	
-37481.8	
-10947.7	
-26012.9	
-12566.9	
-15042.5	
-23777.4	
-12667.1	
-31742.5	
-10947.7	
-14041.8	
-31375.5	
-42114.8	
-10951.5	
-12772.9	
-41824.8	
-18117.2	
-15305	
-40603.1	
-32256.2	
-46706.6	
-32383.2	
-38563.3	
-29522.5	
-12915.9	
-17405.7	
-43181.2	
-18209.2	
-21969.3	
-18378.2	
-44452.9	
-23761.2	
-32498.9	
-11434	
-30517.3	
-30793.9	
-30198.7	
-30877.1	
-19893.3	
-20326.6	
-21469	
-22976	
-30348	
-15519.1	
-35855.7	
-11765.3	
-34829.9	
-14955.6	
-25826.6	
-27646.1	
-23443.7	
-20591	
-17986.4	
-28303.7	
-34378.1	
-38413.2	
-32795.8	
-15852.2	
-32828.3	
-45140	
-16265.9	
-12799	
-17367	
-14041.8	
-22005.8	
-41824.8	
-37900	
-26859.2	
-40603.1	
-35406.5	
-12772.9	
-26682.5	
-28403.9	
-23281	
-10090.9	
-16355.1	
-44622.4	
-21040.5	
-31742.5	
-43181.2	
-35169.4	
-17754.4	
-25260.1	
-26089.6	
-27961.8	
-22189.2	
-28971.1	
-12467.9	
-15181.7	
-34424.1	
-34378.1	
-24622.8	
-18209.2	
-28282	
-30176.8	
-21096.1	
-15294.5	
-11434	
-22005.8	
-38413.2	
-29759.9	
-13037.7	
-14756.2	
-15620.5	
-19893.3	
-37173.7	
-13319.9	
-34743.8	
-33263.1	
-21969.3	
-12913.7	
-18296.1	
-38563.3	
-25826.6	
-38567.7	
-25641.9	
-14038	
-9166.95	
-35622.7	
-32828.3	
-14338.6	
-10552	
-9242.42	
-45237.1	
-28282	
-16348.3	
-9476.88	
-23777.4	
-26859.2	
-34424.1	
-30517.3	
-44516.7	
-45140	
-35855.7	
-11632.7	
-25560.8	
-26513.4	
-20269.6	
-13358.5	
-11037.9	
-18290	
-10951.5	
-27250.6	
-27534.6	
-27652	
-36744.5	
-14100.6	
-36366.4	
-37900	
-17773.4	
-35622.7	
-19666.6	
-34339.9	
-14998.1	
-22295.2	
-43103	
-33263.1	
-34743.8	
-15720.1	
-29251.5	
-36744.5	
-46524.3	
-14721.7	
-28971.1	
-14447.7	
-35169.4	
-4781.59	
-45237.1	
-37481.8	
-32383.6	
-30221.7	
-41657.3	
-36366.4	
-39407.4	
-44596.7	
-34036.7	
-44516.7	
-36918.2	
-32383.6	
-34034.5	
-30793.9	
-27534.6	
-37162.7	
-24622.8	
-36918.2	
-42833.7	
-26659.9	
-20856.9	
-20591	
-34036.7	
-31488.3	
-11983.2	
-15294.5	
-41756.5	
-41756.5	
-34034.5	
-29217.3	
-13037.7	
-46524.3	
-12799	
-31445.6	
-19843.3	
-41657.3	
-31445.6	
-18296.1	
-26659.9	
-16355.1	
-36177.5	
-15181.7	
-37162.7	
-15620.5	
-20856.9	
-11983.2	
-16348.3	
-31488.3	
-26513.4	
-25560.8	
-29217.3	
-27652	
-19843.3	
-27250.6	
-29251.5	
-36177.5	
-30221.7	
-34339.9	
-39407.4	
-42833.7	
