107593	50336	26362.6	31995	30859.3	-27396.3	-59071.6	-29587	17582.2	8223.69	38430.7	106967	43123.4	124844	151228	
-12355.3	-6966.29	81043	228965	39537.6	-132805	-19513.7	35939.4	9920	-13563.2	21177.5	-2247.19	44184.7	62273	11718.3	
17146.5	-28887.8	-2607.8	-98386	-145790	-136047	-98626.4	-23529.1	64342.1	33233.7	-56032.8	-140086	-131128	39647.3	41606	
-19624.4	-54653.5	-84761.1	-135255	-31770.7	70996.5	58059.9	-67101.6	-46419.1	40070.7	90749.7	84270.9	-6486	-30174.9	-14880	
66430.7	55433.7	-11261.7	-181282	-123428	-14908.3	85691.9	91586.7	62404.4	-38109.5	-73052.3	-118348	-154272	6804.83	81757.1	
62422.5	11615.1	41847.4	65456	-19099.1	-44368.4	-80561.9	7754.86	26311.8	-48961	-58089.5	68238.7	154155	45183.5	60492.9	
-35895.4	-6227.52	3829.14	66726.5	35316.2	-75789.2	-171393	-91025.5	-70088.6	-30467.7	47291.2	44696.4	21060.2	-24545.5	-83381	
25310.5	24850.7	-47061.3	-137528	17118.9	116246	5042.11	29947.9	72407.9	89218.3	65698.5	67971.1	-10616	34645.7	9378.8	
-17800.1	-31236.6	-39700.9	-52775.2	8090.49	80429.9	130400	67631.5	21060.1	3965.18	-10432.5	-55558.3	-39102	-8896.97	-1349.23	
-78629.7	-79807.8	-149498	-48475.7	114081	200287	49466.9	-115355	-119609	-18355.6	43352.8	132521	56748.7	-68052.1	-53538.2	
14281.4	50135.5	-20844.9	-196600	-222203	-279037	-246844	-100726	-97108.7	-123748	-102928	-25252.3	-43304.8	-17669.4	-12261	
-13693.8	10289.3	60395.8	105772	-581.27	122050	226290	121544	86239.5	66446.2	8756.14	-120183	-289811	-142028	-49064.3	
20764.5	6256.9	-7218.71	-61759.2	-19381.8	-124077	21826.3	135786	183595	134064	53569.3	-43986.9	-204684	-69141.4	32493.1	
144384	90666.3	-30371.1	-74596.1	-28296	-209041	-147448	12077.8	49902.8	26949	15947.8	76070.6	316053	192789	128094	
21733.4	58984.6	29105.8	-39999	-4142.89	-11245.4	-95558.6	-4198.15	94591	97895.4	16572.9	-61385.7	-82988.6	-47833.6	-33450.5	
-7126.23	43496.6	27208.8	-55200.8	75365.3	123091	82229.2	55885.1	-6286.74	-54636.3	9833.65	140935	159761	10536.5	-40496.1	
66464.7	101399	58959.9	-202897	-43407.4	-35047.5	-28429.9	-25392.6	-102767	-51965.1	-25201.8	75611.7	67070.3	-24704.6	34306.9	
-19408.8	-37065.2	-74059.4	-168309	-18290.3	-30722.7	-112507	-22099.3	145942	158334	-1350.69	-131130	-91944.6	-105013	-51257.4	
-63002.4	-9173.98	-32908.6	22057.9	140281	194273	-6674.64	-69750.7	-52921.6	-6928.17	34347.4	62600	36221.7	-41533.7	-140069	
-37980	17134.9	17104.9	-22040.8	44121.1	-63481.3	-89242.9	-20508.2	-57492.5	-105941	-100087	-45732.1	-79615.4	-24232.4	-12836.5	
49017.7	49161.5	-25737.6	-40053	83277.6	-36157.6	46387.2	99316	34291.4	-47100.4	-21519.1	115261	196811	38861.4	11173.8	
28273.7	88903.6	49039.2	-133799	-152479	77618.5	66416.9	-2955.67	-9395.15	-26070	-68447.6	-130077	-19100.3	72180.4	-14809.3	
-52652.3	66985.7	72028	-73829.2	-120574	-314493	-342144	-136469	-60802.3	-76095.2	-25399.1	12066.1	104957	35256	-97675.6	
-34163	17085.8	34606.5	-142694	-44399.4	-39832.8	-108225	-122365	-88479.8	-79776.9	-23138.3	89822.3	158058	21168.3	-41039.9	
83454.6	58505.4	-1438.61	120218	253997	299518	258517	192591	84644.2	52075.8	44737.1	-7670.47	9632.51	-44982.4	16862.5	
-75004.2	-75569.3	-66222.6	-43380.4	65237.9	9403.31	31302.3	63014.2	8996.84	40604.1	68668.4	41225.4	-117971	-186233	-110597	
14875.9	132953	140047	13287.1	-8048.34	12285.5	-81404.6	-124467	-147984	-124699	-64840.8	-126482	-299511	-48073	-55657.5	
-15379.5	-37627.6	-57092.9	27124.1	62666.2	-43323.5	-114325	-30990.9	14673.2	6466.75	-19476.9	-75520.7	-111996	-29984.7	-14226.5	
53442.5	104466	112403	-167714	-250035	-112666	135251	51935.5	-73728.5	-39962.8	50541.1	-83892.4	29724.8	95235.9	-4183.31	
-44510.3	-25085.3	18541.3	132125	209468	191598	43300.7	27516.6	36426.9	44662.4	-674.258	-39718	-10148.7	2753.54	-42144.2	
38490.4	-41754.7	-60071.9	-8241.46	-72364.9	-120236	-129161	-18849.3	82384	93505.3	72745.3	21503.1	-52345.8	12382.7	55906.3	
21061	56479	90840.6	165287	131483	89268.5	-34979.7	-19025.7	19397.6	49214.2	35956	-22552	-98436.9	-19866.4	-12803	
-37107.4	-57742.3	-42714.9	-44075.7	-8580.52	28092.9	10044.5	804.002	49447	84732.2	48518.4	23077.4	38751.8	-10586	-27919.5	
144679	172509	34278.7	-131359	-69170.1	-68567.4	-46681.5	-21130.8	28062.6	84227.2	108881	137408	162230	46122.4	46409.4	
43983.3	54717.3	100704	98000	-6264.68	85594.3	196316	86212.7	37344.6	24607.5	56712.6	6293.8	-138000	-77978.8	14921.6	
32205.1	7451.34	7984.64	-84605.4	-133646	-314798	-162745	-85337.3	-101297	-35084.1	-3988.48	22918.7	82155.6	87408.2	78831.1	
-9905.4	33688.4	133596	128475	49439.1	102851	132703	58246	16840	36348.8	30048.3	-6420.91	69125.2	61038.1	39304.5	
-32948.9	-54636.2	-109802	-111168	112027	145362	64174	-17855.2	-36068.9	10515.4	-264.08	-155776	-237997	-6486.93	9135.7	
49431.5	71749.3	41595.8	-12934.7	37106	2683.85	28833.6	76215.9	11721.9	-18722.8	-57442.6	-34275.9	-5516.23	-82894.5	-50113.2	
-23252.1	51016.2	55999.5	110567	-37325.6	-208150	-28396.6	51090.8	-25380.8	-46381.8	-23853.3	-9233.39	22125.5	-66622.3	-91826.8	
33439.3	-26796.4	-58099.6	-16364	-52006.1	-91829.6	-35238	-19240.4	-43456.8	-32668.4	14309	-5002.12	-123479	-53300.6	43913	
