11323
39.1946	0.400254	63.6429	0.714651	26.5476	1.21457	11.3698	1.71639	5.00813	2.21779	2.35415	2.71829	1.76278	3.39366	0.510554	4.41051	0.180694	5.41555	1.4867e+06

1.70492e+06

17057
39.1023	0.400295	63.741	0.71466	26.4797	1.21406	11.3475	1.71627	5.08859	2.21798	2.35768	2.71917	1.7533	3.39603	0.510289	4.40995	0.188779	5.42041	2.24075e+06

2.56826e+06

15773
39.0414	0.400341	63.6748	0.714708	26.4975	1.21443	11.3432	1.71623	5.07234	2.21823	2.37932	2.71985	1.7509	3.39344	0.507703	4.40669	0.179547	5.41809	2.07099e+06

2.373e+06

19369
39.0669	0.40035	63.6879	0.714621	26.5134	1.2144	11.385	1.71663	5.05607	2.21829	2.38107	2.71908	1.75719	3.39179	0.515411	4.4123	0.185348	5.4246	2.5447e+06

2.91597e+06

12307
39.1355	0.400294	63.6656	0.714648	26.5078	1.21385	11.3664	1.71598	5.09109	2.21726	2.34273	2.72057	1.75656	3.38981	0.503778	4.41101	0.177379	5.43305	1.61583e+06

1.85278e+06

20275
39.016	0.400198	63.7886	0.714814	26.4973	1.21432	11.3456	1.71569	5.07867	2.21743	2.36651	2.7193	1.76853	3.39443	0.511221	4.4001	0.180025	5.42521	2.66349e+06

3.05245e+06

16348
39.028	0.40029	63.7095	0.714751	26.533	1.21449	11.3309	1.7158	5.0523	2.21831	2.37075	2.71861	1.76499	3.3952	0.520308	4.40737	0.176352	5.42328	2.14676e+06

2.46015e+06

10238
39.0799	0.400253	63.6947	0.714672	26.519	1.21444	11.3631	1.71599	5.08205	2.21872	2.35544	2.72031	1.78443	3.39355	0.51133	4.41003	0.17855	5.4253	1.34465e+06

1.54152e+06

10971
39.0846	0.400362	63.4852	0.714499	26.5456	1.21386	11.3671	1.71611	5.05433	2.21603	2.36442	2.71805	1.74907	3.39359	0.514447	4.41211	0.184669	5.41403	1.43931e+06

1.64948e+06

26117
39.1206	0.400282	63.672	0.714497	26.5369	1.21442	11.3435	1.71598	5.06597	2.21749	2.35046	2.71864	1.76839	3.39269	0.509936	4.41261	0.179423	5.42389	3.42975e+06

3.93184e+06

18610
39.1083	0.400285	63.6435	0.714491	26.5021	1.21432	11.3574	1.71589	5.07877	2.21805	2.36292	2.71967	1.75572	3.39095	0.506985	4.41208	0.17727	5.4247	2.44348e+06

2.80068e+06

15029
39.1233	0.400326	63.6965	0.714745	26.505	1.21445	11.3191	1.71584	5.0837	2.21692	2.36057	2.71841	1.74862	3.39271	0.512875	4.40529	0.182647	5.42401	1.97356e+06

2.26235e+06

16515
39.1273	0.40025	63.7149	0.714565	26.5325	1.21427	11.3568	1.71627	5.06394	2.21753	2.33993	2.72011	1.77881	3.39179	0.512564	4.40484	0.181835	5.42181	2.17012e+06

2.4873e+06

19860
39.1186	0.400306	63.7028	0.71465	26.5557	1.21447	11.332	1.71635	5.08731	2.21772	2.32744	2.71976	1.75569	3.39681	0.510473	4.40979	0.179708	5.41815	2.60891e+06

2.99031e+06

14621
39.1317	0.400309	63.7967	0.714698	26.4079	1.21416	11.3689	1.7155	5.05205	2.21659	2.34765	2.72034	1.76999	3.39173	0.514397	4.40957	0.180357	5.42289	1.92051e+06

2.20148e+06

15591
39.0824	0.400258	63.6939	0.714583	26.5202	1.21447	11.3692	1.71628	5.07876	2.21715	2.36983	2.72039	1.74081	3.39321	0.505099	4.41004	0.185876	5.42249	2.04778e+06

2.34716e+06

26639
38.9852	0.400341	63.7385	0.714807	26.5558	1.21412	11.3417	1.71586	5.06663	2.21722	2.36341	2.72077	1.75679	3.39376	0.509253	4.40906	0.179887	5.42482	3.49959e+06

4.00909e+06

19512
25140
39.1257	0.400283	63.6445	0.71488	26.5384	1.21435	11.3733	1.71625	5.06201	2.21732	2.3872	2.71899	1.75892	3.39231	0.504459	4.40794	0.178096	5.43014	2.56306e+06
39.0283	0.400256	63.7167	0.714727	26.5453	1.21432	11.347	1.71625	5.08298	2.21779	2.36456	2.72022	1.77625	3.39169	0.506086	4.41084	0.176333	5.42764	3.30271e+06

3.78466e+06


2.93797e+06

18440
39.1747	0.400149	63.667	0.714827	26.5411	1.21427	11.3618	1.71585	5.02104	2.21749	2.34284	2.71882	1.75786	3.39584	0.509978	4.4124	0.185141	5.41758	2.42052e+06

2.77635e+06

16998
39.2525	0.400165	63.6639	0.7146	26.5018	1.21432	11.369	1.71608	5.08619	2.21758	2.36263	2.7188	1.75132	3.39202	0.502765	4.40743	0.182198	5.43015	2.23272e+06

2.56113e+06

23622
39.0926	0.400343	63.7245	0.714701	26.5186	1.21454	11.3802	1.7161	5.05478	2.21797	2.3592	2.72025	1.75138	3.39435	0.512277	4.41002	0.181187	5.42421	3.10373e+06

3.55688e+06

22951
39.1034	0.400263	63.7622	0.714691	26.4608	1.21441	11.3368	1.71588	5.07233	2.21769	2.34007	2.71919	1.75962	3.39285	0.518844	4.40641	0.184959	5.42034	3.01347e+06

3.45502e+06

21639
39.1332	0.400288	63.7097	0.714858	26.497	1.21435	11.3094	1.71591	5.05176	2.21774	2.37123	2.71965	1.76547	3.39383	0.494986	4.40945	0.185776	5.41883	2.84089e+06

3.25707e+06

32259
39.0818	0.400297	63.6889	0.714749	26.5369	1.21446	11.3497	1.71566	5.05642	2.21802	2.35367	2.71948	1.74795	3.3929	0.516662	4.4092	0.180632	5.42548	4.23631e+06

4.85539e+06

18908
39.1717	0.400292	63.7518	0.714581	26.4431	1.21404	11.3905	1.71575	5.05997	2.21766	2.3654	2.7196	1.74143	3.3927	0.510049	4.41377	0.180982	5.43128	2.48403e+06

2.84783e+06

21411
39.0958	0.400378	63.5961	0.714718	26.5139	1.21401	11.4029	1.71674	5.06679	2.21774	2.38298	2.71942	1.7611	3.39211	0.515156	4.40874	0.175704	5.42198	2.8119e+06

3.22258e+06

15356
39.161	0.400146	63.6887	0.71456	26.5083	1.21415	11.3588	1.71584	5.07248	2.21751	2.34723	2.71948	1.73437	3.39355	0.507815	4.4111	0.17459	5.41799	2.01599e+06

2.3119e+06

30770
39.1275	0.400239	63.6655	0.71482	26.5407	1.21444	11.3629	1.71588	5.06656	2.21739	2.37491	2.71942	1.75515	3.39186	0.512285	4.41034	0.181605	5.41858	4.04188e+06

4.63356e+06

11270
39.1083	0.400386	63.6618	0.714663	26.5909	1.2144	11.2843	1.71607	5.08554	2.21761	2.35617	2.71964	1.75173	3.3924	0.520852	4.41413	0.174357	5.41545	1.48011e+06

1.69652e+06

19920
39.1388	0.40029	63.6274	0.714875	26.5551	1.21449	11.324	1.71532	5.08429	2.2182	2.37982	2.72001	1.75723	3.39211	0.521687	4.4082	0.179869	5.42701	2.61657e+06

2.99932e+06

10518
39.1303	0.400372	63.8077	0.714526	26.5068	1.21387	11.3538	1.71593	5.06418	2.21717	2.35957	2.72015	1.72495	3.39409	0.501521	4.4032	0.173227	5.4256	1.38221e+06

1.58424e+06

11440
39.1394	0.400332	63.757	0.714641	26.5126	1.21366	11.3111	1.71607	5.03907	2.21723	2.38059	2.72081	1.7382	3.39297	0.501311	4.40218	0.17535	5.42642	1.50282e+06

1.72234e+06

29395
39.1023	0.400318	63.7075	0.714688	26.5365	1.21425	11.3706	1.71598	5.08199	2.21794	2.37483	2.71983	1.77275	3.39297	0.514339	4.40793	0.183909	5.4148	3.86412e+06

4.4282e+06

18072
39.0342	0.400256	63.666	0.714748	26.5054	1.21402	11.3589	1.71571	5.07282	2.21786	2.3672	2.71861	1.75515	3.39391	0.512782	4.41016	0.179062	5.4247	2.37253e+06

2.71896e+06

10638
39.1889	0.40033	63.7284	0.714732	26.4219	1.21451	11.3038	1.71597	5.04606	2.21873	2.36821	2.71878	1.75334	3.39315	0.509588	4.41849	0.180579	5.42118	1.39658e+06

1.60103e+06

13975
39.1017	0.400499	63.6922	0.714822	26.4945	1.21455	11.3521	1.71659	5.11528	2.21752	2.37109	2.72122	1.77202	3.39462	0.504544	4.41513	0.177889	5.42431	1.83661e+06

2.10437e+06

11040
39.1482	0.400218	63.7322	0.714885	26.5215	1.2141	11.3848	1.71631	5.0462	2.21718	2.36096	2.72011	1.74656	3.39103	0.50779	4.40966	0.178533	5.41728	1.45038e+06

1.66292e+06

11570
39.1918	0.400331	63.6248	0.714872	26.5556	1.2138	11.3438	1.7153	5.05532	2.21775	2.37269	2.7184	1.73475	3.38849	0.510458	4.40773	0.178306	5.42837	1.51968e+06

1.74207e+06

13327
39.2934	0.400191	63.7477	0.714529	26.4716	1.21449	11.3015	1.71589	5.03692	2.21775	2.35147	2.72102	1.75673	3.3939	0.514294	4.40887	0.178135	5.4171	1.75033e+06

2.00774e+06

11965
39.2303	0.400198	63.6085	0.714817	26.5453	1.21442	11.3205	1.71528	5.04179	2.2175	2.34567	2.71864	1.76598	3.39239	0.508483	4.41023	0.183452	5.42021	1.57021e+06

1.80133e+06

