ibin	iptbin	itheta	r0	V	sigma2	chi	Vn Errors
0	0	0	0.2801	0.0580	322.4299	0.4782	0.0066
0	0	1	0.2815	0.0577	322.4299	0.4757	0.0066
0	0	2	0.2723	0.0596	322.4299	0.4918	0.0068
0	0	3	0.3046	0.0533	322.4299	0.4397	0.0061
0	0	4	0.2689	0.0604	322.4299	0.4980	0.0069


ibin	iptbin	avgmult	avgpt	Vn mean	Vn mean Error
0	0	148.0628	0.8813	0.0578	0.0032

ibin	iptbin	itheta	r0	V	sigma2	chi	Vn Errors
0	0	0	0.2683	0.0605	321.9475	0.4996	0.0064
0	0	1	0.2793	0.0581	321.9475	0.4799	0.0062
0	0	2	0.2751	0.0590	321.9475	0.4872	0.0063
0	0	3	0.2889	0.0562	321.9475	0.4639	0.0060
0	0	4	0.2872	0.0565	321.9475	0.4667	0.0060


ibin	iptbin	avgmult	avgpt	Vn mean	Vn mean Error
0	0	148.0947	0.8812	0.0581	0.0030

ibin	iptbin	itheta	r0	V	sigma2	chi	Vn Errors
0	0	0	0.2718	0.0597	322.0942	0.4930	0.0057
0	0	1	0.2756	0.0589	322.0942	0.4862	0.0056
0	0	2	0.2762	0.0588	322.0942	0.4852	0.0056
0	0	3	0.2697	0.0602	322.0942	0.4969	0.0057
0	0	4	0.2936	0.0553	322.0942	0.4563	0.0053


ibin	iptbin	avgmult	avgpt	Vn mean	Vn mean Error
0	0	148.1161	0.8809	0.0586	0.0027

ibin	iptbin	itheta	r0	V	sigma2	chi	Vn Errors
0	0	0	0.2656	0.0611	322.2202	0.5045	0.0091
0	0	1	0.2866	0.0567	322.2202	0.4675	0.0084
0	0	2	0.2862	0.0567	322.2202	0.4681	0.0084
0	0	3	0.3073	0.0528	322.2202	0.4360	0.0078
0	0	4	0.2909	0.0558	322.2202	0.4605	0.0083


ibin	iptbin	avgmult	avgpt	Vn mean	Vn mean Error
0	0	148.1042	0.8811	0.0566	0.0040

ibin	iptbin	itheta	r0	V	sigma2	chi	Vn Errors
0	0	0	0.2682	0.0605	322.1201	0.4995	0.0039
0	0	1	0.2664	0.0609	322.1201	0.5029	0.0039
0	0	2	0.2890	0.0562	322.1201	0.4636	0.0036
0	0	3	0.2593	0.0626	322.1201	0.5166	0.0040
0	0	4	0.2613	0.0621	322.1201	0.5128	0.0040


ibin	iptbin	avgmult	avgpt	Vn mean	Vn mean Error
0	0	148.0927	0.8810	0.0605	0.0019

ibin	iptbin	itheta	r0	V	sigma2	chi	Vn Errors
0	0	0	0.2785	0.0583	321.4480	0.4816	0.0086
0	0	1	0.2888	0.0562	321.4480	0.4645	0.0082
0	0	2	0.2819	0.0576	321.4480	0.4759	0.0085
0	0	3	0.3055	0.0531	321.4480	0.4390	0.0078
0	0	4	0.2809	0.0578	321.4480	0.4774	0.0085


ibin	iptbin	avgmult	avgpt	Vn mean	Vn mean Error
0	0	148.1070	0.8810	0.0566	0.0040

ibin	iptbin	itheta	r0	V	sigma2	chi	Vn Errors
0	0	0	0.2769	0.0587	321.7982	0.4842	0.0109
0	0	1	0.2860	0.0568	321.7982	0.4688	0.0106
0	0	2	0.2876	0.0565	321.7982	0.4661	0.0105
0	0	3	0.2822	0.0576	321.7982	0.4751	0.0107
0	0	4	0.3324	0.0489	321.7982	0.4033	0.0091


ibin	iptbin	avgmult	avgpt	Vn mean	Vn mean Error
0	0	148.0851	0.8812	0.0557	0.0049

ibin	iptbin	itheta	r0	V	sigma2	chi	Vn Errors
0	0	0	0.2746	0.0591	321.8023	0.4882	0.0076
0	0	1	0.2826	0.0575	321.8023	0.4744	0.0074
0	0	2	0.2779	0.0584	321.8023	0.4825	0.0075
0	0	3	0.2875	0.0565	321.8023	0.4662	0.0073
0	0	4	0.2990	0.0543	321.8023	0.4484	0.0070


ibin	iptbin	avgmult	avgpt	Vn mean	Vn mean Error
0	0	148.0832	0.8814	0.0572	0.0035

ibin	iptbin	itheta	r0	V	sigma2	chi	Vn Errors
0	0	0	0.2819	0.0576	321.5642	0.4757	0.0085
0	0	1	0.2831	0.0574	321.5642	0.4737	0.0085
0	0	2	0.2913	0.0557	321.5642	0.4604	0.0082
0	0	3	0.2975	0.0546	321.5642	0.4508	0.0081
0	0	4	0.2816	0.0577	321.5642	0.4762	0.0085


ibin	iptbin	avgmult	avgpt	Vn mean	Vn mean Error
0	0	148.0989	0.8811	0.0566	0.0040

ibin	iptbin	itheta	r0	V	sigma2	chi	Vn Errors
0	0	0	0.2818	0.0576	321.1898	0.4761	0.0069
0	0	1	0.2699	0.0602	321.1898	0.4972	0.0072
0	0	2	0.2722	0.0597	321.1898	0.4929	0.0072
0	0	3	0.2948	0.0551	321.1898	0.4552	0.0066
0	0	4	0.2995	0.0542	321.1898	0.4480	0.0065


ibin	iptbin	avgmult	avgpt	Vn mean	Vn mean Error
0	0	148.0523	0.8814	0.0574	0.0033

ibin	iptbin	itheta	r0	V	sigma2	chi	Vn Errors
0	0	0	0.2614	0.0621	321.3153	0.5132	0.0059
0	0	1	0.2840	0.0572	321.3153	0.4723	0.0054
0	0	2	0.2795	0.0581	321.3153	0.4799	0.0055
0	0	3	0.2713	0.0598	321.3153	0.4944	0.0057
0	0	4	0.2902	0.0559	321.3153	0.4622	0.0053


ibin	iptbin	avgmult	avgpt	Vn mean	Vn mean Error
0	0	148.0944	0.8813	0.0586	0.0027

ibin	iptbin	itheta	r0	V	sigma2	chi	Vn Errors
0	0	0	0.2660	0.0610	322.2851	0.5035	0.0062
0	0	1	0.2840	0.0572	322.2851	0.4717	0.0058
0	0	2	0.2926	0.0555	322.2851	0.4578	0.0057
0	0	3	0.2813	0.0577	322.2851	0.4762	0.0059
0	0	4	0.2716	0.0598	322.2851	0.4933	0.0061


ibin	iptbin	avgmult	avgpt	Vn mean	Vn mean Error
0	0	148.0946	0.8813	0.0582	0.0029

ibin	iptbin	itheta	r0	V	sigma2	chi	Vn Errors
0	0	0	0.2848	0.0570	322.1231	0.4705	0.0050
0	0	1	0.2761	0.0588	322.1231	0.4853	0.0052
0	0	2	0.2686	0.0605	322.1231	0.4988	0.0053
0	0	3	0.2805	0.0579	322.1231	0.4777	0.0051
0	0	4	0.2676	0.0607	322.1231	0.5006	0.0053


ibin	iptbin	avgmult	avgpt	Vn mean	Vn mean Error
0	0	148.0902	0.8813	0.0590	0.0025

ibin	iptbin	itheta	r0	V	sigma2	chi	Vn Errors
0	0	0	0.2659	0.0611	322.5320	0.5036	0.0054
0	0	1	0.2808	0.0578	322.5320	0.4769	0.0051
0	0	2	0.2846	0.0570	322.5320	0.4705	0.0050
0	0	3	0.2769	0.0586	322.5320	0.4835	0.0052
0	0	4	0.2717	0.0598	322.5320	0.4928	0.0052


ibin	iptbin	avgmult	avgpt	Vn mean	Vn mean Error
0	0	148.1135	0.8811	0.0589	0.0025

ibin	iptbin	itheta	r0	V	sigma2	chi	Vn Errors
0	0	0	0.2677	0.0607	320.9891	0.5014	0.0076
0	0	1	0.2718	0.0598	320.9891	0.4939	0.0075
0	0	2	0.2918	0.0557	320.9891	0.4600	0.0069
0	0	3	0.2965	0.0548	320.9891	0.4526	0.0068
0	0	4	0.2910	0.0558	320.9891	0.4612	0.0070


ibin	iptbin	avgmult	avgpt	Vn mean	Vn mean Error
0	0	148.0917	0.8814	0.0573	0.0034

ibin	iptbin	itheta	r0	V	sigma2	chi	Vn Errors
0	0	0	0.2811	0.0578	321.9612	0.4767	0.0047
0	0	1	0.2874	0.0565	321.9612	0.4663	0.0046
0	0	2	0.2761	0.0588	321.9612	0.4855	0.0048
0	0	3	0.2536	0.0640	321.9612	0.5285	0.0053
0	0	4	0.2750	0.0590	321.9612	0.4873	0.0048


ibin	iptbin	avgmult	avgpt	Vn mean	Vn mean Error
0	0	148.1107	0.8812	0.0592	0.0024

ibin	iptbin	itheta	r0	V	sigma2	chi	Vn Errors
0	0	0	0.2846	0.0571	321.5100	0.4713	0.0070
0	0	1	0.2846	0.0570	321.5100	0.4713	0.0070
0	0	2	0.2701	0.0601	321.5100	0.4966	0.0074
0	0	3	0.2958	0.0549	321.5100	0.4534	0.0067
0	0	4	0.2808	0.0578	321.5100	0.4776	0.0071


ibin	iptbin	avgmult	avgpt	Vn mean	Vn mean Error
0	0	148.1179	0.8812	0.0574	0.0034

ibin	iptbin	itheta	r0	V	sigma2	chi	Vn Errors
0	0	0	0.2759	0.0589	321.4696	0.4861	0.0061
0	0	1	0.2761	0.0588	321.4696	0.4858	0.0061
0	0	2	0.2919	0.0556	321.4696	0.4594	0.0058
0	0	3	0.2705	0.0600	321.4696	0.4958	0.0062
0	0	4	0.2831	0.0573	321.4696	0.4737	0.0060


ibin	iptbin	avgmult	avgpt	Vn mean	Vn mean Error
0	0	148.1052	0.8814	0.0581	0.0029

ibin	iptbin	itheta	r0	V	sigma2	chi	Vn Errors
0	0	0	0.2781	0.0584	321.8502	0.4820	0.0056
0	0	1	0.2790	0.0582	321.8502	0.4805	0.0056
0	0	2	0.2632	0.0617	321.8502	0.5093	0.0059
0	0	3	0.2954	0.0550	321.8502	0.4538	0.0053
0	0	4	0.2742	0.0592	321.8502	0.4889	0.0057


ibin	iptbin	avgmult	avgpt	Vn mean	Vn mean Error
0	0	148.1118	0.8814	0.0585	0.0027

ibin	iptbin	itheta	r0	V	sigma2	chi	Vn Errors
0	0	0	0.3387	0.0479	321.8129	0.3958	0.0079
0	0	1	0.2812	0.0577	321.8129	0.4768	0.0095
0	0	2	0.2825	0.0575	321.8129	0.4746	0.0094
0	0	3	0.2865	0.0567	321.8129	0.4680	0.0093
0	0	4	0.2691	0.0603	321.8129	0.4982	0.0099


ibin	iptbin	avgmult	avgpt	Vn mean	Vn mean Error
0	0	148.1364	0.8814	0.0560	0.0044

