0.0505471
0.0471453
0.0437748
0.0404434
0.0371624
0.033949
0.0308302
0.0278531
0.0251153
0.0228598
0.0212978
0.0201804
0.0193034
0.0185902
0.0180148
0.0180179
0.0189558
0.0200492
0.0213089
0.0227649
0.0244412
0.0263469
0.0284706
0.0307806
0.0332331
0.0357841
0.0383964
0.0410422
0.0437011
0.0463585
0.0490036
0.0516282
0.0542262
0.0567925
0.0593229
0.061814
0.0642625
0.0666657
0.0690212
0.0713265
0.0735794
0.0757779
0.0779199
0.0800035
0.0820267
0.0839878
0.0858848
0.087716
0.0894797
0.0911741
0.0927974
0.0943481
0.0958245
0.0972249
0.0985477
0.0997914
0.100954
0.102035
0.103032
0.103945
0.10477
0.105508
0.106157
0.106716
0.107183
0.107558
0.10784
0.108027
0.108118
0.108114
0.108013
0.107815
0.107519
0.107125
0.106633
0.106043
0.105354
0.104567
0.103683
0.102702
0.101624
0.10045
0.0991825
0.0978214
0.0963686
0.0948257
0.0931946
0.0914774
0.0896766
0.0877945
0.0858342
0.0837987
0.0816914
0.0795159
0.077276
0.074976
0.0726204
0.0702137
0.0677612
0.065268
0.0627397
0.0601823
0.0576019
0.0550049
0.0523979
0.0497881
0.0471824
0.0445885
0.042014
0.0394667
0.0369548
0.0344866
0.0320705
0.0297152
0.0274294
0.0252222
0.023103
0.0210814
0.019168
0.0173739
0.0157121
0.014197
0.0128456
0.0116768
0.0107108
0.00996854
0.00946961
0.00922541
0.00922554
0.00943427
0.00980359
0.0102877
0.0108505
0.0114662
0.0121175
0.0127918
0.0134786
0.0141679
0.0148497
0.0155136
0.0161494
0.0167469
0.0172962
0.0177872
0.01821
0.0185546
0.0188115
0.0189717
0.0190284
0.0189771
0.0188169
0.0185515
0.0181885
0.0177399
0.0172209
0.0166484
0.0160401
0.0154137
0.0147871
0.0141791
0.0136095
0.0130966
0.0126533
0.0122879
0.0120096
0.011977
0.012678
0.013367
0.0139433
0.0143469
0.0146014
0.0148151
0.0150003
0.0149995
0.0147363
0.01466
0.0149554
0.0148912
0.0146419
0.0145544
0.0143834
0.0146078
0.0154648
0.0152999
0.0135519
0.0104475
0.00792715
0.00884315
0.0100004
0.0109949
0.0111004
0.00947031
0.00779394
0.00878129
0.0114751
0.0147241
0.014083
0.0114163
0.0157942
0.0195325
