1.24364e+07	
1.03282e+07	
9.9307e+06	
1.24844e+07	
7.7994e+06	
4.02325e+06	
9.27395e+06	
5.45722e+06	
7.6991e+06	
7.85849e+06	
1.83642e+07	
5.1386e+06	
8.59835e+06	
90697.5	
6.05041e+06	
1.45433e+07	
1.40344e+07	
2.0049e+07	
1.81989e+07	
73124.6	
1.26062e+07	
59581.7	
5.31734e+06	
9.47814e+06	
93124.1	
1.24708e+07	
7.89774e+06	
9.0675e+06	
5.09067e+06	
56697.3	
7.8616e+06	
1.17134e+07	
58686.2	
1.19803e+07	
1.21861e+07	
6.17138e+06	
92102.3	
8.12624e+06	
7.46612e+06	
411960	
5.01924e+06	
9.10771e+06	
1.74284e+07	
7.38638e+06	
1.16728e+07	
1.14388e+07	
9.06004e+06	
4.8423e+06	
8.89203e+06	
7.76906e+06	
1.22689e+07	
1.11134e+07	
7.30705e+06	
1.19037e+07	
47513.4	
1.13045e+07	
4.69952e+06	
6.75434e+06	
1.96443e+07	
9.63057e+06	
8.08845e+06	
8.42701e+06	
385503	
1.08707e+07	
5.95728e+06	
7.17618e+06	
7.87013e+06	
7.21364e+06	
1.13095e+07	
1.15151e+07	
1.0022e+07	
1.17205e+07	
1.76204e+07	
1.33068e+07	
7.20612e+06	
6.81546e+06	
1.08958e+07	
1.54393e+07	
7.84121e+06	
7.31052e+06	
8.36862e+06	
4.59402e+06	
8.10684e+06	
1.36865e+07	
1.02304e+07	
7.18712e+06	
9.40012e+06	
1.1339e+07	
1.10597e+07	
1.75593e+07	
1.02705e+07	
6.70091e+06	
8.51995e+06	
7.79792e+06	
5.85073e+06	
1.11096e+07	
1.07763e+07	
1.85546e+07	
6.53059e+06	
8.20661e+06	
4.80361e+06	
1.65594e+07	
1.33868e+07	
1.08812e+07	
1.13028e+07	
1.1113e+07	
6.15781e+06	
9.86524e+06	
9.36128e+06	
5.72493e+06	
6.6636e+06	
7.19925e+06	
4.66001e+06	
1.13562e+07	
4.14283e+06	
1.45321e+07	
1.32943e+07	
7.78343e+06	
1.09184e+07	
4.50188e+06	
1.71578e+07	
1.0049e+07	
1.01782e+07	
1.40718e+07	
1.08361e+07	
5.65243e+06	
1.31055e+07	
1.56441e+07	
8.2455e+06	
5.43199e+06	
3.29517e+06	
8.66142e+06	
1.20959e+07	
1.14779e+07	
1.87959e+07	
5.17142e+06	
5.7379e+06	
6.79602e+06	
4.48503e+06	
4.00382e+06	
7.77833e+06	
1.66311e+07	
7.39457e+06	
1.03479e+07	
9.70014e+06	
1.11022e+07	
8.979e+06	
9.65286e+06	
776717	
8.69814e+06	
3.95489e+06	
560898	
1.06396e+07	
1.55242e+07	
7.04171e+06	
1.23013e+07	
7.0829e+06	
9.74105e+06	
7.63124e+06	
530697	
9.56434e+06	
1.01044e+07	
8.74054e+06	
7.95906e+06	
1.05451e+07	
1.79985e+07	
7.19899e+06	
1.30799e+07	
1.5482e+07	
7.88086e+06	
9.71883e+06	
1.19227e+07	
7.90262e+06	
1.33343e+07	
1.19202e+07	
501121	
5.75702e+06	
9.75567e+06	
9.90886e+06	
1.50171e+07	
8.5412e+06	
459425	
1.05338e+07	
249184	
272255	
6.51071e+06	
258869	
250067	
4.76234e+06	
1.50026e+07	
149169	
5.33215e+06	
9.08203e+06	
170935	
9.85849e+06	
264394	
230752	
1.00235e+07	
4.18342e+06	
1.23008e+07	
9.30779e+06	
1.00822e+07	
9.29107e+06	
1.69163e+07	
1.75663e+07	
1.29391e+07	
8.05577e+06	
1.22637e+07	
5.32009e+06	
7.81878e+06	
1.5573e+07	
1.77482e+07	
1.33472e+07	
7.66678e+06	
3.89347e+06	
1.74684e+07	
3.8732e+06	
1.4739e+07	
5.08281e+06	
6.23875e+06	
8.26616e+06	
8.90991e+06	
236315	
9.36484e+06	
186500	
7.31331e+06	
9.30341e+06	
1.02727e+07	
6.58174e+06	
177108	
1.21626e+07	
187224	
6.18625e+06	
5.59696e+06	
4.96121e+06	
7.05301e+06	
1.66258e+07	
8.94906e+06	
1.01282e+07	
8.45804e+06	
9.23145e+06	
5.19178e+06	
4.45272e+06	
1.32474e+07	
5.81051e+06	
1.10557e+07	
186710	
7.85201e+06	
1.61671e+07	
8.31617e+06	
1.78549e+07	
9.59547e+06	
194997	
1.54303e+07	
1.20978e+07	
8.48283e+06	
8.06651e+06	
4.86019e+06	
5.2588e+06	
4.30671e+06	
1.65268e+07	
8.1473e+06	
1.18204e+07	
129690	
137180	
7.18094e+06	
8.67753e+06	
9.4426e+06	
4.32896e+06	
1.1848e+07	
1.17493e+07	
172248	
1.56184e+07	
5.22516e+06	
4.62193e+06	
4.01472e+06	
7.76901e+06	
384966	
1.17425e+07	
8.31484e+06	
6.61079e+06	
9.48954e+06	
1.20112e+07	
5.06069e+06	
4.28594e+06	
1.11255e+07	
126954	
1.53699e+07	
6.74715e+06	
8.71876e+06	
4.38144e+06	
4.92722e+06	
8.24675e+06	
7.45658e+06	
399804	
4.73547e+06	
7.66883e+06	
3.56117e+06	
99224.7	
1.14773e+07	
1.61684e+07	
6.30075e+06	
91979	
1.13903e+07	
112796	
6.80584e+06	
1.42996e+07	
79825.8	
3.94078e+06	
42690.3	
6.4773e+06	
1.59585e+07	
1.80848e+07	
1.14017e+07	
4.78892e+06	
1.568e+07	
6.66054e+06	
1.47972e+07	
8.85471e+06	
4.66349e+06	
6.62462e+06	
1.18692e+07	
8.21929e+06	
1.1215e+07	
7.42501e+06	
8.20303e+06	
9.7635e+06	
4.30601e+06	
1.11765e+07	
1.07907e+07	
1.87749e+07	
8.30406e+06	
4.78782e+06	
6.21915e+06	
1.59275e+07	
1.07409e+07	
1.08587e+07	
8.03183e+06	
9.44898e+06	
8.13723e+06	
8.32671e+06	
4.4014e+06	
1.78358e+07	
8.15479e+06	
4.3049e+06	
7.13711e+06	
1.41228e+07	
1.14038e+07	
1.54474e+07	
8.16399e+06	
1.07944e+07	
7.56252e+06	
7.79001e+06	
1.8028e+07	
6.56381e+06	
4.49101e+06	
8.98365e+06	
8.4663e+06	
1.08244e+07	
1.56499e+07	
7.54141e+06	
1.07949e+07	
7.98563e+06	
1.05823e+07	
1.68573e+07	
1.39573e+07	
1.37154e+07	
4.01518e+06	
1.0906e+07	
9.15864e+06	
6.99025e+06	
1.43903e+07	
7.54303e+06	
2.98972e+06	
1.79052e+07	
8.52625e+06	
1.10886e+07	
7.904e+06	
8.18043e+06	
1.2723e+07	
8.0509e+06	
6.56737e+06	
1.67029e+07	
1.09615e+07	
8.69114e+06	
1.58677e+07	
3.78953e+06	
1.32896e+07	
8.67107e+06	
7.54503e+06	
1.07292e+07	
6.45031e+06	
8.56434e+06	
7.99691e+06	
8.43001e+06	
1.38112e+07	
1.4702e+07	
1.98539e+07	
1.90018e+07	
7.48265e+06	
1.00195e+07	
1.14502e+07	
7.58063e+06	
1.81967e+07	
8.51876e+06	
1.23959e+07	
1.62645e+07	
1.56114e+07	
7.8911e+06	
6.37489e+06	
3.60868e+06	
1.31817e+07	
7.49545e+06	
1.90523e+07	
7.53468e+06	
2.05055e+07	
7.6204e+06	
7.9982e+06	
6.1042e+06	
8.53603e+06	
1.23687e+07	
1.06781e+07	
1.57088e+07	
6.91561e+06	
1.43804e+07	
1.86541e+07	
5.89284e+06	
7.45217e+06	
1.27824e+07	
2.09135e+07	
5.59385e+06	
7.63203e+06	
6.94096e+06	
1.48869e+07	
1.21903e+07	
1.15646e+07	
1.34549e+07	
1.91127e+07	
1.59443e+07	
5.9577e+06	
1.72002e+07	
1.62923e+07	
7.92242e+06	
7.27861e+06	
1.1661e+07	
9.72691e+06	
9.91156e+06	
5.07424e+06	
1.31464e+07	
1.49627e+07	
1.44841e+07	
1.15155e+07	
7.94264e+06	
4.93881e+06	
7.09116e+06	
1.33932e+07	
1.59716e+07	
1.70696e+07	
1.01079e+07	
1.81586e+07	
1.05533e+07	
5.03753e+06	
1.41525e+07	
1.26296e+07	
8.11365e+06	
1.01765e+07	
4.69231e+06	
7.38829e+06	
1.77943e+07	
5.62052e+06	
3.66193e+06	
1.22365e+07	
7.86569e+06	
7.07655e+06	
9.92397e+06	
1.34995e+07	
1.02674e+07	
1.31712e+07	
7.57818e+06	
1.61907e+07	
4.73369e+06	
1.10738e+07	
3.47076e+06	
4.47018e+06	
1.43932e+07	
1.01486e+07	
7.89353e+06	
1.23665e+07	
9.68818e+06	
4.26227e+06	
9.90513e+06	
7.44574e+06	
1.35711e+07	
1.81294e+07	
1.18949e+07	
1.10958e+07	
7.16599e+06	
1.23405e+07	
1.389e+07	
1.01997e+07	
7.69903e+06	
9.14284e+06	
1.73679e+07	
1.63293e+07	
1.27685e+07	
1.27308e+07	
7.83844e+06	
1.72415e+07	
6.25837e+06	
6.49954e+06	
1.09458e+07	
7.41169e+06	
1.63932e+07	
1.1727e+07	
9.71502e+06	
1.22475e+07	
7.10251e+06	
1.19132e+07	
9.54151e+06	
8.8938e+06	
1.49653e+07	
1.3637e+07	
6.46837e+06	
7.86158e+06	
416677	
7.28283e+06	
1.22724e+07	
6.29516e+06	
1.56821e+07	
6.88329e+06	
1.73735e+07	
3.80025e+06	
1.19088e+07	
1.18982e+07	
9.55476e+06	
6.46339e+06	
1.32789e+07	
1.1656e+07	
1.65455e+07	
9.60321e+06	
1.54122e+07	
1.69501e+07	
7.28234e+06	
1.27362e+07	
1.17515e+07	
1.03648e+07	
1.65214e+07	
7.0381e+06	
6.09056e+06	
6.59354e+06	
1.48118e+07	
1.1484e+07	
8.7549e+06	
9.20091e+06	
1.57759e+07	
1.15497e+07	
4.54926e+06	
7.18546e+06	
6.98228e+06	
9.89283e+06	
1.56125e+07	
6.00343e+06	
1.17202e+07	
1.88383e+06	
1.57456e+07	
1.55661e+07	
2.11516e+07	
1.1033e+07	
1.45388e+07	
1.13267e+07	
6.6508e+06	
8.95302e+06	
1.12243e+07	
8.07948e+06	
6.62109e+06	
6.90848e+06	
6.06223e+06	
6.16559e+06	
1.10874e+07	
1.23801e+07	
1.02287e+07	
9.20443e+06	
1.09195e+07	
1.55769e+07	
8.68357e+06	
1.41071e+07	
3.38836e+06	
6.57037e+06	
9.09306e+06	
2.00668e+07	
1.0932e+07	
1.45844e+07	
7.09269e+06	
5.95988e+06	
1.00453e+07	
1.00638e+07	
8.82671e+06	
1.22915e+07	
8.77972e+06	
6.6013e+06	
8.59901e+06	
1.08264e+07	
6.11004e+06	
6.64585e+06	
9.80913e+06	
5.94841e+06	
1.44444e+07	
1.16597e+07	
1.50883e+07	
9.57314e+06	
1.43485e+07	
1.90257e+07	
8.58348e+06	
6.52034e+06	
8.75937e+06	
5.7154e+06	
1.08674e+07	
1.1656e+07	
6.64068e+06	
1.14586e+07	
1.5519e+07	
1.36081e+07	
9.97524e+06	
5.58651e+06	
8.46034e+06	
1.15411e+07	
1.39719e+07	
9.86008e+06	
1.36043e+07	
1.52381e+07	
7.58406e+06	
1.60522e+07	
1.09083e+07	
6.56699e+06	
1.66182e+07	
5.02743e+06	
372933	
5.87804e+06	
9.86582e+06	
1.11325e+07	
8.48685e+06	
1.54924e+07	
1.8001e+07	
9.9147e+06	
9.62407e+06	
1.62376e+07	
1.6669e+07	
1.36211e+07	
1.76539e+07	
5.4763e+06	
1.34003e+07	
8.39102e+06	
1.54528e+07	
9.50502e+06	
9.22005e+06	
1.59516e+07	
1.09566e+07	
1.01891e+07	
1.39417e+07	
1.37708e+07	
7.66726e+06	
1.61704e+07	
9.21407e+06	
8.39632e+06	
9.31023e+06	
5.16612e+06	
1.35389e+07	
1.03541e+07	
1.30696e+07	
1.77267e+07	
9.47154e+06	
1.03451e+07	
5.5102e+06	
1.42704e+07	
9.28999e+06	
9.56763e+06	
1.41558e+07	
9.3315e+06	
8.07014e+06	
8.70185e+06	
1.83315e+07	
1.58758e+07	
1.6901e+07	
1.00596e+07	
1.43408e+07	
1.24732e+07	
9.86831e+06	
9.90013e+06	
5.46226e+06	
5.34598e+06	
8.73828e+06	
7.90282e+06	
8.42926e+06	
9.12588e+06	
9.80169e+06	
1.32986e+07	
1.28158e+07	
1.60511e+07	
5.36978e+06	
9.90202e+06	
1.40778e+07	
9.84675e+06	
1.29881e+07	
1.28713e+07	
8.77144e+06	
9.29017e+06	
9.07107e+06	
8.2371e+06	
7.62741e+06	
1.21005e+07	
1.59396e+07	
1.82456e+07	
3.57174e+06	
1.33017e+07	
8.88329e+06	
9.38429e+06	
8.30044e+06	
9.53274e+06	
1.25185e+07	
9.25199e+06	
8.37428e+06	
8.20729e+06	
8.78819e+06	
1.22232e+07	
1.46326e+07	
8.92179e+06	
1.53456e+07	
1.23553e+07	
1.29391e+07	
9.07919e+06	
7.8874e+06	
9.33655e+06	
1.0641e+07	
1.2014e+07	
1.24872e+07	
1.43414e+07	
1.21098e+07	
1.30887e+07	
8.87749e+06	
8.85641e+06	
1.4556e+07	
1.18369e+07	
9.30217e+06	
7.86437e+06	
1.23068e+07	
8.58199e+06	
6.18577e+06	
8.3905e+06	
1.39839e+07	
1.38415e+07	
1.11743e+07	
8.39461e+06	
1.80998e+07	
1.01498e+07	
8.68786e+06	
1.15265e+07	
1.42276e+07	
6.7358e+06	
1.17019e+07	
1.10023e+07	
8.92196e+06	
8.63107e+06	
7.5653e+06	
1.39684e+07	
1.28191e+07	
7.53737e+06	
1.07105e+07	
5.63654e+06	
5.95119e+06	
1.34657e+07	
1.26976e+07	
8.42909e+06	
8.27507e+06	
1.30017e+07	
1.2244e+07	
4.38897e+06	
1.62167e+07	
1.06535e+07	
1.95024e+07	
1.28118e+07	
1.02562e+07	
8.46081e+06	
1.24044e+07	
1.34831e+07	
1.56844e+07	
1.23936e+07	
1.05279e+07	
8.47941e+06	
7.97712e+06	
1.63898e+07	
1.10276e+07	
6.51363e+06	
1.65394e+07	
1.00168e+07	
1.24721e+07	
1.20069e+07	
1.04701e+07	
1.17944e+07	
7.47869e+06	
6.27146e+06	
1.25005e+07	
9.61751e+06	
1.03296e+07	
7.85484e+06	
1.93149e+07	
7.65913e+06	
6.50698e+06	
1.16179e+07	
1.12695e+07	
1.63825e+07	
7.98936e+06	
1.12031e+07	
1.00647e+07	
1.21693e+07	
1.21482e+07	
1.57027e+07	
7.78355e+06	
1.5322e+07	
1.40036e+07	
1.16249e+07	
9.62081e+06	
9.35281e+06	
1.10308e+07	
1.49179e+07	
1.0425e+07	
4.98648e+06	
1.44297e+07	
1.93179e+07	
1.55081e+07	
9.61319e+06	
1.12079e+07	
1.14821e+07	
1.06559e+07	
9.95638e+06	
1.2852e+07	
2.0851e+07	
1.48034e+07	
1.93523e+07	
1.36537e+07	
8.44633e+06	
1.00673e+07	
1.41588e+07	
8.09302e+06	
2.01275e+07	
1.36148e+07	
1.09441e+07	
1.74279e+07	
1.02902e+07	
7.81949e+06	
1.90669e+07	
1.062e+07	
1.28193e+07	
1.4042e+07	
9.70321e+06	
1.02319e+07	
9.13146e+06	
1.01825e+07	
1.74975e+07	
1.27007e+07	
9.95269e+06	
2.15431e+07	
1.31369e+07	
9.24072e+06	
8.61671e+06	
1.74471e+07	
1.29345e+07	
1.27106e+07	
1.19369e+07	
1.64511e+07	
1.16748e+07	
1.60905e+07	
1.60708e+07	
1.55187e+07	
1.11526e+07	
1.43337e+07	
1.31154e+07	
1.06388e+07	
1.0721e+07	
