3.78877e+06	
3.32621e+06	
3.62572e+06	
3.10393e+06	
3.04131e+06	
4.39242e+06	
3.17699e+06	
3.3405e+06	
5.40706e+06	
5.09368e+06	
3.86724e+06	
5.50862e+06	
6.65127e+06	
2.9062e+06	
5.08723e+06	
4.85289e+06	
3.63611e+06	
2.9413e+06	
4.83226e+06	
8.21777e+06	
9.0152e+06	
2.91896e+06	
5.48974e+06	
3.24946e+06	
2.87298e+06	
2.82401e+06	
6.96187e+06	
3.53938e+06	
5.32511e+06	
1.05707e+07	
5.40275e+06	
3.64337e+06	
3.67499e+06	
4.73232e+06	
9.58591e+06	
3.34578e+06	
5.36814e+06	
1.00318e+07	
2.71526e+06	
6.49942e+06	
2.86816e+06	
3.18233e+06	
4.71766e+06	
3.37627e+06	
6.07251e+06	
5.67805e+06	
8.67391e+06	
7.90818e+06	
3.11314e+06	
4.90341e+06	
3.16059e+06	
8.39337e+06	
5.26592e+06	
5.25592e+06	
4.26736e+06	
6.78e+06	
9.33175e+06	
4.70019e+06	
3.07165e+06	
5.27637e+06	
5.21683e+06	
3.99139e+06	
2.94848e+06	
5.45343e+06	
5.86676e+06	
9.48762e+06	
3.67643e+06	
4.87788e+06	
3.46142e+06	
5.31854e+06	
3.85845e+06	
9.21397e+06	
7.85082e+06	
1.12244e+07	
5.1948e+06	
8.35511e+06	
7.86493e+06	
4.77185e+06	
6.74108e+06	
5.77586e+06	
5.02218e+06	
5.67203e+06	
3.33709e+06	
8.85046e+06	
3.48851e+06	
4.67071e+06	
5.43685e+06	
3.07306e+06	
3.14315e+06	
6.29142e+06	
7.4303e+06	
9.09295e+06	
3.20866e+06	
4.89823e+06	
5.68578e+06	
4.56236e+06	
5.28101e+06	
7.54559e+06	
3.19711e+06	
4.20482e+06	
1.06028e+07	
9.09842e+06	
7.20656e+06	
8.69235e+06	
4.81631e+06	
3.48607e+06	
5.23213e+06	
4.60495e+06	
3.91674e+06	
3.05134e+06	
4.00522e+06	
8.77554e+06	
6.54247e+06	
6.02092e+06	
4.03082e+06	
9.97128e+06	
5.74778e+06	
3.3037e+06	
9.70948e+06	
8.80386e+06	
7.66606e+06	
5.84679e+06	
6.08751e+06	
1.03384e+07	
8.78636e+06	
8.2213e+06	
5.5617e+06	
3.72089e+06	
3.75498e+06	
3.26285e+06	
2.64344e+06	
6.7538e+06	
7.49557e+06	
5.70591e+06	
5.40742e+06	
4.14293e+06	
3.68726e+06	
3.42786e+06	
6.5817e+06	
8.18762e+06	
2.80206e+06	
3.8107e+06	
2.07807e+06	
3.34167e+06	
7.14104e+06	
6.53872e+06	
3.69634e+06	
8.37249e+06	
5.20342e+06	
6.2269e+06	
2.56388e+06	
3.32644e+06	
5.60043e+06	
8.6593e+06	
4.16844e+06	
8.52596e+06	
5.61306e+06	
7.16846e+06	
3.51691e+06	
1.03147e+07	
8.84156e+06	
4.84405e+06	
7.8811e+06	
5.29735e+06	
8.43484e+06	
5.91649e+06	
7.02457e+06	
3.43552e+06	
3.26746e+06	
7.23002e+06	
4.08967e+06	
6.43754e+06	
9.78785e+06	
5.71635e+06	
2.71319e+06	
5.31501e+06	
5.09138e+06	
5.77522e+06	
6.24706e+06	
5.53453e+06	
4.25062e+06	
5.00448e+06	
8.2661e+06	
9.33519e+06	
9.95506e+06	
4.04944e+06	
5.81868e+06	
5.52467e+06	
3.41019e+06	
4.76826e+06	
8.39237e+06	
6.99848e+06	
4.67153e+06	
6.96883e+06	
8.57517e+06	
3.85995e+06	
5.22833e+06	
7.61111e+06	
3.23818e+06	
3.41965e+06	
5.44031e+06	
7.08508e+06	
3.09779e+06	
4.97415e+06	
2.96636e+06	
3.22454e+06	
9.09966e+06	
7.8731e+06	
2.9575e+06	
8.5903e+06	
5.49687e+06	
5.21318e+06	
7.89059e+06	
4.80393e+06	
3.38252e+06	
4.74692e+06	
9.42628e+06	
2.90354e+06	
3.00146e+06	
8.24673e+06	
9.90772e+06	
3.47424e+06	
6.13779e+06	
916276	
5.5047e+06	
7.8621e+06	
8.20472e+06	
2.95536e+06	
5.22482e+06	
3.5463e+06	
1.10395e+07	
6.76954e+06	
8.95784e+06	
3.20117e+06	
6.90458e+06	
3.08559e+06	
5.19287e+06	
7.55249e+06	
2.85743e+06	
9.13933e+06	
3.05398e+06	
5.25665e+06	
2.82694e+06	
6.24472e+06	
4.71283e+06	
2.93119e+06	
2.88544e+06	
7.6898e+06	
3.55004e+06	
4.84229e+06	
7.44062e+06	
1.06153e+07	
8.48365e+06	
3.14496e+06	
4.67707e+06	
8.73077e+06	
3.23429e+06	
5.17914e+06	
6.16342e+06	
8.65703e+06	
3.70564e+06	
3.12441e+06	
7.93208e+06	
8.25572e+06	
5.38564e+06	
9.66392e+06	
6.64127e+06	
3.68007e+06	
4.64916e+06	
6.84475e+06	
3.7538e+06	
5.87546e+06	
4.29893e+06	
7.53165e+06	
6.65255e+06	
4.73404e+06	
1.07443e+07	
6.39188e+06	
5.13779e+06	
3.11885e+06	
3.74794e+06	
5.13247e+06	
8.50306e+06	
7.78231e+06	
6.43239e+06	
5.89515e+06	
3.07911e+06	
8.04623e+06	
8.21428e+06	
3.57972e+06	
9.49534e+06	
4.87914e+06	
3.97636e+06	
5.0439e+06	
6.60153e+06	
7.42177e+06	
3.29805e+06	
7.32078e+06	
1.07119e+07	
9.68714e+06	
2.40691e+06	
2.95473e+06	
3.67812e+06	
3.29886e+06	
8.59526e+06	
6.3819e+06	
7.78319e+06	
3.36729e+06	
5.6962e+06	
6.23025e+06	
2.99474e+06	
2.99238e+06	
7.40354e+06	
3.09669e+06	
3.36691e+06	
5.25372e+06	
4.1229e+06	
7.33965e+06	
3.32649e+06	
2.97959e+06	
1.03121e+07	
3.06117e+06	
4.07176e+06	
4.02229e+06	
3.32866e+06	
8.10062e+06	
4.08185e+06	
2.81976e+06	
7.25821e+06	
3.37022e+06	
7.76582e+06	
1.11291e+07	
2.67929e+06	
4.19028e+06	
3.68476e+06	
9.51133e+06	
3.22029e+06	
7.08046e+06	
4.04379e+06	
3.27988e+06	
2.67764e+06	
7.87212e+06	
8.21889e+06	
7.58422e+06	
2.49015e+06	
3.98884e+06	
3.03919e+06	
2.50619e+06	
5.39632e+06	
8.29045e+06	
3.80536e+06	
4.94944e+06	
1.22219e+07	
2.3379e+06	
2.82859e+06	
4.67314e+06	
8.47274e+06	
1.02144e+07	
3.87675e+06	
3.65674e+06	
7.84046e+06	
1.07708e+07	
6.16884e+06	
4.43501e+06	
4.125e+06	
5.57827e+06	
7.66912e+06	
4.34401e+06	
7.11868e+06	
7.97451e+06	
3.81713e+06	
4.65787e+06	
2.86237e+06	
4.48699e+06	
4.98368e+06	
8.30306e+06	
7.03924e+06	
8.28258e+06	
7.22279e+06	
3.75703e+06	
7.66817e+06	
5.43496e+06	
4.25684e+06	
3.49864e+06	
5.17133e+06	
4.21795e+06	
6.08555e+06	
4.47382e+06	
5.2268e+06	
3.49691e+06	
3.14365e+06	
5.21041e+06	
7.73141e+06	
3.12156e+06	
5.58696e+06	
2.94188e+06	
7.06358e+06	
7.46161e+06	
3.25865e+06	
4.94048e+06	
7.51582e+06	
1.00411e+07	
1.05521e+07	
9.38996e+06	
2.87534e+06	
5.08127e+06	
1.18924e+07	
4.27744e+06	
6.91941e+06	
4.88869e+06	
5.31903e+06	
8.09356e+06	
6.05837e+06	
6.20421e+06	
7.4686e+06	
5.25552e+06	
3.11108e+06	
2.8326e+06	
7.98014e+06	
9.74616e+06	
7.71061e+06	
2.81005e+06	
4.07688e+06	
4.98002e+06	
8.65145e+06	
3.09043e+06	
7.30295e+06	
7.9623e+06	
4.26347e+06	
5.00382e+06	
5.90964e+06	
5.40694e+06	
5.08743e+06	
2.8714e+06	
6.20686e+06	
8.38558e+06	
4.19415e+06	
5.88735e+06	
3.63753e+06	
1.01339e+07	
3.14051e+06	
1.04362e+07	
3.49136e+06	
8.8345e+06	
3.04358e+06	
1.14788e+07	
7.41913e+06	
9.90891e+06	
4.18006e+06	
4.08221e+06	
6.05926e+06	
7.52649e+06	
3.36251e+06	
5.01787e+06	
4.79953e+06	
3.86794e+06	
7.16816e+06	
4.02153e+06	
9.94442e+06	
9.52466e+06	
2.71607e+06	
3.89475e+06	
4.1257e+06	
1.01316e+07	
7.85973e+06	
6.60042e+06	
5.81041e+06	
5.73175e+06	
9.77502e+06	
7.23417e+06	
5.94077e+06	
7.25937e+06	
2.84105e+06	
3.94088e+06	
7.24713e+06	
4.15603e+06	
6.90746e+06	
9.96101e+06	
3.15246e+06	
9.81155e+06	
3.15094e+06	
2.7652e+06	
3.78004e+06	
2.75555e+06	
6.8807e+06	
6.74597e+06	
8.60754e+06	
3.96169e+06	
5.73879e+06	
3.20577e+06	
4.10816e+06	
1.00382e+07	
6.03915e+06	
9.17113e+06	
3.65856e+06	
3.08915e+06	
7.56825e+06	
8.25134e+06	
3.65288e+06	
3.78559e+06	
3.65702e+06	
5.56437e+06	
6.73569e+06	
4.53632e+06	
3.40718e+06	
2.85054e+06	
7.09247e+06	
7.06347e+06	
8.44685e+06	
3.75722e+06	
9.41977e+06	
5.48917e+06	
3.33962e+06	
9.6981e+06	
9.00345e+06	
3.34483e+06	
7.21374e+06	
4.46272e+06	
5.41307e+06	
7.05381e+06	
8.36711e+06	
9.63311e+06	
7.06006e+06	
3.66101e+06	
3.28953e+06	
9.58262e+06	
2.82108e+06	
6.6702e+06	
3.73935e+06	
7.65316e+06	
5.58417e+06	
5.40605e+06	
5.36586e+06	
7.03295e+06	
5.14794e+06	
8.05942e+06	
6.15429e+06	
4.31241e+06	
9.02119e+06	
5.57862e+06	
9.18703e+06	
9.55475e+06	
5.2136e+06	
5.36449e+06	
3.75389e+06	
7.78811e+06	
6.51705e+06	
4.29267e+06	
3.47347e+06	
7.04526e+06	
3.20752e+06	
7.48379e+06	
4.77184e+06	
3.64688e+06	
3.51851e+06	
3.66192e+06	
3.99788e+06	
8.74828e+06	
8.73905e+06	
9.86439e+06	
9.22784e+06	
9.21601e+06	
6.35896e+06	
4.85107e+06	
7.81872e+06	
7.82705e+06	
5.54372e+06	
3.87679e+06	
7.08572e+06	
4.62382e+06	
4.66627e+06	
5.26284e+06	
6.86684e+06	
5.91628e+06	
6.9394e+06	
5.06648e+06	
4.44951e+06	
8.61712e+06	
8.87954e+06	
5.00004e+06	
5.28286e+06	
2.94136e+06	
9.13354e+06	
5.31639e+06	
8.96371e+06	
6.63809e+06	
9.40223e+06	
2.93074e+06	
6.53777e+06	
7.78067e+06	
5.99069e+06	
5.19018e+06	
7.46854e+06	
4.78228e+06	
6.76624e+06	
3.04987e+06	
2.85836e+06	
9.13731e+06	
4.98034e+06	
4.27192e+06	
3.53419e+06	
5.20073e+06	
5.30475e+06	
1.41131e+07	
2.86184e+06	
7.05248e+06	
6.28175e+06	
6.65088e+06	
5.79425e+06	
5.28577e+06	
5.16662e+06	
8.66084e+06	
4.92474e+06	
9.20231e+06	
6.59841e+06	
6.22589e+06	
7.12954e+06	
5.15105e+06	
6.74882e+06	
4.972e+06	
6.37485e+06	
4.85221e+06	
3.00046e+06	
2.59214e+06	
2.77178e+06	
8.96041e+06	
7.06436e+06	
3.09773e+06	
7.58384e+06	
3.4403e+06	
8.59657e+06	
5.97742e+06	
2.68828e+06	
3.53872e+06	
7.64273e+06	
4.624e+06	
5.73971e+06	
1.25522e+07	
8.89214e+06	
7.35844e+06	
6.10434e+06	
3.34828e+06	
9.502e+06	
6.57476e+06	
2.60286e+06	
3.80489e+06	
7.0541e+06	
4.67046e+06	
7.02883e+06	
5.71564e+06	
8.88089e+06	
8.40606e+06	
4.65742e+06	
4.80468e+06	
6.74546e+06	
6.29105e+06	
2.86686e+06	
6.68191e+06	
8.31221e+06	
2.80544e+06	
5.3131e+06	
3.79656e+06	
8.16508e+06	
5.40209e+06	
7.45579e+06	
4.95316e+06	
5.17253e+06	
3.0526e+06	
3.47169e+06	
4.72646e+06	
5.71623e+06	
3.19635e+06	
3.62613e+06	
1.08406e+07	
5.16128e+06	
3.17594e+06	
3.51422e+06	
2.81607e+06	
2.85701e+06	
4.613e+06	
7.75987e+06	
9.54532e+06	
5.45555e+06	
3.07516e+06	
8.3821e+06	
4.9207e+06	
3.93875e+06	
4.42205e+06	
5.30607e+06	
9.29064e+06	
6.63577e+06	
7.12135e+06	
8.0525e+06	
7.7573e+06	
2.71356e+06	
1.21525e+07	
7.18584e+06	
5.05401e+06	
9.35859e+06	
4.32739e+06	
3.77702e+06	
2.95024e+06	
3.03547e+06	
1.03166e+07	
4.47171e+06	
9.05123e+06	
3.31785e+06	
7.19016e+06	
2.76452e+06	
2.99735e+06	
3.60174e+06	
7.18723e+06	
4.39643e+06	
3.12915e+06	
2.89236e+06	
2.88106e+06	
3.42165e+06	
7.09343e+06	
4.13954e+06	
9.51821e+06	
4.17498e+06	
2.86201e+06	
6.94437e+06	
2.87354e+06	
2.82927e+06	
9.90161e+06	
6.92203e+06	
1.21733e+07	
2.89862e+06	
7.69862e+06	
2.73783e+06	
7.01427e+06	
4.10351e+06	
2.80002e+06	
2.90523e+06	
3.94158e+06	
2.75892e+06	
2.90938e+06	
5.68955e+06	
9.33907e+06	
4.17305e+06	
8.99815e+06	
5.97674e+06	
2.84101e+06	
2.87694e+06	
6.80969e+06	
2.93065e+06	
1.02213e+07	
6.76661e+06	
7.49812e+06	
4.03531e+06	
3.37862e+06	
5.43584e+06	
2.91228e+06	
4.36061e+06	
9.81841e+06	
6.52586e+06	
3.05134e+06	
9.19831e+06	
1.21128e+07	
3.2741e+06	
7.00403e+06	
6.12027e+06	
7.11395e+06	
2.95505e+06	
3.12647e+06	
3.02023e+06	
6.40779e+06	
5.31038e+06	
3.99916e+06	
3.10553e+06	
8.78934e+06	
4.17179e+06	
3.79411e+06	
6.20675e+06	
3.28246e+06	
3.89881e+06	
3.92774e+06	
9.92664e+06	
7.18897e+06	
8.99657e+06	
3.18094e+06	
8.84268e+06	
9.66405e+06	
6.78242e+06	
3.90526e+06	
3.93099e+06	
3.94845e+06	
3.73248e+06	
5.51266e+06	
4.11956e+06	
8.66017e+06	
3.85148e+06	
3.51589e+06	
3.14575e+06	
5.08612e+06	
4.25577e+06	
3.82133e+06	
5.1902e+06	
9.03624e+06	
3.13579e+06	
3.86145e+06	
6.85035e+06	
6.27744e+06	
8.90842e+06	
9.07855e+06	
5.7231e+06	
2.77661e+06	
3.85948e+06	
9.77149e+06	
8.7406e+06	
2.88096e+06	
6.04261e+06	
7.51271e+06	
3.71474e+06	
3.19571e+06	
5.44687e+06	
2.88263e+06	
4.44533e+06	
8.70726e+06	
8.56296e+06	
2.71495e+06	
2.79824e+06	
9.21418e+06	
5.5812e+06	
4.19831e+06	
9.77391e+06	
7.27207e+06	
9.23678e+06	
5.40674e+06	
2.76717e+06	
8.93293e+06	
1.13461e+07	
3.10909e+06	
8.92932e+06	
2.86322e+06	
5.43494e+06	
2.95418e+06	
6.42635e+06	
8.34693e+06	
5.24254e+06	
6.96726e+06	
2.7778e+06	
2.62273e+06	
8.82677e+06	
5.20739e+06	
3.0641e+06	
4.94525e+06	
2.99588e+06	
9.15368e+06	
5.63561e+06	
8.2741e+06	
6.74119e+06	
5.13976e+06	
1.08428e+07	
3.84106e+06	
8.62957e+06	
4.21303e+06	
8.22028e+06	
8.29513e+06	
2.89204e+06	
5.24752e+06	
2.94126e+06	
2.99587e+06	
4.097e+06	
8.94046e+06	
8.19389e+06	
7.37571e+06	
2.73627e+06	
8.03837e+06	
5.94732e+06	
3.04964e+06	
6.73475e+06	
3.08553e+06	
7.84769e+06	
4.04438e+06	
3.0364e+06	
7.21031e+06	
6.49608e+06	
4.74489e+06	
2.84123e+06	
4.06027e+06	
7.78931e+06	
7.09923e+06	
3.9668e+06	
7.613e+06	
7.32391e+06	
6.84867e+06	
4.34258e+06	
4.27342e+06	
