4237
63.8822	0.401786	110.407	0.717364	47.7656	1.2157	21.0366	1.71648	9.56172	2.21925	4.52797	2.72039	3.37928	3.39423	0.978523	4.4134	0.333727	5.43483	980291

1.10956e+06

3964
64.0462	0.401631	110.188	0.716732	47.922	1.21563	21.0023	1.71735	9.52699	2.21749	4.46998	2.72089	3.36504	3.39104	0.977548	4.40241	0.341574	5.42721	916205

1.03793e+06

3892
63.9024	0.401648	110.232	0.716358	47.908	1.21606	21.1328	1.71643	9.50797	2.2174	4.55807	2.71932	3.35072	3.39458	0.953751	4.4038	0.347636	5.40412	900143

1.01929e+06

3793
63.7332	0.401769	110.31	0.716704	47.7685	1.21584	21.0224	1.71654	9.51358	2.21879	4.48352	2.72001	3.33298	3.3922	0.959135	4.40909	0.330609	5.4121	876683

991696

3731
63.8992	0.401733	110.274	0.716883	47.7438	1.21567	20.9928	1.71742	9.54945	2.21825	4.53042	2.72122	3.34629	3.39775	0.990619	4.40281	0.322434	5.42354	862154

976214

3283
63.7563	0.401765	110.175	0.71693	47.792	1.21617	21.1118	1.71801	9.72495	2.21845	4.55041	2.71915	3.32562	3.39261	0.971368	4.41185	0.347548	5.41959	759373

859341

3288
63.8695	0.401756	110.333	0.716982	47.7701	1.21545	21.0575	1.71745	9.55353	2.21807	4.53193	2.71731	3.37865	3.39589	0.981448	4.40904	0.328467	5.43195	760505

860811

3151
63.768	0.401857	110.405	0.717036	47.9096	1.21522	21.0127	1.71695	9.5722	2.21748	4.61949	2.71837	3.3491	3.3894	0.942875	4.41199	0.342114	5.42978	729356

825313

8933
64.0665	0.401768	110.546	0.716333	47.7439	1.21548	21.0179	1.71666	9.55804	2.21872	4.51942	2.72022	3.34647	3.39184	0.965969	4.40538	0.341543	5.4106	2.06784e+06

2.34139e+06

2578
63.6707	0.40178	110.153	0.717128	47.8006	1.216	20.9379	1.71777	9.64895	2.21943	4.51978	2.72054	3.40535	3.39278	0.964701	4.41033	0.358029	5.42869	595700

674041

12280
64.2911	0.401601	110.545	0.716709	47.877	1.21509	21.0634	1.71691	9.57809	2.21806	4.51849	2.71996	3.34528	3.39016	0.968648	4.41111	0.34316	5.42517	2.8452e+06

3.22387e+06

11931
64.2605	0.401614	110.425	0.7166	47.8272	1.21546	21.0483	1.71678	9.59107	2.2181	4.51261	2.71974	3.35454	3.39213	0.968905	4.40834	0.339284	5.40974	2.7627e+06

3.12982e+06

11391
64.1902	0.401554	110.416	0.716805	47.8494	1.21573	21.1185	1.71687	9.59793	2.21927	4.51593	2.71967	3.37187	3.39148	0.980687	4.40964	0.344219	5.41523	2.63762e+06

2.98882e+06

10511
64.0629	0.40175	110.305	0.716848	48.0154	1.21586	21.0804	1.71694	9.60213	2.21791	4.52887	2.71927	3.34402	3.39158	1.00542	4.40538	0.347921	5.41317	2.43539e+06

2.75695e+06

10085
63.8444	0.401618	110.259	0.716637	47.9803	1.21561	21.0621	1.71686	9.60635	2.21876	4.54735	2.72051	3.40526	3.39271	0.990283	4.40617	0.341795	5.42528	2.33419e+06

2.64264e+06

9583
64.0626	0.401652	110.539	0.716639	47.89	1.21581	21.085	1.71692	9.56725	2.21814	4.50443	2.72013	3.35302	3.39245	0.97433	4.40549	0.342273	5.4172	2.21975e+06

2.51379e+06

9423
64.1477	0.40163	110.56	0.716838	47.7968	1.21556	20.9932	1.71691	9.62528	2.21754	4.53104	2.71949	3.40115	3.39329	0.997559	4.4061	0.342672	5.42522	2.18298e+06

2.47255e+06

8816
64.0361	0.401745	110.435	0.716732	47.7459	1.21509	21.0373	1.71719	9.58099	2.21825	4.54809	2.72101	3.37126	3.39038	0.986502	4.40852	0.346189	5.42202	2.04053e+06

2.31057e+06

8389
64.3	0.401706	110.314	0.716822	47.9287	1.21579	21.0689	1.71723	9.53737	2.21812	4.50447	2.7192	3.33949	3.3902	0.982477	4.40529	0.337347	5.4149	1.94259e+06

2.20054e+06

8058
63.909	0.401756	110.243	0.716808	47.7926	1.21503	21.0416	1.71712	9.57099	2.21807	4.50968	2.71993	3.38024	3.39246	0.969968	4.41095	0.349466	5.4248	1.86343e+06

2.10931e+06

2948
64.0438	0.401956	109.832	0.716801	48.0031	1.21582	21.1028	1.71649	9.60583	2.2193	4.54308	2.71931	3.36805	3.39241	0.98711	4.40223	0.358209	5.42039	681910

771915

7577
64.153	0.401753	110.437	0.716928	47.9349	1.21564	21.0748	1.71722	9.54982	2.2182	4.49637	2.72106	3.33523	3.39522	0.96331	4.4078	0.337865	5.42805	1.75493e+06

1.98731e+06

7434
63.904	0.401718	110.412	0.717126	47.896	1.21555	21.0554	1.7168	9.58811	2.2181	4.53094	2.72101	3.35741	3.39343	0.966909	4.40532	0.3371	5.41395	1.72075e+06

1.94806e+06

7130
64.0515	0.401683	110.446	0.716783	47.8056	1.21566	21.1129	1.71634	9.63043	2.218	4.5216	2.72007	3.3547	3.39445	0.976157	4.41235	0.342216	5.42049	1.65124e+06

1.86978e+06

6967
64.0096	0.401581	110.422	0.716823	47.8748	1.21577	21.0662	1.71718	9.60356	2.21792	4.5117	2.71993	3.38137	3.39159	0.993254	4.40928	0.347208	5.42173	1.61276e+06

1.82681e+06

