ibin	iptbin	itheta	r0	V	sigma2	chi	Vn Errors
0	0	0	0.1961	0.0476	737.8694	0.4515	0.0036
0	0	1	0.2137	0.0437	737.8694	0.4143	0.0033
0	0	2	0.2013	0.0464	737.8694	0.4397	0.0035
0	0	3	0.2001	0.0467	737.8694	0.4424	0.0036
0	0	4	0.2053	0.0455	737.8694	0.4311	0.0035
0	0	5	0.1905	0.0490	737.8694	0.4648	0.0037
0	0	6	0.1903	0.0491	737.8694	0.4652	0.0037
0	0	7	0.1914	0.0488	737.8694	0.4624	0.0037
0	0	8	0.1863	0.0501	737.8694	0.4751	0.0038
0	0	9	0.1855	0.0503	737.8694	0.4772	0.0038
0	0	10	0.1891	0.0494	737.8694	0.4682	0.0038
0	0	11	0.1936	0.0483	737.8694	0.4574	0.0037
0	0	12	0.1915	0.0488	737.8694	0.4623	0.0037
0	0	13	0.1885	0.0496	737.8694	0.4697	0.0038
0	0	14	0.1866	0.0501	737.8694	0.4745	0.0038


ibin	iptbin	avgmult	avgpt	Vn mean	Vn mean Error
0	0	257.4722	0.9038	0.0482	0.0017

ibin	Nevent	totmultall	avgmultall	avgtrk
0	3146070.0000	810025564.0000	257.4722	231.4951

