ibin	iptbin	itheta	r0	V	sigma2	chi	Vn Errors
0	0	0	0.1275	0.0617	998.5530	0.5968	0.0050
0	0	1	0.1258	0.0626	998.5530	0.6049	0.0050
0	0	2	0.1271	0.0619	998.5530	0.5987	0.0050
0	0	3	0.1222	0.0644	998.5530	0.6226	0.0052
0	0	4	0.1332	0.0591	998.5530	0.5715	0.0048


ibin	iptbin	avgmult	avgpt	Vn mean	Vn mean Error
0	0	305.4636	0.9601	0.0620	0.0026

ibin	iptbin	itheta	r0	V	sigma2	chi	Vn Errors
0	0	0	0.1468	0.0536	1004.9660	0.5167	0.0153
0	0	1	0.1499	0.0525	1004.9660	0.5060	0.0150
0	0	2	0.1841	0.0428	1004.9660	0.4119	0.0122
0	0	3	0.1366	0.0577	1004.9660	0.5555	0.0164
0	0	4	0.1220	0.0645	1004.9660	0.6217	0.0184


ibin	iptbin	avgmult	avgpt	Vn mean	Vn mean Error
0	0	305.4255	0.9605	0.0542	0.0077

ibin	iptbin	itheta	r0	V	sigma2	chi	Vn Errors
0	0	0	0.1358	0.0580	1001.9501	0.5594	0.0143
0	0	1	0.1426	0.0552	1001.9501	0.5327	0.0136
0	0	2	0.1483	0.0531	1001.9501	0.5124	0.0131
0	0	3	0.1498	0.0526	1001.9501	0.5072	0.0129
0	0	4	0.1418	0.0555	1001.9501	0.5358	0.0137


ibin	iptbin	avgmult	avgpt	Vn mean	Vn mean Error
0	0	305.5393	0.9599	0.0549	0.0067

ibin	iptbin	itheta	r0	V	sigma2	chi	Vn Errors
0	0	0	0.1576	0.0499	987.8478	0.4854	0.0179
0	0	1	0.1876	0.0419	987.8478	0.4079	0.0151
0	0	2	0.1402	0.0561	987.8478	0.5459	0.0202
0	0	3	0.1337	0.0588	987.8478	0.5721	0.0211
0	0	4	0.1408	0.0559	987.8478	0.5433	0.0201


ibin	iptbin	avgmult	avgpt	Vn mean	Vn mean Error
0	0	305.7069	0.9591	0.0525	0.0093

ibin	iptbin	itheta	r0	V	sigma2	chi	Vn Errors
0	0	0	0.1357	0.0580	1018.4910	0.5554	0.0151
0	0	1	0.1335	0.0589	1018.4910	0.5644	0.0153
0	0	2	0.1477	0.0533	1018.4910	0.5102	0.0139
0	0	3	0.1738	0.0453	1018.4910	0.4335	0.0118
0	0	4	0.1324	0.0594	1018.4910	0.5690	0.0154


ibin	iptbin	avgmult	avgpt	Vn mean	Vn mean Error
0	0	305.6290	0.9601	0.0550	0.0071

ibin	iptbin	itheta	r0	V	sigma2	chi	Vn Errors
0	0	0	0.1454	0.0541	980.9746	0.5280	0.0083
0	0	1	0.1318	0.0597	980.9746	0.5826	0.0092
0	0	2	0.1271	0.0620	980.9746	0.6043	0.0095
0	0	3	0.1373	0.0573	980.9746	0.5592	0.0088
0	0	4	0.1530	0.0514	980.9746	0.5017	0.0079


ibin	iptbin	avgmult	avgpt	Vn mean	Vn mean Error
0	0	305.4816	0.9594	0.0569	0.0045

ibin	iptbin	itheta	r0	V	sigma2	chi	Vn Errors
0	0	0	0.1298	0.0607	991.4744	0.5886	0.0088
0	0	1	0.1328	0.0593	991.4744	0.5750	0.0086
0	0	2	0.1418	0.0555	991.4744	0.5386	0.0080
0	0	3	0.1534	0.0513	991.4744	0.4978	0.0074
0	0	4	0.1270	0.0620	991.4744	0.6013	0.0090


ibin	iptbin	avgmult	avgpt	Vn mean	Vn mean Error
0	0	305.4742	0.9601	0.0577	0.0043

ibin	iptbin	itheta	r0	V	sigma2	chi	Vn Errors
0	0	0	0.1364	0.0577	999.0535	0.5578	0.0103
0	0	1	0.1403	0.0561	999.0535	0.5425	0.0101
0	0	2	0.1442	0.0546	999.0535	0.5275	0.0098
0	0	3	0.1490	0.0528	999.0535	0.5105	0.0095
0	0	4	0.1292	0.0609	999.0535	0.5888	0.0109


ibin	iptbin	avgmult	avgpt	Vn mean	Vn mean Error
0	0	305.4310	0.9599	0.0564	0.0051

ibin	iptbin	itheta	r0	V	sigma2	chi	Vn Errors
0	0	0	0.1498	0.0526	983.9657	0.5119	0.0099
0	0	1	0.1254	0.0628	983.9657	0.6113	0.0118
0	0	2	0.1480	0.0532	983.9657	0.5180	0.0100
0	0	3	0.1383	0.0570	983.9657	0.5544	0.0107
0	0	4	0.1452	0.0542	983.9657	0.5281	0.0102


ibin	iptbin	avgmult	avgpt	Vn mean	Vn mean Error
0	0	305.3771	0.9594	0.0560	0.0053

ibin	iptbin	itheta	r0	V	sigma2	chi	Vn Errors
0	0	0	0.1504	0.0524	999.6011	0.5058	0.0290
0	0	1	0.1625	0.0485	999.6011	0.4680	0.0269
0	0	2	0.1586	0.0497	999.6011	0.4797	0.0275
0	0	3	0.1474	0.0534	999.6011	0.5160	0.0296
0	0	4	0.1558	0.0506	999.6011	0.4883	0.0280


ibin	iptbin	avgmult	avgpt	Vn mean	Vn mean Error
0	0	305.3648	0.9598	0.0509	0.0137

ibin	iptbin	itheta	r0	V	sigma2	chi	Vn Errors
0	0	0	0.1340	0.0588	989.4997	0.5705	0.0150
0	0	1	0.1572	0.0501	989.4997	0.4862	0.0127
0	0	2	0.1764	0.0446	989.4997	0.4333	0.0114
0	0	3	0.1257	0.0627	989.4997	0.6084	0.0159
0	0	4	0.1408	0.0559	989.4997	0.5431	0.0142


ibin	iptbin	avgmult	avgpt	Vn mean	Vn mean Error
0	0	305.3695	0.9604	0.0544	0.0069

ibin	iptbin	itheta	r0	V	sigma2	chi	Vn Errors
0	0	0	0.1454	0.0541	1004.0314	0.5218	0.0127
0	0	1	0.1509	0.0522	1004.0314	0.5030	0.0122
0	0	2	0.1378	0.0571	1004.0314	0.5506	0.0134
0	0	3	0.1389	0.0567	1004.0314	0.5465	0.0133
0	0	4	0.1418	0.0555	1004.0314	0.5351	0.0130


ibin	iptbin	avgmult	avgpt	Vn mean	Vn mean Error
0	0	305.5282	0.9598	0.0551	0.0065

ibin	iptbin	itheta	r0	V	sigma2	chi	Vn Errors
0	0	0	0.1300	0.0606	999.2571	0.5853	0.0084
0	0	1	0.1380	0.0571	999.2571	0.5511	0.0079
0	0	2	0.1416	0.0557	999.2571	0.5374	0.0077
0	0	3	0.1427	0.0552	999.2571	0.5333	0.0077
0	0	4	0.1253	0.0629	999.2571	0.6070	0.0087


ibin	iptbin	avgmult	avgpt	Vn mean	Vn mean Error
0	0	305.1978	0.9598	0.0583	0.0042

ibin	iptbin	itheta	r0	V	sigma2	chi	Vn Errors
0	0	0	0.1449	0.0543	973.4831	0.5319	0.0146
0	0	1	0.1503	0.0524	973.4831	0.5127	0.0141
0	0	2	0.1524	0.0517	973.4831	0.5058	0.0139
0	0	3	0.1323	0.0595	973.4831	0.5826	0.0160
0	0	4	0.1582	0.0498	973.4831	0.4873	0.0134


ibin	iptbin	avgmult	avgpt	Vn mean	Vn mean Error
0	0	305.4153	0.9603	0.0535	0.0072

ibin	iptbin	itheta	r0	V	sigma2	chi	Vn Errors
0	0	0	0.1582	0.0498	998.5336	0.4809	0.0118
0	0	1	0.1368	0.0576	998.5336	0.5565	0.0137
0	0	2	0.1331	0.0592	998.5336	0.5717	0.0141
0	0	3	0.1595	0.0494	998.5336	0.4770	0.0117
0	0	4	0.1327	0.0594	998.5336	0.5736	0.0141


ibin	iptbin	avgmult	avgpt	Vn mean	Vn mean Error
0	0	305.3419	0.9601	0.0551	0.0065

ibin	iptbin	itheta	r0	V	sigma2	chi	Vn Errors
0	0	0	0.1493	0.0528	976.5137	0.5156	0.0102
0	0	1	0.1320	0.0596	976.5137	0.5829	0.0115
0	0	2	0.1327	0.0593	976.5137	0.5800	0.0114
0	0	3	0.1577	0.0499	976.5137	0.4879	0.0096
0	0	4	0.1408	0.0559	976.5137	0.5466	0.0108


ibin	iptbin	avgmult	avgpt	Vn mean	Vn mean Error
0	0	305.3761	0.9589	0.0555	0.0054

ibin	iptbin	itheta	r0	V	sigma2	chi	Vn Errors
0	0	0	0.1365	0.0577	982.8637	0.5621	0.0111
0	0	1	0.1355	0.0581	982.8637	0.5663	0.0112
0	0	2	0.1372	0.0574	982.8637	0.5590	0.0110
0	0	3	0.1531	0.0514	982.8637	0.5012	0.0099
0	0	4	0.1474	0.0534	982.8637	0.5205	0.0102


ibin	iptbin	avgmult	avgpt	Vn mean	Vn mean Error
0	0	305.5116	0.9593	0.0556	0.0054

ibin	iptbin	itheta	r0	V	sigma2	chi	Vn Errors
0	0	0	0.1308	0.0602	982.1755	0.5865	0.0062
0	0	1	0.1278	0.0617	982.1755	0.6006	0.0063
0	0	2	0.1277	0.0617	982.1755	0.6008	0.0063
0	0	3	0.1331	0.0592	982.1755	0.5766	0.0061
0	0	4	0.1426	0.0553	982.1755	0.5383	0.0057


ibin	iptbin	avgmult	avgpt	Vn mean	Vn mean Error
0	0	305.2359	0.9605	0.0596	0.0032

ibin	iptbin	itheta	r0	V	sigma2	chi	Vn Errors
0	0	0	0.1449	0.0544	970.9236	0.5326	0.0065
0	0	1	0.1314	0.0599	970.9236	0.5873	0.0072
0	0	2	0.1400	0.0563	970.9236	0.5513	0.0067
0	0	3	0.1277	0.0617	970.9236	0.6042	0.0074
0	0	4	0.1321	0.0596	970.9236	0.5843	0.0071


ibin	iptbin	avgmult	avgpt	Vn mean	Vn mean Error
0	0	305.3227	0.9589	0.0584	0.0036

ibin	iptbin	itheta	r0	V	sigma2	chi	Vn Errors
0	0	0	0.1366	0.0577	971.9637	0.5645	0.0107
0	0	1	0.1395	0.0565	971.9637	0.5529	0.0104
0	0	2	0.1601	0.0492	971.9637	0.4818	0.0091
0	0	3	0.1342	0.0587	971.9637	0.5747	0.0108
0	0	4	0.1415	0.0557	971.9637	0.5450	0.0103


ibin	iptbin	avgmult	avgpt	Vn mean	Vn mean Error
0	0	305.2533	0.9605	0.0555	0.0052

