ibin	itheta	r0	V	sigma2	chi	Vn Errors
0	0	0.2665	0.0488	270.2206	0.5488	0.0009
0	1	0.2642	0.0492	270.2206	0.5537	0.0010
0	2	0.2687	0.0484	270.2206	0.5444	0.0009
0	3	0.2725	0.0477	270.2206	0.5368	0.0009
0	4	0.2661	0.0488	270.2206	0.5497	0.0009


ibin	avgmult	avgpt	Vn mean	Vn mean Error
0	185.0000	0.9154	0.0486	0.0005

ibin	itheta	r0	V	sigma2	chi	Vn Errors
0	0	0.2639	0.0493	270.2209	0.5544	0.0009
0	1	0.2659	0.0489	270.2209	0.5502	0.0009
0	2	0.2682	0.0485	270.2209	0.5455	0.0009
0	3	0.2669	0.0487	270.2209	0.5480	0.0009
0	4	0.2716	0.0479	270.2209	0.5386	0.0009


ibin	avgmult	avgpt	Vn mean	Vn mean Error
0	185.0000	0.9154	0.0486	0.0005

ibin	itheta	r0	V	sigma2	chi	Vn Errors
0	0	0.2650	0.0490	270.2205	0.5520	0.0010
0	1	0.2633	0.0494	270.2205	0.5557	0.0010
0	2	0.2711	0.0479	270.2205	0.5396	0.0009
0	3	0.2670	0.0487	270.2205	0.5480	0.0009
0	4	0.2722	0.0478	270.2205	0.5375	0.0009


ibin	avgmult	avgpt	Vn mean	Vn mean Error
0	185.0000	0.9154	0.0486	0.0005

ibin	itheta	r0	V	sigma2	chi	Vn Errors
0	0	0.2641	0.0492	270.2210	0.5538	0.0009
0	1	0.2752	0.0472	270.2210	0.5316	0.0009
0	2	0.2652	0.0490	270.2210	0.5516	0.0009
0	3	0.2634	0.0493	270.2210	0.5553	0.0009
0	4	0.2668	0.0487	270.2210	0.5482	0.0009


ibin	avgmult	avgpt	Vn mean	Vn mean Error
0	185.0000	0.9154	0.0487	0.0005

ibin	itheta	r0	V	sigma2	chi	Vn Errors
0	0	0.2667	0.0487	270.2207	0.5486	0.0010
0	1	0.2820	0.0461	270.2207	0.5188	0.0009
0	2	0.2671	0.0487	270.2207	0.5477	0.0010
0	3	0.2669	0.0487	270.2207	0.5481	0.0010
0	4	0.2595	0.0501	270.2207	0.5638	0.0010


ibin	avgmult	avgpt	Vn mean	Vn mean Error
0	185.0000	0.9154	0.0485	0.0005

ibin	itheta	r0	V	sigma2	chi	Vn Errors
0	0	0.2610	0.0498	270.2209	0.5605	0.0010
0	1	0.2824	0.0460	270.2209	0.5181	0.0009
0	2	0.2712	0.0479	270.2209	0.5394	0.0010
0	3	0.2703	0.0481	270.2209	0.5413	0.0010
0	4	0.2615	0.0497	270.2209	0.5594	0.0010


ibin	avgmult	avgpt	Vn mean	Vn mean Error
0	185.0000	0.9154	0.0483	0.0005

ibin	itheta	r0	V	sigma2	chi	Vn Errors
0	0	0.2664	0.0488	270.2208	0.5491	0.0010
0	1	0.2652	0.0490	270.2208	0.5517	0.0010
0	2	0.2827	0.0460	270.2208	0.5175	0.0009
0	3	0.2658	0.0489	270.2208	0.5503	0.0010
0	4	0.2630	0.0494	270.2208	0.5562	0.0010


ibin	avgmult	avgpt	Vn mean	Vn mean Error
0	185.0000	0.9154	0.0484	0.0005

ibin	itheta	r0	V	sigma2	chi	Vn Errors
0	0	0.2648	0.0491	270.2208	0.5524	0.0009
0	1	0.2657	0.0489	270.2208	0.5506	0.0009
0	2	0.2680	0.0485	270.2208	0.5458	0.0009
0	3	0.2661	0.0488	270.2208	0.5497	0.0009
0	4	0.2711	0.0480	270.2208	0.5397	0.0009


ibin	avgmult	avgpt	Vn mean	Vn mean Error
0	185.0000	0.9154	0.0487	0.0005

ibin	itheta	r0	V	sigma2	chi	Vn Errors
0	0	0.2685	0.0484	270.2205	0.5448	0.0010
0	1	0.2734	0.0475	270.2205	0.5351	0.0009
0	2	0.2622	0.0496	270.2205	0.5580	0.0010
0	3	0.2719	0.0478	270.2205	0.5380	0.0009
0	4	0.2639	0.0493	270.2205	0.5544	0.0010


ibin	avgmult	avgpt	Vn mean	Vn mean Error
0	185.0000	0.9154	0.0485	0.0005

ibin	itheta	r0	V	sigma2	chi	Vn Errors
0	0	0.2676	0.0486	270.2208	0.5467	0.0010
0	1	0.2593	0.0501	270.2208	0.5641	0.0010
0	2	0.2636	0.0493	270.2208	0.5549	0.0010
0	3	0.2813	0.0462	270.2208	0.5201	0.0009
0	4	0.2695	0.0482	270.2208	0.5429	0.0010


ibin	avgmult	avgpt	Vn mean	Vn mean Error
0	185.0000	0.9154	0.0485	0.0005

ibin	itheta	r0	V	sigma2	chi	Vn Errors
0	0	0.2700	0.0481	270.2210	0.5418	0.0009
0	1	0.2704	0.0481	270.2210	0.5411	0.0009
0	2	0.2674	0.0486	270.2210	0.5472	0.0009
0	3	0.2667	0.0487	270.2210	0.5485	0.0009
0	4	0.2622	0.0496	270.2210	0.5579	0.0010


ibin	avgmult	avgpt	Vn mean	Vn mean Error
0	185.0000	0.9154	0.0486	0.0005

ibin	itheta	r0	V	sigma2	chi	Vn Errors
0	0	0.2661	0.0488	270.2205	0.5498	0.0010
0	1	0.2748	0.0473	270.2205	0.5323	0.0009
0	2	0.2697	0.0482	270.2205	0.5425	0.0009
0	3	0.2599	0.0500	270.2205	0.5628	0.0010
0	4	0.2685	0.0484	270.2205	0.5449	0.0009


ibin	avgmult	avgpt	Vn mean	Vn mean Error
0	185.0000	0.9154	0.0486	0.0005

ibin	itheta	r0	V	sigma2	chi	Vn Errors
0	0	0.2710	0.0480	270.2206	0.5399	0.0009
0	1	0.2758	0.0471	270.2206	0.5304	0.0009
0	2	0.2704	0.0481	270.2206	0.5411	0.0009
0	3	0.2597	0.0501	270.2206	0.5633	0.0010
0	4	0.2625	0.0495	270.2206	0.5573	0.0010


ibin	avgmult	avgpt	Vn mean	Vn mean Error
0	185.0000	0.9154	0.0485	0.0005

ibin	itheta	r0	V	sigma2	chi	Vn Errors
0	0	0.2637	0.0493	270.2209	0.5548	0.0026
0	1	0.2593	0.0501	270.2209	0.5642	0.0027
0	2	0.2728	0.0477	270.2209	0.5364	0.0025
0	3	0.5035	0.0258	270.2209	0.2905	0.0014
0	4	0.2710	0.0480	270.2209	0.5398	0.0026


ibin	avgmult	avgpt	Vn mean	Vn mean Error
0	185.0000	0.9154	0.0442	0.0012

ibin	itheta	r0	V	sigma2	chi	Vn Errors
0	0	0.2733	0.0476	270.2209	0.5352	0.0009
0	1	0.2632	0.0494	270.2209	0.5559	0.0010
0	2	0.2641	0.0492	270.2209	0.5540	0.0010
0	3	0.2760	0.0471	270.2209	0.5300	0.0009
0	4	0.2629	0.0494	270.2209	0.5565	0.0010


ibin	avgmult	avgpt	Vn mean	Vn mean Error
0	185.0000	0.9154	0.0485	0.0005

ibin	itheta	r0	V	sigma2	chi	Vn Errors
0	0	0.2631	0.0494	270.2205	0.5560	0.0010
0	1	0.2609	0.0498	270.2205	0.5608	0.0010
0	2	0.2671	0.0487	270.2205	0.5477	0.0010
0	3	0.2758	0.0471	270.2205	0.5304	0.0009
0	4	0.2741	0.0474	270.2205	0.5337	0.0009


ibin	avgmult	avgpt	Vn mean	Vn mean Error
0	185.0000	0.9154	0.0485	0.0005

ibin	itheta	r0	V	sigma2	chi	Vn Errors
0	0	0.2691	0.0483	270.2204	0.5436	0.0009
0	1	0.2643	0.0492	270.2204	0.5535	0.0010
0	2	0.2696	0.0482	270.2204	0.5426	0.0009
0	3	0.2690	0.0483	270.2204	0.5439	0.0009
0	4	0.2654	0.0490	270.2204	0.5512	0.0009


ibin	avgmult	avgpt	Vn mean	Vn mean Error
0	185.0000	0.9154	0.0486	0.0005

ibin	itheta	r0	V	sigma2	chi	Vn Errors
0	0	0.2604	0.0499	270.2208	0.5617	0.0010
0	1	0.2637	0.0493	270.2208	0.5548	0.0010
0	2	0.2672	0.0487	270.2208	0.5475	0.0009
0	3	0.2748	0.0473	270.2208	0.5324	0.0009
0	4	0.2713	0.0479	270.2208	0.5392	0.0009


ibin	avgmult	avgpt	Vn mean	Vn mean Error
0	185.0000	0.9154	0.0486	0.0005

ibin	itheta	r0	V	sigma2	chi	Vn Errors
0	0	0.2645	0.0491	270.2210	0.5531	0.0010
0	1	0.2574	0.0505	270.2210	0.5683	0.0010
0	2	0.2780	0.0468	270.2210	0.5262	0.0009
0	3	0.2675	0.0486	270.2210	0.5469	0.0010
0	4	0.2743	0.0474	270.2210	0.5334	0.0009


ibin	avgmult	avgpt	Vn mean	Vn mean Error
0	185.0000	0.9154	0.0485	0.0005

ibin	itheta	r0	V	sigma2	chi	Vn Errors
0	0	0.2711	0.0479	270.2209	0.5396	0.0009
0	1	0.2631	0.0494	270.2209	0.5560	0.0010
0	2	0.2565	0.0507	270.2209	0.5703	0.0010
0	3	0.2749	0.0473	270.2209	0.5321	0.0009
0	4	0.2736	0.0475	270.2209	0.5347	0.0009


ibin	avgmult	avgpt	Vn mean	Vn mean Error
0	185.0000	0.9154	0.0486	0.0005

ibin	Vn mean	Vn mean Error

0	0.0483	0.0005	0.0010
