-18.4621	
80.4977	
-59.6614	
-27.6133	
-417.976	
-159.543	
-213.846	
-194.569	
-354.072	
24.5118	
-314.266	
-445.441	
-252.616	
-728.871	
142.211	
18.5258	
-263.196	
16.3037	
17.9576	
-289.043	
177.904	
8.0228	
-237.018	
-18.9748	
-501.922	
-272.719	
-126.396	
-170.373	
-64.7912	
-564.858	
-519.335	
-211.644	
-441.743	
-59.3381	
-621.37	
-123.416	
-293.589	
-207.683	
-58.8508	
-12.5388	
62.3369	
-420.036	
-320.353	
-28.8814	
-196.031	
-281.247	
-502.333	
-581.805	
-657.192	
-134.794	
-47.6591	
-29.6947	
-316.576	
-414.63	
-59.6732	
-681.034	
-637.996	
-845.399	
-1738.35	
-864.401	
-721.929	
-123.052	
-73.6799	
-897.738	
-346.746	
-34.6764	
-1606.56	
-2410.66	
-675.63	
-1736.76	
-1745.12	
-357.532	
-2073.03	
-3448.72	
-283.101	
-2762.41	
-2688.73	
-895.027	
-4049.28	
-6336.24	
-6472.62	
-1503.72	
-890.523	
-1312.76	
-2303.05	
-1567.09	
-1752.07	
-2921.32	
-4830.14	
-5229.13	
-8182.8	
-1391.8	
-182.302	
-809.397	
-2210.37	
-569.726	
-4025.47	
-2283.37	
-1227.1	
-3788.25	
-1193.35	
-2099.13	
-2885.05	
-4976.88	
-1658.31	
-5513.16	
-2658.57	
-894.246	
-4396.28	
-5209.19	
-3677.53	
-712.252	
-2255.75	
-6566.52	
-616.522	
-75.8445	
-1295.58	
-6205.61	
-0.87895	
-1623.44	
-4511.63	
-1427.06	
84.5142	
-552.324	
-1067.47	
108.005	
-2037.2	
-1627.3	
-1009.43	
-2501.59	
-2362.1	
-1487.43	
-1757.63	
-5015.73	
-628.09	
-569.726	
-2722.22	
-182.871	
-960.439	
-1782.15	
-932.357	
-1883.95	
-1623.27	
-127.354	
-2207.39	
-1885.59	
-2175.47	
-429.443	
-1268.82	
-6343.97	
-3230.28	
-8826.51	
-1318.21	
-2013.43	
-2307.32	
-3034	
-1643.88	
-858.97	
-876.635	
-1896.02	
-1080.6	
-1524.15	
-2994.56	
-1527.03	
-1581.71	
-75.8445	
-1129.45	
-2068.41	
-3299.06	
-1921.36	
-2604.38	
-2612.14	
-5466.74	
-1095.03	
-3874.03	
-152.015	
178.836	
-3193.89	
-2175.47	
-5250.67	
-2083.65	
-12598.8	
-1322.64	
-2123.57	
-9857.45	
-3092.21	
-663.789	
-2413.93	
-2138.12	
-792.616	
-1712.26	
-1440.75	
-1676.01	
-2269.76	
-2883.73	
-3123.02	
-2151.73	
-1416.52	
-4923.9	
-1482.52	
-3780.82	
-6689.14	
-5401.68	
-3326.52	
-4967.99	
-753.567	
-721.861	
-1095.03	
-1990.73	
-1552.74	
-7404.67	
-4685.31	
-467.064	
-3394.53	
-11824.9	
-4459.44	
-48.0587	
-320.353	
-10878.1	
-956.431	
-10379.7	
-1038.02	
-2088.44	
-809.397	
-182.302	
-833.766	
-3230.03	
-3053.25	
-1821.15	
-163.886	
-10529.1	
-3230.03	
-4689.89	
-1134.66	
-1459.39	
-3323.52	
-5743.7	
-1068.53	
-1330.14	
-3865.4	
-11830.2	
-3312.54	
-4789.24	
-5740.13	
-0.87895	
-1623.44	
-1223.99	
-2793.4	
-80.9928	
-28.8814	
-3556.21	
-2091.98	
-3198.46	
-3584.69	
-2657.69	
-727.603	
-9457.79	
-2430.32	
-438.461	
-4786.75	
-1465.7	
-4789.24	
-4001.14	
-2808.79	
-1574.29	
-1906.4	
-2368.68	
-1991.18	
-366.425	
-7617.22	
-131.493	
-3697.29	
-2928.89	
-6180.2	
-928.213	
-4875.69	
-1087.14	
-365.224	
-6518.56	
-4875.69	
-1702.44	
-1865.2	
-5748.04	
-127.354	
-10566.8	
-2817.63	
-728.51	
-261.112	
-95.7487	
-196.031	
-1885.59	
-2423.79	
-1576.46	
-46.0669	
-3522.41	
-560.63	
-1279.7	
-2772.41	
-4383.7	
-2496.44	
-4560.18	
-707.495	
-705.867	
-2009.27	
-1718.27	
-1976.43	
-1983.96	
-1900.32	
-1011.65	
-1604.03	
-3099.97	
-2310.81	
-3800.6	
-152.015	
-81.3046	
178.836	
-889.526	
-4421.14	
-705.87	
71.1708	
-1425.07	
-3395.91	
-1279.7	
-119.775	
-1857.69	
-2817.63	
-2394.92	
-1603.42	
-3991.14	
-281.247	
-3105.61	
-753.567	
-355.412	
-1702.44	
-1781.17	
-2199.49	
-2876.3	
-474.679	
-429.443	
-2719.03	
-1682.37	
-1038.02	
-1551.04	
-2580.71	
-2304.34	
-1434.17	
-704.603	
-1501.98	
-2778.24	
-1501.46	
-5027.37	
-3064.92	
-2272.55	
-3780.91	
-4120.81	
-2769.02	
-2701.4	
-2999.4	
197.361	
-1270.42	
-2596.32	
-940.005	
-2468.88	
-2228.25	
-3113.06	
-163.886	
-1821.15	
-3744.64	
-340.689	
-2327.17	
-2417.59	
-2215.37	
-3843.93	
-705.87	
-502.333	
-1726.05	
-3604.9	
298.033	
-18.7033	
-2905.69	
-4468.38	
-2780.96	
-2838.66	
-5631.55	
-6699.28	
-3641.14	
-487.781	
-1693.92	
-1178.2	
-849.88	
-2798.03	
-3169.97	
-4888.78	
-2318.94	
-2273.19	
-4729.62	
-3130.14	
-2376.74	
-4086.74	
-5699.7	
-131.493	
-810.007	
-1686.74	
-4786.75	
-3943.52	
-2192.76	
-4576.7	
-911.7	
-3042.83	
-4032.58	
-2150.93	
-3247.94	
-3868.8	
-6377.04	
-2844.8	
-4630.66	
-6420.91	
-7423.18	
-4734.57	
-6517.79	
-4932.18	
-11511.6	
-5589.6	
-1641.95	
-4822.21	
-2176.62	
-2209.72	
-4624.65	
-581.805	
-940.005	
292.722	
-1128.8	
-1896.66	
-2278.04	
-3878.88	
-5620.12	
-206.73	
-4827.31	
-4729.22	
-3606.8	
-6973.43	
-8996.13	
-6684.49	
-5439.46	
-6777.75	
-783.368	
-4680.47	
-5052.78	
-2184.69	
-5115.7	
-3908.56	
-4302.59	
-365.224	
-5104.36	
-4077.46	
-1701.8	
-6493.53	
-1087.14	
-4305.6	
-1643.44	
-5535.64	
-2828.28	
-6762.3	
-4672.85	
-2719.03	
-3263.6	
-956.431	
-1585.8	
-2304.34	
-2255.7	
-4253.43	
-10457.9	
-1100.06	
-1140.55	
-5219.59	
-657.192	
-3621.22	
-2680.62	
-2228.25	
-2135.03	
-2154.69	
-162.561	
-2868.45	
-4722.41	
-30.6718	
-565.433	
-2083.65	
-2004.51	
-4825.42	
-813.485	
-2194.03	
-1465.7	
-4330.36	
-5647.44	
-95.7487	
-3012.45	
-1053.18	
-2495.44	
-14016.3	
-867.41	
-1425.07	
-3266.43	
-1910.75	
-2014.08	
-1323.71	
-8225.39	
-445.298	
-310.035	
-1737.35	
-2652.39	
-3025.53	
-3455.16	
-2232.5	
-3824.94	
-134.794	
-3081.04	
-8310.89	
-2273.19	
-2383.96	
-1986.88	
-333.654	
-1808.37	
-467.638	
-5304.92	
-1955.25	
-4145.47	
-119.775	
-8041.57	
-2027.01	
-7080.11	
-2325.74	
-10971.2	
-1726.05	
-8903.43	
-6569.84	
-5357.71	
-7097.18	
-3373.94	
-2064.19	
-1331.31	
-2714.88	
-4958.81	
-4242.81	
-6650.35	
-47.6591	
-1912.67	
-5965.69	
-3081.51	
-1878.23	
-5164.72	
-4440.17	
-9021.18	
-5062.89	
-11255	
-3748.87	
-1396.73	
-1257.44	
-2953.66	
-3802.23	
-18.7033	
-4612.66	
-2419.65	
-6158.87	
-12765	
-8578.08	
-5784.96	
-4086.74	
-3966.18	
-54.6011	
-2299.67	
-1452.07	
-2538.94	
-438.461	
-4621.63	
-3236.97	
-3856.98	
-2310.49	
-3130.14	
-2113.77	
-12164.5	
-2278.04	
-2167.52	
-4560.18	
-6201.2	
-4838.29	
-1024.48	
-5699.7	
-29.6947	
-3715.29	
-4411.07	
-2013.32	
-2781.75	
-2305.53	
-2885.01	
-3725.15	
-2088.44	
-12166.4	
-5367.02	
-3842.38	
-6557.76	
-3563.9	
-11530.2	
-1870.89	
-2838.98	
-206.73	
-6473.75	
-4078.94	
-4827.31	
-2957.69	
-5475.08	
-14201.8	
-102.58	
-3417.41	
-18.044	
-1434.1	
-5624.5	
-5686.53	
-1491.34	
-2868.45	
-3785.04	
-3977.7	
-316.576	
-2327.22	
-7110.17	
-9190.96	
-7567.21	
-7623.56	
-9422.36	
-6641.67	
-2759.72	
-6130.27	
-3550.73	
-8054.44	
-2941.12	
-6773.92	
-5064.04	
-7187.23	
-3931.82	
-3779.4	
-10972.2	
-5234.99	
-948.907	
-30.6718	
-5508.51	
-726.235	
-10483.8	
-8890.77	
-8896.12	
-2127.8	
-14278.1	
-4394.32	
-2383.96	
41.803	
-8314.73	
-2244.83	
-4346.13	
-6167.83	
-414.63	
-1122.27	
-1140.55	
133.888	
-4122.91	
-1121.73	
-186.789	
-1674.65	
-2061.94	
-1004.93	
-597.314	
-1784.94	
-1573.47	
-4389.62	
-4842.52	
51.7209	
-867.41	
-1403.45	
-122.955	
-6846.93	
-333.654	
-59.6732	
-5784.96	
-3624.73	
-10107.8	
-3022.84	
-3309.2	
-6762.3	
-4750.77	
-4398.49	
-6584.8	
-6493.53	
-3336.69	
-4745.81	
-4265.55	
-305.933	
-1839.41	
-1720.49	
-3843.93	
-5290.18	
-11872.4	
-2009.27	
-7041.08	
-2165.05	
-7587.27	
-1916.23	
-6858.9	
-1906.4	
-4722.78	
-3009.89	
-4152.78	
-3405.79	
-2232.5	
-54.6011	
-117.984	
-3004.23	
-5170.21	
-681.034	
-16538.9	
-4039.56	
-5475.08	
-4276.82	
-1403.65	
-2576.2	
13.5706	
-6626.21	
-2425.89	
-1348.7	
-1687.46	
-8519.27	
-8376.94	
-9330.32	
-4212.97	
-8575.88	
-2199.49	
-3037.32	
-9325.33	
-9782.77	
-7040.15	
-14460.4	
-1501.46	
-8960.2	
-7846.26	
-17190.8	
-1781.17	
-1865.44	
-2310.81	
-1011.65	
-474.679	
-8776.22	
-7566.61	
-18.044	
-3177.47	
-1358.46	
-1501.98	
-123.052	
-1551.04	
-7717.1	
-1122.27	
-7868.89	
-3050.51	
-2714.88	
-207.114	
-3429.21	
-5756.59	
-3966.79	
-254.42	
-2875.85	
-7425.31	
-2749.93	
-5397.12	
-2722.22	
-4979.45	
-2912.93	
-2841.44	
-4862.19	
-3538.13	
-16412.4	
-1627.3	
-457.69	
133.888	
-346.746	
-2413.93	
-1403.45	
-3524.76	
-1412.65	
-6014.28	
-628.09	
-3266.43	
-944.231	
-2576.92	
-656.869	
-1703.62	
-4823.7	
-5571.79	
-4689.04	
-304.262	
-1529.61	
-8310.89	
-9961.66	
-4138.68	
-329.926	
-2215.37	
-800.565	
-3802.23	
-3796.47	
-3715.29	
-162.393	
-415.901	
-6501.01	
-5624.5	
-2653.29	
-3466.11	
-3230.53	
-4969.74	
-5751.71	
-6385.71	
-7798.55	
-2532.56	
-122.955	
-4729.22	
-4868.03	
-1651.27	
-34.6764	
-7618.65	
-5231.26	
-8507.24	
-15165.9	
-4383.7	
-3004.23	
-1900.32	
-11790.7	
-2004.51	
-64.2501	
22.5225	
-4795.42	
-1168.18	
-1100.06	
-1106.47	
-9516.15	
-1053.18	
-7071.16	
-2135.03	
-6243.93	
-1491.44	
-1686.74	
-2255.7	
77.1452	
-557.389	
-567.92	
-2423.79	
-728.51	
-2665.61	
-960.439	
-3621.22	
-1718.27	
-2138.12	
13.5706	
-6805.37	
-1752.05	
-647.179	
-1865.2	
-2209.72	
-6872.87	
-2062.56	
-675.63	
-2068.41	
-925.14	
-413.467	
-4465.5	
-13717.6	
-726.235	
-3050.51	
-2689.56	
-3522.41	
170.077	
-758.357	
-142.303	
-1505.98	
-138.604	
-1009.43	
-1892.05	
-1827.45	
-1298.59	
-1318.21	
-1350.32	
-8755.06	
-2534.2	
-1779.25	
-1440.75	
-3513.6	
-2242.67	
-2369.45	
-6613.53	
-1993.87	
-254.42	
-2684.42	
-357.532	
-4689.04	
-1087.3	
-2007.59	
-12765	
-1896.66	
-9021.18	
-1674.65	
-1302.98	
-2715.7	
-7898.58	
-1853.53	
-2779.49	
13.1482	
-2874.44	
-1531.02	
88.6527	
-5076.37	
-1599.74	
-1860.74	
-10480.1	
-3189.58	
-2370.37	
-1557.27	
-2678.35	
-1172.51	
-5339.77	
-4729.62	
-5580.86	
-304.262	
-1870.89	
-4063.55	
-2053.36	
-3604.9	
-4518.26	
-3084.19	
-13993.4	
-5647.44	
-283.101	
-2538.06	
-1712.26	
-2327.17	
-4411.07	
-2719.35	
-2310.49	
-1374.35	
-2013.32	
-4055.67	
-3796.47	
-2652.39	
-2014.08	
-4019.2	
-704.603	
-7496.02	
-3236.97	
-2604.38	
-3058.99	
-1434.1	
-2376.74	
-1720.49	
-1265.99	
-2596.32	
-1375.41	
-4661.57	
-3334.39	
-3401.05	
-2317.81	
-1860.27	
-2147.48	
-2128.96	
-498.617	
-3113.06	
91.4415	
-4017.46	
-2942.46	
-4755.48	
-2501.59	
-3193.89	
-1478.16	
-162.393	
-2223.62	
-4183.81	
-1569.51	
-1322.64	
-3184.45	
-11352.2	
-2322.01	
-2459.95	
-895.027	
-6501.01	
-7003.03	
-3311.58	
-2883.73	
-3356.6	
-136.663	
-5974.35	
-2104.15	
-2394.67	
-2168.47	
-1687.46	
-87.4811	
-3892.81	
-354.665	
-3020.94	
-5997.57	
-1224.07	
22.5225	
-9546.53	
-12166.4	
-4276.82	
-3877.59	
-4330.36	
-2210.37	
-281.941	
-1263.77	
-4416.51	
-1062.37	
-14201.8	
-4825.42	
-2669.91	
-3181.6	
-2640.71	
-1505.98	
-7752.71	
-3777.72	
-3300.03	
-9662.6	
-2790.1	
-5121.56	
-3263.6	
-5434.91	
-3177.47	
-6201.2	
-3606.8	
-1633.82	
23.5861	
-189.813	
-6592.31	
231.305	
-4265.55	
-783.368	
-4094.81	
-2231.71	
-8903.43	
-3309.2	
-1146.75	
-1826.13	
-8772.76	
-2269.76	
-3869.21	
-3120.75	
-138.604	
-7167.32	
-2982.83	
-3780.89	
-4497.03	
-158.662	
-4704.77	
-623.075	
-3092.21	
-3339.24	
-1950.1	
-2413.21	
-8483.95	
-3336.69	
-3012.45	
-3274.28	
-1403.65	
-3689.03	
-2362.1	
-4253.43	
-4398.49	
-6777.75	
-2885.01	
-4967.99	
-1295.58	
-1916.95	
-1990.73	
-2874.44	
-1445.98	
-1416.52	
-235.564	
-2210.95	
-4862.19	
-186.825	
-1919.03	
-1758.65	
-593.691	
88.6527	
-6428.16	
-3575.01	
-7231.73	
-3379.96	
-4107.55	
-3196.26	
-4824.1	
-3740.87	
-2207.39	
-3787.47	
-884.693	
-5133.8	
-4041.14	
-5036	
-8127.1	
-4017.46	
-134.793	
-6893.09	
-2714.14	
-2870.07	
-2302.56	
-5551.36	
-6491.01	
-5571.79	
91.4415	
-977.95	
-5234.2	
-5.92239	
-728.726	
16.125	
-3966.18	
-4795.42	
-3612.86	
-5062.89	
-4952.35	
-6982.33	
-2061.94	
-2927.24	
-1573.47	
-2064.19	
-1331.31	
-11162.4	
-3874.03	
-4685.31	
-3123.02	
-3466.11	
-4838.29	
-1711.11	
-6846.93	
-1649.14	
-2850.57	
-733.884	
-6385.71	
-1487.43	
-1715.6	
-1737.35	
-5997.57	
-1121.95	
-2472.57	
-4138.68	
-316.779	
-1912.09	
-1168.18	
-8770.8	
-2781.75	
-11824.9	
-859.988	
-4860.11	
-3624.73	
-1672.45	
-3230.53	
-2825.8	
-4689.89	
-4958.81	
-4087.05	
-542.89	
-7107.36	
-232.304	
-1655.83	
-1645.89	
-87.4811	
-253.064	
-8230.95	
-828.619	
-5355.83	
-384.65	
-5340.2	
-283.848	
-3780.82	
-7080.11	
-1106.47	
-111.23	
75.1496	
-3053.25	
-93.8463	
-9885.76	
-899.691	
-982.338	
-564.209	
-6053.03	
-3869.21	
-3480.44	
-1587.9	
-5196.3	
-1249.37	
-2532.99	
-6503.2	
-6519.81	
-1235.53	
-189.813	
-5146.42	
-8181.77	
-1172.81	
-3247.19	
-1343.09	
-2562.98	
-1103.55	
-2845.35	
-2210.41	
-2628.24	
-4786.16	
-3617.78	
-2274.06	
-1262.96	
-1573.42	
-2297.18	
-3906.2	
-5009.8	
-6993.68	
-7385.33	
-613.384	
-890.221	
-4441.39	
-3885.26	
-3444.5	
-11520.1	
-5391.45	
-2313.3	
-1212.08	
-9551.53	
-2870.81	
-7617.22	
-2062.56	
-17.7634	
117.808	
-7231.73	
-750.858	
-5898.31	
-3460.3	
-5743.7	
-6167.83	
-1179.07	
-3332.19	
-4518.26	
-1066.62	
-3977.7	
-7868.89	
-2284.39	
-593.691	
-4394.32	
-5076.37	
-3781.8	
-1959.16	
-4923.9	
-2199.16	
-12322.1	
-1783.27	
-2576.2	
-7898.58	
-1757.63	
-1374.35	
-1024.48	
-5580.86	
-642.344	
-3451.83	
-10972.2	
-10529.1	
-1257.44	
-209.551	
-6518.56	
-7623.56	
-11162.4	
-6824.62	
-6433.78	
-5740.13	
-2749.93	
-1399.71	
-2054.59	
-2917.11	
-3326.52	
-5339.77	
-7695.85	
-137.057	
-3405.79	
-2881.35	
-1350.32	
-4876.79	
-1311.8	
-11530.2	
-316.822	
-2347.51	
-2697.48	
-1364.28	
-2759.72	
-2636.13	
-1968.42	
-2186.95	
-8697.09	
-5.92239	
-4186.43	
-1179.59	
-4749.12	
-5742.81	
-8962.32	
-1313.88	
-3751.85	
-3822.49	
-3400.73	
-5863.52	
-2441.96	
-8417.22	
-737.666	
-2532.99	
-261.112	
-3404.06	
-8501.75	
-1153.3	
-7156.47	
-6061.32	
-5120.66	
-15.294	
-2779.49	
-1923.08	
-8144.03	
-169.801	
-5198.62	
75.1496	
-3677.33	
-6734.66	
-2616.88	
-4590.46	
-897.207	
-9457.79	
-2286.29	
-5008.43	
-6592.31	
-7846.26	
-3490.92	
-9516.15	
-2359.05	
71.1708	
-7752.71	
-2199.16	
-3503.25	
-4039.56	
-9662.6	
-2413.21	
-8689.23	
-1592.4	
-5015.73	
-5434.91	
-6243.93	
-6689.14	
-1962.14	
-9330.32	
-2720.86	
-2557.96	
-8776.22	
-4785.68	
-8519.27	
-8772.76	
-11830.2	
-1469.7	
-1093.82	
-3791.15	
-14087.6	
-1462.36	
-4865.43	
-6180.2	
117.808	
-4459.44	
-11872.4	
58.6687	
-2719.35	
-420.192	
-2327.22	
-8383.56	
-2838.98	
-6091.75	
-11369	
-2522.5	
-2122.32	
-3421.93	
-2835.18	
-5188.62	
298.033	
-2823.26	
-2912.93	
-8720.5	
-8507.24	
-11790.7	
-1581.71	
-6014.28	
-10566.8	
-7404.67	
-928.213	
-663.789	
-4977.41	
-4685.96	
-3946.18	
-3822.49	
-6788.93	
-1508.32	
-7382.49	
-3022.06	
-2381.69	
-11219.8	
-3966.79	
-472.995	
-585.181	
-597.314	
-1869.66	
-137.057	
-936.567	
-8395.77	
-9516.64	
-1466.59	
-8818.55	
-4755.48	
-2907.17	
-3225.64	
-302.426	
-392.218	
-1247.72	
-1621.02	
292.722	
-5780.53	
-3503.25	
-1561.75	
-4992.37	
-5198.17	
-3499.79	
-9164.42	
-6436.21	
-977.95	
-4483.74	
-8107.6	
-1588.34	
-2057.26	
-2157.52	
-1912.09	
-3249.17	
-2770.58	
-15.294	
-2191.58	
-696.665	
-446.307	
-283.848	
-5974.35	
-9961.66	
-15165.9	
144.544	
0.486913	
-60.1151	
-738.613	
-162.561	
-3761.28	
-3934.12	
-7382.49	
-4068.58	
-560.63	
-1172.51	
-2654.64	
-16412.4	
-3392.84	
-46.0669	
-2370.37	
-1121.95	
-1997.07	
-2123.57	
-792.616	
-5375.7	
-2960.37	
-1004.93	
-316.779	
-10997	
-144.524	
-1263.77	
-22.983	
-1645.89	
-1066.62	
-2186.95	
-1313.88	
-209.551	
-2317.81	
-1860.27	
-2242.67	
-1399.71	
-1022.7	
-4868.03	
58.6687	
-2127.8	
-929.887	
-2034.24	
-965.891	
-6153.7	
-1246.89	
-2244.4	
-3337.32	
-1574.29	
-4929.59	
-1449.93	
-6297.81	
-2066.73	
-9955.13	
-1302.98	
-3705.92	
-1298.59	
-4969.74	
-727.603	
-2715.7	
-9164.42	
-467.638	
-1981.76	
-1068.53	
-6720.63	
-1604.03	
-3922.41	
6.05743	
-1050.31	
-3227.05	
-2856.2	
55.865	
-6904.06	
-2507.8	
-1612.78	
-1950.1	
-7383.03	
-4152.78	
-302.426	
-4122.38	
-1260.15	
-2823.85	
-2774.7	
-1339.87	
-1354.59	
-710.255	
-976.93	
-1452.07	
-10997	
-5698.36	
-3361.32	
-4485.24	
-10437.9	
-6858.41	
-9898.13	
-4717.08	
-1870.38	
-657.747	
-81.3046	
-108.652	
-7443.95	
-2210.95	
-124.406	
-8321.96	
-2468.64	
144.544	
-1676.01	
-2557.96	
-1501.37	
-8075.52	
-3334.39	
-6425.71	
-2381.69	
-2773.26	
-889.526	
-3445.31	
-1552.74	
-7083.33	
-1561.59	
-1633.82	
-2489.97	
-5459.98	
-102.58	
-1135.56	
-2522.5	
-3120.75	
-1364.28	
-2122.32	
-2496.44	
-2147.48	
-5443.21	
-1375.41	
-1466.59	
-1870.38	
-5955.01	
-2204.9	
-921.87	
-2165.05	
-2978.39	
-10914.6	
-9031.94	
-14449.1	
-2540.45	
-115.609	
-4465.5	
-3780.91	
-2128.96	
-1990.28	
-1853.53	
-2394.92	
-474.307	
-260.724	
-4702.28	
-22.983	
-1737.4	
170.077	
-3099.97	
-1784.94	
-4041.14	
-691.024	
-4306.37	
-2514.99	
-5137.28	
-5218.59	
-1913.84	
-606.02	
-8093.87	
-5103.66	
-7718.55	
-6872.87	
-1675.44	
-11743.3	
-4321.84	
-904.001	
41.803	
-3965.64	
-4979.45	
-2053.01	
-8733.44	
-633.481	
-2540.45	
-2968.48	
-2144.13	
-1947.75	
-2118.64	
-2425.74	
-36.8792	
-420.125	
-6141.04	
55.865	
-2300.23	
-1370.06	
-719.924	
-3612.86	
-2794.5	
-3688.68	
-8610.05	
-1913.51	
-5172.07	
-3313.54	
-3400.96	
51.7209	
-6996.55	
-1692.51	
-1459.39	
-2999.4	
-3922.41	
-3274.28	
-2425.74	
-2591	
-1997.07	
-2669.91	
-2962.25	
-1643.45	
-1711.11	
-1449.93	
-674.476	
-2151.73	
-1573.24	
-446.307	
-1339.87	
-572.946	
-164.802	
-2467.81	
-2721.17	
-1270.42	
-5234.2	
-5016.1	
-3306.73	
81.9552	
-124.406	
-2717.97	
-4860.11	
-2175.37	
-1869.66	
-1826.13	
197.361	
-2682.21	
-5121.56	
-117.984	
-2701.97	
-273.485	
-4468.38	
-3744.64	
-887.421	
-4661.57	
-22.6612	
-1855.91	
-2534.11	
-1978.22	
-470.124	
-2492.05	
-3429.21	
-6974.6	
-5780.19	
-2602.99	
-1227.36	
-1265.99	
-2905.69	
-3113.16	
-5016.1	
-4722.78	
-5465.48	
-1597.3	
-26.7209	
-3868.31	
-4586.9	
-5751.71	
-260.724	
-2010.81	
-4268.48	
-10480.1	
-6053.03	
-4383.25	
-1601.02	
-2147.43	
-8561.6	
-7031.67	
-6504.55	
-4512.29	
-455.809	
-2168.49	
-8755.06	
-1039.85	
-207.114	
-3692.98	
-1854.53	
-2923.37	
-9665.08	
-13.3022	
-1262.96	
-1885.04	
-7073.65	
-5465.48	
-1252.6	
-4161.8	
-3625.54	
-2425.19	
-6854.08	
-2978.39	
-420.125	
-3584.69	
-2007.94	
-3641.14	
-5955.01	
-1515.54	
-3332.19	
-4952.35	
-5391.45	
-2341.29	
-1214.49	
-3965.64	
-2468.64	
-1482.52	
-4994.14	
-2870.07	
-1981.76	
-2118.64	
-1315.14	
-2468.88	
-329.926	
-8875.84	
-415.901	
-9665.08	
81.9552	
-4576.7	
-7536.62	
-3625.19	
-5524.71	
-1991.68	
-3877.59	
-4971.88	
-397.84	
-1068.14	
-2030.65	
-6252.01	
-12177.4	
-3204.35	
-3269.3	
-6304.53	
-5779.96	
-5822.19	
-10803.6	
-4998.46	
-5776.17	
144.513	
-5551.36	
-1573.42	
-1715.6	
-4363.25	
-4032.58	
-3401.05	
-3042.83	
-2534.11	
-6974.6	
-4268.48	
-5198.62	
-5120.66	
-4321.84	
-1885.04	
-3777.72	
-8127.1	
-5898.31	
-1643.45	
-2091.52	
-4980.53	
-9029.06	
-3520.25	
-3943.52	
-6956.21	
-2149.19	
-2084.47	
-10803.6	
-1072.29	
-7176.73	
-1457.61	
-64.2501	
-2530.11	
-455.809	
-8804.71	
-2653.29	
-7402.43	
-4607.17	
-4016.6	
210.897	
-2875.85	
-1638.77	
-6805.37	
-2297.18	
-944.936	
-2086.85	
-1005.23	
-716.687	
-11352.2	
-3897.6	
-13993.4	
-2735.03	
-8981.79	
-1315.14	
-142.303	
-2142.69	
-2924.3	
-2142.69	
-3906.2	
-495.866	
-291.2	
-2471.41	
-156.644	
-382.533	
-5589.6	
-6175.25	
-5401.68	
-2928.89	
-2906.63	
-881.45	
-3673.8	
-5922.2	
-1882.67	
-4750.9	
-2951.54	
-356.997	
-3247.94	
-4435.01	
-5808.86	
-362.894	
-3224.03	
-4233.5	
-16182.6	
-8830.27	
-1457.61	
-6769.7	
-3444.5	
13.1482	
-5348.3	
-2318.94	
-2421.67	
-5146.42	
-2645.49	
-8804.71	
-3781.8	
-8686.12	
-6491.01	
-2033.82	
-3868.8	
-2639.34	
-4987.91	
-5780.53	
-5553.34	
-2483.42	
-2642.98	
-8417.22	
-6377.04	
-574.383	
-9.36753	
-2421.67	
-4998.46	
-4708.76	
-7402.43	
-2471.41	
-4367.46	
-5009.8	
-8818.55	
-925.14	
-8181.77	
-3948.21	
-6504.55	
-6973.43	
-1651.27	
-4980.53	
-4160.48	
-4198.71	
-213.888	
-2678.35	
-1496.93	
-11914.9	
-6356.8	
-11152.6	
-1272.66	
-2231.71	
-136.663	
-495.866	
-1611.8	
-6394.01	
-699.301	
-3399.84	
-498.617	
-2735.44	
-1172.58	
-5134.36	
-4374.22	
-5748.04	
-3500.84	
-6704.68	
-5115.7	
-2735.44	
-577.912	
-3394.53	
-6993.68	
-3416.14	
-6170.02	
-1262.74	
-7488.64	
-1468.72	
-5757.1	
-9507.28	
-2749.43	
-13006.3	
-4630.66	
-3467.76	
-2642.98	
-4597.99	
-4749.12	
-5419.62	
-354.665	
-11482.2	
-849.239	
-7700.58	
-8219.36	
-5554.18	
-4822.21	
-4374.68	
-11339.7	
-3018.78	
-7934.5	
-8962.32	
-1239.36	
-2393.37	
-7423.18	
-8992.3	
-6503.2	
-1711.34	
-1297.55	
-3490.92	
-6420.91	
-5608.44	
-5710.19	
-46.5169	
-7385.33	
-10457.9	
-1955.07	
-1490.38	
-1050.31	
-5052.71	
-756.735	
-356.997	
-5419.62	
-8697.09	
-3500.84	
-558.614	
-9908.12	
-11219.8	
-8981.79	
-574.383	
-4899.48	
-1828.35	
23.5861	
-849.239	
-4130.24	
-2688.56	
-4251.52	
-1463.54	
-969.889	
-3794.83	
-2989.09	
-3340.07	
-5785.65	
-6256.55	
-728.937	
-1286.69	
-2033.82	
-1599.74	
-3222.47	
-413.467	
-1082.38	
-7356.1	
-982.7	
116.02	
-5710.19	
-627.329	
-2459.95	
-3145.09	
-1612.78	
-362.894	
231.305	
-4130.24	
-2292.31	
-4045.45	
-3780.89	
-1613.08	
-1714.55	
-186.825	
-900.46	
-3764.2	
-949.598	
-960.77	
-3462.51	
-617.374	
-1651.26	
-1062.58	
-843.447	
-961.857	
-2484.26	
-2609.98	
-4711.51	
-3277.36	
-7807.81	
-1641.92	
-1783.27	
-366.425	
-2226.02	
-707.495	
-6517.79	
-883.264	
-2198.17	
-3632.7	
-5377.64	
-1011.77	
-6091.75	
-2343.88	
-1313.94	
-2218.78	
-1531.02	
-158.662	
-2223.62	
-2470.78	
-3868.21	
-3787.47	
-4416.51	
-3454.87	
-565.433	
-1860.51	
-1119.76	
-3794.84	
-3527.05	
-5104.36	
-11511.6	
-4992.37	
-617.374	
-2173.34	
-762.356	
-8383.56	
-5742.81	
-4932.18	
-1675.44	
-1321.57	
-3425	
16.125	
-247.239	
-756.735	
-7807.81	
-11255.6	
-1399.44	
-14016.3	
-5372.4	
-2860.96	
-4234.94	
-1494.45	
-3919.07	
-728.937	
-1765.6	
-1311.8	
-1757.88	
-14087.6	
-3077.13	
-3946.56	
-965.891	
-1172.58	
-705.867	
-3365.18	
-1556.42	
-6699.43	
-1651.26	
-1153.81	
-1757.88	
-111.23	
-5472.19	
-7555.19	
-1286.69	
-558.614	
-1682.37	
-885.041	
-935.527	
-1308.87	
-4338.29	
-1913.84	
-219.084	
-4180.33	
-665.392	
-3658.04	
-1772.44	
-445.298	
-11255.6	
-929.887	
-813.485	
-1260.15	
-1955.25	
-2194.03	
-340.689	
-2066.73	
-2027.01	
-1585.8	
-1643.44	
-2417.59	
-2019.32	
-2219.18	
-2441.96	
-1111.24	
-2133.3	
-9742.29	
-3184.37	
-5059.98	
-4087.05	
-1949.81	
-4810.87	
-285.498	
-2893.66	
-3371.61	
-4704.77	
-6389.94	
-134.793	
-2971.3	
-2138.99	
-1172.13	
-2283	
-2010.96	
-1569.51	
-1111.24	
-17.7634	
-1062.37	
-3124.52	
-197.649	
-2965.32	
-3861.47	
-2186.31	
-1431.6	
-2349.6	
85.6339	
-3677.33	
-3317.88	
-2219.18	
-1841.98	
-1898.09	
-3757.51	
-2392.96	
-1149.24	
-6229.17	
-6856.08	
-6858.05	
-5904.93	
-2602.99	
-4103.32	
0.802529	
-1011.77	
-3969.15	
-3454.87	
-316.822	
-3185.58	
-3317.88	
-4685.96	
-1359.22	
-3462.51	
-2720.86	
-1313.94	
-1547.99	
-3085.8	
-1277.57	
-2489.97	
-1588.34	
-6242.16	
-3680.98	
-437.797	
-3868.21	
-4826.2	
-734.425	
-2392.96	
-5188.62	
-171.64	
-5043.67	
-1557.32	
-1110.63	
-2302.37	
-3007.13	
-3081.04	
-2780.96	
-2343.88	
-2682.21	
-4137.99	
-2879.13	
-2951.67	
-4440.17	
-911.7	
-169.801	
-2580.99	
-2097.16	
-8305.72	
-4423.59	
-3680.98	
-3748.87	
-310.035	
-904.001	
-805.958	
-2899.7	
-1501.37	
-7771.46	
-1910.75	
-2016.48	
-2773.26	
-3877.21	
-2253.97	
-3740.87	
-3963.32	
-1808.37	
-3573.48	
-2580.62	
-1557.32	
-4759.93	
-8395.77	
-3892.05	
-5355.83	
-232.304	
-1596.44	
-6931.58	
-52.131	
-4947.05	
-1892.81	
-3090.53	
-2942.63	
-6212.44	
-2982.83	
-2474.98	
-3393.51	
-977.99	
-2950.37	
-2397.51	
-2500.17	
-420.192	
-4769.04	
-3092.62	
-5043.67	
-2640.71	
-1578.94	
-5737.89	
-3705.55	
-5375.7	
-5095.18	
-3204.35	
-4272.09	
-3032.59	
-2158.29	
-8644.14	
-3545.14	
-3963.32	
-2050.49	
-2470.78	
-1126.28	
-392.218	
-513.74	
-183.599	
-4759.93	
-2218.78	
-3861.47	
-2495.42	
-3400.96	
-2057.26	
-7007.22	
-1497.44	
-1354.59	
-2971.3	
-5245.27	
-1431.6	
-2571.6	
-10440.7	
-2953.66	
-5760.79	
-7044.48	
-3012.59	
-1731.15	
-5148.87	
-60.1151	
-6318.5	
-4621.63	
-2022.77	
-2842.45	
-1651.08	
-513.74	
-2838.66	
-2150.93	
-2325.74	
-4994.14	
-22.6612	
-2113.77	
-1204.53	
-1912.67	
-7539.2	
-2591	
-2893.66	
-3545.14	
-8236.89	
-1913.51	
-3212.96	
-3838.78	
-2299.67	
-2059.5	
-5523.8	
-3748.85	
-5725.87	
-6054.21	
46.2477	
-4181.44	
-738.613	
-8770.8	
-43.8016	
-945.545	
-5367.54	
-9885.76	
-144.524	
-9126.2	
-2535.4	
-660.979	
-5160.6	
-2059.5	
-11646	
-6521.44	
-6063.05	
-5425.58	
-7684.76	
-384.65	
-4922.36	
-7905.07	
-3400.58	
-1022.13	
-6953.09	
-7443.95	
-2062.22	
-5148.87	
-4233.5	
-3196.26	
-3740.95	
-6066.14	
-3184.37	
-2291.98	
20.977	
-3705.55	
-4497.03	
-890.758	
-3337.32	
-3868.31	
-1042.73	
6.05743	
-2942.63	
-1127.96	
-5666.94	
-3313.54	
-81.527	
-3371.61	
-2571.45	
-2250.04	
-5801.88	
-1011.65	
-1578.94	
-2844.8	
-3189.16	
-3740.95	
-1088.2	
-5367.02	
-4380.83	
-4243.79	
-2884.99	
-1396.73	
-5631.55	
-2798.42	
-6557.76	
-9126.2	
-2305.53	
-8426.21	
-2030.65	
-5779.96	
-1446.59	
-2010.81	
-4078.94	
-3255.1	
-10852.6	
-3625.54	
-2630.08	
-1914.18	
-4193.91	
-3227.05	
-108.652	
-851.815	
-1030.24	
-4947.05	
-2787.39	
-175.073	
-1252.06	
-3785.04	
-2630.08	
-4083.47	
-4662.54	
-4176.98	
-1459.48	
-1394.41	
-9012.53	
-8902.5	
101.815	
-2942.89	
-2949.89	
-5768.12	
-4887.81	
-3729.19	
-4374.68	
-323.208	
-11520.1	
-8230.95	
-8182.95	
-93.8463	
-8136.53	
-4085.49	
-10760.4	
-2472.57	
-6908.67	
-5133.8	
-1330.71	
-763.37	
-1707.24	
-2719.56	
-6141.04	
-3960.62	
-115.609	
-5698.36	
-237.628	
-3334.83	
-2580.62	
-3219.06	
-4061.34	
-3960.62	
-1045.28	
-2080.27	
-2062.22	
-2571.45	
-1488.42	
-5281.39	
-2950.37	
-6066.14	
-9123.37	
-1756.73	
-4149.47	
-4734.57	
-1816.33	
-6063.05	
-4701.1	
-3779.4	
-2168.49	
-5822.19	
-798.654	
-1792.98	
-2167.52	
-4039.89	
-5064.04	
-36.8792	
-9618.38	
-8868.34	
-6699.28	
-170.587	
-3572.89	
-3936.83	
58.7763	
-6641.67	
-7567.21	
-3938.94	
-8830.27	
-678.368	
-3673.8	
-3269.3	
52.0916	
-8075.52	
-7178.27	
-3938.94	
-14952.8	
-6304.53	
-2787.39	
-4389.62	
-3292.65	
-6953.09	
-982.709	
-5846.9	
-4538.24	
-10591.9	
-2064.87	
-802.39	
-1469.1	
-164.802	
-4654.71	
-10914.6	
-4113.24	
-5377.64	
-797.658	
-7762.95	
-3334.83	
-4654.71	
-14635.2	
-338.893	
-5038.9	
-5367.54	
-4117.55	
-8561.6	
-9656.13	
-3175.15	
-3920.21	
-828.619	
-5070.66	
-650.673	
-6908.67	
-1179.59	
-1258.78	
-750.858	
-1663.24	
-2258.93	
-3543.46	
24.0618	
-2805.9	
-4154.52	
-400.295	
-2881.35	
-2431.35	
-7684.76	
-26.7209	
-6322.67	
-1876.17	
-2137.51	
-253.064	
-6252.01	
-8136.53	
-678.368	
-2957.69	
-5290.18	
-1890.53	
-4085.49	
-2053.01	
-1890.53	
-11639.2	
-6584.8	
-186.789	
-512.311	
-5348.3	
-1475.17	
-11482.2	
-8182.95	
-13.3022	
-6702.87	
-1673.16	
-7750.69	
-595.832	
-7091.1	
-4435.01	
-5757.1	
-3275.6	
24.0618	
-8314.73	
-2138.99	
-487.781	
-6626.21	
-12177.4	
-8686.12	
-2154.69	
-5386.12	
-1796.71	
-10760.4	
-3025.99	
-2894.17	
-323.208	
-8000.87	
-4113.24	
-6175.25	
-3879.84	
-3170.73	
-595.832	
-1370.06	
-2036.89	
-7152.46	
-2907.29	
-762.993	
-11339.7	
144.513	
-2046.25	
-3364.93	
-7978.2	
-8757.68	
-9523.79	
-6322.67	
-4562.49	
-1371.34	
-1104.51	
-6289.19	
-3364.93	
-3014.83	
-1573.24	
-941.069	
-88.9234	
-963.778	
-1116.54	
-1886.95	
-2740.05	
-683.951	
-1347.58	
-3060.79	
-4693.61	
-702.052	
-1656.17	
210.897	
-3260.14	
-3912.16	
-2333.39	
-3569.48	
-899.691	
-2359.05	
-650.673	
-2095.93	
-2616.88	
-3550.73	
-7566.61	
-1968.42	
-8472.62	
211.882	
-8960.2	
-2333.3	
-400.295	
-6702.87	
-3912.16	
-7356.1	
-3467.76	
-1839.41	
-10107.8	
-7425.31	
-1855.91	
-4258.29	
-4312.45	
-4383.25	
-8992.3	
-1439.52	
-1986.88	
-2198.17	
-982.338	
-1330.71	
-1693.92	
-5250.86	
-1568.93	
-2805.9	
-2899.7	
-5728.82	
-4161.8	
-291.2	
-14116.9	
211.882	
-3500.48	
-7536.62	
-16182.6	
-1348.7	
-2419.65	
-1178.2	
-8820.15	
-2891.62	
-5241.31	
-4258.29	
-295.926	
-8219.36	
-3883.94	
-2258.93	
-884.662	
-1121.73	
-11282.3	
-1395.1	
-656.869	
-1577.87	
-9.36753	
-287.101	
-2393.46	
-5582.37	
-3053.29	
-4312.45	
-1119.76	
-4757.54	
-1373.68	
-1770.91	
-1072.29	
-1767.25	
-2046.25	
-556.272	
-4174.11	
-963.703	
-1472.07	
-1147.82	
-82.2412	
-894.148	
-5077.37	
-702.052	
-1956.28	
-890.221	
-577.912	
-4759.02	
-616.791	
-2553.46	
-5728.82	
-849.88	
-3238.86	
-716.687	
-1026.22	
-2839.13	
-3260.14	
-627.329	
-8875.73	
-2333.3	
-1949.81	
-4590.46	
-763.37	
-2860.96	
-3022.06	
-3417.41	
-613.384	
-1358.46	
-1731.15	
-273.456	
-800.565	
-2424.48	
-1656.17	
-665.392	
-3946.18	
-273.456	
-6550.69	
-944.231	
-2393.37	
-1137.62	
-2102.36	
-2095.93	
-2428.73	
-2107.55	
-3009.89	
-46.5169	
-3260	
-2134.21	
77.1452	
-7257.49	
-3194.95	
-3351.91	
-1207.7	
-2951.54	
-883.264	
-5241.31	
-305.933	
117.048	
-1770.91	
-6595.67	
-6048.42	
-2471.34	
-6176.12	
-1624.75	
-2283	
-1639.8	
-3138.03	
-2323.49	
116.02	
-8225.45	
-11616.9	
-3457.46	
-2043.73	
-208.873	
-2483.42	
-1552.45	
-4757.54	
-3781.6	
-3238.86	
-2553.46	
-14558.1	
-1279.15	
-1850.28	
-3260	
-2798.03	
-843.303	
-1575.91	
-6724.23	
-5666.1	
-13280.4	
-935.527	
-1380.55	
-2250.04	
-4122.91	
-3096.49	
-1707.24	
-247.239	
-139.802	
-3351.91	
-4412.56	
-2951.67	
-2770.58	
-2228.47	
-3399.84	
-2835.18	
-2839.13	
-270.597	
-3230.9	
-14382.7	
-7348.79	
-5674.83	
-1667.13	
-5895.57	
-8875.73	
-3538.13	
-557.389	
-5077.49	
-5498.12	
-5881.01	
-2481.93	
-2097.16	
-2347.51	
-567.92	
-2349.6	
-3037.32	
-2054.59	
-8159.53	
-7157.95	
-4171.11	
-10734	
-1802.62	
-4759.02	
-2023.01	
-3794.84	
-270.597	
-1779.25	
-2683.61	
-2706.19	
-2896.83	
-4483.74	
-3847.33	
-197.649	
-3698.86	
-4155.77	
-2425.89	
-3573.48	
-219.084	
416.985	
-3781.6	
-764.47	
-7488.64	
-6176.12	
-5550.58	
-6370.55	
-9458.01	
-2904.97	
-1302.6	
-9381.27	
-1801.79	
-3096.49	
-1796.89	
85.6339	
-2587.04	
-3629.77	
-6213.72	
-722.158	
-300.173	
-7934.5	
-6436.21	
-5895.57	
-4155.77	
-14558.1	
-6720.63	
-6748.9	
-3219.06	
-3169.97	
-2302.37	
-10885.6	
-7098.82	
-2286.29	
-7482.39	
-4729.97	
-5170.21	
-8797.24	
-2719.56	
-1923.08	
355.054	
-2481.93	
-621.373	
-6318.5	
-2842.45	
-5077.49	
355.054	
-3751.07	
-11230.8	
-2369.45	
-4823.7	
-5904.93	
-6153.7	
-2534.2	
-3764.16	
-5397.12	
-3151.86	
-2064.78	
-3084.19	
-3896.01	
0.802529	
-290.499	
-139.802	
-1463.54	
-2516.73	
-2253.97	
-5550.58	
-2474.98	
-5332.94	
-1865.44	
-1890.06	
-330.182	
-2381.34	
-546.066	
-2994.58	
-4181.44	
-4211.84	
-2774.18	
-1611.49	
-171.64	
-2292.31	
-790.396	
416.985	
-10885.6	
-1763.26	
-1860.51	
-3427.94	
-300.173	
-2587.04	
-5699.09	
-6414.08	
-3896.01	
-5070.66	
-4888.78	
-2214.42	
-6633.19	
-9046.92	
-2038.04	
-7717.1	
-2177.45	
-15641.9	
-4091.92	
-2103.63	
-1269.71	
-2419.09	
-3032.59	
-1154.72	
-8546.49	
-6398.69	
-1226.59	
-4628.27	
-5801.88	
-4117.55	
-8321.96	
-1656.83	
-774.582	
-10524.5	
-52.131	
-879.524	
-2357.55	
-9955.13	
-330.182	
-2884.99	
-6748.9	
-6212.44	
-7482.39	
-2053.36	
-3077.13	
-3524.76	
-2538.06	
-2823.26	
-8041.2	
-3421.93	
-5231.26	
-290.499	
-6858.41	
-8148.57	
-774.582	
-2394.67	
-1204.53	
-2407.4	
-3212.96	
-4193.91	
-167.198	
-3020.04	
-2841.44	
-9881.7	
-3113.79	
-183.599	
-789.062	
-1046.21	
-1570.73	
-1763.26	
-2293.88	
-2123.17	
-4338.29	
-790.396	
-2708.14	
-4906.96	
-7229.96	
-2618.58	
-204.549	
-4628.27	
-4391.04	
-7152.46	
-8148.57	
-7573.83	
-1199.91	
-3535.25	
-337.705	
-334.169	
-9898.13	
-4531.87	
-8093.87	
-10046.3	
-3499.79	
-2199.93	
-14449.1	
-5198.17	
-7667.63	
-999.229	
-1304.25	
-6221.85	
-6389.94	
46.2477	
-4110.54	
-634.692	
-2038.04	
-1703.62	
-1521.84	
-9123.37	
-1304.25	
-879.524	
-3400.58	
-1931.21	
-3185.02	
-2176.62	
-2333.39	
-2188.79	
-8041.2	
-2102.2	
-4701.1	
-5044.29	
-3311.58	
-4094.81	
-2104.15	
-7798.55	
-10524.5	
-8236.89	
-5129.76	
-1900.43	
-1088.2	
-4662.54	
-6229.17	
-37.3103	
-5800.54	
-5213.45	
-3185.15	
-1817.08	
-7178.27	
-459.928	
-2407.4	
-1570.73	
20.977	
-2995.69	
-2576.92	
-4190.97	
-3835.19	
-4479.05	
-1752.05	
-2862.22	
-3140.27	
-3177.43	
-634.692	
-1355.52	
-1446.17	
-832.586	
-4906.96	
-734.425	
-1536.6	
-175.073	
-4391.04	
-9215.62	
-1397.43	
-2449.11	
-6221.85	
-1214.34	
-88.9234	
-375.202	
-5088.67	
-891.054	
-3494.68	
-9255.44	
-2665.61	
-459.928	
-805.958	
-9656.13	
-4077.46	
-7579.98	
-5563.41	
-4107.55	
-2942.89	
-7071.16	
-7167.32	
-2329.28	
-3261.84	
-2790.1	
-616.791	
-3543.46	
-1985.76	
-7667.63	
-606.02	
-5044.29	
-2242.73	
-551.721	
-1089.26	
-237.628	
-551.721	
-2034.24	
-2701.97	
-556.835	
-10046.3	
-8175.84	
-1022.7	
-11639.2	
-3961.37	
-2721.17	
-977.99	
-832.586	
-534.118	
-10220.9	
-10852.6	
-4149.47	
-1079.69	
-5846.9	
-2202.38	
-2304.32	
-4561.87	
-1955.47	
-800.5	
-1928.35	
-2545.55	
-1521.09	
-3180.72	
-2158.29	
-556.835	
-7618.65	
-2083.85	
-10364	
-4190.97	
-3841.49	
52.0916	
-1892.05	
-1472.99	
-673.86	
-5065.58	
-3012.59	
-1472.99	
-1577.87	
-3513.6	
-3292.65	
-13717.6	
-1079.69	
-5259.65	
-4356.63	
-608.104	
-2062.26	
-2047.79	
-1518.47	
-5036	
-4722.41	
-733.884	
-3028.92	
-2036.89	
-3838.78	
-608.104	
-1380.55	
-999.229	
-14952.8	
-3920.21	
-2242.73	
-941.069	
-1985.76	
-1973.78	
-7978.2	
-765.611	
-2495.89	
-1207.7	
-4850.96	
-721.778	
-1318.37	
-8000.87	
-6428.16	
-1692.51	
-380.755	
-4907.68	
-8161.9	
-573.606	
-4995.16	
-1141.4	
-2481.46	
-2186.76	
-5312.98	
-1715.08	
-1310.88	
-533.557	
-1198.8	
-360.42	
-1702.33	
-2063.5	
-2923.37	
-1057.52	
-710.255	
-1141.4	
-2062.26	
-6521.44	
-1601.02	
-573.606	
-976.93	
-4624.53	
-1116.54	
-647.179	
-3095.59	
-253.194	
-1796.89	
-1617.23	
-1087.3	
-1057.52	
-7086.57	
-253.194	
-1089.26	
-2393.46	
-2186.76	
-1011.65	
-4055.67	
-1346.21	
-2468.26	
-913.235	
-293.57	
-2023.01	
-1620.37	
-2154.53	
-2684.42	
-1475.17	
-708.848	
-8225.39	
-4063.22	
-5016.34	
-792.606	
-1249.37	
-293.57	
-2414.25	
-1095.49	
-3394.75	
-1446.59	
-1899.69	
-81.3543	
-979.047	
-2444.55	
-1655.83	
-4824.78	
-3559.65	
-5935.94	
-762.993	
-1421.89	
-1768.65	
-2894.17	
-3053.29	
-1588.39	
-81.3543	
-3113.16	
-4475.24	
-460.246	
-2103.63	
-683.951	
-2432.03	
-2949.89	
-1347.58	
-1649.14	
-1827.45	
-2569.72	
-4804.12	
-6042.53	
-1154.62	
-2553.79	
-4363.25	
-2650.88	
-533.557	
-744.891	
-3468.06	
-3625.19	
-792.606	
-2204.9	
-674.923	
-460.246	
-2569.72	
-4063.55	
-3036.25	
-3195.26	
-2432.03	
-921.87	
-1045.28	
-1310.88	
-1288.87	
-2424.48	
-5230.44	
-8041.57	
-2064.78	
-1618.22	
-4211	
-3356.6	
-1736.98	
-2889.83	
-8312.16	
-1557.27	
-5014.28	
-4807.64	
-674.923	
-1343.09	
-3870.93	
-11998	
-990.836	
-1886.95	
-5159.61	
-6567.3	
-963.778	
-1421.51	
-4039.89	
-3029.05	
-2174.47	
-3247.19	
-5095.52	
-6048.42	
-1736.98	
-4538.24	
-1598.97	
-421.189	
-2740.05	
-2887.12	
-1767.25	
-5409.53	
-2007.59	
-1235.53	
-963.703	
-2263.96	
-10854	
-7982.42	
-7762.95	
-421.189	
-2199.93	
-6024.32	
-2341.29	
-40.9191	
-3264.12	
-3564.11	
-1324.11	
-3217.42	
-4152.79	
-2942.46	
-3217.42	
-3897.6	
-3394.75	
-2815.09	
-1421.51	
-3468.06	
-3902.38	
-4195.23	
-832.892	
-11255	
-7871.77	
-4607.17	
-3264.12	
-2144.13	
-192.267	
-40.9191	
-5447.03	
-4412.56	
-5273.9	
-3058.99	
-3339.24	
-1947.75	
-661.059	
-3257.43	
-2210.41	
-2458.63	
-9006.56	
-5232.9	
-7750.13	
-2357.55	
-15289.5	
-1395.1	
-4521.89	
-2845.35	
-5892.9	
133.956	
-192.267	
-1373.68	
-1075.47	
-7270.86	
-3161.91	
-2299.3	
-5212.47	
-5881.01	
-5917.94	
-5582.37	
-2562.98	
-2471.34	
-594.301	
133.956	
-1860.74	
-7585.6	
-3261.84	
-2961.07	
-2458.63	
-4857.77	
-7098.82	
-4619.08	
-3535.25	
-3138.03	
-3860.35	
-941.837	
-1624.75	
-3152.68	
-1118.04	
-8797.24	
-501.306	
-6595.67	
-7292	
-7003.03	
-6963.93	
-4465.7	
-533.394	
-1513.06	
-974.529	
-594.301	
-1538.78	
-4857.77	
-3595.43	
11.1192	
-12164.5	
-7176.73	
-293.751	
-4367.46	
-4807.64	
-9188.97	
-2122.53	
-3184.45	
-2299.3	
-922.853	
-6769.7	
-582.163	
-974.529	
-2274.06	
-4824.1	
-2134.21	
-1200.41	
-2961.07	
-6707.41	
-1548.31	
-4995.16	
-6732.55	
-6048.56	
-2717.97	
-6048.56	
-3617.78	
-1231.55	
-2175.37	
-10413.8	
-7646.01	
-3681.6	
-6414.08	
-62.5462	
-1054.78	
-582.163	
-2706.19	
-1319.44	
-1880	
-9046.92	
-1545.81	
-1054.78	
-3698.86	
-1703.53	
-764.47	
-1536.43	
-1836.65	
-2628.24	
-2591.87	
-2517.34	
-1763.96	
-1512.1	
-4019.2	
-891.054	
-608.58	
-9546.53	
-8159.53	
-203.002	
-679.678	
-4837.68	
-885.921	
-955.56	
-1491.34	
-1871.08	
-2064.25	
-2283.04	
-3256.57	
-6356.8	
-3020.94	
-3257.43	
-1672.45	
-7646.01	
-2260.54	
-5808.86	
-2856.48	
-1921.26	
-2228.47	
-3460.3	
-446.989	
-1212.37	
-5699.91	
-7549.01	
-3860.35	
-3110.24	
-2870.81	
-1982.22	
-7229.96	
-5699.91	
-3692.98	
-4619.08	
-9086.15	
-744.891	
-11230.8	
-800.5	
-1033.46	
-337.705	
-3151.86	
-1918.62	
-6707.41	
-4512.29	
-2591.87	
-11914.9	
-9086.15	
-9507.28	
-11152.6	
-3661.12	
-3764.16	
-6228.51	
-2238.05	
-1976.33	
-4957.04	
-4280.3	
-4441.39	
-1911.14	
-2398.6	
-2342	
-2643.49	
-3751.07	
-1323.75	
-4183.81	
-3248.64	
-3718.3	
-1489.71	
-2443.54	
-4024.7	
-1921.95	
-6950.68	
-5204.46	
-948.907	
-2055.71	
-1411.8	
-2286.94	
-2388.98	
-3533.28	
-3280.35	
-3181.6	
-6398.69	
-1536.6	
-2155.35	
-4186.43	
-15641.9	
-1172.81	
-832.892	
-2694.78	
-2481.46	
-5776.17	
-1146.75	
-4729.97	
-7695.85	
-4971.88	
-8734.25	
-13006.3	
-3744.6	
-2609.16	
-7549.01	
-3514.23	
-4093.72	
-3101.76	
-1374.45	
-2109.48	
-8546.49	
-2598.56	
-3140.27	
-6824.62	
-4645.55	
-3428.74	
-9786.17	
-5232.43	
-2109.48	
-1866.06	
-3386.13	
-1297.55	
-1402.14	
-3386.13	
-1714.55	
-885.921	
-1033.46	
-4091.92	
-3892.81	
-632.203	
-5635.61	
-2244.83	
-9464.89	
-5217.45	
-3759.27	
-2548.95	
-6227.53	
-2267.21	
-8483.95	
-13600.2	
-2909.74	
-587.205	
-1928.35	
-8866.03	
-1103.55	
-8501.75	
-1651.14	
-3880.25	
-1947.19	
-5699.09	
-1200.41	
-1445.98	
-1899.69	
-2520.11	
-1153.3	
-4789.52	
-7573.83	
-1929.99	
-1540.21	
-8506.1	
-2618.58	
-7156.47	
-438.899	
-3085.81	
-1389.02	
-1199.91	
-15683.4	
-4531.87	
-9897.17	
-2266.95	
-2356.58	
-4561.87	
-2735.96	
-281.941	
-156.644	
-3889.84	
-1882.67	
-7259.74	
-2114.3	
-1374.45	
-1641.92	
-3022.84	
-9276.08	
-3896.52	
-1089.81	
-2114.3	
-3222.47	
-1918.62	
-5913.99	
-2299.12	
-1540.21	
-1494.45	
-2286.94	
-1767.25	
-3466.51	
-4786.16	
-3822.34	
-5505.58	
-872.893	
-1711.64	
-3887.31	
-3379.96	
-1250.97	
-3661.12	
-2849.64	
-1446.75	
-1592.4	
-1152.14	
-2260.53	
-2495.89	
-2889.83	
-3529.67	
-1715.08	
-3729.98	
-1446.17	
-2449.11	
-3539.78	
-2872.85	
-2615.76	
-3579.07	
-623.075	
-1758.65	
-2069.23	
-1962.14	
-4569.31	
-1830.69	
-2628.85	
-1355.52	
-1214.34	
-204.549	
-4280.18	
-2594.36	
-2469.21	
-1446.6	
-1462.36	
-5372.42	
-1916.23	
-3514.23	
-3316.1	
-5021.65	
-1496.93	
-2154.53	
-3365.18	
-1929.99	
-5447.03	
-6539.68	
-5814.83	
-6366.31	
-3814.56	
-1501.68	
-213.888	
-4400.27	
-6938.14	
-7111.11	
-2545.55	
-5033.1	
-3358.04	
-2711.32	
-5935.94	
-3539.78	
-4144.46	
-3885.26	
-2063.73	
-3425	
-1955.47	
-2155.35	
-2909.74	
-1152.14	
-2302.56	
-2010.96	
-3313.93	
-4596.17	
-3337.85	
-3998.76	
-936.567	
-6124.07	
-6599.65	
-5349.31	
-5926.18	
-235.564	
-2714.14	
-5827.65	
-2972.55	
-3830.85	
-334.472	
-1561.75	
-472.995	
-3548.62	
-1521.09	
-2202.38	
-3177.43	
-4212.97	
-3889.84	
-924.26	
-6892.39	
-5000.44	
-8321.57	
-4516.12	
-7292	
-3036.25	
-5312.98	
-3458.83	
-5178.51	
-4100.76	
-4508.89	
-9475.73	
-5089.69	
-3729.98	
-2749.43	
-5095.52	
-2965.32	
-4907.68	
-6433.78	
-7079.5	
-1224.96	
-6549.79	
-7982.13	
-2850.57	
-816.922	
-1272.66	
-2021.56	
-3934.12	
-4942.37	
-10767.4	
-3658.04	
-2849.64	
-3313.93	
-3085.8	
-3085.81	
-8100.83	
-4828.74	
-884.693	
-985.065	
-2927.24	
-2235.66	
-696.665	
-3316.1	
-2960.37	
-721.778	
-10385.6	
-7378.32	
-1318.37	
-1038.59	
-2520.94	
-2229.24	
-2479.04	
-6539.68	
-1576.55	
-5756.59	
-1644.04	
-2304.32	
-14106.7	
-6544.46	
-3228.82	
-6024.32	
-4890.02	
-5450.43	
-5673.27	
-7079.35	
-3559.65	
-7270.86	
-17974.3	
-7428.8	
-4824.78	
-9573.74	
-608.58	
-5340.2	
-6061.32	
-2823.85	
-7107.36	
-728.726	
-1246.89	
-2774.7	
-979.047	
-1490.38	
-2444.55	
-2564.76	
-1501.68	
-1757.02	
-1973.78	
-4826.2	
-1536.88	
-2765.25	
-1412.65	
-6856.08	
-1468.72	
-1117.86	
-1337.69	
-3393.51	
305.944	
-3915.93	
-622.077	
-3529.67	
-7079.5	
-5021.65	
-1139.21	
-1578.86	
-3127.37	
-6519.81	
-4516.12	
-5196.3	
-5443.21	
-7282.38	
-1783.47	
-5257.91	
-8312.16	
-10413.8	
-1224.96	
-1631.44	
-1118.04	
-859.988	
-3324.68	
-5159.61	
-2241.14	
-5459.98	
-3870.93	
-4485.24	
-6567.3	
-10114.8	
-1077.37	
-2414.25	
-1560.87	
-863.91	
-4045.45	
-2398.6	
-1387.04	
-1577.2	
-2044.38	
-4260.15	
-6931.58	
-6185.44	
-3458.83	
-4141.03	
-1502.72	
-2532.56	
-2466.83	
-4168.84	
-1955.07	
-1469.7	
-2578.28	
-7771.46	
-833.126	
-2130.62	
-5760.79	
-9573.74	
-5814.83	
-7871.77	
-9551.53	
-8733.44	
-5783.69	
-1536.88	
-5000.44	
-1359.72	
-416.364	
-4890.02	
-564.209	
-1212.37	
-1179.07	
-3096.5	
-5273.9	
-7718.55	
-1880	
-9006.56	
-4702.28	
-4521.89	
-4211	
-3604.06	
-4335.31	
-379.268	
-3990.88	
-4480.24	
-5689.56	
-2143.26	
-3792.29	
-3571.25	
-3078.56	
-5127.81	
-2598.56	
-4234.94	
-739.37	
-4358.69	
-3009.53	
-1491.44	
-6114.9	
-10440.7	
-6542.34	
-4920.55	
-5450.43	
-3764.2	
-1621.02	
-8644.14	
-12322.1	
-1218.92	
-9207.36	
-10114.8	
-1411.8	
-642.344	
-7905.07	
-1686.56	
-7615.62	
-7378.32	
-833.126	
-3642.06	
-8610.05	
-5172.07	
-3595.43	
-1122.1	
-9475.73	
-6732.55	
-1982.22	
-5739.15	
-7282.38	
-3902.38	
-674.476	
-4319.39	
-4492.64	
-12049.6	
-1513.06	
-2313.3	
-6864.49	
-2560	
-3785.5	
-2689.56	
-3924.48	
-1131.69	
-1052.02	
-3197.41	
-1548.31	
-1947.19	
-9295.47	
-5059.98	
-2636.13	
-3759.27	
-3392.84	
-1524.14	
-11646	
-3041.48	
-1686.56	
-1597.3	
-3280.35	
-5257.91	
-1326.9	
-4747.39	
-4114.09	
-4472.83	
-2284.39	
-679.678	
-3611.69	
-5219.06	
-3202.92	
-43.8016	
-3919.07	
-5983.22	
-3788.05	
-3822.34	
-7084.3	
-851.815	
-6613.53	
-2260.54	
-1751.23	
-168.889	
-4431.85	
-2941.04	
-3262.59	
-2974.97	
-470.124	
-273.485	
-3792.29	
-203.002	
-1798.85	
-1359.72	
-1077.37	
-2697.48	
-3404.06	
-3997.57	
-4141.19	
-3466.51	
-2564.76	
-1921.26	
-1751.23	
-2507.8	
-533.394	
-1214.49	
-3392.09	
-4233.96	
-4368.89	
-2267.21	
-2917.11	
-5715.76	
-8239.54	
-6866.36	
-4727.32	
-6687.68	
-1489.71	
-1914.18	
-1547.99	
-713.468	
-1647.87	
-9341.4	
-3358.04	
-81.527	
-416.364	
-1303.13	
-4924.98	
-5223.07	
-2181.25	
-2040.29	
-1369.43	
-3189.58	
-5956.48	
-2055.71	
-9537.4	
-6419.68	
-1854.53	
-1252.6	
-1172.13	
-1488.42	
-1323.75	
-11857	
-3785.5	
-2703.56	
-737.666	
-5008.43	
-5372.42	
-5399.67	
-13076.3	
-2694.78	
-379.268	
-2703.56	
-3445.31	
-1122.1	
-2530.11	
-2517.34	
-1560.87	
-3751.85	
-3950.32	
-3711.2	
-2173.34	
-2044.48	
-3006.71	
-1970.61	
-854.544	
-2183.11	
-1073.57	
-4030.85	
-8029.89	
-632.203	
-5913.99	
-5089.69	
-2548.95	
-1892.81	
-1991.68	
-4061.34	
101.815	
-8397.09	
-7496.02	
-1218.92	
-2091.52	
-1866.06	
-3572.89	
-437.797	
-897.207	
-5827.65	
-3791.15	
-928.971	
-2618.71	
-2608.76	
-3202.92	
-5000.25	
-767.391	
-7733.75	
-2906.63	
-5000.25	
-2415.71	
-596.222	
-2520.11	
-3424.9	
-2342	
-2672.79	
-2560	
-8144.03	
-5103.66	
-7751.13	
-8419.63	
-1326.9	
-2356.58	
-10663.9	
-2143.26	
-3896.52	
-1038.59	
-4016.6	
-2594.36	
-2322.01	
-798.654	
-3936.83	
-4310.7	
-1023.02	
-2898.29	
-2571.6	
-7982.13	
-2266.95	
-2735.03	
-807.544	
-1180.04	
-3041.48	
-3059.9	
-4370.59	
-3994.29	
-7882.63	
-2609.16	
-6788.93	
-1596.44	
-6765.65	
-3175.15	
-4785.68	
-4198.71	
-5505.58	
-4727.32	
-6996.55	
-6090.55	
-8689.23	
-1194.14	
-1194.14	
-3579.07	
-4747.39	
-9713.63	
-4233.96	
-3224.03	
305.944	
-4280.18	
-334.472	
-3197.41	
-4219.53	
-2936.81	
-1374.48	
-2516	
-1224.07	
-3557.3	
-4651.81	
-5239.51	
-2615.76	
-1831.51	
58.7763	
-3948.21	
-1480.9	
-3392.09	
-5038.9	
-8284.11	
-4789.52	
-4977.41	
-1644.04	
-1247.72	
-7111.11	
-5160.6	
-7091.1	
-5554.18	
-11369	
-1497.44	
-1227.36	
-1170.42	
-8029.89	
-1546.63	
-5134.36	
-1170.42	
-8035.98	
-2749.77	
-1549.94	
-5349.31	
-3998.76	
-1502.72	
-985.065	
-2999.78	
-3791.86	
-7178.24	
-4024.69	
-4596.17	
-2202.69	
-1531.97	
-4368.89	
-3300.03	
-7766.98	
-750.704	
-7015.38	
-1075.73	
-3383.03	
-6588.37	
-8066.39	
-3870.77	
-4030.85	
-3728.02	
-3788.05	
-4597.99	
-9516.64	
-1917.35	
-3887.31	
-1783.47	
-6892.39	
-797.658	
-2191.58	
-1515.54	
-5399.67	
-7750.69	
-2909.5	
-4243.79	
-3120.09	
-739.37	
-1224.56	
-8757.68	
-9557.51	
-1576.55	
-1445.4	
-4953.48	
-6405.78	
-2535.4	
-4121.62	
-2416.36	
-5052.71	
-1462.47	
-1948.21	
-982.7	
-3689.03	
-10663.9	
-2909.5	
-6549.79	
-2355.78	
-8107.6	
-3482.27	
-7751.13	
-4251.52	
-585.181	
-6366.31	
-5956.48	
-3950.32	
-3995.13	
-10385.6	
-816.922	
-2578.28	
-3520.25	
-2045.6	
-2654.64	
-2021.56	
-592.258	
-512.311	
-1232.58	
-1622.65	
-2958.05	
-2765.25	
-1363.25	
-7733.75	
-3173.77	
-1063.95	
-1321.57	
-9523.79	
-1919.03	
-2392.02	
-1131.69	
-5250.86	
-5768.12	
-276.624	
-1851.21	
-4380.83	
-3255.31	
-3225.64	
-5009.88	
-9713.63	
-949.598	
-1622.65	
-3050.08	
-4358.69	
-1139.21	
-2479.04	
-1870.7	
0.486913	
-2226.02	
-8419.63	
-6090.55	
-2924.3	
-2520.94	
-3705.92	
-2229.24	
-8397.09	
-2291.31	
-975.724	
-3593.22	
-924.26	
-1387.04	
-2417.24	
-3016.65	
-3262.59	
-603.294	
-675.909	
-2098.18	
-1020.09	
-1308.87	
-7882.63	
-3569.48	
-3249.76	
-6893.09	
-14116.9	
-9618.38	
-1147.82	
-4053.61	
-2025.72	
-3249.17	
-1765.6	
-7266.47	
-3375.76	
-3729.19	
-2202.69	
-3497.86	
-3924.48	
-1577.2	
-4582.46	
-2291.31	
-622.077	
-4708.76	
-2244.4	
-3915.93	
-4122.38	
-3088.14	
-1117.86	
-2472.31	
-1043.74	
-1831.51	
-1986.01	
-3332.91	
-914.768	
-2235.66	
-1556.42	
-807.544	
-3624	
-4480.24	
-3757.51	
-4924.98	
-1549.94	
-6982.33	
-6551.26	
-3883.94	
-5585.79	
-2133.3	
-4436.01	
-7533.05	
-4068.58	
-2102.36	
-6506.64	
-1956.28	
-4224.4	
-4431.85	
-1596.1	
-2667.9	
-1663.24	
-1236.49	
-6709.78	
-3078.56	
-6868.55	
-4374.22	
-4141.03	
-1546.63	
-170.587	
-4384.25	
-6185.44	
-2355.78	
-3650.87	
-2856.2	
-4717.08	
-3088.14	
-2044.38	
-3228.82	
-4810.87	
-3007.13	
-6351.32	
-4492.64	
-3728.02	
-1480.9	
-8115.84	
-7258.8	
-1224.56	
-8806.13	
-3050.5	
-3185.58	
-11498.2	
-719.145	
-5077.37	
-6297.81	
-854.544	
-5258.35	
-3354.03	
-5710.78	
-4746.59	
-5313.33	
-542.89	
-9341.4	
-3571.25	
-2043.73	
-4319.39	
-4335.31	
-3361.32	
-5608.44	
-7083.33	
-3194.95	
-3969.15	
-1796.71	
-3990.88	
-6399.97	
-3255.31	
-4769.04	
-3127.37	
-3120.09	
-338.893	
-12100.3	
-8028.15	
-3650.87	
319.472	
-929.072	
-3877.21	
-4671.49	
-3521.6	
-1548.86	
-7383.03	
-662.921	
-168.889	
-3482.27	
-9143.14	
-767.391	
-7339.69	
-4228.46	
-1917.35	
-7749.44	
-1760.55	
-3173.77	
-1587.9	
-6864.49	
-7257.49	
-3611.69	
-6425.71	
-1073.57	
-5739.15	
-5666.1	
-2580.99	
-1613.08	
-3642.06	
-6711.42	
-5245.27	
-3014.83	
-4168.84	
-474.307	
-3457.46	
-1114.25	
-4053.61	
-2827.26	
-1687.46	
-2495.42	
-1670.79	
-1806.3	
-1673.16	
-2392.02	
-662.921	
-89.4758	
-2404.01	
-6879.1	
-2155.55	
-10437.9	
-8722.72	
-1180.04	
-3307.1	
-1647.87	
-1376.08	
-5009.88	
-2373.87	
-3995.13	
-5715.76	
-9031.94	
-1212.08	
-7084.3	
-2417.24	
-928.971	
-11616.9	
-5983.22	
-1951.46	
-991.31	
-994.405	
-502.551	
-1495.78	
-2678.04	
-584.907	
-1872.91	
-1399.44	
-5737.89	
-5219.06	
-5674.83	
-6724.23	
-3500.48	
-6114.9	
-921.693	
-5585.79	
-1371.34	
-945.545	
-633.481	
-3094.75	
-3249.76	
-1376.08	
-2850.27	
-1820.92	
-2964.6	
-2516	
-5523.8	
-1561.59	
-2040.29	
-3050.08	
-7266.47	
-4035.99	
-5223.07	
-11743.3	
-13280.4	
-3931.11	
-3624	
-3637.53	
-1959.16	
-1918.63	
-4659.95	
-2300.19	
-1507.53	
-984.015	
-1023.02	
-2313.61	
-6054.21	
-6687.68	
-9295.47	
-1772.44	
-1127.96	
-2794.5	
-4466.64	
-1348.31	
-1369.43	
-713.468	
-2583.8	
-3444.6	
-3943.42	
-2999.78	
-2044.48	
-7330.12	
-4174.11	
-1990.28	
-7157.95	
-7348.79	
-2891.62	
-7258.8	
-1374.48	
-2964.6	
-3209.83	
-1042.73	
-4876.79	
-6551.26	
-4114.62	
-5290.4	
106.07	
-2114.73	
-4016.62	
-4031.98	
-4693.84	
-4195.4	
-1538.52	
-3497.86	
-2181.25	
-2054.41	
-2123.94	
-7533.05	
-4437.23	
-2183.11	
-14382.7	
-1841.98	
-596.222	
-3383.03	
-6351.32	
-1459.48	
-719.924	
-2467.81	
-3130.85	
-2173.34	
-1970.61	
-890.758	
-691.024	
-5189.78	
-10734	
-1798.85	
-2749.77	
-7219.36	
-5980.37	
-1030.24	
-6550.69	
-3213.83	
-2562.22	
-12100.3	
-3276.8	
-9458.01	
-1267.06	
-1472.07	
-5863.52	
-2539.1	
-3943.42	
-8115.84	
-2374.19	
-3906.38	
-7224.47	
-3006.71	
-5511.89	
-3424.9	
-11498.2	
-6868.55	
-6111.4	
-3994.29	
-4121.62	
-2879.13	
-722.158	
-572.946	
-1756.73	
-2492.05	
-3018.53	
-6399.97	
-7226.31	
-7793.86	
-6436.77	
-1394.41	
-2618.71	
-4306.37	
-3828.23	
-2415.71	
-1303.13	
-8143.68	
-3673.33	
-9381.27	
-2080.27	
-5833.41	
-3870.77	
-6734.66	
-8225.45	
-243.062	
-3307.1	
-8028.15	
-7088.44	
-4437.23	
-10172.8	
-2107.55	
-3417.19	
-4370.59	
-6050.19	
-1890.06	
-2672.79	
-929.072	
-7742.84	
-5916.1	
-1760.55	
-802.39	
-2381.34	
-3557.3	
-1978.22	
-7156	
-4609.84	
-10737.9	
-12226.9	
-1063.95	
-1792.98	
-2780	
-1417.17	
-3092.62	
-2898.29	
-2514.99	
-7031.67	
-6464	
-956.458	
-3711.2	
-4953.48	
-3059.9	
-8009.24	
-12672.2	
-982.709	
-1093.82	
-2155.55	
-3824.25	
-4154.52	
-6765.65	
-4651.81	
-2147.43	
-1127.54	
-7516.67	
-2774.18	
-7044.48	
-3094.75	
-8596.84	
-2936.81	
-208.873	
-1469.1	
-1575.91	
-675.909	
-89.4758	
-6854.08	
-2177.45	
-5137.28	
-2608.76	
-1578.61	
-1823.5	
-6111.4	
-5239.51	
-1015.63	
-4070.88	
-2404.01	
-2373.87	
-1682.92	
-1138.7	
-10725.1	
-1258.78	
-1269.71	
-1508.32	
-1531.97	
-3025.99	
-809.526	
-975.025	
-276.624	
-7178.24	
-8284.11	
-2425.19	
-1532.61	
-706.221	
-1598.82	
-1820.92	
-2431.35	
-1404.54	
-4024.69	
-4466.64	
-2418.8	
-1656.83	
-3345.34	
-914.768	
-3230.9	
-1994.97	
-1022.13	
-4310.7	
-843.303	
-3515.17	
-967.284	
-1034.76	
-296.078	
-3791.86	
-1461.33	
-2123.17	
-2850.27	
-921.693	
-7742.84	
-5218.59	
-1068.14	
-2907.17	
-5386.12	
-4035.99	
-1075.73	
-1878.56	
-8066.39	
-2841.69	
-2293.88	
-603.294	
-765.065	
-1284.91	
-5524.71	
-7766.98	
-2656.18	
-1104.51	
-1392.12	
-3879.84	
-1935.66	
-3899.77	
-6588.37	
-2583.8	
-1596.1	
-4963.2	
-632.525	
-1252.06	
-7015.38	
-6956.21	
-6405.78	
-4219.53	
-2300.23	
-2157.52	
-4562.49	
-1568.93	
-2084.47	
-3060.79	
-4693.84	
-1365.99	
-3206.02	
-2708.14	
-4171.11	
-2718.13	
-1200.48	
-1348.31	
-2238.3	
-1667.13	
-3776.64	
-3444.6	
-1445.4	
-2188.79	
-2561.51	
-1015.63	
-1043.74	
-781.744	
-7330.12	
-2654.14	
-2102.2	
-3047.34	
-1462.47	
-6637.93	
-3364.05	
-3050.5	
-8035.98	
-2962.25	
-556.272	
-1469.56	
-3761.28	
-1005.23	
-9557.51	
-4364.56	
-2025.06	
-3026.44	
-4080.35	
-1816.33	
-2232.17	
-4424.93	
-4399.15	
-1236.49	
-1232.58	
-3136.54	
-2045.6	
-3521.6	
-1948.21	
-4832.85	
-2399.56	
-4031.98	
-1254.84	
-1439.52	
-944.936	
-2934.67	
-295.926	
-7224.47	
-5129.76	
-1851.21	
-2904.97	
106.07	
-5800.54	
-4195.4	
-1034.76	
-1802.62	
-2644.75	
-7184.18	
-4124.34	
-4823.51	
-3130.85	
-4929.59	
-7617.37	
-887.421	
-4750.9	
-3449.25	
-2428.73	
-3185.15	
-1363.25	
-1870.7	
-592.258	
-4994.81	
-2827.26	
-2064.87	
-4746.59	
-4730.46	
-2960.63	
-5284.76	
-5618.31	
-5455.35	
-4221.06	
-3016.65	
-287.101	
-881.45	
-82.2412	
-4915.11	
-5511.89	
-1020.09	
-750.704	
-10172.8	
-5332.94	
-5213.45	
-7613.72	
-1365.99	
-2374.19	
-9215.62	
-2865.62	
-6406.38	
-926.853	
-3906.38	
-2098.18	
-7966.81	
-6904.06	
-5099.54	
-1302.6	
-8473.49	
-4586.9	
-6537.74	
-3842.98	
-2323.49	
-7220.12	
-4987.91	
-5053.57	
-4228.46	
-2025.72	
-975.724	
-3332.91	
-1876.17	
-2491.06	
-5165.72	
-8078.72	
-2639.34	
-7226.31	
-5088.67	
-1026.22	
-1986.01	
117.048	
-7088.44	
-2416.36	
-12672.2	
-994.405	
-9489.27	
27.0572	
-6633.19	
-9255.44	
-8439.06	
-5971.08	
-1631.52	
-7959.47	
-3230.25	
-2232.17	
-2472.31	
-3417.19	
-6879.1	
-11828.6	
-7754.19	
-6050.19	
-6642	
-657.747	
-7245.5	
-7073.65	
-8175.84	
-4436.01	
-4224.4	
-3803.44	
-2516.73	
-5498.12	
-3375.76	
-9211.31	
-1611.8	
-6394.01	
-3170.73	
-812.662	
-1918.63	
-6709.78	
0	
-5258.35	
-12226.9	
-4384.25	
-2687.75	
-1639.8	
-991.819	
-1279.15	
-2958.05	
-7564.97	
-2087.11	
-8009.24	
-3464.89	
-1967.38	
-719.145	
-584.907	
-141.964	
-514.764	
-2114.73	
-5710.78	
-3182.88	
-9881.7	
-706.221	
-4356.63	
-1135.56	
-10220.9	
-1608.41	
-2960.63	
-8875.84	
-6370.55	
-3416.14	
-3824.25	
0	
-3427.94	
-2667.9	
-1518.47	
-6170.02	
-7339.69	
-1127.54	
-5313.33	
-4693.61	
-5133.5	
-1944.85	
-2896.83	
-1850.28	
-3302.13	
-3593.22	
-343.033	
-3422.31	
319.472	
-984.015	
-2116.22	
-826.53	
-2687.38	
-2753.36	
-2418.8	
-3981.72	
-1092.83	
-3213.83	
-9143.14	
-2783.06	
-1598.82	
-2301.42	
-4624.53	
-1737.4	
-3354.03	
-3018.78	
-1284.91	
-9029.06	
0	
-4356.78	
-3028.92	
-4767.95	
-2111.66	
-2138.04	
-5260.75	
-1829.15	
-4772.51	
-1887.33	
-2985.23	
-1617.23	
-2491.06	
-1900.43	
-7749.44	
-621.373	
-6213.72	
-1670.79	
-167.198	
-884.662	
-1711.34	
-1404.54	
-3287.13	
-3847.33	
-4582.46	
-975.025	
-949.549	
-1114.25	
371.399	
-2054.41	
-3018.53	
-3669.55	
-2467.82	
-1392.12	
-3986.15	
-6698.07	
-2968.48	
-4624.74	
-1276.22	
-4899.48	
-2656.18	
-7644.36	
0	
-3745.76	
-4671.49	
-7542.23	
-1611.49	
-8722.72	
-2994.58	
-781.744	
-2688.56	
-5016.34	
-894.148	
-2678.04	
-976.64	
-3629.77	
-6506.64	
-3803.44	
-3095.59	
-2661.38	
-1638.77	
-1817.08	
-986.457	
-1095.49	
-1806.3	
-2539.1	
-1951.46	
-1935.66	
-2707.62	
-1287.12	
-5916.1	
-7853.95	
-765.065	
-334.169	
-4530.85	
-2684.79	
-7470.57	
-3688.68	
-5061.66	
-8748.67	
-1792.07	
-6711.42	
-6612.05	
-3794.83	
-2419.09	
-3047.34	
-1137.62	
-1739.04	
-8806.13	
-2654.14	
0	
-382.533	
-1154.72	
-969.889	
-3136.54	
-3673.33	
-1495.78	
-3931.11	
-546.066	
-3176.94	
-3924.33	
-2313.61	
-6042.53	
-4063.22	
-4278.79	
-1872.91	
-2732.95	
-7516.67	
0	
-1154.62	
-5473.64	
-13139.4	
-1397.43	
-3502.68	
-3364.05	
-24.1929	
-3306.73	
-11051.4	
-37.3103	
-4016.35	
-6742.29	
-2989.09	
-10062.4	
-2561.51	
-3113.79	
-1552.45	
-2343.24	
-2645.49	
-1046.21	
0	
-2399.56	
-3380.67	
-15678.4	
-2780	
-900.46	
-2300.19	
-2214.42	
-7052.33	
-3637.53	
-3209.83	
-4832.85	
-1548.86	
-502.551	
-733.511	
-809.526	
-4157.71	
-2123.94	
-6015.43	
-4994.81	
-11998	
-1308.82	
-8340.93	
-15136.2	
-7236.19	
-5780.19	
-4804.12	
-1354.31	
-3029.05	
0	
-3358.76	
-3340.07	
-2683.61	
-3961.37	
-375.202	
-4110.54	
-3115.78	
-4399.15	
-4424.93	
-4160.48	
0	
-4070.88	
-1521.84	
-3527.05	
-3319.29	
-3020.04	
-4016.62	
-4114.62	
-2925.67	
-5189.78	
-2883.81	
-1507.53	
-7778.15	
-3276.8	
-1687.46	
-203.945	
-17288.1	
-2223	
-1878.56	
-3449.25	
-1655.65	
-4730.46	
-1674.6	
-7830.53	
-3749.54	
-5785.65	
-3842.98	
-4479.05	
-10854	
-894.448	
-1801.79	
-5014.28	
-1324.11	
0	
-4724.58	
-454.426	
-6704.68	
-5065.58	
-4162.92	
-534.118	
-77.4325	
-1039.85	
-2467.66	
-4109.4	
-5455.35	
-6436.77	
-3946.56	
-2995.69	
-296.078	
-3185.02	
-5284.76	
-1605.63	
-5980.37	
-2562.22	
-2584.95	
-1538.52	
-9806.55	
-2238.3	
-991.31	
-9295.96	
-7220.12	
-8473.49	
-1628.38	
-2455.54	
-6256.55	
-5563.41	
-3835.19	
-3828.23	
-4659.95	
-4211.84	
-3494.68	
-7700.58	
-1267.06	
-2007.94	
-4180.33	
-1348.01	
201.152	
-4272.15	
-243.062	
-6642	
142.986	
-15289.5	
-3361.79	
-532.96	
-6278.18	
-7156	
0	
-504.215	
-7982.42	
-632.525	
-3219.89	
-1075.47	
-673.86	
-8078.72	
-8161.9	
-5053.57	
-1254.84	
-8143.68	
-1788.77	
-5552.9	
-397.84	
-1311.33	
-7579.98	
-9908.12	
-5833.41	
-3180.72	
-4609.84	
-3124.52	
-5290.4	
-2413.5	
-956.458	
-7245.5	
-11828.6	
-1128.74	
-1277.93	
-1291.73	
-3130.9	
-6806.88	
-22.0594	
-3944.73	
-1226.59	
-960.77	
-2083.85	
-653.603	
-1157.52	
-141.964	
-8745.36	
-4167.75	
-1469.56	
-1578.61	
-3681.6	
-7750.13	
-380.755	
-6532.61	
0	
-10737.9	
-293.751	
-7086.57	
-4915.11	
-1848.59	
-812.662	
-9211.31	
-2149.19	
-4150.56	
-2783.06	
-1967.38	
-2753.36	
-708.848	
-1703.53	
0	
-2122.53	
-826.53	
-4837.68	
-5259.65	
-4935.78	
-6858.05	
-1082.38	
-8596.84	
-6464	
-10364	
-7939.77	
-7219.36	
-1138.7	
-6196.39	
-2357.27	
104.588	
-984.887	
-1478.9	
-1993.84	
-1977.16	
-789.062	
-2047.79	
-3277.36	
-1994.97	
-4668.05	
-2644.75	
-5052.87	
-5165.72	
-3908.07	
-2086.85	
-6075.64	
-2562.6	
-9749.25	
-6955.99	
-1062.58	
-967.284	
-10725.1	
-7793.86	
-315.881	
-2865.62	
-2900.87	
-1682.92	
-7754.19	
-2187.22	
-1397.45	
-2760.22	
-2718.13	
-1669.44	
-3206.02	
-3256.57	
-6797.69	
-2553.79	
-343.033	
-3669.55	
-2467.82	
0	
-360.42	
-6228.51	
-3422.31	
-1536.43	
-1931.21	
-1198.8	
-13634.7	
-10716.1	
-765.611	
371.399	
-2650.88	
-2173.34	
-2844	
-6930.41	
-1110.63	
-7953.62	
-5922.2	
-1532.61	
-14534.1	
-3531.89	
-990.836	
-4080.35	
-2951.72	
-3515.17	
-1821.11	
-4957.04	
-1888.82	
-2971.68	
-843.447	
-5441.04	
-3230.25	
-76.7019	
-16803.1	
-2707.62	
-4916.67	
-6950.68	
-2025.06	
-3287.13	
-2862.22	
-2684.79	
-949.549	
-1287.12	
-913.235	
-2174.47	
-77.4325	
-2856.48	
-2468.26	
-16895.4	
-5584.58	
-1702.33	
-6699.43	
-1608.41	
-2016.48	
-1417.17	
-2841.69	
-1461.33	
-5553.34	
-3058.21	
-5464.35	
-5618.31	
-961.857	
-4963.2	
-5291.09	
-347.045	
-1704.62	
-3464.89	
-3660	
-4823.51	
-5204.46	
-1768.65	
-3564.11	
-2329.28	
-4475.24	
-2661.38	
-9786.17	
-4278.79	
-5472.19	
-3502.68	
-2732.95	
-986.457	
-1620.37	
-2301.42	
-4152.79	
142.986	
-3248.64	
-2500.17	
-5099.54	
-1823.5	
-3633.47	
-3026.44	
-8027.47	
-1200.48	
-4429.61	
-3776.64	
-4185	
-699.301	
-5892.9	
-1092.83	
-2484.26	
-231.29	
-1408.67	
-4645.55	
-13600.2	
-3924.33	
-1288.87	
-7052.33	
-3176.94	
-4157.71	
-5230.44	
-7236.19	
-1887.33	
-22.0594	
-3841.49	
-3161.91	
-1588.39	
-7555.19	
-8734.25	
-1126.28	
-8439.06	
-11530.7	
-4364.56	
-926.853	
-7617.37	
-3345.34	
-2934.67	
-2962.55	
-1829.15	
-1262.74	
-1556.67	
-1568.52	
-891.425	
-341.383	
-2609.98	
-3745.76	
-7585.6	
-1598.97	
-8866.03	
-5409.53	
-6015.43	
-15683.4	
-7778.15	
-1618.22	
27.0572	
-3380.67	
-9742.29	
-4850.96	
-2223	
104.588	
-7830.53	
-3152.68	
-9464.89	
-4124.34	
-7966.81	
-1651.08	
-976.64	
-3899.77	
-1239.36	
-282.941	
-1531.41	
-4221.06	
-1762.14	
-5061.66	
-514.764	
-1368.6	
-1739.04	
-1256.49	
-2414.58	
-2087.11	
-1893.19	
-7959.47	
-1014.51	
-4711.51	
-1828.35	
-6406.38	
-5725.87	
-6537.74	
-661.059	
-2815.09	
-2263.96	
-6637.93	
-3057.63	
-3302.13	
-2116.22	
-2493.05	
-6742.29	
-1365.64	
-796.778	
-2343.24	
-1287.24	
-1314.33	
-6963.93	
-9806.55	
-454.426	
-2872.85	
-2925.67	
-315.881	
-9295.96	
201.152	
-9897.17	
-4465.7	
-5971.08	
-2111.66	
-3115.78	
-3145.09	
-4460.76	
-2063.5	
-941.837	
-4922.36	
-5232.9	
-7184.18	
-1900.26	
-9489.27	
-2575.67	
-3332.78	
-1898.09	
-2548.88	
-5212.47	
-2138.04	
-3440.06	
-8340.93	
-762.356	
-1319.44	
-3814.56	
-1277.93	
-4162.92	
-532.96	
-9188.97	
-76.7019	
-1128.74	
-1291.73	
-872.893	
-3182.88	
-3632.7	
-7613.72	
-1346.21	
-7564.97	
-922.853	
-1359.22	
-501.306	
-1153.81	
-1538.78	
-3986.15	
-3749.54	
-5156.48	
-4381.68	
-4435.75	
-1276.22	
-4669.56	
-2733.07	
-955.56	
-1476.51	
-6124.07	
-2357.27	
-1157.52	
-1421.89	
-5372.4	
-991.819	
-4137.99	
-1836.65	
-3981.72	
-984.887	
-347.045	
-504.215	
-1478.9	
-1231.55	
-2628.85	
-2019.32	
-1763.96	
-4530.85	
-5409.71	
-1792.07	
-1628.38	
-1438.52	
-5186.53	
-4772.51	
-2873.26	
-6485.93	
-4711.34	
-1674.6	
-62.5462	
-3189.16	
-3195.26	
-8321.57	
-2283.04	
-1944.85	
-2900.87	
-1631.52	
-1993.84	
-1911.14	
-3892.05	
-1397.45	
-2584.95	
-6305.98	
-653.603	
-5753.92	
-1432.17	
-4806.2	
-6698.07	
-4144.46	
-2186.31	
-4016.35	
-1512.1	
-1669.44	
-1311.33	
-1871.08	
-2687.38	
-3110.24	
-231.29	
-3255.1	
-885.041	
-24.1929	
-1138.75	
-1751.45	
-2887.12	
-2687.75	
-4280.3	
-4356.78	
-5441.04	
-10767.4	
-8988.46	
-784.101	
-1788.77	
-7540.39	
-7470.57	
-1354.31	
-3358.76	
-1848.59	
-640.79	
-5095.18	
-2187.22	
-2388.98	
-1965.44	
-793.99	
-1888.82	
-4103.32	
-446.989	
-2238.05	
-5260.75	
-285.498	
-4887.81	
-4024.7	
-4195.23	
-5133.5	
-1977.16	
-7007.22	
-5926.18	
-2985.23	
-1821.11	
-2643.49	
-6242.16	
-1921.95	
-891.425	
-3718.3	
-7542.23	
-1655.65	
-1149.24	
-1592.63	
-13139.4	
-1448.56	
-2562.6	
-4167.75	
-14106.7	
-2493.5	
-5464.35	
-1712.49	
-5281.39	
-2971.68	
-1704.62	
-5232.43	
-2760.22	
-5178.51	
-3660	
-1762.14	
-4093.72	
-689.458	
-4767.95	
-5917.94	
-7539.2	
-894.448	
-8027.47	
-17974.3	
-3218.15	
-4429.61	
-4624.74	
-1402.14	
-5291.09	
-3533.28	
-8305.72	
-3880.25	
-3101.76	
-1605.63	
-6612.05	
-3531.89	
-1277.57	
-5448.24	
-1991.31	
-15678.4	
-5052.87	
-2844	
-4185	
-8100.83	
-2498.2	
-1728.44	
-8868.34	
-517.086	
-1348.01	
-7644.36	
-1365.64	
-5635.61	
-1504.53	
-7853.95	
-2962.55	
-587.205	
-11530.7	
-6227.53	
-3428.74	
-7259.74	
-1408.67	
-3058.21	
-10062.4	
-4423.59	
-2839.78	
-3219.89	
-660.979	
-3324.68	
11.1192	
-1393.31	
-2397.51	
-2951.72	
-3739.13	
-6797.69	
-7079.35	
-1556.67	
-2413.5	
-8748.67	
-10591.9	
-2151.17	
-2442.34	
-2645.38	
-4460.76	
-5473.64	
-8506.1	
-1389.02	
-1568.52	
-3090.53	
-15136.2	
-4723.23	
-3633.47	
-2291.98	
-1545.81	
-2050.49	
-1711.11	
-1893.19	
-3714.51	
-11051.4	
-3944.73	
-1368.6	
-14635.2	
-5584.58	
-4150.56	
-282.941	
-4260.15	
-438.899	
-1711.64	
-1651.14	
-7953.62	
-3029.9	
-2286.4	
-3164.52	
-1757.02	
-2883.81	
-2299.12	
-5156.48	
-9276.08	
-2798.42	
-7254.15	
-4272.09	
-2064.25	
-17288.1	
-3366.95	
-2022.77	
-6196.39	
-3908.07	
-2523.5	
-2924.54	
-1531.41	
-1089.81	
-6388.05	
-2735.96	
-4109.4	
-5783.69	
-341.383	
-2493.05	
-796.778	
-4764.16	
-6930.41	
-7116.92	
-4401.59	
-6278.18	
-2414.58	
-1830.69	
-1308.82	
-1446.75	
-733.511	
-1337.69	
-5409.71	
-4083.47	
-2137.51	
-4916.67	
-10775.9	
-6565.24	
-8745.36	
-1446.6	
-1976.33	
-3748.85	
-4668.05	
-1250.97	
-1767.25	
-1256.49	
-13634.7	
-5689.56	
-3440.06	
-1014.51	
-16803.1	
-2548.88	
-203.945	
-4569.31	
-1287.24	
-2455.54	
-2711.32	
-3319.29	
-3275.6	
-4176.98	
-1631.44	
-2443.54	
-5425.58	
-1751.45	
-2063.73	
-2069.23	
-2260.53	
-3057.63	
-6542.34	
-6938.14	
-1314.33	
-2467.66	
-4724.58	
-5552.9	
-2907.29	
-4669.56	
-4435.75	
-2575.67	
-3744.6	
-9012.53	
-5666.94	
-4400.27	
-2469.21	
-863.91	
-3830.85	
-3361.79	
-4272.15	
-6289.19	
-6532.61	
-5217.45	
-1965.44	
-2972.55	
-8902.5	
-8426.21	
-5033.1	
-3332.78	
-9207.36	
-3337.85	
-3130.9	
-8472.62	
-6806.88	
-1900.26	
-6075.64	
-6485.93	
-5186.53	
-4508.89	
-2733.07	
-6599.65	
-2130.62	
-1592.63	
-3548.62	
-4935.78	
-8820.15	
-10716.1	
-7939.77	
-4100.76	
-6955.99	
-11282.3	
-4381.68	
-14534.1	
-12049.6	
-9749.25	
-1476.51	
-16895.4	
-4828.74	
-5448.24	
-5753.92	
-4711.34	
-4942.37	
-3604.06	
-6305.98	
-2873.26	
-4806.2	
-3009.53	
-6544.46	
-8988.46	
-2839.78	
-7540.39	
-5673.27	
-4723.23	
-7428.8	
-7254.15	
-793.99	
-1712.49	
-1728.44	
-1393.31	
-1711.11	
-3366.95	
-4764.16	
-1438.52	
-1432.17	
-784.101	
-1448.56	
-1991.31	
-3739.13	
-3714.51	
-1138.75	
-640.79	
-2493.5	
-2498.2	
-2151.17	
-3029.9	
-2523.5	
-689.458	
-517.086	
-2442.34	
-2286.4	
-2924.54	
-4401.59	
-6565.24	
-1052.02	
-1524.14	
-4114.09	
-2941.04	
-4141.19	
-6866.36	
-6419.68	
-1578.86	
-2241.14	
-2466.83	
-3096.5	
-5127.81	
-4920.55	
-7615.62	
-3218.15	
-1504.53	
-2645.38	
-3164.52	
-6388.05	
-7116.92	
-10775.9	
-4472.83	
-2974.97	
-3997.57	
-8239.54	
-9537.4	
-11857	
-13076.3	
