ibin	itheta	r0	V	sigma2	chi	Vn Errors
0	0	0.1838	0.0308	1712.2641	0.3161	4822.2515
0	1	0.1181	0.0479	1712.2641	0.4919	7504.5842
0	2	0.0000	0.0000	0.0000	0.0000	0.0000
0	3	0.3803	0.0149	1712.2641	0.1528	2331.4655
0	4	0.1918	0.0295	1712.2641	0.3030	4621.9652
					1260.4081	0.2946

1	0	0.1448	0.0397	1649.2741	0.4089	0.7206
1	1	0.1080	0.0532	1649.2741	0.5481	0.9659
1	2	0.1207	0.0476	1649.2741	0.4905	0.8644
1	3	0.3471	0.0166	1649.2741	0.1706	0.3007
1	4	0.1646	0.0349	1649.2741	0.3597	0.6339
					1391.2034	0.4307

2	0	0.1445	0.0405	1603.9359	0.4157	0.0182
2	1	0.1377	0.0424	1603.9359	0.4360	0.0191
2	2	0.1086	0.0538	1603.9359	0.5531	0.0242
2	3	0.1096	0.0533	1603.9359	0.5478	0.0239
2	4	0.1079	0.0542	1603.9359	0.5567	0.0243
					1199.9871	0.5802

3	0	0.1216	0.0489	1552.2463	0.5020	0.0652
3	1	0.1255	0.0474	1552.2463	0.4865	0.0632
3	2	0.1382	0.0430	1552.2463	0.4416	0.0573
3	3	0.2204	0.0270	1552.2463	0.2769	0.0360
3	4	0.1085	0.0548	1552.2463	0.5625	0.0731
					1232.4273	0.5094

4	0	0.1158	0.0522	1545.3534	0.5281	0.0126
4	1	0.1177	0.0514	1545.3534	0.5197	0.0124
4	2	0.1181	0.0512	1545.3534	0.5180	0.0123
4	3	0.1220	0.0496	1545.3534	0.5014	0.0119
4	4	0.1240	0.0488	1545.3534	0.4934	0.0118
					1140.0217	0.5963

5	0	0.1228	0.0501	1500.2994	0.5055	0.0070
5	1	0.1211	0.0509	1500.2994	0.5128	0.0071
5	2	0.1197	0.0515	1500.2994	0.5187	0.0072
5	3	0.1076	0.0572	1500.2994	0.5768	0.0080
5	4	0.1161	0.0530	1500.2994	0.5346	0.0074
					1079.3812	0.6245

6	0	0.1277	0.0491	1446.7888	0.4951	0.0092
6	1	0.1267	0.0495	1446.7888	0.4992	0.0093
6	2	0.1212	0.0517	1446.7888	0.5217	0.0097
6	3	0.1219	0.0514	1446.7888	0.5185	0.0097
6	4	0.1275	0.0492	1446.7888	0.4959	0.0092
					1076.2482	0.5868

7	0	0.1288	0.0496	1421.2753	0.4953	0.0095
7	1	0.1255	0.0509	1421.2753	0.5084	0.0097
7	2	0.1326	0.0481	1421.2753	0.4810	0.0092
7	3	0.1182	0.0540	1421.2753	0.5399	0.0103
7	4	0.1384	0.0461	1421.2753	0.4610	0.0088
					1070.0366	0.5729

ibin	avgmult	avgpt	avgeta	Vn mean	Vn mean Error
0	425.2254	0.9584	0.0369	0.0246	1726.0244

1	418.4809	0.9568	0.0341	0.0384	0.3199

2	411.4677	0.9559	0.0369	0.0488	0.0107

3	404.3370	0.9565	0.0396	0.0442	0.0279

4	397.6750	0.9557	0.0352	0.0506	0.0060

5	390.4737	0.9552	0.0389	0.0525	0.0037

6	383.6318	0.9546	0.0379	0.0502	0.0046

7	376.6557	0.9541	0.0377	0.0498	0.0046

ibin	Nevent	totmultall	avgmultall	avgtrk
0	3833.0000	1629889.0000	425.2254	296.8620

1	5725.0000	2395803.0000	418.4809	291.8496

2	8552.0000	3518872.0000	411.4677	286.8426

3	12471.0000	5042487.0000	404.3370	281.8434

4	18812.0000	7481063.0000	397.6750	276.8602

5	27389.0000	10694685.0000	390.4737	271.8307

6	40262.0000	15445785.0000	383.6318	266.8475

7	58683.0000	22103289.0000	376.6557	261.8478

