ibin	itheta	r0	V	sigma2	chi	Vn Errors
0	0	0.2706	0.0493	261.4517	0.5497	0.0008
0	1	0.2702	0.0493	261.4517	0.5504	0.0008
0	2	0.2631	0.0507	261.4517	0.5652	0.0008
0	3	0.2597	0.0513	261.4517	0.5728	0.0008
0	4	0.2638	0.0505	261.4517	0.5638	0.0008


ibin	avgmult	avgpt	Vn mean	Vn mean Error
0	180.3688	0.9154	0.0502	0.0004

ibin	itheta	r0	V	sigma2	chi	Vn Errors
0	0	0.2635	0.0506	261.5178	0.5643	0.0008
0	1	0.2708	0.0492	261.5178	0.5491	0.0007
0	2	0.2615	0.0510	261.5178	0.5687	0.0008
0	3	0.2582	0.0516	261.5178	0.5760	0.0008
0	4	0.2688	0.0496	261.5178	0.5533	0.0007


ibin	avgmult	avgpt	Vn mean	Vn mean Error
0	180.3733	0.9154	0.0504	0.0004

ibin	itheta	r0	V	sigma2	chi	Vn Errors
0	0	0.2670	0.0499	261.4774	0.5570	0.0008
0	1	0.2666	0.0500	261.4774	0.5579	0.0008
0	2	0.2622	0.0508	261.4774	0.5671	0.0008
0	3	0.2592	0.0514	261.4774	0.5737	0.0008
0	4	0.2717	0.0491	261.4774	0.5474	0.0008


ibin	avgmult	avgpt	Vn mean	Vn mean Error
0	180.3770	0.9154	0.0503	0.0004

ibin	itheta	r0	V	sigma2	chi	Vn Errors
0	0	0.2667	0.0500	261.4720	0.5576	0.0007
0	1	0.2733	0.0488	261.4720	0.5441	0.0007
0	2	0.2603	0.0512	261.4720	0.5713	0.0007
0	3	0.2563	0.0520	261.4720	0.5802	0.0008
0	4	0.2630	0.0507	261.4720	0.5654	0.0007


ibin	avgmult	avgpt	Vn mean	Vn mean Error
0	180.3756	0.9154	0.0505	0.0004

ibin	itheta	r0	V	sigma2	chi	Vn Errors
0	0	0.2695	0.0495	261.4960	0.5517	0.0007
0	1	0.2747	0.0485	261.4960	0.5414	0.0007
0	2	0.2601	0.0513	261.4960	0.5717	0.0008
0	3	0.2605	0.0512	261.4960	0.5709	0.0008
0	4	0.2586	0.0515	261.4960	0.5750	0.0008


ibin	avgmult	avgpt	Vn mean	Vn mean Error
0	180.3734	0.9154	0.0504	0.0004

ibin	itheta	r0	V	sigma2	chi	Vn Errors
0	0	0.2663	0.0501	261.4710	0.5585	0.0008
0	1	0.2767	0.0482	261.4710	0.5376	0.0008
0	2	0.2637	0.0506	261.4710	0.5641	0.0008
0	3	0.2602	0.0512	261.4710	0.5716	0.0008
0	4	0.2666	0.0500	261.4710	0.5578	0.0008


ibin	avgmult	avgpt	Vn mean	Vn mean Error
0	180.3730	0.9154	0.0500	0.0004

ibin	itheta	r0	V	sigma2	chi	Vn Errors
0	0	0.2696	0.0494	261.4593	0.5516	0.0007
0	1	0.2678	0.0498	261.4593	0.5554	0.0007
0	2	0.2670	0.0499	261.4593	0.5570	0.0007
0	3	0.2568	0.0519	261.4593	0.5791	0.0008
0	4	0.2619	0.0509	261.4593	0.5680	0.0008


ibin	avgmult	avgpt	Vn mean	Vn mean Error
0	180.3793	0.9154	0.0504	0.0004

ibin	itheta	r0	V	sigma2	chi	Vn Errors
0	0	0.2675	0.0498	261.5008	0.5560	0.0007
0	1	0.2655	0.0502	261.5008	0.5601	0.0007
0	2	0.2603	0.0512	261.5008	0.5713	0.0007
0	3	0.2580	0.0517	261.5008	0.5764	0.0008
0	4	0.2677	0.0498	261.5008	0.5554	0.0007


ibin	avgmult	avgpt	Vn mean	Vn mean Error
0	180.3762	0.9154	0.0505	0.0004

ibin	itheta	r0	V	sigma2	chi	Vn Errors
0	0	0.2700	0.0494	261.4888	0.5508	0.0007
0	1	0.2697	0.0494	261.4888	0.5513	0.0007
0	2	0.2566	0.0520	261.4888	0.5795	0.0007
0	3	0.2599	0.0513	261.4888	0.5722	0.0007
0	4	0.2607	0.0511	261.4888	0.5704	0.0007


ibin	avgmult	avgpt	Vn mean	Vn mean Error
0	180.3748	0.9154	0.0506	0.0004

ibin	itheta	r0	V	sigma2	chi	Vn Errors
0	0	0.2741	0.0486	261.4997	0.5425	0.0008
0	1	0.2645	0.0504	261.4997	0.5621	0.0008
0	2	0.2594	0.0514	261.4997	0.5732	0.0008
0	3	0.2646	0.0504	261.4997	0.5621	0.0008
0	4	0.2684	0.0497	261.4997	0.5541	0.0008


ibin	avgmult	avgpt	Vn mean	Vn mean Error
0	180.3766	0.9154	0.0501	0.0004

ibin	itheta	r0	V	sigma2	chi	Vn Errors
0	0	0.2723	0.0490	261.5468	0.5460	0.0007
0	1	0.2712	0.0492	261.5468	0.5482	0.0007
0	2	0.2613	0.0510	261.5468	0.5691	0.0008
0	3	0.2573	0.0518	261.5468	0.5779	0.0008
0	4	0.2594	0.0514	261.5468	0.5732	0.0008


ibin	avgmult	avgpt	Vn mean	Vn mean Error
0	180.3772	0.9154	0.0505	0.0004

ibin	itheta	r0	V	sigma2	chi	Vn Errors
0	0	0.2703	0.0493	261.5552	0.5502	0.0008
0	1	0.2717	0.0491	261.5552	0.5473	0.0008
0	2	0.2635	0.0506	261.5552	0.5643	0.0008
0	3	0.2531	0.0527	261.5552	0.5874	0.0008
0	4	0.2680	0.0497	261.5552	0.5548	0.0008


ibin	avgmult	avgpt	Vn mean	Vn mean Error
0	180.3759	0.9154	0.0503	0.0004

ibin	itheta	r0	V	sigma2	chi	Vn Errors
0	0	0.2682	0.0497	261.5007	0.5544	0.0007
0	1	0.2711	0.0492	261.5007	0.5486	0.0007
0	2	0.2620	0.0509	261.5007	0.5676	0.0007
0	3	0.2523	0.0528	261.5007	0.5893	0.0007
0	4	0.2607	0.0511	261.5007	0.5705	0.0007


ibin	avgmult	avgpt	Vn mean	Vn mean Error
0	180.3740	0.9154	0.0508	0.0004

ibin	itheta	r0	V	sigma2	chi	Vn Errors
0	0	0.2664	0.0500	261.4976	0.5582	0.0007
0	1	0.2644	0.0504	261.4976	0.5624	0.0008
0	2	0.2665	0.0500	261.4976	0.5580	0.0007
0	3	0.2612	0.0510	261.4976	0.5693	0.0008
0	4	0.2645	0.0504	261.4976	0.5623	0.0008


ibin	avgmult	avgpt	Vn mean	Vn mean Error
0	180.3764	0.9154	0.0504	0.0004

ibin	itheta	r0	V	sigma2	chi	Vn Errors
0	0	0.2694	0.0495	261.5199	0.5520	0.0007
0	1	0.2642	0.0505	261.5199	0.5629	0.0007
0	2	0.2589	0.0515	261.5199	0.5743	0.0007
0	3	0.2617	0.0509	261.5199	0.5682	0.0007
0	4	0.2631	0.0507	261.5199	0.5651	0.0007


ibin	avgmult	avgpt	Vn mean	Vn mean Error
0	180.3754	0.9154	0.0506	0.0004

ibin	itheta	r0	V	sigma2	chi	Vn Errors
0	0	0.2676	0.0498	261.4624	0.5557	0.0008
0	1	0.2638	0.0505	261.4624	0.5638	0.0008
0	2	0.2614	0.0510	261.4624	0.5691	0.0008
0	3	0.2649	0.0503	261.4624	0.5613	0.0008
0	4	0.2673	0.0499	261.4624	0.5564	0.0008


ibin	avgmult	avgpt	Vn mean	Vn mean Error
0	180.3744	0.9154	0.0503	0.0004

ibin	itheta	r0	V	sigma2	chi	Vn Errors
0	0	0.2696	0.0495	261.4703	0.5516	0.0007
0	1	0.2699	0.0494	261.4703	0.5510	0.0007
0	2	0.2602	0.0512	261.4703	0.5716	0.0008
0	3	0.2588	0.0515	261.4703	0.5746	0.0008
0	4	0.2629	0.0507	261.4703	0.5657	0.0007


ibin	avgmult	avgpt	Vn mean	Vn mean Error
0	180.3754	0.9154	0.0505	0.0004

ibin	itheta	r0	V	sigma2	chi	Vn Errors
0	0	0.2645	0.0504	261.5693	0.5622	0.0007
0	1	0.2632	0.0507	261.5693	0.5649	0.0007
0	2	0.2594	0.0514	261.5693	0.5732	0.0007
0	3	0.2631	0.0507	261.5693	0.5651	0.0007
0	4	0.2667	0.0500	261.5693	0.5575	0.0007


ibin	avgmult	avgpt	Vn mean	Vn mean Error
0	180.3710	0.9154	0.0506	0.0004

ibin	itheta	r0	V	sigma2	chi	Vn Errors
0	0	0.2651	0.0503	261.5059	0.5609	0.0008
0	1	0.2644	0.0504	261.5059	0.5625	0.0008
0	2	0.2646	0.0504	261.5059	0.5620	0.0008
0	3	0.2593	0.0514	261.5059	0.5736	0.0008
0	4	0.2695	0.0495	261.5059	0.5518	0.0007


ibin	avgmult	avgpt	Vn mean	Vn mean Error
0	180.3775	0.9154	0.0504	0.0004

ibin	itheta	r0	V	sigma2	chi	Vn Errors
0	0	0.2723	0.0490	261.4696	0.5461	0.0007
0	1	0.2632	0.0506	261.4696	0.5650	0.0008
0	2	0.2531	0.0527	261.4696	0.5877	0.0008
0	3	0.2651	0.0503	261.4696	0.5610	0.0008
0	4	0.2702	0.0493	261.4696	0.5504	0.0007


ibin	avgmult	avgpt	Vn mean	Vn mean Error
0	180.3739	0.9154	0.0504	0.0004

ibin	Vn mean mean	Vn mean mean Error	Vn mean deviation

0	0.0504	0.0004	0.0002
