ibin	itheta	r0	V	sigma2	chi	Vn Errors
0	0	0.0787	0.0865	1874.4364	0.7058	0.0003
0	1	0.0786	0.0867	1874.4364	0.7070	0.0004
0	2	0.0780	0.0873	1874.4364	0.7121	0.0004
0	3	0.0776	0.0878	1874.4364	0.7162	0.0004
0	4	0.0782	0.0871	1874.4364	0.7106	0.0004
					928.6474	1.0092

1	0	0.0854	0.0861	1617.9396	0.7001	0.0004
1	1	0.0853	0.0861	1617.9396	0.7007	0.0004
1	2	0.0852	0.0862	1617.9396	0.7014	0.0004
1	3	0.0852	0.0862	1617.9396	0.7016	0.0004
1	4	0.0851	0.0864	1617.9396	0.7027	0.0004
					822.2190	0.9838

2	0	0.0977	0.0833	1337.8357	0.6733	0.0003
2	1	0.0971	0.0838	1337.8357	0.6770	0.0003
2	2	0.0960	0.0847	1337.8357	0.6845	0.0004
2	3	0.0954	0.0853	1337.8357	0.6893	0.0004
2	4	0.0962	0.0846	1337.8357	0.6834	0.0004
					716.4819	0.9313

3	0	0.1170	0.0811	999.2833	0.6502	0.0004
3	1	0.1156	0.0821	999.2833	0.6581	0.0004
3	2	0.1145	0.0828	999.2833	0.6643	0.0004
3	3	0.1148	0.0827	999.2833	0.6628	0.0004
3	4	0.1162	0.0816	999.2833	0.6547	0.0004
					566.6114	0.8738

4	0	0.1438	0.0781	728.2834	0.6199	0.0005
4	1	0.1426	0.0788	728.2834	0.6250	0.0005
4	2	0.1418	0.0792	728.2834	0.6283	0.0005
4	3	0.1412	0.0795	728.2834	0.6311	0.0005
4	4	0.1404	0.0800	728.2834	0.6347	0.0005
					441.2394	0.8066

5	0	0.1767	0.0767	517.1771	0.5984	0.0007
5	1	0.1800	0.0753	517.1771	0.5876	0.0007
5	2	0.1752	0.0774	517.1771	0.6037	0.0007
5	3	0.1750	0.0775	517.1771	0.6043	0.0007
5	4	0.1803	0.0752	517.1771	0.5867	0.0007
					333.3826	0.7425

6	0	0.2315	0.0726	353.7264	0.5524	0.0011
6	1	0.2272	0.0739	353.7264	0.5629	0.0012
6	2	0.2236	0.0751	353.7264	0.5719	0.0012
6	3	0.2275	0.0738	353.7264	0.5620	0.0012
6	4	0.2286	0.0735	353.7264	0.5594	0.0012
					242.1252	0.6789

7	0	0.2888	0.0712	251.4567	0.5252	0.0025
7	1	0.2913	0.0706	251.4567	0.5207	0.0025
7	2	0.2849	0.0721	251.4567	0.5324	0.0026
7	3	0.2859	0.0719	251.4567	0.5305	0.0025
7	4	0.2975	0.0691	251.4567	0.5098	0.0024
					182.4864	0.6148

8	0	0.3515	0.0714	181.7356	0.5076	0.0038
8	1	0.3688	0.0681	181.7356	0.4838	0.0036
8	2	0.3634	0.0691	181.7356	0.4909	0.0037
8	3	0.3602	0.0697	181.7356	0.4952	0.0037
8	4	0.3385	0.0741	181.7356	0.5270	0.0040
					136.1398	0.5787

9	0	0.4260	0.0757	124.7988	0.5053	0.0050
9	1	0.4458	0.0723	124.7988	0.4829	0.0048
9	2	0.4566	0.0706	124.7988	0.4714	0.0047
9	3	0.4230	0.0762	124.7988	0.5089	0.0051
9	4	0.4592	0.0702	124.7988	0.4688	0.0047
					95.1411	0.5583

10	0	0.5748	0.0710	89.6021	0.4420	0.0069
10	1	0.5469	0.0746	89.6021	0.4646	0.0073
10	2	0.4963	0.0822	89.6021	0.5119	0.0080
10	3	0.5210	0.0783	89.6021	0.4876	0.0077
10	4	0.5045	0.0809	89.6021	0.5035	0.0079
					68.7917	0.5500

ibin	avgmult	avgpt	avgeta	Vn mean	Vn mean Error
0	353.2063	0.8065	-0.0019	0.0871	0.0002

1	327.2167	0.8042	-0.0014	0.0862	0.0002

2	295.4779	0.8018	-0.0020	0.0844	0.0002

3	253.4972	0.7982	-0.0017	0.0821	0.0002

4	214.1873	0.7944	-0.0014	0.0791	0.0003

5	177.3508	0.7906	-0.0013	0.0764	0.0004

6	143.1840	0.7867	-0.0012	0.0738	0.0006

7	117.0314	0.7834	-0.0009	0.0710	0.0012

8	95.8260	0.7801	-0.0009	0.0705	0.0018

9	74.5661	0.7760	-0.0010	0.0730	0.0023

10	58.9442	0.7712	-0.0003	0.0774	0.0037

ibin	Nevent	totmultall	avgmultall	avgtrk
0	335042.0000	118338929.0000	353.2063	334.2592

1	240139.0000	78577482.0000	327.2167	309.4022

2	522946.0000	154518994.0000	295.4779	279.1327

3	588517.0000	149187427.0000	253.4972	239.0772

4	585846.0000	125480793.0000	214.1873	201.6031

5	677724.0000	120194894.0000	177.3508	166.5135

6	687207.0000	98397062.0000	143.1840	134.0529

7	539686.0000	63160229.0000	117.0314	109.2625

8	632538.0000	60613609.0000	95.8260	89.1946

9	778908.0000	58080139.0000	74.5661	69.1133

10	474015.0000	27940417.0000	58.9442	54.3802

