10884
39.0571	0.400225	63.7104	0.714528	26.5255	1.21409	11.3418	1.71563	5.04116	2.21744	2.35217	2.72003	1.7794	3.39626	0.511944	4.40496	0.179254	5.42201	1.42904e+06

1.63803e+06

12650
39.1236	0.40024	63.6527	0.714655	26.5383	1.21411	11.3364	1.71592	5.0204	2.218	2.37921	2.72131	1.75921	3.39563	0.52419	4.41095	0.186008	5.42516	1.66038e+06

1.90408e+06

11065
39.1774	0.400297	63.5837	0.714751	26.4323	1.21426	11.3661	1.71603	5.07357	2.21729	2.34406	2.7192	1.75653	3.39327	0.508992	4.4047	0.179485	5.42181	1.45131e+06

1.66442e+06

10082
39.0283	0.400446	63.6201	0.714329	26.4446	1.21433	11.3777	1.71623	5.09264	2.21766	2.38594	2.7196	1.79121	3.39108	0.520532	4.41055	0.185876	5.42189	1.32389e+06

1.5168e+06

37797
39.0978	0.400335	63.7253	0.714533	26.5109	1.21441	11.3873	1.71593	5.06477	2.21766	2.36162	2.71963	1.76191	3.3924	0.510702	4.40744	0.184882	5.4234	4.96664e+06

5.69242e+06

12994
39.1712	0.400181	63.6059	0.714706	26.5467	1.21452	11.3721	1.71574	5.02971	2.21814	2.36232	2.72028	1.76505	3.39154	0.505002	4.40152	0.176081	5.4156	1.70527e+06

1.95604e+06

9906
39.1635	0.400149	63.6327	0.714676	26.5276	1.21399	11.3393	1.71577	5.07652	2.21772	2.36241	2.72085	1.76075	3.39178	0.513123	4.40764	0.178982	5.41994	1.30048e+06

1.4914e+06

24128
39.0711	0.400366	63.7073	0.714811	26.4637	1.21428	11.357	1.71589	5.07655	2.21803	2.35283	2.7203	1.76007	3.39167	0.514299	4.40945	0.177843	5.41967	3.16838e+06

3.6308e+06

10291
39.1536	0.400399	63.8162	0.714947	26.4436	1.21448	11.3146	1.71569	5.03673	2.21734	2.3608	2.7188	1.75095	3.39241	0.511418	4.41058	0.179963	5.42412	1.35187e+06

1.5495e+06

11194
39.0798	0.400339	63.5503	0.714758	26.4946	1.21392	11.3318	1.71604	5.09183	2.21746	2.38413	2.71893	1.76246	3.39319	0.515812	4.40619	0.181436	5.41882	1.46873e+06

1.68349e+06

10339
18390
27625
39.2598	0.400343	63.571	0.714701	26.6265	1.21394	11.3176	1.71576	5.07051	2.21848	2.36386	2.72042	1.73585	3.39455	0.511461	4.40688	0.182416	5.42122	1.35826e+06

1.55746e+06

39.0763	0.40037	63.6995	0.714708	26.4961	1.21454	11.3622	1.71601	5.04954	2.21769	2.36291	2.71892	1.7515	3.39564	0.517401	4.40897	0.183578	5.42263	2.41485e+06

2.76768e+06

39.15	0.400295	63.6756	0.714826	26.5154	1.2142	11.3609	1.71588	5.06997	2.21741	2.35359	2.71947	1.74755	3.39429	0.513665	4.40684	0.18114	5.41739	3.62777e+06

4.15944e+06

8060
39.018	0.400318	63.9096	0.714675	26.5	1.21377	11.3274	1.71632	5.06514	2.21739	2.3629	2.71915	1.76079	3.39393	0.516005	4.4015	0.176551	5.426	1.05951e+06

1.21413e+06

13424
39.1836	0.400332	63.6909	0.71488	26.5214	1.2142	11.3617	1.71604	5.09356	2.21746	2.35168	2.71893	1.75611	3.39144	0.514824	4.41149	0.176028	5.41528	1.76391e+06

2.02232e+06

10492
39.0265	0.400403	63.6347	0.714809	26.5079	1.21423	11.3566	1.71636	5.06834	2.21749	2.37905	2.71869	1.76801	3.39278	0.529642	4.40325	0.185951	5.41836	1.37787e+06

1.57859e+06

9023
39.0999	0.400236	63.8798	0.71462	26.3764	1.21397	11.3084	1.71559	5.06173	2.21629	2.34911	2.72031	1.77857	3.39121	0.505153	4.41184	0.175551	5.4354	1.18483e+06

1.35827e+06

9728
39.128	0.400355	63.7296	0.71483	26.5699	1.21439	11.3782	1.7167	5.07525	2.21827	2.37274	2.7182	1.74815	3.39305	0.519737	4.40794	0.177837	5.42262	1.27891e+06

1.466e+06

11323
39.1946	0.400254	63.6429	0.714651	26.5476	1.21457	11.3698	1.71639	5.00813	2.21779	2.35415	2.71829	1.76278	3.39366	0.510554	4.41051	0.180694	5.41555	1.4867e+06

1.70492e+06

19857
39.1871	0.400344	63.6065	0.714618	26.5116	1.21411	11.3696	1.71612	5.03953	2.21782	2.36113	2.71909	1.74941	3.39013	0.518256	4.40944	0.180339	5.42585	2.6072e+06

2.98894e+06

18424
39.1364	0.400344	63.6248	0.714589	26.5064	1.21391	11.3848	1.71505	5.04543	2.21737	2.35394	2.72032	1.76965	3.39317	0.522796	4.40813	0.187473	5.42329	2.4197e+06

2.7734e+06

32986
39.1767	0.400303	63.675	0.714483	26.5569	1.2143	11.3472	1.71617	5.06985	2.2172	2.35742	2.71993	1.77609	3.39254	0.511065	4.40734	0.181228	5.42382	4.33462e+06

4.96939e+06

15268
39.1386	0.400315	63.6863	0.714774	26.4853	1.21415	11.2856	1.7162	5.05489	2.21724	2.37772	2.71996	1.7629	3.3922	0.511986	4.41049	0.181098	5.42355	2.00417e+06

2.2976e+06

17118
39.2486	0.400197	63.635	0.714851	26.4983	1.21453	11.3326	1.71589	5.05374	2.21753	2.36377	2.71969	1.76452	3.39292	0.501344	4.41103	0.178233	5.4294	2.2469e+06

2.57756e+06

25598
39.093	0.400412	63.6123	0.714534	26.4998	1.21444	11.3516	1.71626	5.08294	2.21759	2.36448	2.72032	1.76389	3.39343	0.518947	4.40962	0.185366	5.42269	3.36084e+06

3.85179e+06

29150
39.0844	0.400367	63.7426	0.714907	26.5038	1.21426	11.3597	1.7161	5.0764	2.21722	2.35904	2.71928	1.75482	3.39368	0.517667	4.40831	0.177461	5.41714	3.83001e+06

4.38929e+06

17944
27855
16659
39.1679	0.400255	63.7488	0.714434	26.4638	1.21456	11.3232	1.71595	5.0593	2.21789	2.3385	2.71918	1.75201	3.39065	0.512483	4.40681	0.180952	5.41774	2.35553e+06

2.70141e+06

39.1246	0.400213	63.699	0.714606	26.5168	1.21419	11.3189	1.71615	5.03396	2.21748	2.35107	2.71973	1.73638	3.39304	0.508024	4.41106	0.175696	5.41861	3.65476e+06

4.19118e+06

39.0782	0.400204	63.8415	0.714839	26.5076	1.21439	11.3378	1.71609	5.06765	2.21714	2.37493	2.71985	1.77634	3.39583	0.508434	4.40818	0.186746	5.42346	2.18989e+06

2.51016e+06

11710
39.1501	0.400246	63.6073	0.7145	26.467	1.21507	11.2839	1.71661	5.08565	2.21793	2.3538	2.71883	1.76234	3.39105	0.511956	4.39875	0.178822	5.41605	1.53562e+06

1.7612e+06

26359
39.1123	0.400357	63.6556	0.714885	26.5134	1.21434	11.3181	1.71575	5.0632	2.21785	2.36917	2.71905	1.75344	3.3913	0.508138	4.40696	0.182177	5.42311	3.46067e+06

3.96638e+06

36127
38.938	0.400275	63.7533	0.714652	26.5136	1.21441	11.3445	1.71565	5.08296	2.21832	2.36352	2.71945	1.76145	3.39166	0.512581	4.41144	0.181692	5.42703	4.74429e+06

5.43537e+06

16338
39.1712	0.400337	63.701	0.714814	26.4575	1.21437	11.3555	1.71568	5.06843	2.21899	2.35757	2.71939	1.73785	3.39369	0.50202	4.40961	0.183009	5.4248	2.14542e+06

2.45942e+06

13840
39.097	0.400241	63.7373	0.714658	26.5179	1.21451	11.3657	1.71607	5.04205	2.21733	2.3659	2.71871	1.72587	3.39387	0.51026	4.40414	0.178829	5.42722	1.81735e+06

2.08348e+06

27079
39.1394	0.400293	63.6919	0.714585	26.4953	1.21432	11.3486	1.71598	5.07515	2.21727	2.36009	2.71961	1.75475	3.39181	0.506961	4.41394	0.177333	5.42729	3.55616e+06

4.07673e+06

9903
39.0114	0.400331	63.6627	0.714606	26.5543	1.2143	11.3228	1.71614	5.10371	2.2166	2.34888	2.72056	1.77027	3.39394	0.523074	4.40981	0.179542	5.41905	1.30043e+06

1.49017e+06

19957
39.0529	0.400345	63.7329	0.714727	26.4643	1.21445	11.3641	1.71655	5.0678	2.21819	2.37796	2.71957	1.76109	3.39234	0.517863	4.4043	0.182142	5.4241	2.62127e+06

3.00395e+06

15660
39.1598	0.400192	63.7099	0.714873	26.4637	1.21425	11.3483	1.71574	5.06303	2.21768	2.36513	2.71946	1.77043	3.39369	0.516858	4.41109	0.183269	5.42008	2.05666e+06

2.35809e+06

9610
39.1223	0.400357	63.6543	0.71468	26.5516	1.21478	11.3521	1.71618	5.07804	2.2176	2.36535	2.72013	1.78637	3.39248	0.506139	4.40983	0.180645	5.42245	1.26256e+06

1.44724e+06

24367
39.1171	0.400342	63.632	0.71467	26.5192	1.21418	11.3691	1.71602	5.08245	2.2182	2.37194	2.7197	1.74937	3.39247	0.506012	4.40908	0.180408	5.41723	3.20008e+06

3.66791e+06

10166
39.1554	0.400255	63.4984	0.714588	26.5706	1.21438	11.3905	1.71587	5.08607	2.21793	2.36642	2.71828	1.76884	3.39696	0.523608	4.40435	0.187488	5.41946	1.33493e+06

1.53046e+06

30722
39.1124	0.400422	63.6494	0.714766	26.4824	1.21413	11.3859	1.71626	5.05387	2.21785	2.36479	2.71868	1.75513	3.39382	0.514355	4.41081	0.182898	5.42734	4.03423e+06

4.62369e+06

22776
39.0161	0.40035	63.624	0.714573	26.5517	1.21434	11.3454	1.7166	5.06867	2.21837	2.36279	2.71995	1.7756	3.39207	0.515455	4.40693	0.182517	5.42917	2.99038e+06

3.42647e+06

43673
39.0962	0.40033	63.6765	0.714701	26.5151	1.21459	11.3488	1.71597	5.06931	2.21768	2.34566	2.71925	1.75809	3.39158	0.517368	4.40887	0.180065	5.4273	5.73485e+06

6.57309e+06

15773
39.0414	0.400341	63.6748	0.714708	26.4975	1.21443	11.3432	1.71623	5.07234	2.21823	2.37932	2.71985	1.7509	3.39344	0.507703	4.40669	0.179547	5.41809	2.07099e+06

2.373e+06

28130
39.1454	0.400352	63.708	0.714642	26.4792	1.21419	11.3396	1.71583	5.0658	2.21789	2.36075	2.71978	1.76843	3.39342	0.516673	4.40354	0.177284	5.42718	3.69506e+06
16946

4.23528e+06

39.0833	0.400311	63.7188	0.714834	26.5627	1.21444	11.3522	1.71609	5.05718	2.21729	2.36475	2.71888	1.75416	3.39197	0.501711	4.40906	0.181459	5.41951	2.22622e+06

2.55166e+06

15380
11654
39.0098	0.400239	63.5782	0.714651	26.5159	1.21475	11.3649	1.71619	5.07438	2.21724	2.37139	2.71901	1.75709	3.39146	0.514044	4.40848	0.18186	5.41572	2.01766e+06

2.31265e+06

39.1297	0.40006	63.8101	0.714865	26.5136	1.21439	11.3358	1.71661	5.08598	2.21721	2.36846	2.71965	1.7388	3.39356	0.50532	4.40948	0.183456	5.41886	1.53123e+06

1.75592e+06

25847
39.0725	0.400287	63.751	0.714617	26.5373	1.21426	11.403	1.71611	5.05208	2.21785	2.36704	2.71978	1.76349	3.39208	0.51004	4.40661	0.178164	5.4133	3.39761e+06

3.89345e+06

26035
39.1544	0.400263	63.6118	0.714782	26.5432	1.21435	11.3549	1.7161	5.06353	2.21746	2.34876	2.71832	1.75579	3.39277	0.511273	4.40501	0.178875	5.4227	3.41807e+06

3.91885e+06

10435
39.2081	0.400259	63.7454	0.714543	26.4986	1.21423	11.3363	1.71641	5.05367	2.21739	2.39588	2.7186	1.73282	3.39151	0.507139	4.4045	0.178246	5.41617	1.37075e+06

1.5721e+06

10015
39.2466	0.400304	63.6646	0.714676	26.4582	1.21474	11.351	1.71642	5.07698	2.21847	2.36206	2.72063	1.75906	3.39435	0.525512	4.41636	0.18003	5.42081	1.31523e+06

1.5085e+06

13660
39.0646	0.40035	63.7949	0.714867	26.5292	1.21444	11.3557	1.71592	5.05344	2.21818	2.3522	2.7196	1.77401	3.39503	0.513177	4.40633	0.187701	5.42274	1.7953e+06

2.05754e+06

19765
39.0871	0.400291	63.741	0.714842	26.5554	1.21386	11.3017	1.71582	5.07822	2.21703	2.36438	2.71895	1.75932	3.39556	0.518846	4.41186	0.176322	5.42758	2.59693e+06

2.97626e+06

34878
39.0558	0.400306	63.7945	0.714659	26.5249	1.21439	11.3622	1.71598	5.08037	2.21724	2.3659	2.71884	1.75053	3.39373	0.511096	4.40779	0.175842	5.42676	4.58401e+06

5.25337e+06

28623
39.0391	0.400372	63.5922	0.714898	26.5075	1.21425	11.3699	1.71581	5.06418	2.21804	2.36195	2.71936	1.77092	3.39121	0.5098	4.40992	0.183174	5.42468	3.75658e+06

4.30486e+06

21552
39.1292	0.40043	63.7973	0.714774	26.4473	1.2142	11.3038	1.71579	5.05693	2.21721	2.35319	2.71912	1.75422	3.39218	0.518513	4.40629	0.184809	5.42149	2.83127e+06

3.24455e+06

13996
38.9974	0.400389	63.7314	0.714637	26.4673	1.21408	11.3189	1.71527	5.06402	2.21816	2.34946	2.72038	1.76879	3.3931	0.515147	4.40321	0.172692	5.42521	1.83737e+06

2.10479e+06

14668
39.1779	0.400423	63.6247	0.714843	26.4881	1.21457	11.3465	1.71632	5.06224	2.21722	2.34858	2.72018	1.75464	3.38995	0.515817	4.40668	0.171053	5.42247	1.92553e+06

2.20738e+06

11164
39.0972	0.400337	63.5873	0.714653	26.4868	1.21419	11.3721	1.71571	5.05518	2.2182	2.34772	2.71977	1.7758	3.39329	0.511555	4.40887	0.179864	5.43102	1.46512e+06

1.67922e+06

23075
39.0577	0.4004	63.6784	0.714545	26.4879	1.21433	11.3502	1.71554	5.04698	2.21738	2.36295	2.71916	1.77062	3.39278	0.515233	4.41246	0.181062	5.43022	3.02985e+06

3.47166e+06

12307
39.1355	0.400294	63.6656	0.714648	26.5078	1.21385	11.3664	1.71598	5.09109	2.21726	2.34273	2.72057	1.75656	3.38981	0.503778	4.41101	0.177379	5.43305	1.61583e+06

1.85278e+06

9974
39.1725	0.400125	63.72	0.714619	26.4275	1.21426	11.3107	1.71577	5.04993	2.21765	2.36194	2.7198	1.75998	3.39164	0.499198	4.40961	0.178865	5.42129	1.30853e+06

1.50089e+06

34012
39.0563	0.400297	63.7224	0.714594	26.4955	1.21427	11.3634	1.7165	5.03202	2.21795	2.36537	2.72016	1.75964	3.39227	0.517582	4.40775	0.182494	5.42628	4.46577e+06

5.11862e+06

18922
39.1403	0.400241	63.7073	0.714554	26.5033	1.21412	11.377	1.71602	5.05882	2.21806	2.35604	2.71869	1.76488	3.39655	0.503858	4.40394	0.182909	5.4176	2.48508e+06

2.84955e+06

19778
38.9889	0.400302	63.726	0.714661	26.4761	1.21413	11.3802	1.7159	5.07291	2.21781	2.35636	2.71944	1.76145	3.39461	0.516028	4.41349	0.179543	5.41097	2.59698e+06

2.97575e+06

27392
39.1137	0.400371	63.6744	0.714785	26.5265	1.21457	11.3696	1.71641	5.05104	2.21784	2.35262	2.7196	1.76135	3.39295	0.512266	4.41178	0.179761	5.41919	3.59812e+06

4.12363e+06

19730
39.1017	0.400256	63.7276	0.714605	26.4725	1.21428	11.3555	1.71585	5.05971	2.21832	2.36483	2.71998	1.76903	3.39262	0.516574	4.40471	0.182869	5.41886	2.59135e+06

2.97036e+06

11817
39.1931	0.40015	63.6791	0.714804	26.4999	1.21437	11.3171	1.71633	5.04079	2.21651	2.37903	2.72011	1.75468	3.39132	0.509266	4.41032	0.184649	5.4283	1.55112e+06

1.77914e+06

11477
39.298	0.400131	63.7887	0.714696	26.3906	1.21446	11.3308	1.71617	5.03267	2.21759	2.36029	2.72026	1.77555	3.394	0.503877	4.4123	0.1828	5.41977	1.50701e+06

1.72916e+06

18890
39.0692	0.400343	63.7211	0.714907	26.5127	1.21408	11.3227	1.71575	5.07459	2.21779	2.3874	2.72054	1.75585	3.3935	0.512017	4.40794	0.178137	5.41214	2.48117e+06

2.84358e+06

25796
39.0952	0.400199	63.7438	0.714531	26.5039	1.21426	11.3471	1.7157	5.05536	2.21728	2.35858	2.71933	1.75624	3.39443	0.512599	4.40914	0.182586	5.42498	3.38732e+06

3.88373e+06

16790
39.1039	0.400245	63.5603	0.714852	26.5689	1.21418	11.4049	1.71587	5.0726	2.21758	2.36307	2.71898	1.76051	3.3911	0.515902	4.40707	0.179512	5.42091	2.20486e+06

2.52739e+06

27672
39.0676	0.400275	63.6734	0.714796	26.4872	1.21443	11.3612	1.71578	5.06064	2.21715	2.36011	2.72079	1.76008	3.39277	0.514853	4.41255	0.178448	5.42616	3.63272e+06

4.16363e+06

18621
39.1238	0.400322	63.7132	0.71486	26.5785	1.21464	11.3643	1.71604	5.04855	2.21744	2.36717	2.71994	1.76118	3.3916	0.510767	4.4066	0.175984	5.42497	2.44692e+06

2.80513e+06

21800
39.1206	0.400354	63.7691	0.714862	26.5054	1.21397	11.2947	1.71567	5.05936	2.21671	2.34661	2.72096	1.74881	3.3906	0.508349	4.40795	0.182798	5.41595	2.86339e+06

3.28168e+06

19283
38.9736	0.400339	63.6688	0.714585	26.5798	1.21429	11.3608	1.71558	5.06405	2.218	2.36032	2.72017	1.75092	3.39505	0.517917	4.40705	0.179899	5.42659	2.53229e+06

2.90125e+06

19263
39.1439	0.400281	63.7751	0.714539	26.5794	1.21399	11.3145	1.71611	5.02949	2.21775	2.37481	2.71951	1.7518	3.39342	0.52022	4.41321	0.180605	5.42752	2.53188e+06

2.90235e+06

14369
39.1342	0.400246	63.7163	0.714807	26.4715	1.21473	11.3347	1.71673	5.0769	2.21879	2.35423	2.71777	1.75969	3.39478	0.509012	4.41326	0.184007	5.41773	1.88669e+06

2.16312e+06

28133
39.1242	0.400242	63.6828	0.714716	26.5749	1.21436	11.3594	1.71558	5.05435	2.21694	2.36836	2.7193	1.77841	3.39373	0.512992	4.40461	0.181708	5.42101	3.69702e+06

4.23788e+06

38678
39.1365	0.400307	63.7357	0.714751	26.5088	1.21412	11.3492	1.7161	5.0681	2.21814	2.35881	2.71964	1.76237	3.39226	0.512384	4.40872	0.177103	5.42586	5.0816e+06

5.82525e+06

14984
39.0849	0.400307	63.7613	0.714494	26.4672	1.21471	11.3167	1.71635	5.07294	2.21826	2.36065	2.72093	1.76141	3.39046	0.513348	4.40797	0.178457	5.4308	1.96784e+06

2.25535e+06

10261
39.1872	0.400337	63.5326	0.714539	26.5328	1.21396	11.3625	1.71616	5.04337	2.21803	2.35347	2.72094	1.77049	3.38921	0.504824	4.40875	0.17815	5.42723	1.34656e+06

1.54393e+06

34007
39.0855	0.40031	63.7241	0.714892	26.5324	1.2143	11.364	1.7157	5.0956	2.21713	2.36789	2.7195	1.74696	3.3919	0.51807	4.40482	0.184521	5.42012	4.46957e+06

5.1221e+06

19627
39.0866	0.400424	63.707	0.714792	26.4961	1.21443	11.3751	1.71609	5.06231	2.2173	2.37571	2.71923	1.7777	3.39281	0.50991	4.40701	0.182504	5.4204	2.57918e+06

2.9553e+06

22006
39.1109	0.400344	63.7116	0.714737	26.531	1.21439	11.3604	1.71618	5.06216	2.21788	2.37422	2.7189	1.75302	3.39506	0.50977	4.41131	0.17727	5.42385	2.8915e+06

3.31389e+06

21607
39.1399	0.400286	63.7426	0.714567	26.4918	1.21417	11.339	1.71619	5.06901	2.21836	2.37164	2.71963	1.75346	3.3933	0.513213	4.40975	0.182348	5.42327	2.8386e+06

3.25408e+06

29328
39.0128	0.40049	63.6857	0.714689	26.4602	1.21454	11.3517	1.71625	5.06103	2.21788	2.34752	2.71922	1.76579	3.39567	0.507945	4.40964	0.175702	5.42411	3.85e+06

4.41e+06

16348
39.028	0.40029	63.7095	0.714751	26.533	1.21449	11.3309	1.7158	5.0523	2.21831	2.37075	2.71861	1.76499	3.3952	0.520308	4.40737	0.176352	5.42328	2.14676e+06

2.46015e+06

4561
18025
38.9914	0.400183	63.8864	0.714636	26.4609	1.21484	11.4004	1.71578	5.06446	2.21765	2.35387	2.72056	1.79982	3.39421	0.502083	4.41446	0.177373	5.41111	599537

687054

39.0399	0.400284	63.6484	0.714729	26.5435	1.2141	11.3674	1.7154	5.04555	2.21723	2.36383	2.71873	1.76422	3.39395	0.521221	4.40952	0.180693	5.41698	2.36698e+06

2.71231e+06

21540
39.1919	0.400192	63.7135	0.714708	26.5128	1.21443	11.3734	1.71626	5.05427	2.21791	2.37558	2.7202	1.76119	3.39214	0.51611	4.41028	0.181894	5.42018	2.8301e+06

3.24566e+06

25752
39.0964	0.400348	63.7066	0.714785	26.5395	1.21414	11.3565	1.71556	5.0617	2.21738	2.35469	2.71951	1.76324	3.39306	0.511883	4.40872	0.180413	5.42189	3.38327e+06

3.8775e+06

26716
39.0669	0.400305	63.6306	0.714614	26.5466	1.21419	11.3734	1.71604	5.09062	2.21778	2.3721	2.71935	1.76561	3.39516	0.517068	4.41031	0.178657	5.42647	3.50951e+06

4.02187e+06

16514
39.1539	0.40041	63.7255	0.714677	26.5097	1.21426	11.31	1.71588	5.06746	2.21728	2.33844	2.71899	1.75609	3.39544	0.522224	4.40525	0.179545	5.42729	2.16937e+06

2.4864e+06

35583
39.0872	0.400326	63.6684	0.714702	26.5528	1.21433	11.3546	1.71603	5.07599	2.21772	2.36439	2.7189	1.75126	3.39263	0.509906	4.40936	0.181154	5.42344	4.67388e+06

5.35687e+06

13238
8767
39.1099	0.400249	63.6141	0.71455	26.5052	1.21413	11.3659	1.71586	5.03633	2.21786	2.35451	2.71862	1.77565	3.38969	0.519338	4.40729	0.18462	5.43383	1.73693e+06

1.99186e+06

39.1677	0.400236	63.6571	0.714869	26.5263	1.21388	11.3587	1.71547	5.05156	2.21834	2.36911	2.71992	1.74187	3.39499	0.50154	4.40927	0.179423	5.4273	1.15124e+06

1.3199e+06

14750
39.226	0.400287	63.7835	0.714417	26.467	1.21421	11.377	1.71645	5.05302	2.2169	2.35953	2.71948	1.74054	3.39322	0.511593	4.41257	0.180542	5.4214	1.93887e+06

2.22281e+06

14657
39.0017	0.400342	63.6636	0.715083	26.5144	1.21439	11.4012	1.71595	5.0977	2.21745	2.36447	2.71929	1.76359	3.39213	0.526711	4.40863	0.177049	5.41567	1.92527e+06

2.20603e+06

17758
39.1658	0.400313	63.7107	0.714669	26.4798	1.21424	11.3384	1.71553	5.06949	2.21707	2.36175	2.72033	1.7716	3.39219	0.520273	4.40496	0.184142	5.41977	2.33308e+06

2.67439e+06

21211
39.1292	0.400285	63.5972	0.714675	26.4445	1.2142	11.3806	1.71567	5.08331	2.21739	2.37165	2.71916	1.7539	3.392	0.521993	4.4082	0.182688	5.42884	2.78381e+06

3.19151e+06

10238
39.0799	0.400253	63.6947	0.714672	26.519	1.21444	11.3631	1.71599	5.08205	2.21872	2.35544	2.72031	1.78443	3.39355	0.51133	4.41003	0.17855	5.4253	1.34465e+06

1.54152e+06

33692
39.1474	0.40023	63.6756	0.714872	26.5218	1.21444	11.3471	1.71609	5.06643	2.21753	2.35507	2.71893	1.75982	3.39241	0.512258	4.40956	0.180666	5.42203	4.42364e+06

5.07288e+06

24860
39.0714	0.400291	63.7602	0.714472	26.5172	1.21412	11.3464	1.71612	5.06561	2.21727	2.38592	2.71983	1.76939	3.39106	0.512389	4.41418	0.183669	5.42224	3.26763e+06

3.74422e+06

25489
39.048	0.40031	63.7029	0.714652	26.5056	1.21442	11.3616	1.71585	5.06069	2.218	2.35761	2.72063	1.75421	3.39528	0.512299	4.40763	0.180862	5.42657	3.3471e+06

3.83568e+06

14346
39.0632	0.400314	63.7132	0.714688	26.5388	1.21407	11.3254	1.71553	5.06971	2.21732	2.36073	2.7192	1.76795	3.39321	0.497421	4.41141	0.181514	5.42484	1.88437e+06

2.15933e+06

32659
39.1504	0.400244	63.7415	0.714648	26.4911	1.2139	11.3575	1.71627	5.05211	2.21723	2.3652	2.71828	1.74699	3.39267	0.509936	4.4088	0.177409	5.41936	4.28904e+06

4.91819e+06

10923
39.1018	0.400446	63.7765	0.714812	26.4285	1.21408	11.3157	1.71616	5.06747	2.21734	2.35018	2.7187	1.74393	3.3895	0.501694	4.40768	0.182825	5.40519	1.43416e+06

1.64357e+06

24508
39.0266	0.400457	63.6764	0.714768	26.5056	1.21426	11.3697	1.71628	5.06712	2.21771	2.38086	2.71924	1.75277	3.39186	0.514771	4.40718	0.183369	5.41733	3.21951e+06

3.6879e+06

24778
39.1511	0.400214	63.7529	0.714689	26.4916	1.21425	11.3274	1.7159	5.07898	2.21716	2.35955	2.71876	1.75926	3.39049	0.511825	4.40681	0.180725	5.42164	3.25474e+06

3.7319e+06

20031
39.0785	0.400226	63.7191	0.714578	26.5553	1.21434	11.3948	1.71613	5.0615	2.21751	2.36688	2.72006	1.76142	3.39106	0.510459	4.41209	0.181119	5.41369	2.63226e+06

3.01725e+06

9408
39.0257	0.400252	63.6719	0.714341	26.5919	1.21398	11.3157	1.71643	5.05091	2.21731	2.35162	2.71889	1.76392	3.39249	0.516475	4.41041	0.182611	5.42241	1.2354e+06

1.41563e+06

31511
39.1158	0.40036	63.6645	0.71478	26.4154	1.21427	11.3722	1.71569	5.06801	2.21703	2.36359	2.72045	1.76443	3.39443	0.519152	4.40519	0.180984	5.42049	4.137e+06

4.74128e+06

12517
39.1222	0.400284	63.6539	0.714629	26.5791	1.21438	11.3586	1.71659	5.06927	2.21721	2.36926	2.71937	1.74275	3.39238	0.516577	4.40808	0.17672	5.41856	1.64432e+06

1.88492e+06

8817
39.1283	0.400371	63.6565	0.714483	26.4933	1.21388	11.3222	1.71652	5.04911	2.21833	2.38278	2.71917	1.77487	3.39708	0.499603	4.40973	0.17591	5.41024	1.1577e+06

1.3268e+06

12054
39.2018	0.400291	63.7334	0.714967	26.6089	1.21448	11.3619	1.71628	5.06736	2.21761	2.3525	2.71934	1.74747	3.39319	0.51037	4.40652	0.179691	5.43348	1.58539e+06

1.8173e+06

14636
39.0486	0.400293	63.7285	0.714842	26.4932	1.21475	11.3506	1.71612	5.10672	2.21718	2.34477	2.71913	1.74898	3.39601	0.518653	4.40478	0.181607	5.4231	1.92227e+06

2.20304e+06

10971
39.0846	0.400362	63.4852	0.714499	26.5456	1.21386	11.3671	1.71611	5.05433	2.21603	2.36442	2.71805	1.74907	3.39359	0.514447	4.41211	0.184669	5.41403	1.43931e+06

1.64948e+06

13856
39.0235	0.400295	63.779	0.714817	26.4299	1.21428	11.3268	1.71616	5.0586	2.21754	2.32506	2.71939	1.74553	3.39178	0.516094	4.41098	0.178118	5.42269	1.818e+06

2.0837e+06

25739
39.1228	0.400414	63.6601	0.714967	26.5467	1.21412	11.3527	1.71625	5.05342	2.21817	2.35918	2.71916	1.75372	3.39512	0.510587	4.40903	0.180854	5.41921	3.38127e+06

3.87475e+06

10024
29424
14994
18790
13124
39.1932	0.40024	63.5792	0.714782	26.5168	1.21409	11.4614	1.7158	5.0823	2.21743	2.37839	2.72109	1.77225	3.39663	0.521548	4.40568	0.178172	5.42289	1.31732e+06

1.51045e+06

39.0669	0.400256	63.7462	0.714791	26.4196	1.21426	11.3513	1.7161	5.07878	2.21768	2.38224	2.71982	1.7518	3.39493	0.51424	4.40769	0.183048	5.42512	3.86368e+06

4.42814e+06

39.1825	0.400298	63.6453	0.714669	26.4372	1.21397	11.3253	1.71592	5.05689	2.21777	2.35267	2.71925	1.7551	3.39582	0.516673	4.40567	0.182273	5.41484	1.96739e+06

2.25591e+06

39.1123	0.400245	63.6912	0.714742	26.5491	1.21407	11.3461	1.7157	5.04337	2.21753	2.36727	2.7197	1.75476	3.38943	0.512028	4.40966	0.184992	5.42291	2.46766e+06

2.82904e+06

39.0509	0.400281	63.6436	0.71456	26.5072	1.21409	11.3526	1.7154	5.06126	2.21703	2.36216	2.7189	1.76097	3.39257	0.506629	4.40806	0.182719	5.42396	1.72288e+06

1.97422e+06

19436
31771
12698
19434
39.1784	0.400218	63.7288	0.714595	26.5525	1.2142	11.3292	1.71636	5.07224	2.21826	2.38295	2.7197	1.74074	3.39329	0.508284	4.40462	0.180233	5.42547	2.55427e+06

2.92849e+06
13007

39.0768	0.400324	63.7256	0.714737	26.5093	1.21423	11.3521	1.71561	5.07324	2.21799	2.36445	2.71878	1.75175	3.39159	0.515627	4.4065	0.181046	5.42317	4.17374e+06

4.78312e+06

39.1264	0.400288	63.6566	0.71471	26.5449	1.21413	11.3168	1.71556	5.07844	2.2188	2.34273	2.71912	1.75343	3.39136	0.508742	4.40924	0.18247	5.41357	1.6667e+06

1.91118e+06

19549
35263
39.0959	0.400268	63.7743	0.714636	26.4806	1.2145	11.3054	1.71625	5.05591	2.21737	2.38319	2.72032	1.75017	3.39201	0.511382	4.40484	0.1818	5.4267	2.56762e+06

2.94288e+06

39.0886	0.400381	63.7251	0.714848	26.5158	1.21448	11.3204	1.71625	5.05387	2.21758	2.35916	2.71948	1.75877	3.39478	0.50741	4.40593	0.185037	5.41133	2.5528e+06

2.92509e+06

39.091	0.400184	63.6181	0.714637	26.5392	1.21445	11.3849	1.71603	5.07281	2.21717	2.40524	2.71911	1.77443	3.39458	0.518413	4.40144	0.184824	5.42975	1.70871e+06
30373

1.95871e+06

25056
39.1892	0.400242	63.7006	0.71476	26.5247	1.21423	11.3229	1.71586	5.06111	2.21813	2.34991	2.71958	1.74568	3.3929	0.507104	4.4111	0.179537	5.4209	4.63056e+06

5.30993e+06

19079
15029
39.0613	0.400244	63.6957	0.714723	26.5273	1.21444	11.3589	1.71596	5.08247	2.21754	2.36351	2.71967	1.75577	3.39223	0.512429	4.40966	0.180555	5.42507	3.98884e+06

4.57229e+06

15453
39.1514	0.400248	63.7008	0.714862	26.5489	1.21418	11.3623	1.71627	5.05643	2.21758	2.36275	2.71958	1.76852	3.39426	0.508381	4.40676	0.181194	5.42018	3.29272e+06

3.77445e+06

39.1449	0.400087	63.7447	0.714774	26.463	1.2145	11.331	1.71578	5.06704	2.21856	2.36134	2.71966	1.76728	3.39341	0.51119	4.40726	0.182714	5.42689	2.50466e+06

2.87279e+06

39.1233	0.400326	63.6965	0.714745	26.505	1.21445	11.3191	1.71584	5.0837	2.21692	2.36057	2.71841	1.74862	3.39271	0.512875	4.40529	0.182647	5.42401	1.97356e+06

2.26235e+06

26988
39.2326	0.400236	63.7179	0.714727	26.5031	1.21438	11.3533	1.71582	5.05753	2.21714	2.36931	2.71959	1.75455	3.3948	0.51414	4.41422	0.182165	5.42501	2.03052e+06

2.32853e+06

39.0458	0.400403	63.6676	0.714849	26.4519	1.21452	11.3276	1.71636	5.06951	2.21738	2.37657	2.71996	1.74311	3.39091	0.510597	4.40963	0.184193	5.42526	3.54115e+06

4.05837e+06

12599
38.9394	0.400239	63.5102	0.714602	26.568	1.21406	11.3453	1.71636	5.07255	2.21709	2.3732	2.71959	1.76149	3.3923	0.525121	4.40968	0.180173	5.42158	1.65189e+06

1.89332e+06

27920
39.0568	0.400304	63.6446	0.714614	26.5715	1.21404	11.3447	1.71623	5.09688	2.21778	2.36791	2.72008	1.76522	3.3914	0.512643	4.4086	0.18202	5.42086	3.668e+06

4.20314e+06

21208
39.1241	0.40026	63.7707	0.714881	26.48	1.21453	11.3184	1.71621	5.05564	2.21782	2.36533	2.71947	1.75825	3.39164	0.513391	4.4097	0.182337	5.41718	2.78567e+06

3.19325e+06

12079
39.1921	0.400311	63.6266	0.714581	26.5431	1.21458	11.3493	1.71634	5.06929	2.21753	2.36609	2.71909	1.75346	3.39271	0.517841	4.40661	0.18023	5.41992	1.58696e+06

1.81907e+06

18847
39.2242	0.400288	63.684	0.714679	26.5052	1.21446	11.3548	1.71612	5.06669	2.21812	2.36016	2.71921	1.74367	3.39493	0.506234	4.41385	0.179339	5.42001	2.47567e+06

2.83882e+06

12448
38.9837	0.400329	63.827	0.714612	26.501	1.21428	11.2878	1.71586	5.0621	2.21824	2.35781	2.71795	1.7635	3.39363	0.516388	4.41256	0.177619	5.40897	1.6349e+06

1.87314e+06

20309
39.2978	0.400258	63.6798	0.714944	26.5459	1.21416	11.3075	1.71603	5.03491	2.21846	2.35826	2.71894	1.74115	3.39338	0.512778	4.40855	0.179625	5.42073	2.66752e+06

3.05971e+06

18311
39.1518	0.400345	63.7515	0.714652	26.4988	1.21415	11.3181	1.71598	5.03189	2.21779	2.35208	2.72015	1.74775	3.39048	0.50953	4.41079	0.172792	5.41347	2.40439e+06

2.75643e+06

9951
39.0599	0.40032	63.7411	0.714724	26.4895	1.21403	11.34	1.71627	5.06813	2.21745	2.36197	2.71958	1.75661	3.39375	0.522762	4.40597	0.182092	5.42405	1.30703e+06

1.49784e+06

17871
39.1557	0.40029	63.6699	0.714737	26.4707	1.21404	11.3513	1.71597	5.09115	2.21773	2.37687	2.71965	1.7482	3.39098	0.509149	4.40726	0.179677	5.41824	2.34646e+06

2.69053e+06

25964
39.0243	0.400309	63.6727	0.714988	26.5421	1.21416	11.3793	1.71609	5.05342	2.21755	2.36932	2.71852	1.7639	3.39292	0.522493	4.40633	0.181058	5.42233	3.41082e+06

3.9078e+06

20174
38.993	0.400269	63.6908	0.714823	26.4904	1.21444	11.3882	1.71584	5.06984	2.21747	2.36706	2.72031	1.75102	3.39448	0.520026	4.41476	0.183751	5.42683	2.64865e+06

3.03526e+06

24502
39.0793	0.400384	63.8165	0.71458	26.4234	1.21449	11.3609	1.71606	5.06008	2.21755	2.38397	2.72003	1.73439	3.39259	0.513509	4.40515	0.181863	5.41933	3.21924e+06

3.68887e+06

25835
39.0581	0.400438	63.6834	0.714837	26.495	1.21417	11.3165	1.71611	5.05547	2.21719	2.38579	2.72079	1.77712	3.39081	0.522315	4.40772	0.185136	5.41722	3.39295e+06

3.88762e+06

17967
39.1326	0.400331	63.7812	0.714721	26.4788	1.21426	11.3397	1.7164	5.05154	2.21802	2.37018	2.71813	1.73557	3.39334	0.509267	4.40517	0.176045	5.41095	2.36038e+06

2.70538e+06

18093
39.143	0.400151	63.7098	0.714683	26.5375	1.21432	11.3505	1.71582	5.08876	2.21737	2.36196	2.71993	1.76295	3.39495	0.511358	4.41049	0.179406	5.41959	2.37698e+06

2.72562e+06

14870
39.1171	0.400251	63.6302	0.714731	26.5535	1.21429	11.3685	1.71619	5.09119	2.21731	2.35057	2.72018	1.75743	3.39589	0.517485	4.40564	0.173773	5.42105	1.95314e+06

30552
2.23882e+06

9447
39.086	0.400354	63.7204	0.714776	26.5474	1.21418	11.3592	1.71633	5.0832	2.21829	2.35618	2.72027	1.75638	3.39416	0.51234	4.40975	0.181559	5.42278	4.01518e+06

4.60121e+06

39.162	0.400353	63.78	0.714593	26.5807	1.21372	11.3079	1.71626	5.05494	2.21872	2.32741	2.72033	1.75156	3.39248	0.50651	4.40486	0.185244	5.42827	1.24194e+06

1.42325e+06

25942
39.1513	0.400281	63.7048	0.71457	26.5172	1.2142	11.3514	1.71625	5.06642	2.21728	2.3647	2.71906	1.76802	3.39162	0.509675	4.41031	0.179362	5.41819	3.40835e+06

3.9072e+06

16515
39.1273	0.40025	63.7149	0.714565	26.5325	1.21427	11.3568	1.71627	5.06394	2.21753	2.33993	2.72011	1.77881	3.39179	0.512564	4.40484	0.181835	5.42181	2.17012e+06

2.4873e+06

23322
39.0475	0.400347	63.6869	0.714709	26.5102	1.21412	11.3662	1.71606	5.05724	2.21901	2.37042	2.71919	1.75319	3.39157	0.522854	4.41151	0.180559	5.42537	3.0631e+06

3.50984e+06

14453
39.1021	0.400318	63.6165	0.71488	26.5177	1.21424	11.357	1.71613	5.08178	2.21735	2.34263	2.71824	1.7604	3.39759	0.509721	4.40995	0.184183	5.40397	1.89732e+06

2.17477e+06

24726
39.2378	0.400264	63.7091	0.714698	26.4873	1.21437	11.313	1.71623	5.04501	2.21765	2.3451	2.71906	1.75224	3.39173	0.521718	4.41148	0.180256	5.42439	3.24651e+06

3.72352e+06

18919
39.1518	0.40031	63.6885	0.714535	26.5174	1.21425	11.3106	1.71622	5.05872	2.21727	2.37798	2.71982	1.74185	3.39344	0.514298	4.40497	0.181352	5.42221	2.48481e+06

2.84811e+06

17806
38.9405	0.400578	63.7505	0.714857	26.5072	1.21415	11.3829	1.71571	5.07514	2.21822	2.35657	2.71962	1.75503	3.39361	0.515557	4.4087	0.181961	5.41934	2.34033e+06

2.67919e+06

29182
39.1703	0.400237	63.6849	0.714765	26.5401	1.21458	11.3424	1.71605	5.05754	2.21745	2.36906	2.72024	1.75468	3.39377	0.50634	4.40765	0.1797	5.42041	3.83268e+06

4.39495e+06

17229
39.1817	0.400332	63.7903	0.714806	26.4753	1.21414	11.3488	1.71645	5.06971	2.21763	2.36021	2.72082	1.7517	3.39188	0.509954	4.40487	0.181322	5.41688	2.26426e+06

35722
2.59588e+06
34653

39.0907	0.400356	63.6808	0.714844	26.4925	1.21385	11.3573	1.71611	5.06749	2.21729	2.36742	2.71945	1.74976	3.39082	0.514865	4.40636	0.181457	5.41815	4.69146e+06

5.37624e+06

39.0374	0.400328	63.7112	0.714706	26.5216	1.2142	11.3705	1.71638	5.07927	2.21806	2.37356	2.71933	1.76149	3.39419	0.515424	4.40643	0.182784	5.41994	4.5527e+06

5.21712e+06

17726
39.0122	0.400177	63.7308	0.714801	26.5025	1.21413	11.3567	1.71588	5.07497	2.21755	2.36822	2.72008	1.77288	3.3949	0.518335	4.40417	0.178269	5.41624	2.32763e+06

2.66803e+06

17057
23754
39.1023	0.400295	63.741	0.71466	26.4797	1.21406	11.3475	1.71627	5.08859	2.21798	2.35768	2.71917	1.7533	3.39603	0.510289	4.40995	0.188779	5.42041	2.24075e+06
39.1495	0.400179	63.7595	0.714443	26.5446	1.21426	11.3188	1.71602	5.05974	2.2178	2.36023	2.71947	1.7653	3.39456	0.51183	4.41286	0.184306	5.42218	3.12078e+06

3.57863e+06


2.56826e+06

23359
39.1407	0.400293	63.759	0.714741	26.4444	1.21405	11.3208	1.71634	5.08588	2.21749	2.34376	2.71895	1.75418	3.39179	0.509482	4.4085	0.176377	5.41769	3.06719e+06

3.51634e+06

12247
39.2377	0.400285	63.731	0.714602	26.493	1.21438	11.3273	1.71588	5.04654	2.21822	2.34531	2.72023	1.75521	3.39277	0.511554	4.41126	0.183474	5.43043	1.60879e+06

1.84478e+06

47422
39.0338	0.400296	63.7183	0.714723	26.527	1.21429	11.3548	1.71611	5.07256	2.2183	2.36987	2.71914	1.76469	3.39293	0.515499	4.40914	0.180212	5.42639	6.22996e+06

7.13875e+06

15445
39.0365	0.400247	63.7305	0.71482	26.5519	1.2147	11.37	1.71593	5.10567	2.21873	2.36407	2.71892	1.75047	3.39344	0.515053	4.41319	0.180511	5.41908	2.02974e+06

2.32609e+06

11262
39.1258	0.400474	63.6659	0.71453	26.4984	1.21432	11.3658	1.71659	5.0666	2.21918	2.38617	2.71911	1.74996	3.39095	0.520067	4.41231	0.179719	5.414	1.47958e+06

1.69559e+06

19369
39.0669	0.40035	63.6879	0.714621	26.5134	1.2144	11.385	1.71663	5.05607	2.21829	2.38107	2.71908	1.75719	3.39179	0.515411	4.4123	0.185348	5.4246	2.5447e+06

2.91597e+06

21780
39.1021	0.400254	63.8457	0.714691	26.5364	1.21454	11.3436	1.71581	5.06019	2.21818	2.37163	2.71899	1.75946	3.39396	0.511111	4.41119	0.185445	5.41162	2.86402e+06

3.28259e+06

27940
39.114	0.400391	63.7201	0.714605	26.5331	1.21413	11.3293	1.71625	5.09485	2.21797	2.36747	2.71997	1.74621	3.39132	0.515963	4.40504	0.183644	5.42382	3.67156e+06

4.20789e+06

17034
14621
39.0204	0.400237	63.7686	0.714893	26.5114	1.21439	11.3988	1.71618	5.09023	2.21834	2.37513	2.71999	1.76089	3.39327	0.513091	4.40316	0.181167	5.42779	2.23899e+06

2.56566e+06

39.1317	0.400309	63.7967	0.714698	26.4079	1.21416	11.3689	1.7155	5.05205	2.21659	2.34765	2.72034	1.76999	3.39173	0.514397	4.40957	0.180357	5.42289	1.92051e+06

2.20148e+06

33292
39.0744	0.40025	63.738	0.714749	26.5682	1.21425	11.3777	1.71597	5.04509	2.21758	2.36642	2.71955	1.76186	3.39105	0.51589	4.40252	0.183678	5.41653	4.37584e+06

5.01481e+06

33279
39.0915	0.400272	63.6985	0.715018	26.4896	1.21421	11.3536	1.71583	5.05739	2.21759	2.36053	2.71984	1.75711	3.39281	0.509961	4.40772	0.182337	5.42134	4.36931e+06

5.00851e+06

30281
39.0949	0.400165	63.7765	0.714686	26.5233	1.21432	11.3517	1.71595	5.07348	2.21761	2.36003	2.72045	1.73449	3.39307	0.510683	4.40925	0.184967	5.42403	3.9782e+06

4.56062e+06

10667
39.0594	0.400316	63.8707	0.714686	26.4684	1.21402	11.3293	1.71585	5.03459	2.21814	2.35736	2.72037	1.73591	3.39229	0.505672	4.41434	0.179151	5.42137	1.40136e+06

1.60582e+06

20275
39.016	0.400198	63.7886	0.714814	26.4973	1.21432	11.3456	1.71569	5.07867	2.21743	2.36651	2.7193	1.76853	3.39443	0.511221	4.4001	0.180025	5.42521	2.66349e+06

3.05245e+06

35274
39.1159	0.400247	63.7494	0.714485	26.4915	1.21456	11.3754	1.71619	5.08108	2.21785	2.3544	2.71931	1.77167	3.39476	0.506889	4.40609	0.180303	5.42597	4.63563e+06

5.3132e+06

14488
29572
39.0374	0.400354	63.6479	0.714737	26.5455	1.21455	11.3465	1.71615	5.09649	2.21786	2.37396	2.71989	1.75131	3.39205	0.506764	4.41519	0.181599	5.42272	1.90299e+06

2.18026e+06

39.0472	0.400272	63.6827	0.714663	26.5357	1.21415	11.3355	1.71562	5.07534	2.21733	2.37559	2.71992	1.77715	3.3909	0.515251	4.40579	0.183315	5.42161	3.88406e+06

4.45141e+06

22703
39.0726	0.400246	63.715	0.714836	26.5403	1.2145	11.3467	1.71612	5.04312	2.21683	2.36634	2.71905	1.77294	3.39034	0.510549	4.40549	0.178787	5.42129	2.98168e+06
26589

16056
3.41786e+06

39.1879	0.400314	63.6561	0.714603	26.4548	1.21432	11.3395	1.71551	5.07056	2.21724	2.35699	2.7189	1.76708	3.39385	0.520441	4.40926	0.180187	5.41922	3.4914e+06

4.00254e+06

39.0097	0.4004	63.6118	0.714756	26.5038	1.21461	11.4476	1.71578	5.08153	2.21769	2.37867	2.71875	1.76949	3.39142	0.515197	4.40638	0.179559	5.42641	2.10877e+06

2.41639e+06

25757
39.0423	0.400276	63.6815	0.714651	26.5182	1.21404	11.3491	1.71594	5.07151	2.21744	2.37236	2.71931	1.75851	3.39292	0.509609	4.40895	0.185154	5.42101	3.38204e+06

3.87612e+06

11222
39.1502	0.400409	63.7035	0.714526	26.5536	1.21383	11.3279	1.71574	5.01105	2.21898	2.33969	2.71826	1.74416	3.39244	0.499198	4.4051	0.182231	5.42665	1.47361e+06

1.68904e+06

24639
39.1198	0.400245	63.6837	0.714625	26.5885	1.21453	11.3264	1.71596	5.05682	2.218	2.36637	2.7201	1.75774	3.39445	0.519623	4.40616	0.183327	5.42891	3.23639e+06

3.71069e+06

15591
39.0824	0.400258	63.6939	0.714583	26.5202	1.21447	11.3692	1.71628	5.07876	2.21715	2.36983	2.72039	1.74081	3.39321	0.505099	4.41004	0.185876	5.42249	2.04778e+06

2.34716e+06

31581
39.0972	0.400336	63.6319	0.714842	26.5709	1.21415	11.3879	1.71574	5.08515	2.21838	2.37326	2.71857	1.76673	3.39346	0.514297	4.40822	0.178652	5.42377	4.15054e+06

4.75629e+06

33924
39.1069	0.400348	63.7217	0.714805	26.5214	1.21428	11.3299	1.7159	5.05191	2.21687	2.36319	2.71951	1.76061	3.39278	0.514444	4.40987	0.181022	5.41765	4.45652e+06

5.1073e+06

32357
39.0637	0.400267	63.7748	0.714811	26.5183	1.21424	11.3633	1.71586	5.05544	2.21735	2.34923	2.71926	1.7433	3.39599	0.516766	4.41038	0.180826	5.41932	4.25033e+06

4.87185e+06

45534
39.0482	0.400362	63.7295	0.714767	26.5367	1.21442	11.3503	1.7159	5.06999	2.21729	2.35391	2.71905	1.77351	3.39257	0.514517	4.4103	0.179382	5.42354	5.9838e+06

6.85542e+06

13916
39.0105	0.40037	63.7375	0.714997	26.468	1.21441	11.343	1.71571	5.04743	2.21793	2.34744	2.71934	1.75086	3.39086	0.507761	4.41247	0.178859	5.42128	1.8267e+06

2.09285e+06

26117
39.1206	0.400282	63.672	0.714497	26.5369	1.21442	11.3435	1.71598	5.06597	2.21749	2.35046	2.71864	1.76839	3.39269	0.509936	4.41261	0.179423	5.42389	3.42975e+06

3.93184e+06

8005
39.0583	0.400168	63.6332	0.714972	26.5029	1.21395	11.4007	1.71627	5.08582	2.21828	2.34628	2.71903	1.76864	3.3943	0.506808	4.41773	0.183011	5.42816	1.05062e+06

1.20464e+06

15613
38.9945	0.400275	63.7019	0.714658	26.5094	1.2144	11.3735	1.71645	5.0734	2.21667	2.34856	2.71886	1.76456	3.39327	0.512586	4.40525	0.183437	5.42192	2.04995e+06

2.34916e+06

30452
39.0657	0.400283	63.7253	0.714759	26.4857	1.21423	11.3337	1.71549	5.06157	2.21788	2.35745	2.71981	1.76402	3.39332	0.514613	4.40715	0.179988	5.42105	3.99857e+06

4.58266e+06

19512
39.1257	0.400283	63.6445	0.71488	26.5384	1.21435	11.3733	1.71625	5.06201	2.21732	2.3872	2.71899	1.75892	3.39231	0.504459	4.40794	0.178096	5.43014	2.56306e+06

2.93797e+06

10273
39.0957	0.400334	63.6262	0.715083	26.5367	1.2147	11.3295	1.71595	5.0953	2.21789	2.35452	2.72112	1.76034	3.39158	0.530225	4.408	0.17765	5.42262	1.34907e+06

1.54615e+06

28839
39.1219	0.40034	63.6532	0.714748	26.5102	1.21448	11.3714	1.71639	5.08111	2.21765	2.35358	2.71981	1.7415	3.39511	0.509068	4.40599	0.181768	5.4218	3.78725e+06

4.34095e+06

15013
39.2018	0.400231	63.6451	0.714463	26.4804	1.21407	11.3344	1.71611	5.07966	2.21792	2.36388	2.71917	1.7658	3.39759	0.517951	4.4104	0.178112	5.42541	1.97085e+06

2.26046e+06

26835
39.2193	0.400366	63.6117	0.714732	26.4749	1.21425	11.3491	1.71605	5.07345	2.21776	2.35782	2.71902	1.76236	3.39333	0.518092	4.40883	0.176635	5.42277	3.52366e+06

4.03983e+06

24132
39.1496	0.400309	63.707	0.714666	26.4602	1.21404	11.3354	1.71603	5.07177	2.21795	2.36412	2.71871	1.75949	3.3928	0.501285	4.40806	0.180797	5.41967	3.16851e+06

3.63258e+06

15622
39.2894	0.400178	63.758	0.714359	26.4955	1.21462	11.3295	1.71578	5.05671	2.21715	2.33651	2.71808	1.74331	3.39415	0.502496	4.40654	0.179362	5.4169	2.05229e+06

2.35409e+06

37118
39.07	0.400285	63.7119	0.714733	26.496	1.21433	11.3481	1.71566	5.07816	2.21776	2.35406	2.71975	1.76728	3.39326	0.508433	4.41007	0.180209	5.42248	4.87387e+06

5.58679e+06

29305
39.0821	0.400251	63.7299	0.714963	26.4959	1.21447	11.3478	1.71592	5.05842	2.2176	2.35468	2.71895	1.75636	3.39366	0.516601	4.4085	0.178434	5.42288	3.84804e+06

4.411e+06

12159
25855
39.1789	0.400234	63.7397	0.714707	26.4901	1.2143	11.2947	1.71613	5.05329	2.21762	2.36212	2.7199	1.74825	3.39321	0.498478	4.40622	0.176988	5.41531	1.59643e+06

1.83045e+06

39.1329	0.400255	63.7036	0.714569	26.5082	1.21407	11.3165	1.71547	5.05009	2.21771	2.37289	2.71798	1.73986	3.39229	0.509418	4.40732	0.178109	5.42443	3.394e+06

3.89148e+06

10518
39.0297	0.400292	63.7086	0.714628	26.5251	1.21448	11.3288	1.7163	5.01607	2.21767	2.33619	2.71821	1.74596	3.39489	0.517494	4.40014	0.175319	5.41941	1.38017e+06

1.58173e+06

25617
39.1135	0.40026	63.7322	0.714816	26.5061	1.21408	11.3143	1.71614	5.06937	2.21757	2.35473	2.72036	1.75887	3.39236	0.503689	4.4082	0.179959	5.4261	3.36388e+06

3.8562e+06

14052
39.083	0.400194	63.5935	0.714667	26.5107	1.2144	11.3108	1.71582	5.07401	2.21782	2.3608	2.71994	1.75989	3.39183	0.519499	4.40747	0.182038	5.42698	1.8431e+06

2.11334e+06

17844
39.2456	0.400199	63.6746	0.714623	26.4948	1.21445	11.3588	1.71617	5.04988	2.21737	2.34555	2.72078	1.75263	3.39152	0.502298	4.4109	0.172831	5.42481	2.34271e+06

2.68725e+06

25458
39.1225	0.400269	63.7587	0.714639	26.4499	1.21418	11.3681	1.7164	5.03225	2.21804	2.35832	2.7204	1.74645	3.39496	0.507463	4.41215	0.181593	5.42291	3.34275e+06

3.83207e+06

25692
39.0682	0.400345	63.6895	0.714897	26.4967	1.21401	11.3592	1.716	5.05928	2.21759	2.35412	2.71941	1.76156	3.39388	0.510198	4.40992	0.181535	5.42774	3.37361e+06

3.86614e+06

12711
39.0614	0.400279	63.6514	0.71495	26.5122	1.21387	11.3841	1.71551	5.0568	2.2183	2.35339	2.71984	1.74211	3.39353	0.514751	4.4054	0.182126	5.41463	1.66857e+06

1.91248e+06

14188
39.0171	0.400525	63.7833	0.71471	26.5184	1.21432	11.3489	1.71627	5.09409	2.21709	2.35995	2.71799	1.75655	3.39537	0.511911	4.40648	0.177685	5.43044	1.86522e+06

2.13626e+06

18610
39.1083	0.400285	63.6435	0.714491	26.5021	1.21432	11.3574	1.71589	5.07877	2.21805	2.36292	2.71967	1.75572	3.39095	0.506985	4.41208	0.17727	5.4247	2.44348e+06

2.80068e+06

17411
39.1632	0.400368	63.7974	0.715127	26.4783	1.21422	11.3379	1.71603	5.07024	2.21816	2.35793	2.72065	1.75975	3.39152	0.51456	4.40449	0.181552	5.41477	2.28834e+06

2.62316e+06

18440
39.1747	0.400149	63.667	0.714827	26.5411	1.21427	11.3618	1.71585	5.02104	2.21749	2.34284	2.71882	1.75786	3.39584	0.509978	4.4124	0.185141	5.41758	2.42052e+06

2.77635e+06

19466
39.0322	0.400487	63.7216	0.714543	26.5104	1.21432	11.359	1.71556	5.07644	2.21673	2.36227	2.71858	1.76241	3.39332	0.509247	4.40972	0.181239	5.42065	2.55789e+06

2.92992e+06

11887
39.0524	0.400317	63.5878	0.714756	26.4727	1.21416	11.3265	1.71669	5.08791	2.21741	2.37158	2.72066	1.77353	3.38915	0.515942	4.40426	0.185076	5.42663	1.55943e+06

1.78749e+06

14429
27464
39.2513	0.400324	63.8646	0.714599	26.5243	1.21412	11.316	1.71583	5.07908	2.21744	2.35006	2.71955	1.75868	3.39096	0.510015	4.40395	0.181648	5.41984	1.89817e+06

2.17641e+06

39.1011	0.400359	63.6578	0.714791	26.5394	1.21432	11.3672	1.71557	5.06183	2.21793	2.35443	2.71947	1.74982	3.39247	0.514747	4.40878	0.173354	5.42497	3.60709e+06

4.13387e+06

12104
39.241	0.400216	63.6146	0.714733	26.5056	1.21397	11.323	1.71537	5.08072	2.21719	2.36096	2.72063	1.77165	3.39186	0.513962	4.40617	0.181841	5.43109	1.58946e+06

1.82278e+06

40871
39.1005	0.400344	63.6494	0.714856	26.5122	1.21398	11.3508	1.71557	5.06736	2.21749	2.35277	2.72013	1.75437	3.39299	0.519464	4.40637	0.179981	5.42595	5.36639e+06

6.15055e+06

24403
39.0277	0.400326	63.5809	0.714735	26.4917	1.21457	11.365	1.71536	5.08626	2.21825	2.36041	2.71927	1.76999	3.3948	0.51465	4.40873	0.175429	5.41612	3.20214e+06

3.66953e+06

11723
39.073	0.400399	63.7418	0.714802	26.5377	1.21442	11.3793	1.71622	5.083	2.218	2.37397	2.72101	1.75066	3.38972	0.51753	4.4126	0.184424	5.43149	1.54127e+06

1.76597e+06

25973
39.0172	0.400337	63.6689	0.714784	26.5309	1.21466	11.3921	1.7161	5.07388	2.21759	2.38698	2.7197	1.75013	3.39267	0.509683	4.40633	0.181265	5.41716	3.41157e+06

3.90922e+06

24853
39.1913	0.400217	63.6705	0.714748	26.5173	1.21423	11.3396	1.7159	5.0781	2.21757	2.37207	2.72057	1.74723	3.39352	0.513298	4.40537	0.181226	5.423	3.26417e+06

3.74313e+06

24679
39.0383	0.400335	63.6163	0.714727	26.5394	1.2143	11.3655	1.71606	5.0393	2.21788	2.36533	2.71973	1.77215	3.39279	0.521212	4.40748	0.181977	5.4195	3.24003e+06

3.7127e+06

44413
39.047	0.400317	63.7024	0.714884	26.5561	1.21439	11.367	1.71629	5.08054	2.21812	2.35859	2.71914	1.76725	3.39346	0.50841	4.41162	0.182784	5.42333	5.83594e+06

6.68727e+06

11328
39.1306	0.400231	63.6655	0.714571	26.5943	1.21423	11.286	1.71577	5.03919	2.21738	2.36502	2.7195	1.7545	3.39123	0.502825	4.41317	0.174965	5.43216	1.48725e+06

1.70501e+06

11191
39.197	0.400365	63.6269	0.714671	26.5225	1.21425	11.3176	1.7158	5.04575	2.21761	2.37754	2.71951	1.77232	3.39329	0.502725	4.40815	0.177464	5.42347	1.46931e+06

1.68469e+06

10297
39.1097	0.400271	63.6991	0.714744	26.4964	1.21396	11.3417	1.71628	5.09304	2.21755	2.37399	2.71908	1.7608	3.39125	0.512868	4.40809	0.17442	5.42747	1.35222e+06

1.55034e+06

19860
39.1186	0.400306	63.7028	0.71465	26.5557	1.21447	11.332	1.71635	5.08731	2.21772	2.32744	2.71976	1.75569	3.39681	0.510473	4.40979	0.179708	5.41815	2.60891e+06

2.99031e+06

10892
39.1195	0.400209	63.7216	0.71508	26.5596	1.21408	11.3576	1.71638	5.06555	2.21874	2.39469	2.71852	1.77203	3.39777	0.506335	4.40862	0.181785	5.41635	1.43139e+06

1.64119e+06

35378
39.0594	0.400292	63.6978	0.714653	26.5172	1.21435	11.3444	1.71603	5.06775	2.21767	2.3676	2.71974	1.76768	3.39133	0.511335	4.40783	0.178105	5.42303	4.64579e+06

5.32479e+06

13390
39.1105	0.400233	63.7066	0.714534	26.5668	1.21394	11.4063	1.71583	5.07394	2.21848	2.35616	2.71892	1.75377	3.40007	0.507244	4.41124	0.18932	5.4206	1.75981e+06

2.01748e+06

18827
39.162	0.400309	63.7718	0.714802	26.4659	1.21442	11.3058	1.71611	5.05195	2.21715	2.35826	2.72001	1.75838	3.39361	0.508791	4.40285	0.182716	5.43424	2.473e+06

2.8347e+06

14595
39.0795	0.400282	63.6012	0.714655	26.4741	1.21421	11.3066	1.71658	5.06427	2.21835	2.37294	2.72045	1.75718	3.3872	0.518671	4.41054	0.181843	5.4182	1.91419e+06

2.19445e+06

10540
39.0583	0.400218	63.7073	0.71475	26.5484	1.21377	11.3983	1.71558	5.02021	2.21821	2.36803	2.72139	1.7703	3.39174	0.50389	4.41172	0.179507	5.42435	1.38418e+06

1.58684e+06

25612
39.0372	0.400244	63.7367	0.714653	26.4982	1.21447	11.382	1.71562	5.07727	2.21813	2.36331	2.71879	1.76355	3.39368	0.512104	4.40688	0.179486	5.41797	3.36434e+06

3.85588e+06

12511
39.0883	0.400209	63.8019	0.714462	26.4144	1.21428	11.3385	1.7167	5.0737	2.21738	2.37695	2.71898	1.76117	3.39639	0.51091	4.40223	0.188154	5.41235	1.64294e+06

1.88358e+06

35961
11150
39.1222	0.400265	63.7454	0.714563	26.4753	1.21417	11.3151	1.71572	5.06599	2.21712	2.36837	2.71961	1.7581	3.39289	0.516393	4.40971	0.179667	5.41673	4.72303e+06
39.11	0.400118	63.5664	0.714755	26.5348	1.21392	11.3303	1.71629	5.07946	2.21748	2.34933	2.71962	1.76045	3.3965	0.521076	4.40707	0.178924	5.42771	1.46245e+06


5.4138e+06
1.6773e+06


8562
39.2	0.400226	63.7832	0.714454	26.4147	1.21436	11.3941	1.71623	5.06412	2.21656	2.35599	2.72077	1.75543	3.39471	0.510278	4.40955	0.186055	5.42081	1.12489e+06

1.28998e+06

14823
39.1369	0.400274	63.7709	0.714426	26.5309	1.21418	11.3275	1.71606	5.05788	2.21858	2.36174	2.72025	1.75133	3.39259	0.514876	4.41007	0.181272	5.41446	1.9479e+06

2.23284e+06

14192
39.109	0.400354	63.7547	0.714638	26.5465	1.21458	11.2967	1.71573	5.03206	2.21768	2.35217	2.72115	1.75782	3.39335	0.512049	4.40624	0.183906	5.4198	1.86429e+06

2.13653e+06

13471
39.133	0.400179	63.6926	0.714796	26.4885	1.2144	11.3016	1.71602	5.08062	2.2179	2.34667	2.71884	1.76126	3.3952	0.503749	4.40931	0.180833	5.41433	1.7676e+06

2.02724e+06

35264
39.0143	0.400261	63.7381	0.714829	26.563	1.21393	11.3618	1.71592	5.05603	2.21783	2.37469	2.71921	1.75179	3.3948	0.513583	4.40818	0.185061	5.4265	4.6327e+06

5.30929e+06

17450
39.0871	0.400428	63.7624	0.714815	26.4548	1.21458	11.3061	1.71585	5.07948	2.21756	2.39158	2.72056	1.74865	3.39211	0.509398	4.40888	0.175759	5.42366	2.29227e+06

2.62649e+06

30440
39.0288	0.400387	63.676	0.714754	26.526	1.21436	11.32	1.71546	5.06965	2.21728	2.36183	2.71935	1.77099	3.39393	0.518068	4.4035	0.184133	5.42509	3.99734e+06

4.57986e+06

14183
39.128	0.400318	63.6632	0.714653	26.5579	1.21437	11.3255	1.71638	5.07819	2.21701	2.36713	2.71879	1.77861	3.39532	0.514771	4.40832	0.180427	5.42533	1.86369e+06

2.13587e+06

3088
39.0839	0.400265	63.6645	0.714802	26.3918	1.21415	11.3436	1.71474	5.01295	2.21719	2.38828	2.72145	1.78012	3.3919	0.500324	4.40419	0.170984	5.41847	404917

464239

10274
39.119	0.400521	63.6279	0.714588	26.5823	1.21437	11.3208	1.71617	5.05246	2.21759	2.36792	2.71985	1.75784	3.39111	0.502044	4.41219	0.177828	5.42269	1.34956e+06

1.54632e+06

16998
39.2525	0.400165	63.6639	0.7146	26.5018	1.21432	11.369	1.71608	5.08619	2.21758	2.36263	2.7188	1.75132	3.39202	0.502765	4.40743	0.182198	5.43015	2.23272e+06

2.56113e+06

11619
39.0893	0.400241	63.7062	0.714829	26.4512	1.21416	11.3653	1.71621	5.08581	2.21788	2.3626	2.72099	1.74877	3.39274	0.5176	4.40428	0.192013	5.41592	1.5258e+06

1.74888e+06

12813
39.188	0.400283	63.6641	0.714835	26.5344	1.21432	11.3614	1.71587	5.1056	2.21782	2.37048	2.71851	1.75049	3.3928	0.506439	4.40836	0.179973	5.4229	1.68364e+06

1.93042e+06

18962
39.1298	0.400306	63.6438	0.714704	26.5055	1.21393	11.3844	1.71653	5.06745	2.21823	2.3594	2.71876	1.74454	3.39518	0.512235	4.41155	0.179992	5.42496	2.48972e+06

2.8543e+06

11226
39.0767	0.400285	63.6738	0.714698	26.4201	1.21437	11.3968	1.71573	5.08952	2.21682	2.3801	2.72065	1.75975	3.39176	0.516836	4.40955	0.177534	5.41021	1.47384e+06

1.68941e+06

14496
39.1051	0.400194	63.7203	0.714678	26.5366	1.21423	11.3376	1.71622	5.05629	2.21796	2.36369	2.71907	1.77428	3.3923	0.509796	4.4072	0.179636	5.42019	1.90412e+06

2.18286e+06

13763
39.0761	0.400266	63.7164	0.714711	26.5654	1.21395	11.3663	1.71551	5.06874	2.21706	2.36489	2.71996	1.76313	3.3939	0.507738	4.40809	0.175035	5.41917	1.80826e+06

2.07276e+06

23732
39.032	0.400371	63.6558	0.714726	26.4927	1.21427	11.34	1.7158	5.07146	2.21755	2.36499	2.71913	1.75518	3.39168	0.521743	4.40969	0.182243	5.42357	3.11483e+06

3.56968e+06

14329
39.1031	0.400298	63.7485	0.714391	26.5042	1.21467	11.373	1.71545	5.07719	2.21796	2.37079	2.72006	1.75693	3.39418	0.520134	4.40889	0.179845	5.4265	1.88339e+06

2.15843e+06

39133
39.0758	0.400224	63.7162	0.714779	26.5151	1.21421	11.3561	1.71579	5.08106	2.21774	2.3645	2.72003	1.75228	3.39232	0.518999	4.40656	0.178187	5.41687	5.13995e+06

5.89179e+06

35801
39.1252	0.400334	63.6905	0.714759	26.4716	1.21429	11.3704	1.71577	5.07262	2.21821	2.37379	2.72028	1.77068	3.39111	0.520153	4.40817	0.180023	5.42495	4.70314e+06

5.39073e+06

32009
39.0678	0.40026	63.668	0.71464	26.5052	1.21435	11.3828	1.71645	5.08038	2.21752	2.37839	2.71929	1.763	3.3916	0.516136	4.40786	0.18273	5.42342	4.20406e+06

4.81878e+06

10956
39.046	0.400309	63.7191	0.714746	26.3825	1.21399	11.3745	1.71588	5.04801	2.21742	2.34949	2.71823	1.73914	3.39509	0.508671	4.39985	0.175246	5.41718	1.4371e+06

1.64716e+06

12543
39.1668	0.400252	63.7493	0.714696	26.4855	1.21421	11.2864	1.71616	5.05222	2.21811	2.36203	2.7198	1.75197	3.39178	0.511042	4.41019	0.173882	5.42496	1.64665e+06
33793

1.88821e+06

39.0855	0.400339	63.7296	0.714627	26.5032	1.21436	11.3668	1.71602	5.04865	2.21794	2.34445	2.71934	1.75912	3.39543	0.513864	4.40932	0.185601	5.4237	4.43856e+06

5.08709e+06

33576
39.1185	0.400272	63.7544	0.714662	26.4737	1.21415	11.3326	1.71592	5.05349	2.21716	2.36327	2.71939	1.7556	3.39309	0.509799	4.4067	0.180665	5.42222	4.40954e+06

5.0546e+06

32834
38.9951	0.400321	63.659	0.71477	26.5483	1.2143	11.3766	1.71652	5.08561	2.21693	2.36088	2.71946	1.75927	3.39248	0.519157	4.40936	0.176524	5.42459	4.3124e+06

4.94087e+06

20715
39.1195	0.400295	63.7152	0.71461	26.5222	1.21415	11.3234	1.71621	5.07227	2.21798	2.38064	2.71994	1.75752	3.39354	0.51663	4.40123	0.183152	5.42542	2.72174e+06

3.11948e+06

26639
38.9852	0.400341	63.7385	0.714807	26.5558	1.21412	11.3417	1.71586	5.06663	2.21722	2.36341	2.72077	1.75679	3.39376	0.509253	4.40906	0.179887	5.42482	3.49959e+06

4.00909e+06

9881
39.1745	0.400375	63.526	0.714704	26.4784	1.21394	11.3386	1.7153	5.03957	2.21708	2.35725	2.7183	1.73657	3.39448	0.509058	4.40608	0.181561	5.42028	1.29569e+06

11454
1.48552e+06

39.1382	0.40011	63.6864	0.714529	26.477	1.2144	11.3559	1.71657	5.05334	2.21759	2.3659	2.71821	1.75947	3.39635	0.507421	4.40077	0.186747	5.42827	1.50349e+06

1.72418e+06

37413
39.0697	0.400316	63.7039	0.714792	26.4881	1.21422	11.3747	1.7156	5.06941	2.21808	2.36471	2.71946	1.76262	3.39263	0.51728	4.4107	0.183492	5.42033	4.91393e+06

5.63192e+06

22620
39.0915	0.400327	63.7271	0.71484	26.5317	1.21407	11.3417	1.71525	5.08006	2.21791	2.34823	2.71969	1.75875	3.39418	0.517507	4.40701	0.180858	5.42404	2.97206e+06

3.40606e+06

12462
39.1853	0.400264	63.7574	0.714532	26.5244	1.21427	11.3252	1.71573	5.08105	2.21769	2.34754	2.71894	1.7579	3.39177	0.511234	4.40563	0.184481	5.42008	1.63779e+06

1.87771e+06

11159
39.1096	0.400189	63.6682	0.714391	26.4995	1.21418	11.38	1.7159	5.08576	2.21715	2.3701	2.72074	1.7601	3.39386	0.501747	4.41114	0.172417	5.41963	1.46509e+06

1.67996e+06

34682
39.0687	0.40022	63.7226	0.714618	26.4975	1.2142	11.309	1.71556	5.04443	2.21758	2.36702	2.71989	1.7597	3.39108	0.510236	4.40922	0.179084	5.41857	4.55216e+06

5.21819e+06

18030
39.0615	0.40031	63.7252	0.715117	26.4815	1.21413	11.3442	1.71607	5.09407	2.21752	2.37615	2.71888	1.77293	3.39233	0.514365	4.40766	0.186356	5.42798	2.36879e+06

2.71453e+06

13460
39.1339	0.400249	63.5955	0.714593	26.6008	1.21391	11.3924	1.71627	5.06612	2.21815	2.37184	2.72051	1.75706	3.39443	0.522808	4.40759	0.182467	5.41728	1.76852e+06

2.02738e+06

10974
39.2306	0.400228	63.7357	0.714589	26.5195	1.21391	11.3401	1.71584	5.09395	2.21713	2.36924	2.71951	1.76399	3.39214	0.507017	4.4055	0.174868	5.41813	1.44242e+06

1.65417e+06

34268
39.0705	0.400401	63.7646	0.714755	26.474	1.21405	11.3323	1.71583	5.06041	2.21712	2.35488	2.71983	1.75718	3.3909	0.503443	4.41195	0.180635	5.41471	4.50051e+06

5.15726e+06

12050
39.0958	0.400318	63.5862	0.715084	26.5834	1.21443	11.3895	1.71601	5.0873	2.2186	2.38183	2.72098	1.75485	3.39089	0.510954	4.40884	0.177178	5.42069	1.58298e+06

1.81433e+06

12269
16768
39.1291	0.400228	63.8145	0.714697	26.4899	1.21393	11.3713	1.71551	5.0392	2.21707	2.35887	2.71968	1.76274	3.39327	0.516587	4.40766	0.183715	5.41916	1.61235e+06
39.0621	0.400242	63.6605	0.714618	26.4891	1.21429	11.3358	1.71573	5.04354	2.21667	2.34918	2.7203	1.76109	3.39188	0.517712	4.41058	0.17593	5.42583	2.19967e+06


1.84852e+06
2.52182e+06


10377
39.2171	0.400295	63.6331	0.714706	26.5459	1.21458	11.3261	1.71602	5.08712	2.21865	2.35935	2.71794	1.74636	3.39135	0.5252	4.40764	0.180013	5.41764	1.36321e+06

1.56299e+06

21639
29119
39.1332	0.400288	63.7097	0.714858	26.497	1.21435	11.3094	1.71591	5.05176	2.21774	2.37123	2.71965	1.76547	3.39383	0.494986	4.40945	0.185776	5.41883	2.84089e+06

3.25707e+06

25140
16651
39.178	0.400136	63.7425	0.714747	26.505	1.21426	11.3605	1.71576	5.05131	2.21774	2.35849	2.72089	1.7617	3.39471	0.511728	4.40769	0.178509	5.42277	3.82493e+06

4.38671e+06

11847
35957
39.0283	0.400256	63.7167	0.714727	26.5453	1.21432	11.347	1.71625	5.08298	2.21779	2.36456	2.72022	1.77625	3.39169	0.506086	4.41084	0.176333	5.42764	3.30271e+06
39.121	0.400198	63.7222	0.714828	26.5889	1.21408	11.3418	1.71625	5.06619	2.21761	2.35031	2.71943	1.76032	3.39229	0.50616	4.40819	0.181467	5.42559	4.72473e+06


39.1695	0.400205	63.6173	0.71444	26.6024	1.21438	11.3959	1.71584	5.05567	2.21861	2.34965	2.71927	1.75971	3.39247	0.513543	4.40849	0.184614	5.42094	2.18758e+06
3.78466e+06
39.1174	0.400321	63.7973	0.714529	26.4787	1.21422	11.3237	1.71593	5.08306	2.2175	2.37495	2.72136	1.76188	3.3926	0.508061	4.4109	0.184013	5.42527	1.55707e+06
5.4165e+06



1.7845e+06


2.50844e+06

13831
39.1801	0.400235	63.6981	0.714708	26.5876	1.21398	11.3472	1.71589	5.06963	2.21726	2.36071	2.71936	1.74839	3.39195	0.50582	4.40759	0.18473	5.42464	1.81809e+06

2.08409e+06

35426
39.0523	0.400373	63.684	0.714838	26.5028	1.21433	11.3495	1.71552	5.08378	2.21771	2.35646	2.71984	1.76447	3.3929	0.509739	4.40822	0.18255	5.42057	4.65211e+06

5.3311e+06

22522
17916
38.9798	0.400293	63.6942	0.714843	26.5234	1.21442	11.3247	1.71575	5.08645	2.21813	2.37794	2.71991	1.75375	3.39141	0.514253	4.41163	0.180046	5.41121	2.9566e+06

3.38808e+06

39.1985	0.40023	63.5986	0.715027	26.4617	1.21427	11.3551	1.71625	5.04811	2.21819	2.34706	2.71911	1.76301	3.39504	0.516522	4.40773	0.181849	5.42121	2.35057e+06

2.69583e+06

11120
10425
39.0665	0.400259	63.6705	0.714456	26.5477	1.2144	11.3405	1.71639	5.07545	2.21763	2.35872	2.72096	1.7536	3.39181	0.505845	4.41284	0.178417	5.42891	1.45991e+06
39.1995	0.400287	63.7675	0.714392	26.4193	1.21452	11.3342	1.71595	5.0658	2.21721	2.36336	2.72029	1.7199	3.38981	0.501679	4.41321	0.177362	5.42833	1.36884e+06


1.67353e+06
1.56947e+06


16546
39.3168	0.400287	63.6962	0.714627	26.4659	1.21426	11.338	1.71585	5.0585	2.21745	2.35821	2.72028	1.74066	3.39182	0.506346	4.41013	0.177203	5.41725	2.17318e+06

2.49278e+06

18908
39.1717	0.400292	63.7518	0.714581	26.4431	1.21404	11.3905	1.71575	5.05997	2.21766	2.3654	2.7196	1.74143	3.3927	0.510049	4.41377	0.180982	5.43128	2.48403e+06

2.84783e+06

31605
39.0297	0.40026	63.7019	0.714845	26.4848	1.21429	11.3679	1.71624	5.09748	2.21761	2.36431	2.71999	1.77057	3.3923	0.514729	4.41156	0.183547	5.42794	4.1507e+06

4.75703e+06

18416
39.1109	0.400275	63.6324	0.714569	26.5249	1.21449	11.3775	1.71549	5.08465	2.21798	2.33911	2.72044	1.76113	3.39597	0.508308	4.41014	0.182776	5.42105	2.41771e+06

2.77201e+06

30370
39.1305	0.400299	63.7209	0.714564	26.5196	1.21423	11.3653	1.71607	5.07353	2.21802	2.37399	2.72033	1.75077	3.39311	0.516694	4.40222	0.180375	5.4195	3.99099e+06

4.57468e+06

22764
39.1778	0.400365	63.64	0.714755	26.5298	1.21441	11.3532	1.71649	5.05416	2.21776	2.35995	2.71857	1.7442	3.39434	0.523238	4.40885	0.180944	5.42114	2.99004e+06

3.42742e+06

23622
39.0926	0.400343	63.7245	0.714701	26.5186	1.21454	11.3802	1.7161	5.05478	2.21797	2.3592	2.72025	1.75138	3.39435	0.512277	4.41002	0.181187	5.42421	3.10373e+06

3.55688e+06

11385
39.1605	0.40019	63.6766	0.714895	26.5793	1.21477	11.2947	1.71536	5.0823	2.21747	2.39376	2.71821	1.76548	3.39415	0.522617	4.4126	0.179359	5.43198	1.49574e+06

1.7152e+06

32643
39.0379	0.400355	63.6868	0.714541	26.5034	1.2139	11.3891	1.71596	5.04813	2.21761	2.35913	2.71881	1.75823	3.39222	0.515271	4.40395	0.182459	5.41917	4.28689e+06

4.91213e+06

39529
39.003	0.400348	63.7474	0.714826	26.5256	1.21414	11.3529	1.71617	5.06423	2.2179	2.35685	2.71954	1.75714	3.3927	0.51891	4.40876	0.181411	5.41922	5.19282e+06

5.9494e+06

34741
38.9884	0.400345	63.7945	0.714752	26.5337	1.21422	11.358	1.71607	5.04654	2.21745	2.36582	2.71914	1.77465	3.39144	0.518494	4.40753	0.18304	5.42505	4.56533e+06

5.23072e+06

27322
39.1076	0.400181	63.674	0.714759	26.524	1.214	11.3631	1.71645	5.0751	2.21744	2.35524	2.71871	1.74621	3.39425	0.5168	4.41186	0.182856	5.42305	3.58721e+06

4.11319e+06

15992
39.0915	0.40034	63.7644	0.714518	26.5289	1.21437	11.3522	1.71528	5.06822	2.21853	2.36262	2.71827	1.7727	3.39498	0.513694	4.41115	0.182779	5.42858	2.10234e+06

2.40899e+06

13079
39.1249	0.400324	63.8566	0.714564	26.5386	1.21462	11.3072	1.71603	5.02515	2.21754	2.37533	2.71795	1.75587	3.39486	0.516859	4.41508	0.181207	5.42137	1.71975e+06

1.97077e+06

30411
26850
15171
39.1029	0.400287	63.7067	0.714809	26.5013	1.21431	11.3303	1.71621	5.07195	2.21799	2.36918	2.71995	1.7546	3.39221	0.511065	4.40774	0.177534	5.42673	3.99375e+06

4.57763e+06

39.1412	0.40036	63.6024	0.714619	26.4981	1.21424	11.3622	1.71597	5.06775	2.21757	2.36741	2.71926	1.7651	3.39122	0.510466	4.41009	0.175196	5.42388	3.52521e+06

4.04065e+06

39.0648	0.400353	63.747	0.714688	26.4845	1.21389	11.3724	1.71601	5.09393	2.21815	2.35515	2.72159	1.77529	3.38954	0.519082	4.40284	0.182981	5.41767	1.99346e+06

2.28468e+06

22951
39.1034	0.400263	63.7622	0.714691	26.4608	1.21441	11.3368	1.71588	5.07233	2.21769	2.34007	2.71919	1.75962	3.39285	0.518844	4.40641	0.184959	5.42034	3.01347e+06

3.45502e+06

18275
39.1592	0.400245	63.7427	0.714793	26.5202	1.21404	11.3231	1.71593	5.06971	2.21795	2.36733	2.71942	1.75595	3.39516	0.505663	4.40893	0.175157	5.41579	2.40096e+06

2.75256e+06

12589
39.1582	0.400336	63.7267	0.715142	26.4697	1.21377	11.297	1.7156	5.03773	2.21728	2.3546	2.71794	1.76074	3.39014	0.526333	4.40668	0.179681	5.42295	1.65303e+06

1.89478e+06

31114
39.0748	0.400313	63.7296	0.714987	26.5548	1.2142	11.3738	1.71617	5.05425	2.21777	2.36151	2.71956	1.76162	3.39508	0.514592	4.41087	0.182362	5.42593	4.08843e+06

4.686e+06

34077
39.0384	0.400298	63.7067	0.714582	26.4414	1.21411	11.3575	1.71601	5.06298	2.21749	2.3736	2.71927	1.77143	3.39432	0.513103	4.40621	0.184465	5.41962	4.47375e+06

5.12687e+06

28391
39.0948	0.400319	63.6363	0.714696	26.532	1.21427	11.3423	1.7162	5.06618	2.21712	2.35631	2.7191	1.77539	3.39295	0.52654	4.40469	0.180973	5.41932	3.72782e+06

4.27315e+06

11582
39.0374	0.400192	63.6665	0.714574	26.6428	1.21416	11.3827	1.71661	5.05802	2.21794	2.37109	2.71975	1.74763	3.39356	0.51511	4.40849	0.183215	5.42107	1.52213e+06

1.7443e+06

16221
39.07	0.400351	63.7201	0.714634	26.5772	1.21465	11.3755	1.71575	5.0868	2.21744	2.36145	2.71921	1.75045	3.39376	0.516614	4.40915	0.173294	5.42901	2.13234e+06

2.44339e+06

12759
39.2901	0.400151	63.7279	0.714488	26.5685	1.21454	11.3303	1.71576	5.10847	2.21754	2.37519	2.71947	1.76048	3.3963	0.501842	4.40782	0.180108	5.42634	1.67765e+06

1.9246e+06

37989
39.0866	0.400357	63.723	0.714667	26.5251	1.21441	11.3051	1.71602	5.05991	2.21818	2.35297	2.71906	1.7638	3.39181	0.508805	4.40976	0.183527	5.42254	4.98965e+06

5.71768e+06

32259
39.0818	0.400297	63.6889	0.714749	26.5369	1.21446	11.3497	1.71566	5.05642	2.21802	2.35367	2.71948	1.74795	3.3929	0.516662	4.4092	0.180632	5.42548	4.23631e+06

4.85539e+06

16869
39.0296	0.400296	63.7839	0.714747	26.5293	1.21437	11.3323	1.7162	5.0428	2.21772	2.36475	2.71979	1.74675	3.39521	0.517754	4.40447	0.180509	5.42012	2.21599e+06

2.53925e+06

29113
39.1064	0.400251	63.6326	0.714684	26.5015	1.21413	11.3682	1.7163	5.06124	2.21687	2.3653	2.7193	1.76416	3.39239	0.511043	4.4103	0.18569	5.42264	3.82197e+06

4.38139e+06

31096
39.1285	0.400249	63.765	0.714517	26.4981	1.21436	11.3289	1.71602	5.07493	2.21692	2.36519	2.72022	1.75495	3.39542	0.508458	4.40909	0.1843	5.42074	4.08534e+06

4.68332e+06

32522
39.0775	0.400327	63.7411	0.714711	26.5012	1.2143	11.352	1.71601	5.05424	2.21714	2.35425	2.71917	1.75441	3.39152	0.51356	4.40768	0.179325	5.42349	4.27141e+06

4.89546e+06

12623
39.182	0.400269	63.7629	0.714877	26.5432	1.21421	11.3771	1.71602	5.04626	2.21791	2.36418	2.72001	1.74507	3.39239	0.501069	4.40639	0.185534	5.40497	1.65895e+06

1.90238e+06

11734
39.1555	0.400167	63.8073	0.714774	26.5304	1.21433	11.3366	1.71593	5.06664	2.21761	2.35299	2.71924	1.78422	3.39438	0.509715	4.40991	0.182973	5.41168	1.5425e+06

1.76862e+06

21411
39.0958	0.400378	63.5961	0.714718	26.5139	1.21401	11.4029	1.71674	5.06679	2.21774	2.38298	2.71942	1.7611	3.39211	0.515156	4.40874	0.175704	5.42198	2.8119e+06

3.22258e+06

32947
39.0626	0.400296	63.7117	0.714965	26.4857	1.21397	11.4083	1.71587	5.09427	2.21779	2.35566	2.71873	1.7567	3.39242	0.511518	4.40939	0.17686	5.42337	4.32855e+06

4.96061e+06

20539
39.1748	0.400343	63.7881	0.714612	26.53	1.21407	11.3141	1.71616	5.03048	2.21726	2.35878	2.71937	1.74332	3.39438	0.504991	4.41156	0.181168	5.41772	2.69875e+06

3.0937e+06

17925
39.0476	0.400232	63.6532	0.714673	26.5666	1.21435	11.359	1.71584	5.05841	2.21828	2.34717	2.71974	1.75849	3.39379	0.509623	4.40682	0.178968	5.41906	2.35272e+06

2.69734e+06

21655
39.0193	0.400232	63.7408	0.714826	26.5027	1.21437	11.3678	1.71545	5.06262	2.21782	2.3504	2.7197	1.77146	3.39128	0.520434	4.41384	0.181344	5.42251	2.8441e+06

3.25944e+06

10610
39.2049	0.400325	63.8546	0.714519	26.4745	1.21446	11.3822	1.71587	5.05485	2.21732	2.36824	2.71956	1.73713	3.39174	0.510368	4.41156	0.17672	5.42071	1.39518e+06

1.5996e+06

30770
39.1275	0.400239	63.6655	0.71482	26.5407	1.21444	11.3629	1.71588	5.06656	2.21739	2.37491	2.71942	1.75515	3.39186	0.512285	4.41034	0.181605	5.41858	4.04188e+06

4.63356e+06

10567
39.1325	0.400285	63.7725	0.714608	26.4929	1.21425	11.2993	1.71612	5.08262	2.21785	2.35952	2.71944	1.74875	3.39501	0.500331	4.40474	0.180184	5.42426	1.38776e+06

1.59106e+06

11505
39.0855	0.400293	63.7369	0.714786	26.5085	1.21447	11.3401	1.71609	5.07475	2.21791	2.34246	2.72129	1.75941	3.39429	0.515167	4.41207	0.170535	5.41817	1.51082e+06

1.73189e+06

27682
39.1795	0.400343	63.7265	0.714853	26.5029	1.21447	11.3506	1.71563	5.06824	2.21809	2.35677	2.71892	1.7688	3.39377	0.515786	4.40699	0.184344	5.42876	3.63809e+06

4.17039e+06

8555
39.3285	0.40022	63.6845	0.71457	26.4821	1.2142	11.3807	1.71589	5.0775	2.21762	2.38013	2.71962	1.76423	3.39326	0.509527	4.4092	0.184804	5.42595	1.1244e+06

1.29002e+06

27415
39.2055	0.400295	63.799	0.714628	26.5098	1.21438	11.3412	1.71602	5.0279	2.2178	2.35455	2.71948	1.7404	3.39318	0.507678	4.40537	0.181689	5.42271	3.60236e+06

4.13056e+06

32020
39.1077	0.400356	63.7099	0.714695	26.5486	1.21427	11.3355	1.7161	5.0664	2.21716	2.35815	2.71862	1.7648	3.39252	0.51624	4.41152	0.179544	5.42222	4.20742e+06

4.82179e+06

36481
39.0018	0.400238	63.7709	0.714709	26.5294	1.2142	11.3357	1.71581	5.06447	2.21732	2.36246	2.72003	1.75815	3.39219	0.516598	4.40863	0.180505	5.42647	4.79194e+06

5.49112e+06

27691
39.0646	0.400298	63.6796	0.714763	26.5362	1.21401	11.3858	1.71631	5.08396	2.21779	2.36788	2.71939	1.7627	3.39381	0.517822	4.40673	0.183598	5.42454	3.63856e+06

4.16977e+06

9586
39.1856	0.400127	63.7304	0.714498	26.503	1.21402	11.3767	1.71622	5.09243	2.21683	2.35604	2.72013	1.77655	3.39099	0.510849	4.40502	0.184018	5.41615	1.25963e+06

1.44476e+06

11628
39.1606	0.400369	63.7613	0.714867	26.459	1.21404	11.3194	1.71625	5.02829	2.2181	2.35655	2.72109	1.74355	3.39066	0.519436	4.40378	0.179395	5.42549	1.52697e+06

1.75033e+06

29395
39.1023	0.400318	63.7075	0.714688	26.5365	1.21425	11.3706	1.71598	5.08199	2.21794	2.37483	2.71983	1.77275	3.39297	0.514339	4.40793	0.183909	5.4148	3.86412e+06

4.4282e+06

26008
39.0923	0.400378	63.7361	0.714599	26.4747	1.21444	11.3526	1.71632	5.07152	2.21814	2.3607	2.71944	1.74969	3.39389	0.509266	4.40368	0.180175	5.42087	3.41628e+06

3.91491e+06

10956
39.1842	0.400175	63.8218	0.714649	26.5124	1.21462	11.3415	1.71603	5.0282	2.21731	2.36291	2.7193	1.75082	3.39167	0.510131	4.40423	0.177437	5.41519	1.43963e+06

1.65095e+06

18072
39.0342	0.400256	63.666	0.714748	26.5054	1.21402	11.3589	1.71571	5.07282	2.21786	2.3672	2.71861	1.75515	3.39391	0.512782	4.41016	0.179062	5.4247	2.37253e+06

2.71896e+06

10724
39.2403	0.40017	63.8054	0.714521	26.4869	1.21417	11.3586	1.71525	5.03618	2.21778	2.33626	2.72254	1.76427	3.39177	0.520048	4.41301	0.182954	5.4167	1.40959e+06

1.61644e+06

15356
39.161	0.400146	63.6887	0.71456	26.5083	1.21415	11.3588	1.71584	5.07248	2.21751	2.34723	2.71948	1.73437	3.39355	0.507815	4.4111	0.17459	5.41799	2.01599e+06

2.3119e+06

30384
39.0468	0.400396	63.7145	0.71475	26.5186	1.21404	11.3545	1.71607	5.09084	2.21734	2.35137	2.71887	1.74612	3.39436	0.508294	4.4101	0.183353	5.42445	3.9919e+06

4.57323e+06

13490
39.0974	0.400275	63.6181	0.714933	26.4748	1.21417	11.3838	1.71607	5.07013	2.2176	2.36442	2.71995	1.76894	3.3904	0.527279	4.40834	0.184211	5.41624	1.77105e+06

2.0301e+06

12017
39.1649	0.400206	63.7499	0.714768	26.5176	1.21423	11.3374	1.71597	5.03861	2.21805	2.34368	2.72029	1.76891	3.39536	0.512607	4.40609	0.184572	5.42391	1.57845e+06

1.80998e+06

10659
39.2115	0.400166	63.805	0.714881	26.3972	1.21427	11.2684	1.71569	5.07881	2.21841	2.32733	2.71953	1.75692	3.39177	0.517497	4.40654	0.174125	5.42534	1.39887e+06

1.60457e+06

10474
39.1524	0.400364	63.7175	0.714631	26.5406	1.21403	11.3397	1.71513	5.06273	2.21752	2.36395	2.7218	1.75921	3.39497	0.517949	4.4048	0.178155	5.42306	1.37653e+06

1.57772e+06

22785
39.1183	0.400349	63.7998	0.714659	26.5212	1.21403	11.2963	1.71578	5.05104	2.21769	2.33676	2.71991	1.74431	3.39031	0.509195	4.40398	0.18104	5.42645	2.99328e+06

3.43046e+06

11270
11819
39.1083	0.400386	63.6618	0.714663	26.5909	1.2144	11.2843	1.71607	5.08554	2.21761	2.35617	2.71964	1.75173	3.3924	0.520852	4.41413	0.174357	5.41545	1.48011e+06

1.69652e+06

39.175	0.400497	63.6655	0.714853	26.4844	1.21439	11.3742	1.71543	5.06363	2.2189	2.36467	2.71896	1.76538	3.39351	0.512565	4.40749	0.176665	5.43269	1.55292e+06

1.77973e+06

10508
39.1495	0.400187	63.5688	0.71467	26.6317	1.21408	11.3797	1.71683	5.04301	2.21731	2.37714	2.7183	1.75961	3.39004	0.523791	4.40624	0.173963	5.43613	1.38032e+06

1.58258e+06

9649
39.1017	0.400297	63.6416	0.7147	26.5451	1.2144	11.3906	1.71721	5.08146	2.21874	2.37962	2.72031	1.78537	3.39044	0.510208	4.41281	0.190486	5.43053	1.26833e+06

1.45339e+06

13975
39.1017	0.400499	63.6922	0.714822	26.4945	1.21455	11.3521	1.71659	5.11528	2.21752	2.37109	2.72122	1.77202	3.39462	0.504544	4.41513	0.177889	5.42431	1.83661e+06

2.10437e+06

34911
39.0978	0.400343	63.678	0.714918	26.4894	1.21437	11.3531	1.71605	5.07173	2.21771	2.37183	2.72031	1.75976	3.39329	0.516256	4.40514	0.182922	5.42072	4.58524e+06

5.25483e+06

9018
39.0653	0.400188	63.6973	0.71447	26.443	1.21361	11.3234	1.71643	5.05622	2.21929	2.3554	2.7201	1.74994	3.38861	0.503659	4.403	0.186405	5.40984	1.18269e+06

1.35613e+06

13223
39.3197	0.40033	63.6757	0.714463	26.4474	1.21435	11.3673	1.71676	5.02677	2.21778	2.35234	2.72024	1.76851	3.39516	0.509945	4.4085	0.172124	5.42537	1.73683e+06

1.99191e+06

35994
39.1386	0.400238	63.6932	0.714732	26.5216	1.21404	11.3532	1.71597	5.05757	2.21808	2.35939	2.71919	1.76038	3.39419	0.513197	4.40802	0.181669	5.42181	4.72783e+06

5.41993e+06

15412
39.1068	0.400377	63.7753	0.714672	26.504	1.21449	11.3437	1.71599	5.05288	2.21747	2.36206	2.71938	1.74968	3.39151	0.52511	4.40611	0.185375	5.41639	2.0253e+06

2.32112e+06

15203
39.0633	0.400242	63.7032	0.714586	26.5202	1.21442	11.3547	1.71606	5.05209	2.21744	2.38085	2.72003	1.76709	3.39304	0.517069	4.40559	0.179372	5.42327	1.99662e+06

2.28863e+06

10221
39.0749	0.400314	63.7142	0.71466	26.4936	1.21464	11.3095	1.7162	5.02211	2.21772	2.36327	2.7191	1.73985	3.3942	0.521573	4.40705	0.180315	5.43003	1.34157e+06

1.53744e+06

8081
39.0827	0.400233	63.6552	0.714765	26.5106	1.21487	11.3439	1.71659	5.10469	2.21711	2.33783	2.7196	1.75597	3.39753	0.511323	4.40824	0.185126	5.41277	1.06061e+06

1.21609e+06

11570
39.1918	0.400331	63.6248	0.714872	26.5556	1.2138	11.3438	1.7153	5.05532	2.21775	2.37269	2.7184	1.73475	3.38849	0.510458	4.40773	0.178306	5.42837	1.51968e+06

1.74207e+06

13123
39.1529	0.400334	63.7056	0.7147	26.4552	1.21428	11.3572	1.71646	5.02667	2.21774	2.35007	2.7194	1.74091	3.39475	0.504839	4.40768	0.17656	5.4348	1.72253e+06

1.97462e+06

11513
39.1617	0.400276	63.7042	0.714761	26.489	1.21444	11.3306	1.7156	5.05385	2.21784	2.35047	2.71876	1.78233	3.3944	0.524537	4.41158	0.181013	5.42268	1.51223e+06

1.7336e+06

10137
39.1682	0.40036	63.7306	0.714625	26.4765	1.21447	11.2999	1.71607	5.05751	2.21771	2.35602	2.71985	1.75318	3.39425	0.52412	4.41125	0.184769	5.42724	1.33134e+06

1.52613e+06

33146
39.1146	0.400249	63.6974	0.714658	26.4973	1.21432	11.3732	1.71637	5.05943	2.21762	2.36982	2.72033	1.75943	3.39384	0.519761	4.40744	0.180535	5.41871	4.35355e+06

4.99084e+06

20583
39.1201	0.400278	63.7627	0.714545	26.4473	1.21436	11.3249	1.7156	5.07579	2.21793	2.36885	2.72104	1.76004	3.39292	0.512462	4.40766	0.183792	5.42006	2.70334e+06

3.09889e+06

23081
39.1054	0.400245	63.7453	0.714823	26.5141	1.21404	11.3383	1.71606	5.02002	2.21816	2.35774	2.7193	1.74802	3.39348	0.515186	4.40513	0.181231	5.42055	3.03062e+06

3.47428e+06

12753
39.0769	0.400214	63.7823	0.714712	26.4376	1.21436	11.3329	1.71604	5.05065	2.21778	2.35513	2.72066	1.75684	3.39122	0.522936	4.4092	0.18678	5.42502	1.67421e+06

1.91935e+06

29838
39.1347	0.400324	63.7523	0.714573	26.5106	1.2144	11.3723	1.71605	5.06797	2.21742	2.36762	2.71957	1.75055	3.39217	0.51297	4.40551	0.18463	5.41941	3.92176e+06

4.4952e+06

14038
39.1486	0.400326	63.7484	0.714373	26.4758	1.21432	11.331	1.71591	5.02771	2.21703	2.37826	2.72093	1.74498	3.39466	0.511041	4.4065	0.185568	5.41974	1.84395e+06

2.11344e+06

29730
39.1217	0.40033	63.7275	0.714872	26.5213	1.2144	11.3202	1.71602	5.05261	2.21751	2.36677	2.71901	1.75415	3.39133	0.514564	4.40521	0.174739	5.42811	3.90531e+06

4.47596e+06

19395
32225
39.1332	0.400226	63.7368	0.714602	26.5369	1.21427	11.3228	1.71623	5.06981	2.21778	2.38206	2.71914	1.74303	3.39334	0.503068	4.40647	0.182367	5.42076	2.54803e+06

2.92108e+06

39.0908	0.400311	63.6754	0.71466	26.5207	1.21444	11.3815	1.71606	5.08329	2.21748	2.35758	2.71902	1.76524	3.39137	0.511063	4.40961	0.182933	5.42333	4.23305e+06

4.85207e+06

13707
39.1789	0.400348	63.8512	0.714565	26.5399	1.21432	11.334	1.71614	5.03553	2.21673	2.35726	2.71976	1.72737	3.39566	0.517473	4.40051	0.174509	5.41655	1.80213e+06

2.06587e+06

33026
39.0902	0.400253	63.6663	0.714797	26.5311	1.21404	11.3236	1.71601	5.0562	2.21825	2.35796	2.72038	1.75111	3.39355	0.514776	4.40824	0.179979	5.42239	4.33485e+06

4.96946e+06

29626
39.1496	0.400247	63.6681	0.714767	26.5646	1.21405	11.3562	1.71578	5.06687	2.21804	2.35391	2.71944	1.76156	3.39436	0.512118	4.40778	0.180922	5.41708	3.89181e+06

4.46209e+06

28451
39.0403	0.400363	63.751	0.714918	26.5045	1.21439	11.3671	1.71595	5.07852	2.21811	2.37647	2.71938	1.75073	3.39293	0.516291	4.41039	0.182524	5.42322	3.73893e+06

4.28379e+06

18835
39.0447	0.400418	63.6267	0.714617	26.5059	1.21413	11.3571	1.7161	5.05129	2.21778	2.37186	2.71881	1.77128	3.39132	0.516645	4.41289	0.18232	5.42225	2.4726e+06

2.83331e+06

11676
39.04	0.400342	63.6584	0.714547	26.5081	1.21404	11.3535	1.71638	5.08051	2.21661	2.36768	2.72018	1.74024	3.38874	0.516872	4.40692	0.182083	5.43276	1.53322e+06

1.75662e+06

25550
39.1048	0.40029	63.7341	0.714718	26.5144	1.21426	11.3134	1.71616	5.03256	2.21739	2.37256	2.71939	1.76818	3.39267	0.51593	4.4081	0.178982	5.41845	3.35546e+06

3.84617e+06

38847
39.2083	0.400191	63.7181	0.714596	26.4587	1.2145	11.3496	1.71597	5.06618	2.21699	2.36518	2.71999	1.74925	3.3922	0.512523	4.40966	0.176256	5.42247	5.1013e+06

5.85052e+06

27409
39.084	0.400244	63.697	0.714678	26.5526	1.21445	11.3655	1.71595	5.05378	2.21754	2.36419	2.71887	1.75001	3.39196	0.52293	4.40681	0.185705	5.4187	3.60073e+06

4.12713e+06

22904
39.1876	0.400353	63.6501	0.714845	26.4834	1.21389	11.3562	1.71577	5.05881	2.21794	2.34806	2.71961	1.7417	3.39601	0.504541	4.40617	0.183199	5.42169	3.0068e+06

3.44736e+06

28184
39.1355	0.400273	63.6386	0.714744	26.4902	1.21417	11.3788	1.71558	5.06287	2.21756	2.36464	2.71862	1.76096	3.39275	0.515967	4.40888	0.185282	5.41794	3.70086e+06

4.24262e+06

16525
39.159	0.400421	63.6885	0.714757	26.5122	1.21419	11.3587	1.71615	5.10862	2.21838	2.35104	2.72006	1.77416	3.39291	0.510257	4.41054	0.184387	5.42128	2.17194e+06

2.48944e+06

26435
39.1208	0.400282	63.6873	0.714886	26.5022	1.21424	11.3344	1.71598	5.06813	2.21748	2.37742	2.71915	1.76845	3.39204	0.522111	4.40753	0.180745	5.41818	3.47204e+06

3.98009e+06

12316
39.2219	0.400259	63.5793	0.71499	26.4491	1.21477	11.3619	1.71652	5.04855	2.21645	2.37171	2.72065	1.76973	3.39162	0.525739	4.4067	0.17595	5.41913	1.61619e+06

1.85361e+06

8449
39.0991	0.400275	63.615	0.714897	26.5747	1.21391	11.361	1.71549	5.06794	2.21781	2.36667	2.72073	1.77074	3.39313	0.514617	4.41502	0.176589	5.41778	1.10972e+06

1.27197e+06

0
-nan	-nan	-nan	-nan	-nan	-nan	-nan	-nan	-nan	-nan	-nan	-nan	-nan	-nan	-nan	-nan	-nan	-nan	0

0

26276
39.0608	0.400361	63.7008	0.71476	26.4804	1.21393	11.3424	1.71596	5.05419	2.21739	2.34895	2.7192	1.75331	3.39414	0.517164	4.41093	0.177729	5.41933	3.44921e+06

3.95285e+06

787
39.0584	0.400017	64.0127	0.714501	26.3621	1.21385	11.4524	1.71677	5.05845	2.21708	2.41169	2.71965	1.67853	3.3902	0.479034	4.40529	0.172808	5.40882	103305

118590

27812
39.0712	0.40038	63.6528	0.714666	26.5319	1.21427	11.3509	1.71595	5.06914	2.21758	2.36574	2.71963	1.7445	3.39107	0.511254	4.40764	0.178268	5.42101	3.65263e+06

4.18503e+06

17115
39.0897	0.400263	63.7271	0.715128	26.4673	1.21443	11.3298	1.71669	5.07122	2.21674	2.34122	2.71942	1.74829	3.39222	0.508501	4.41067	0.186503	5.42095	2.24676e+06

2.57529e+06

19911
39.1045	0.400373	63.6852	0.715133	26.4756	1.21418	11.3337	1.71599	5.07076	2.21763	2.3473	2.71926	1.76857	3.39608	0.509969	4.41154	0.181307	5.4227	2.61407e+06

2.99615e+06

13140
39.1481	0.400275	63.8167	0.714517	26.4422	1.21411	11.3639	1.71566	5.01811	2.21739	2.33874	2.71841	1.73858	3.39624	0.505403	4.40518	0.176941	5.42853	1.72556e+06

1.97821e+06

25202
39.1534	0.400248	63.7185	0.714546	26.5636	1.21422	11.3901	1.71573	5.0667	2.21783	2.34251	2.71927	1.75589	3.39245	0.519483	4.40744	0.181017	5.42357	3.31261e+06

3.79772e+06

13867
39.1519	0.400229	63.6335	0.714592	26.4491	1.214	11.3624	1.7164	5.0662	2.21794	2.35134	2.71992	1.76779	3.39223	0.517415	4.40886	0.178553	5.41429	1.81988e+06

2.08668e+06

19211
39.2621	0.400264	63.7855	0.714609	26.5138	1.21426	11.3684	1.71588	5.07563	2.21783	2.36781	2.71962	1.74254	3.39375	0.498464	4.4026	0.183749	5.43273	2.52632e+06

2.89698e+06

19807
39.0951	0.400254	63.7191	0.7148	26.5438	1.21435	11.3607	1.71545	5.0566	2.21752	2.3682	2.71887	1.75695	3.39209	0.512395	4.40457	0.173474	5.42118	2.60192e+06

2.98266e+06

32331
39.1063	0.400308	63.703	0.714677	26.5178	1.21405	11.3521	1.71615	5.07188	2.21789	2.36946	2.72035	1.75834	3.39274	0.517707	4.41045	0.178126	5.42622	4.24677e+06

4.86823e+06

40203
39.0705	0.400336	63.691	0.714871	26.5287	1.21423	11.3412	1.71592	5.0785	2.21761	2.36689	2.7193	1.7644	3.3926	0.516703	4.4045	0.179962	5.42491	5.281e+06

6.05207e+06

19434
39.2146	0.400308	63.6447	0.714847	26.4217	1.21449	11.3707	1.71609	5.05485	2.21726	2.34795	2.72012	1.75301	3.39479	0.505969	4.40362	0.178399	5.42455	2.55057e+06

2.92466e+06

23668
39.137	0.400248	63.6626	0.714833	26.4708	1.21415	11.3305	1.71579	5.08239	2.21798	2.35685	2.71925	1.76606	3.39218	0.509507	4.40811	0.182356	5.42411	3.10706e+06

3.56199e+06

17445
39.1665	0.400218	63.6551	0.714699	26.5193	1.21428	11.392	1.71561	5.05411	2.21672	2.36125	2.7192	1.77426	3.39074	0.513729	4.40903	0.183032	5.42306	2.29164e+06

2.62755e+06

21897
39.1665	0.400172	63.8089	0.714448	26.582	1.21436	11.2961	1.71588	5.06768	2.21757	2.35416	2.71918	1.73613	3.39283	0.51007	4.40786	0.175869	5.42299	2.8774e+06

3.29982e+06

38869
39.1374	0.400278	63.7012	0.714786	26.5275	1.21452	11.3493	1.71613	5.06115	2.21724	2.37086	2.72008	1.76392	3.39315	0.513957	4.40824	0.180967	5.41937	5.10667e+06

5.85391e+06

25049
39.1204	0.400266	63.7581	0.714941	26.5461	1.21418	11.3734	1.71572	5.05086	2.21752	2.36984	2.71973	1.75324	3.39103	0.51024	4.40826	0.183081	5.41798	3.29245e+06

3.77402e+06

30869
39.1259	0.400325	63.6417	0.714912	26.5058	1.21407	11.3648	1.71587	5.05818	2.21785	2.37105	2.72045	1.74512	3.39357	0.508406	4.41066	0.17976	5.42081	4.05318e+06

4.64581e+06

13649
39.233	0.400257	63.6887	0.714998	26.539	1.2144	11.3265	1.7156	5.04828	2.21774	2.38091	2.72103	1.72972	3.3908	0.520844	4.40237	0.181332	5.41394	1.793e+06

2.0562e+06

29277
39.1254	0.400277	63.6647	0.714962	26.5422	1.21407	11.3241	1.71638	5.08495	2.21861	2.3722	2.71919	1.7526	3.39368	0.513475	4.40881	0.180859	5.42289	3.84504e+06

4.40796e+06

19920
39.1388	0.40029	63.6274	0.714875	26.5551	1.21449	11.324	1.71532	5.08429	2.2182	2.37982	2.72001	1.75723	3.39211	0.521687	4.4082	0.179869	5.42701	2.61657e+06

2.99932e+06

30038
39.1691	0.400342	63.5872	0.714691	26.5112	1.21418	11.3535	1.71585	5.07357	2.21752	2.35492	2.72006	1.76876	3.39252	0.513916	4.40584	0.182635	5.4226	3.94374e+06

4.52116e+06

10065
39.0311	0.400281	63.6668	0.714703	26.5661	1.21412	11.3301	1.71638	5.06587	2.21811	2.37268	2.71919	1.75132	3.39191	0.514059	4.41542	0.18301	5.42538	1.32151e+06

1.51459e+06

10518
39.1303	0.400372	63.8077	0.714526	26.5068	1.21387	11.3538	1.71593	5.06418	2.21717	2.35957	2.72015	1.72495	3.39409	0.501521	4.4032	0.173227	5.4256	1.38221e+06

1.58424e+06

12297
39.0392	0.400305	63.6225	0.714905	26.5035	1.21484	11.3822	1.7158	5.05993	2.21803	2.36708	2.71996	1.76466	3.38941	0.509555	4.41016	0.183053	5.42392	1.61419e+06

1.84986e+06

29422
39.2209	0.400237	63.6356	0.714652	26.4786	1.21447	11.3611	1.71623	5.05703	2.21807	2.34556	2.71834	1.75794	3.39099	0.514785	4.40545	0.181769	5.42286	3.86297e+06

4.42958e+06

11440
39.1394	0.400332	63.757	0.714641	26.5126	1.21366	11.3111	1.71607	5.03907	2.21723	2.38059	2.72081	1.7382	3.39297	0.501311	4.40218	0.17535	5.42642	1.50282e+06

1.72234e+06

10638
39.1889	0.40033	63.7284	0.714732	26.4219	1.21451	11.3038	1.71597	5.04606	2.21873	2.36821	2.71878	1.75334	3.39315	0.509588	4.41849	0.180579	5.42118	1.39658e+06

1.60103e+06

11040
39.1482	0.400218	63.7322	0.714885	26.5215	1.2141	11.3848	1.71631	5.0462	2.21718	2.36096	2.72011	1.74656	3.39103	0.50779	4.40966	0.178533	5.41728	1.45038e+06

1.66292e+06

18061
39.0932	0.400353	63.6577	0.714863	26.439	1.21429	11.3505	1.71629	5.06063	2.21733	2.3528	2.71953	1.75804	3.39353	0.507835	4.40839	0.189746	5.42973	2.37039e+06

2.71654e+06

13327
39.2934	0.400191	63.7477	0.714529	26.4716	1.21449	11.3015	1.71589	5.03692	2.21775	2.35147	2.72102	1.75673	3.3939	0.514294	4.40887	0.178135	5.4171	1.75033e+06

2.00774e+06

29299
39.1977	0.400284	63.744	0.714655	26.5078	1.21395	11.3356	1.71595	5.07103	2.21767	2.35158	2.71908	1.73692	3.39426	0.511212	4.41017	0.178846	5.42468	3.84927e+06

4.41345e+06

11965
39.2303	0.400198	63.6085	0.714817	26.5453	1.21442	11.3205	1.71528	5.04179	2.2175	2.34567	2.71864	1.76598	3.39239	0.508483	4.41023	0.183452	5.42021	1.57021e+06

1.80133e+06

13711
39.0748	0.400332	63.683	0.714629	26.528	1.21406	11.3362	1.7163	5.02633	2.21785	2.33586	2.71888	1.75647	3.39342	0.512435	4.41463	0.177522	5.42812	1.79946e+06

2.06256e+06

32861
39.163	0.400183	63.7149	0.714663	26.4773	1.21419	11.3675	1.71599	5.05149	2.21781	2.35017	2.71976	1.74203	3.39394	0.508627	4.41012	0.182222	5.42612	4.31449e+06

4.94746e+06

20443
39.102	0.4003	63.7279	0.714864	26.4841	1.21427	11.3344	1.71563	5.07181	2.21808	2.36286	2.71964	1.76593	3.39232	0.507851	4.40525	0.184904	5.41914	2.68472e+06

3.07752e+06

10951
39.214	0.400201	63.6881	0.714873	26.496	1.21377	11.3436	1.71597	5.06593	2.21856	2.3806	2.71941	1.75062	3.392	0.510638	4.40963	0.186376	5.41882	1.43809e+06

1.64961e+06

19216
39.0628	0.400313	63.7186	0.714742	26.5567	1.21429	11.3622	1.71601	5.06214	2.21798	2.36397	2.72038	1.76681	3.39274	0.502706	4.40786	0.181203	5.42335	2.52515e+06

2.89349e+06

18808
39.1694	0.400158	63.8156	0.714594	26.4846	1.21444	11.3315	1.716	5.06332	2.21822	2.37489	2.71971	1.76085	3.39259	0.518715	4.40591	0.181678	5.42122	2.47183e+06

2.83437e+06

18261
39.1007	0.400301	63.7957	0.714888	26.4839	1.21406	11.3576	1.7162	5.0334	2.21721	2.36542	2.71997	1.74027	3.39251	0.518537	4.40927	0.179289	5.42237	2.39891e+06

2.74965e+06

18372
39.0382	0.40036	63.7156	0.714661	26.4888	1.21433	11.3263	1.71572	5.08105	2.21737	2.34259	2.71936	1.7709	3.39221	0.502558	4.40934	0.181091	5.42361	2.41225e+06

2.76401e+06

15279
39.1419	0.400294	63.6589	0.714924	26.4296	1.2144	11.3275	1.71647	5.06244	2.21805	2.33818	2.71915	1.73663	3.39054	0.505923	4.41147	0.178415	5.42794	2.00387e+06

2.29765e+06

12727
39.1718	0.400173	63.6829	0.714471	26.5093	1.21414	11.3321	1.71521	5.06176	2.21716	2.35814	2.71917	1.75289	3.38894	0.513632	4.40536	0.18119	5.41692	1.67082e+06

1.91622e+06

11618
39.1825	0.400308	63.7551	0.714755	26.4854	1.2142	11.2763	1.71573	5.05827	2.21689	2.37614	2.71993	1.76287	3.39395	0.5136	4.4154	0.185746	5.41095	1.52616e+06

1.74962e+06

11146
39.2584	0.400077	63.9131	0.714472	26.5133	1.21462	11.3365	1.71621	5.02853	2.21755	2.3325	2.71967	1.72358	3.39297	0.511753	4.40437	0.178988	5.42115	1.46492e+06

1.68078e+06

