3.11918e+06	
3.68122e+06	
4.61256e+06	
3.51799e+06	
4.13646e+06	
5.92345e+06	
5.89816e+06	
4.22058e+06	
3.48858e+06	
9.39772e+06	
2.6164e+06	
6.38757e+06	
6.46075e+06	
3.64689e+06	
3.41157e+06	
3.21077e+06	
6.30735e+06	
8.73173e+06	
8.29778e+06	
2.92105e+06	
9.11987e+06	
5.40099e+06	
3.76372e+06	
3.22724e+06	
4.29577e+06	
3.56482e+06	
6.91139e+06	
1.21813e+07	
3.36614e+06	
5.5831e+06	
5.78238e+06	
1.06285e+07	
8.96861e+06	
6.32237e+06	
3.76417e+06	
5.33806e+06	
6.95454e+06	
7.99216e+06	
4.97661e+06	
4.85181e+06	
7.30299e+06	
8.38847e+06	
3.11272e+06	
1.1262e+07	
4.8014e+06	
8.07563e+06	
5.41436e+06	
5.05998e+06	
6.13023e+06	
6.94564e+06	
3.99852e+06	
4.69355e+06	
4.46606e+06	
6.12854e+06	
8.78635e+06	
4.93181e+06	
5.76882e+06	
1.16166e+07	
4.3825e+06	
1.42249e+07	
5.25774e+06	
4.43208e+06	
4.27987e+06	
3.264e+06	
7.71954e+06	
3.22563e+06	
9.4029e+06	
5.56547e+06	
3.2727e+06	
3.86658e+06	
8.50244e+06	
6.18936e+06	
1.10188e+07	
4.94378e+06	
5.73914e+06	
9.06393e+06	
4.41711e+06	
5.85723e+06	
3.95921e+06	
6.94652e+06	
8.36606e+06	
3.66056e+06	
6.18115e+06	
9.04561e+06	
3.51601e+06	
1.08728e+07	
1.0538e+07	
6.31315e+06	
8.92447e+06	
5.54738e+06	
4.85714e+06	
6.25816e+06	
4.78911e+06	
6.31831e+06	
5.31184e+06	
6.3744e+06	
8.33098e+06	
5.85046e+06	
5.9476e+06	
1.15835e+07	
4.73384e+06	
8.59256e+06	
9.98953e+06	
1.25195e+07	
6.29635e+06	
1.01784e+07	
1.10141e+07	
5.07349e+06	
8.21316e+06	
4.71217e+06	
4.25944e+06	
3.31745e+06	
8.27588e+06	
1.13954e+07	
5.4296e+06	
6.33533e+06	
8.37795e+06	
8.45204e+06	
8.51273e+06	
8.9389e+06	
7.89602e+06	
3.47209e+06	
6.48542e+06	
1.07958e+07	
3.29816e+06	
7.56337e+06	
6.36467e+06	
9.94417e+06	
3.73782e+06	
5.95061e+06	
3.59802e+06	
1.2037e+07	
6.50334e+06	
7.78213e+06	
4.7087e+06	
5.26554e+06	
5.89849e+06	
4.4794e+06	
1.15321e+07	
1.01133e+07	
1.15044e+07	
3.28463e+06	
7.90176e+06	
6.28731e+06	
5.46582e+06	
1.13554e+07	
8.0377e+06	
4.58064e+06	
5.78255e+06	
8.40589e+06	
1.07599e+07	
9.72517e+06	
7.95949e+06	
1.08639e+07	
6.05755e+06	
1.15778e+07	
1.11396e+07	
8.23414e+06	
3.23121e+06	
8.09388e+06	
7.59467e+06	
7.31004e+06	
9.27896e+06	
1.07662e+07	
1.1095e+07	
4.53191e+06	
6.82586e+06	
8.82645e+06	
6.94092e+06	
1.04275e+07	
7.0087e+06	
7.59375e+06	
6.07577e+06	
5.92409e+06	
2.82576e+06	
1.01915e+07	
1.00624e+07	
3.24363e+06	
9.38752e+06	
6.92582e+06	
5.05471e+06	
8.21555e+06	
1.0465e+07	
6.04343e+06	
9.48694e+06	
1.03901e+07	
6.61616e+06	
7.84717e+06	
6.34478e+06	
6.46228e+06	
1.05009e+07	
9.87368e+06	
7.79127e+06	
3.40757e+06	
1.52703e+07	
8.88516e+06	
2.81384e+06	
7.41212e+06	
8.29991e+06	
5.05949e+06	
3.68348e+06	
6.09876e+06	
6.09939e+06	
8.30887e+06	
4.93671e+06	
1.47123e+07	
9.48783e+06	
8.27616e+06	
3.56111e+06	
7.27159e+06	
5.35705e+06	
2.58125e+06	
9.29311e+06	
9.78018e+06	
9.90587e+06	
1.43313e+06	
4.82525e+06	
5.78064e+06	
4.14098e+06	
3.56365e+06	
8.2842e+06	
2.83802e+06	
3.51689e+06	
8.62364e+06	
9.02062e+06	
8.85635e+06	
3.77968e+06	
4.65373e+06	
3.36382e+06	
5.44031e+06	
1.05912e+07	
9.69012e+06	
3.41909e+06	
3.90504e+06	
4.94579e+06	
9.39619e+06	
4.90154e+06	
8.42278e+06	
1.43545e+07	
3.75543e+06	
3.46605e+06	
4.23047e+06	
6.43113e+06	
7.92357e+06	
4.11655e+06	
1.31792e+07	
8.30701e+06	
3.35273e+06	
8.15946e+06	
6.70768e+06	
7.19868e+06	
7.45185e+06	
6.71949e+06	
8.63267e+06	
3.67689e+06	
5.58556e+06	
5.61381e+06	
4.35128e+06	
4.7965e+06	
7.59878e+06	
7.36054e+06	
9.39288e+06	
8.23508e+06	
1.14033e+07	
3.89452e+06	
9.53254e+06	
4.70707e+06	
3.60085e+06	
3.38618e+06	
8.2884e+06	
3.4255e+06	
4.55816e+06	
8.7866e+06	
3.36652e+06	
4.87015e+06	
3.68167e+06	
3.80529e+06	
1.25763e+07	
3.58841e+06	
1.26526e+07	
4.39868e+06	
3.49541e+06	
3.41105e+06	
6.05561e+06	
7.4392e+06	
3.58665e+06	
8.46484e+06	
7.76634e+06	
4.0553e+06	
3.57708e+06	
3.35403e+06	
3.01124e+06	
3.94134e+06	
7.92462e+06	
4.21776e+06	
3.96024e+06	
3.58123e+06	
4.3016e+06	
9.02569e+06	
7.1017e+06	
1.21513e+07	
5.27504e+06	
3.29384e+06	
4.09873e+06	
6.84462e+06	
1.04386e+07	
4.04224e+06	
3.78546e+06	
2.74618e+06	
4.77956e+06	
8.93117e+06	
1.14433e+07	
9.14529e+06	
3.34447e+06	
1.05275e+07	
1.22957e+07	
3.72238e+06	
3.83939e+06	
3.83026e+06	
4.7105e+06	
6.90601e+06	
8.96359e+06	
3.62415e+06	
9.89782e+06	
3.50861e+06	
3.59008e+06	
4.65797e+06	
3.10455e+06	
4.37706e+06	
7.33641e+06	
7.66293e+06	
3.91694e+06	
3.20794e+06	
5.77835e+06	
1.30089e+07	
1.12255e+07	
6.52503e+06	
9.46551e+06	
1.18108e+07	
4.2192e+06	
3.62776e+06	
7.07939e+06	
4.43877e+06	
9.57071e+06	
3.9938e+06	
1.01151e+07	
3.89885e+06	
8.35517e+06	
9.47224e+06	
1.24826e+07	
6.30363e+06	
8.09725e+06	
4.08471e+06	
5.73226e+06	
4.4933e+06	
6.15912e+06	
9.42253e+06	
1.09788e+07	
5.82715e+06	
4.39114e+06	
8.61056e+06	
3.47542e+06	
4.55073e+06	
9.18952e+06	
3.27982e+06	
5.50345e+06	
4.05325e+06	
3.07954e+06	
1.04718e+06	
3.32103e+06	
4.11379e+06	
1.12598e+07	
6.01971e+06	
3.71431e+06	
5.98377e+06	
1.13099e+07	
5.93152e+06	
5.10397e+06	
6.05303e+06	
4.07218e+06	
5.89459e+06	
6.17151e+06	
5.96032e+06	
1.06413e+07	
5.93775e+06	
4.37955e+06	
8.91639e+06	
3.76028e+06	
1.04511e+07	
5.76971e+06	
1.1547e+07	
8.53106e+06	
7.34253e+06	
5.5042e+06	
1.05479e+07	
3.89793e+06	
3.62725e+06	
5.16286e+06	
4.06286e+06	
5.46504e+06	
1.07191e+07	
3.83666e+06	
8.08544e+06	
5.02151e+06	
1.02947e+07	
6.41937e+06	
3.8863e+06	
1.02812e+07	
1.16068e+07	
5.04851e+06	
9.7994e+06	
4.94269e+06	
9.77239e+06	
1.12317e+07	
3.22319e+06	
5.37251e+06	
4.8548e+06	
4.21506e+06	
4.16292e+06	
3.0525e+06	
3.73995e+06	
9.42377e+06	
5.32239e+06	
5.78002e+06	
2.75683e+06	
0	
264116	
8.92922e+06	
4.3521e+06	
4.18706e+06	
3.38014e+06	
9.60723e+06	
2.96286e+06	
3.721e+06	
1.06705e+07	
6.14297e+06	
2.54104e+06	
4.66488e+06	
3.23655e+06	
4.68924e+06	
4.57626e+06	
4.52761e+06	
1.25822e+07	
4.45932e+06	
6.44415e+06	
4.41957e+06	
4.00504e+06	
6.26506e+06	
5.59751e+06	
4.04634e+06	
3.82585e+06	
3.82312e+06	
3.59393e+06	
1.00258e+07	
9.67571e+06	
9.58429e+06	
5.81522e+06	
1.05747e+07	
6.66351e+06	
3.53868e+06	
