-371.69	
-588.426	
882.534	
663.945	
3004.69	
-2748.94	
-3398.06	
2975.22	
-2796.71	
1197.78	
577.628	
369.27	
-2883.49	
-77.8047	
764.127	
5315.11	
-1970.19	
7195.12	
7468.48	
864.625	
-4840.47	
1117.71	
-2224.43	
956.918	
3859.05	
4087.15	
2126.44	
-2052.56	
-3052.87	
-290.2	
137.404	
2604.01	
4888.3	
4028.24	
4921.39	
-2266	
4641.09	
875.505	
40.9665	
-469.079	
-4702.24	
1883.01	
715.23	
-3986.16	
-282.196	
-165.859	
2960.79	
4023.79	
182.244	
-5827.15	
1824.76	
2358.44	
681.79	
-524.417	
-1815.97	
-1232.63	
-5313.81	
438.319	
-350.247	
410.986	
-1176.7	
4602.39	
329.284	
-141.247	
8373.52	
-54.8695	
-3093.56	
-6169.3	
666.547	
10.2678	
7450.6	
830.34	
1086.94	
1485.6	
-1093.79	
1420.97	
11610.8	
-606.643	
9852.73	
-2075.72	
1932.7	
-4776.09	
988.277	
2842.57	
-5444.3	
251.131	
-5234.72	
-896.632	
-2377.67	
-2286.31	
-322.552	
1066.21	
-411.751	
5550.84	
4307.79	
608.104	
2311.43	
-7588.85	
-712.513	
1693.21	
-1729.22	
3042.07	
-63.2979	
-6885.8	
-3579.03	
3921.19	
-1238.77	
-802.294	
-1761.03	
4075.46	
-3150.17	
831.047	
-1013.9	
6653.33	
1609.36	
1017.01	
22.6563	
-4896.45	
2799.69	
-219.324	
6398.88	
-179.963	
2861.73	
-519.578	
1353.74	
-266.299	
435.621	
-1308.96	
498.729	
-2042.87	
-1021.58	
-1915.04	
-275.485	
84.0224	
-1004.68	
-467.929	
-260.391	
-6654.58	
4333.52	
55.1019	
5845.25	
2870.6	
478.075	
7429.96	
-3473.07	
6558.49	
-1500.87	
4729.33	
6219.08	
-1715.98	
-172.942	
6151.66	
-1300.42	
2950.16	
-2473.57	
783.275	
4205.27	
-1929.36	
-751.341	
515.644	
-3099.58	
339.442	
-1924.75	
3175.7	
2595	
2545.04	
6086.32	
-2026.17	
-1617.69	
-1150.87	
-2429.48	
-4029.56	
5731.31	
-4104.27	
1522.32	
-1858.94	
-3046.83	
3993.64	
-5135.93	
7193.75	
6120.61	
-4867.16	
4911.27	
998.391	
2974.01	
1343.61	
-4623.14	
1971.98	
-2393.02	
-5376.17	
-903.43	
2229.79	
400.052	
-2659.82	
341.48	
-936.737	
3058.93	
952.627	
4027.38	
1955.32	
1220.47	
-9571	
6201.69	
-1441.3	
-2201	
483.77	
575.803	
2792.25	
-854.223	
4115.81	
-3639.03	
5018.48	
1092.29	
803.975	
241.601	
-1701.49	
1525.85	
1252.14	
1214.13	
-4034.28	
-5031.61	
-777.197	
-2464.1	
1133.3	
7762.38	
3082.22	
-930.114	
2351.54	
366.103	
1099.3	
-6375.06	
-2080.16	
-1705.61	
-2038.5	
103.963	
2592.17	
4025.11	
2138.15	
3138.77	
2051.92	
3957.25	
2031.93	
495.738	
-536.964	
-2631.52	
1105.39	
2803.59	
233.528	
-3308.72	
699.771	
-2171.12	
3327.28	
1444.64	
5268.56	
1380.57	
-681.2	
-560.126	
4509	
1890.97	
4892.53	
3363.29	
-5993.84	
-4009.38	
2563.02	
1147.71	
5654.81	
8304.94	
4937.28	
943.704	
1204.53	
2223.93	
2458.99	
543.553	
306.207	
-167.952	
2885.41	
3584.85	
-7472.19	
-271.82	
883.732	
2919.23	
-1020.59	
4253.79	
-195.79	
1860.66	
4646.68	
1585.77	
-1698.76	
-3173.57	
-1113.41	
1721.78	
757.259	
2319.93	
751.323	
4519.24	
2693.25	
-425.472	
3177.12	
-1990.68	
-682.507	
-979.718	
-1757.87	
1570.98	
-235.09	
-858.684	
5037.26	
-8460.3	
4988.38	
162.226	
-318.959	
-6380.29	
-34.9048	
-3683.45	
3461.87	
634.225	
2489.69	
-899.969	
-6794.31	
-1127.22	
4535.76	
-7.37281	
4128.67	
-2890.5	
3898.69	
1303.27	
-390.004	
-1564.58	
-1561.17	
59.1696	
-6277.45	
2410.41	
3384.32	
3635.2	
725.872	
-2711.02	
-423.329	
2759.31	
-3660.89	
94.0383	
9621.37	
12873.8	
6252.08	
-2997.1	
-2196.28	
4373.66	
1348.33	
-2531.38	
-3353.02	
-5403.43	
-384.803	
-1957.63	
2255.94	
-545.164	
-632.231	
-1186.94	
2999.54	
-5103.58	
2333.1	
132.69	
-11318.5	
808.879	
-320.748	
-1923.95	
-197.437	
2756.46	
2986.62	
-1803.47	
-915.112	
-1385.52	
2661.59	
4419.48	
2418.75	
1939.63	
620.04	
-801.705	
1488.58	
1057.38	
-602.472	
-781.181	
-4019.01	
7364.84	
854.318	
-2506.91	
-1587.93	
4727.54	
-532.915	
-2743.7	
2794.75	
1007.45	
4257.69	
-1419.8	
250.025	
1765.05	
2247.92	
-58.8841	
7.79789	
-3263.74	
-3845.55	
2619.03	
1414.37	
2831.27	
4591.13	
4892.28	
4429	
3731.62	
-842.924	
-5439.59	
3289.31	
3267.77	
-460.846	
-5585.08	
3524.82	
961.094	
1860.06	
2348.44	
1364.5	
2094.45	
-1471.31	
3575.63	
1017.12	
-4575.96	
612.121	
-1780.74	
-158.746	
225.248	
-5721.66	
-4099.21	
-3693.22	
8204.42	
6694.65	
-2687.8	
-338.809	
-4010.71	
1278.23	
-9889.06	
4703.27	
5528.44	
-2022.88	
-4699.61	
5286.13	
4536.41	
-2326.46	
3261.74	
1604.6	
9617.16	
-3542.21	
5463.6	
-6381.02	
-1153.76	
-2905.76	
5222.95	
-912.359	
-559.542	
376.59	
-937.404	
-974.071	
2411.65	
-670.997	
1314.79	
-1001.17	
-3617.9	
4344.66	
7697.62	
1705.78	
-7611.38	
-392.534	
-528.096	
8920.36	
-953.879	
-1608.6	
1677.78	
260.785	
-169.465	
-5763.33	
-5738.03	
-2817.73	
2206.35	
-621.451	
284.832	
-2134.76	
5030.83	
10170.6	
-1452.79	
1009.57	
217.289	
-3917.17	
3170.13	
940.156	
-1681.98	
-1614.33	
-675.172	
-123.316	
1681.64	
-2104.99	
-3824.26	
-930.666	
-244.052	
-5776.87	
2407.38	
1464.5	
1277.01	
3673.22	
-2703.35	
-3974.13	
-3331.18	
1192.71	
148.755	
577.361	
-6164.45	
3425.31	
-3852.58	
-760.378	
1710.29	
3348.08	
4396.43	
-6568.74	
5622.15	
752.853	
-1586.42	
-5482.29	
212.849	
8307.79	
2004.63	
1115.97	
4797.04	
-1899.83	
-953.198	
3343.96	
-5566.57	
-3975.46	
-2617.56	
-178.825	
1323.82	
1323.46	
-4299.48	
-1180.83	
1458.18	
-6098.18	
5512.61	
3322.05	
-1697.41	
3951.13	
-2374.57	
-1131	
1382.13	
-5021.83	
-2568.05	
695.664	
1787.64	
-209.56	
53.5216	
-2917.18	
7283.88	
-8227.98	
3109.6	
2424.61	
3181.92	
4689.71	
-1328.65	
1137.49	
4032.57	
11309.2	
1256.42	
6455.82	
-3491.45	
809.676	
-1295.56	
743.27	
6509.03	
-2829.31	
558.655	
3542.48	
2024.27	
-3344.7	
1900.11	
2563.48	
374.646	
-2343.07	
-3748.45	
-373.8	
1120.18	
-541.763	
-2682.37	
6054.89	
-4429.63	
-1189.51	
2352.67	
4389.55	
-7427.18	
-246.478	
1922.02	
3501.6	
-4781.13	
-1022.88	
-7565.86	
3804.82	
-2496.26	
4286.36	
955.251	
2856.68	
923.656	
6173.81	
3282.49	
-5726.56	
-3531.38	
2848.8	
1093.06	
3146.13	
5409.21	
-4605.47	
3150.71	
-1789.73	
57.0388	
2174.19	
2549.94	
-268.575	
-2505.1	
393.951	
201.587	
918.433	
335.937	
3058.84	
2234.91	
1356.73	
-9070.66	
-2435.01	
4990.97	
257.366	
-193.957	
-4752.52	
2223.93	
-725.951	
2605.58	
-5935.04	
-501.536	
-2467.55	
6971.1	
3620.5	
1835.82	
-2808.31	
-2475.53	
-3659.09	
-1633.09	
4703	
-1379.29	
-2553.54	
4028.3	
-841.18	
-1219.3	
3699.78	
-8713.19	
6780.33	
-2152.27	
2970.07	
2306.28	
3731.49	
1446.16	
-5954.89	
-4675.97	
-489.864	
2772.91	
-62.4977	
7109.97	
-2488.31	
-1373.82	
-9021.52	
-3818.94	
4818.04	
225.664	
-1923	
-151.42	
893.277	
-4010.79	
-3066.78	
270.687	
-272.01	
169.344	
-4216.54	
4489.43	
-2385.02	
1368.08	
3364.64	
-5615.03	
2972.81	
-5892.05	
-3813.77	
4549.29	
2106.45	
-3249.21	
-5047.68	
-94.3905	
-7361.54	
-1118.53	
2420.58	
-1212.39	
3444.32	
5557.13	
3681.64	
2148.2	
1978.6	
-600.104	
4725.43	
7588.86	
-6008.31	
-4406.02	
4944.95	
692.55	
11954.4	
4564.54	
-1390.46	
4381.58	
-1062.86	
-6101.48	
2605.49	
4054.05	
-1301.97	
-2301.09	
-3899.44	
-279.432	
-5846.36	
-1501.18	
334.718	
4348.59	
-1809.86	
-4995.92	
416.798	
-414.504	
1318.97	
3441.35	
-1529.2	
-1674.22	
5161.67	
1453.16	
3838.34	
-1452.45	
-1156.84	
-6193.26	
2721.52	
4003.14	
-1925.21	
3277.49	
8558.72	
4115.85	
1012.82	
749.894	
1186.29	
661.134	
2503.89	
-2163.31	
3552.49	
2195.29	
1051.59	
1871.77	
-314.977	
2574.8	
-5640.03	
-1692.08	
2268.57	
162.471	
-1909.44	
-23.5498	
2916.53	
-1122.07	
11299.1	
-4241.28	
-7953.94	
-2230.24	
3018.56	
-1117.04	
776.889	
-1136.88	
5546.43	
-954.978	
3583.35	
1046.92	
319.444	
-154.638	
990.139	
1275.62	
2600.58	
-1351.51	
1223.78	
3155.13	
796.742	
-603.352	
1418.9	
3365.27	
3096.41	
1166.92	
1643.03	
-3281.43	
2514.88	
-473.579	
-4472.15	
-1932.02	
2405.64	
-1138.39	
2840.38	
3564.82	
469.049	
-7010.11	
-4183.19	
-1680.46	
-4761.17	
2893.27	
-4194.8	
3147.1	
-8.54941	
1000.3	
-937.99	
1864.58	
5364.43	
1115.15	
-1358.1	
-7187.25	
-1568.46	
72.9985	
-267.222	
898.074	
-1236.15	
-1246.9	
5392.2	
-4021.62	
-2028.28	
114.509	
-2404.87	
143.182	
59.9508	
1959.84	
-3116.21	
796.959	
5444.41	
-1437.08	
1170.01	
-2484.53	
6745.13	
-4854.6	
-2866.44	
1742.2	
1653.63	
-1774.47	
-866.941	
9841.72	
-303.389	
-863.761	
1587.03	
801.815	
-1967.64	
1854.53	
-1526.75	
2981.45	
2124.72	
1991.43	
316.88	
-1366.11	
561.077	
8256.01	
4887.62	
1953.74	
-6956.1	
7422.66	
-5111.3	
6015.25	
342.96	
-4731.15	
-4131.49	
3502.23	
2050.81	
4106.29	
-6062.81	
-880.184	
475.757	
-1574.17	
596.996	
2181.58	
2951.09	
2047.57	
-674.692	
-2225.47	
-3798.19	
9224.22	
-5249.26	
7899.45	
2552.22	
404.345	
6238.47	
-791.777	
1911.27	
-3966.44	
-2383.05	
