91039.3	
62612.4	
73639	
64257.9	
61145.1	
52255.9	
66250.7	
3.56228e+06	
4.53935e+06	
4.82859e+06	
257834	
5.87975e+06	
6.01283e+06	
7.53776e+06	
3.26156e+06	
8.40779e+06	
9.87859e+06	
9.64156e+06	
4.53591e+06	
6.20848e+06	
62044.9	
60950.2	
32127.1	
42370.8	
36170.5	
238932	
8.91789e+06	
1.01359e+07	
9.99777e+06	
1.05258e+07	
4.45531e+06	
5.94341e+06	
1.13454e+07	
9.8842e+06	
9.32271e+06	
7.3891e+06	
6.06473e+06	
1.29426e+07	
1.2357e+07	
8.0921e+06	
1.35801e+07	
1.38334e+07	
9.18105e+06	
4.42114e+06	
9.16463e+06	
4.58005e+06	
5.38704e+06	
8.40024e+06	
7.14297e+06	
5.41456e+06	
4.41654e+06	
6.36136e+06	
8.25775e+06	
9.13565e+06	
7.66691e+06	
9.46908e+06	
1.1871e+07	
8.84048e+06	
3.8619e+06	
8.91214e+06	
1.23915e+07	
6.33206e+06	
6.77092e+06	
5.97993e+06	
1.15586e+07	
3.671e+06	
5.63657e+06	
6.99669e+06	
257948	
8.11101e+06	
1.23475e+07	
1.22569e+07	
8.91464e+06	
1.42019e+07	
1.1755e+07	
3.57384e+06	
8.20523e+06	
6.72538e+06	
9.06169e+06	
5.20406e+06	
1.23045e+07	
9.94254e+06	
7.00344e+06	
1.19176e+07	
1.08966e+07	
7.67005e+06	
9.99789e+06	
8.73715e+06	
8.96397e+06	
4.97192e+06	
6.39664e+06	
8.87455e+06	
7.64479e+06	
1.11019e+07	
1.02753e+07	
6.70803e+06	
2.96011e+06	
1.13962e+07	
8.37944e+06	
1.12986e+07	
1.11491e+07	
2.98596e+06	
4.7956e+06	
8.79719e+06	
9.18451e+06	
7.32103e+06	
8.07733e+06	
7.6844e+06	
8.53628e+06	
6.37253e+06	
6.47412e+06	
1.016e+07	
1.14222e+07	
5.07879e+06	
9.45655e+06	
4.52935e+06	
1.00276e+07	
9.95167e+06	
7.95552e+06	
7.02864e+06	
6.1242e+06	
5.94919e+06	
7.52472e+06	
7.79551e+06	
4.04553e+06	
8.23744e+06	
1.03754e+07	
1.07223e+07	
1.01594e+07	
7.31667e+06	
1.39541e+07	
8.94092e+06	
7.75527e+06	
3.19684e+06	
5.62745e+06	
5.87832e+06	
8.33742e+06	
9.64182e+06	
2.14644e+06	
6.41995e+06	
7.36426e+06	
7.92652e+06	
1.00315e+07	
6.19921e+06	
1.03823e+07	
3.84668e+06	
1.0807e+07	
6.98919e+06	
5.55809e+06	
3.06853e+06	
5.65153e+06	
9.73799e+06	
1.2315e+07	
9.74697e+06	
7.31794e+06	
3.59298e+06	
6.32038e+06	
7.14647e+06	
8.92456e+06	
5.18103e+06	
7.30541e+06	
6.46147e+06	
1.36919e+07	
6.58096e+06	
3.27745e+06	
9.24136e+06	
5.12898e+06	
7.83897e+06	
9.78785e+06	
6.84817e+06	
5.83878e+06	
1.00289e+07	
7.05038e+06	
6.45155e+06	
1.29231e+07	
9.09211e+06	
7.14659e+06	
9.30551e+06	
9.54949e+06	
5.67604e+06	
6.21506e+06	
5.04495e+06	
8.56305e+06	
8.86128e+06	
5.25221e+06	
6.03109e+06	
6.93282e+06	
192106	
5.36355e+06	
4.69257e+06	
248793	
1.29468e+07	
7.14887e+06	
8.01929e+06	
9.22425e+06	
6.77609e+06	
9.03434e+06	
8.60461e+06	
6.26986e+06	
3.60686e+06	
8.4115e+06	
8.91668e+06	
5.82485e+06	
4.41446e+06	
1.13717e+07	
6.78054e+06	
8.04098e+06	
2.12573e+06	
1.5342e+07	
4.61769e+06	
4.6257e+06	
6.01516e+06	
444837	
5.98795e+06	
9.95613e+06	
1.20619e+07	
323370	
8.13459e+06	
8.87684e+06	
325091	
229784	
5.43048e+06	
187364	
144895	
6.59789e+06	
114487	
8.54419e+06	
7.96021e+06	
163801	
141806	
8.44667e+06	
128297	
4.5091e+06	
1.5743e+07	
9.81612e+06	
7.70572e+06	
9.90264e+06	
5.54647e+06	
5.86256e+06	
4.37897e+06	
7.84334e+06	
6.06003e+06	
1.17382e+07	
6.53734e+06	
109096	
8.54681e+06	
5.07295e+06	
1.29442e+07	
92209.2	
8.23129e+06	
7.56524e+06	
1.05616e+07	
3.93026e+06	
74859.3	
7.26882e+06	
6.00022e+06	
1.02159e+07	
7.92514e+06	
4.37921e+06	
1.42021e+07	
5.41678e+06	
1.33959e+07	
3.967e+06	
3.27067e+06	
7.27184e+06	
5.7055e+06	
1.10239e+07	
7.98604e+06	
9.12896e+06	
6.30086e+06	
3.91572e+06	
6.84979e+06	
7.90509e+06	
2.80371e+06	
1.45958e+07	
5.3536e+06	
9.8331e+06	
1.06929e+07	
5.48394e+06	
3.72268e+06	
3.5173e+06	
6.83434e+06	
7.47513e+06	
7.2474e+06	
6.56054e+06	
1.19176e+07	
5.51526e+06	
3.5505e+06	
7.49067e+06	
1.07549e+07	
1.51468e+07	
1.33135e+07	
7.62168e+06	
4.25767e+06	
5.23874e+06	
8.59419e+06	
9.33183e+06	
6.76561e+06	
1.29233e+07	
6.26396e+06	
1.31766e+07	
1.32083e+07	
7.06712e+06	
7.21803e+06	
4.93288e+06	
7.09904e+06	
199189	
1.09718e+07	
1.00623e+07	
6.86709e+06	
5.3126e+06	
6.23199e+06	
4.79056e+06	
1.18743e+07	
6.5592e+06	
1.15136e+07	
8.89154e+06	
6.83543e+06	
1.40242e+07	
9.46474e+06	
6.82557e+06	
8.21158e+06	
1.03107e+07	
5.78114e+06	
1.34392e+07	
1.2372e+07	
1.17796e+07	
6.65431e+06	
6.35085e+06	
9.51562e+06	
1.03078e+07	
7.96584e+06	
9.22991e+06	
1.10143e+07	
6.08188e+06	
6.44192e+06	
7.76094e+06	
9.83424e+06	
6.06275e+06	
3.33309e+06	
1.25419e+07	
8.76605e+06	
5.9928e+06	
7.50145e+06	
1.141e+07	
5.68545e+06	
9.7141e+06	
1.43581e+07	
6.71801e+06	
8.87804e+06	
1.01641e+07	
6.03598e+06	
2.96257e+06	
5.56246e+06	
8.09555e+06	
1.45812e+07	
1.49408e+06	
0	
252430	
8.91746e+06	
8.60662e+06	
1.31581e+07	
1.1706e+07	
8.39124e+06	
1.3903e+07	
5.30117e+06	
6.63634e+06	
4.75712e+06	
7.94244e+06	
7.73044e+06	
1.14044e+07	
8.16724e+06	
8.27533e+06	
1.59887e+07	
8.29688e+06	
7.86749e+06	
1.08071e+07	
1.30149e+07	
9.03067e+06	
1.37024e+07	
7.95651e+06	
7.55322e+06	
9.94594e+06	
8.08899e+06	
1.14795e+07	
1.05714e+07	
7.26109e+06	
7.21471e+06	
1.10683e+07	
1.00353e+07	
1.09316e+07	
1.44227e+07	
9.29312e+06	
6.85314e+06	
1.54069e+07	
8.49319e+06	
6.81319e+06	
1.26625e+07	
5.765e+06	
1.39542e+07	
9.90742e+06	
6.53451e+06	
9.98783e+06	
8.54098e+06	
6.39089e+06	
6.37222e+06	
1.39644e+07	
6.59346e+06	
9.40906e+06	
1.38527e+07	
1.14193e+07	
9.28601e+06	
6.20004e+06	
8.62599e+06	
9.38676e+06	
1.15952e+07	
1.24354e+07	
8.93195e+06	
1.01937e+07	
1.29524e+07	
7.79126e+06	
1.27527e+07	
1.32171e+07	
9.17316e+06	
1.11032e+07	
8.48949e+06	
1.08201e+07	
1.21676e+07	
1.20191e+07	
8.65808e+06	
1.0414e+07	
7.87754e+06	
9.47914e+06	
2.34677e+06	
1.55743e+07	
1.01454e+07	
3.97729e+06	
7.29254e+06	
1.11605e+07	
8.81553e+06	
3.52504e+06	
1.15602e+07	
9.44714e+06	
7.14839e+06	
3.67501e+06	
7.23654e+06	
1.43864e+07	
9.99815e+06	
1.58642e+07	
7.36299e+06	
6.87655e+06	
6.53186e+06	
1.10357e+07	
6.33838e+06	
8.55909e+06	
1.02547e+07	
1.473e+07	
1.69375e+07	
1.57849e+07	
1.35688e+07	
1.49371e+07	
1.43627e+07	
