1956.84	
4808.43	
5618.31	
6065.4	
4383.48	
3743.02	
5116.8	
7247.71	
4801.93	
3822.89	
1855.39	
7077.49	
3439.29	
7325.1	
6203.05	
1519.94	
6602.3	
9452.34	
6555.05	
5869.84	
8446.71	
3906.01	
6713.14	
7125.73	
11539.5	
13824.5	
12220.7	
5341.96	
14906.4	
3799.93	
13103.1	
3769.12	
10636.4	
12376.8	
1765.6	
10137.3	
4902.68	
25482.2	
5188.84	
5986.02	
7157.6	
8345.81	
4380.5	
6629.91	
10321.7	
5079.22	
4083.57	
3498.87	
10803.7	
2892.51	
5947.9	
5587.69	
10078.5	
3150.27	
6892.85	
10608.5	
4947.97	
206.924	
4600.48	
4839.83	
11494.3	
4035.78	
3649.32	
6261.4	
14280.9	
4351.95	
7243.11	
7162.63	
3292.44	
6562.69	
7854.28	
5226.21	
11455.1	
11839.8	
4667.32	
9811.48	
2340.06	
8339.1	
23445	
5736.78	
9939.26	
8320.26	
5223.85	
9233.99	
13867.2	
7766.39	
4486.28	
8048.46	
5823.94	
6159.7	
12729.8	
6605.69	
9872.15	
6320.83	
8955.45	
4551.52	
6740.14	
11230.1	
6759.97	
8307.81	
5017.69	
6773.08	
7122.02	
9877.45	
10851.5	
16091.7	
6219.62	
6492.4	
3968.57	
10781.3	
9677.62	
9294.92	
8941.3	
6221.81	
14428	
9458.38	
6541.82	
5506.31	
8073.5	
6220.33	
7416.95	
8844.14	
9668.79	
9140.58	
5184.07	
5443.68	
8521.15	
14254.2	
6194.11	
7920.96	
11435.6	
8150.76	
8706.03	
3611.33	
8617.89	
5437.25	
12941.6	
12185.4	
5639.13	
5395.59	
11125.6	
9396.42	
7875.89	
7508.21	
17065.1	
9828.05	
2824.93	
8089.99	
6553.38	
3729.25	
4802.06	
10173.9	
10288.1	
2039.99	
8165.09	
4471.74	
6961.12	
7351.49	
10935.8	
4836.21	
9455.14	
16330.2	
7810.81	
9232.96	
9545.35	
7764.95	
15276.4	
10432.7	
5941.56	
7477.82	
4711.96	
6660.29	
14214.2	
7979.98	
6765.71	
6680.15	
5684.15	
13628.2	
1766.37	
7710.5	
10295.3	
5926.99	
21347.4	
5751.73	
6506.45	
10145.1	
3543.67	
8463.15	
8392.15	
7308.08	
8852.95	
6113.55	
12348.8	
13344.3	
12899.7	
21638.8	
9286.91	
4002.79	
6441.39	
12621.2	
9328.37	
8507.09	
8224.25	
11346.1	
10236.5	
4018.61	
9781.51	
12351	
7141.85	
11432.5	
1393.45	
7532.72	
8026.77	
13336.7	
5114.41	
8161.37	
10445.9	
6552.6	
2166.99	
23264.8	
3925.9	
13350.8	
16565	
2958.87	
13563.8	
10861.2	
5109.45	
7823.62	
8464.62	
6510.03	
18082.5	
6513.54	
4122.46	
10633	
8003.49	
9729.71	
4876.05	
6431.83	
5232.66	
5222.14	
15144.3	
2189.61	
6300.32	
5859.9	
4934.52	
8296.31	
5932.48	
12844	
7922.42	
1643.69	
9692.76	
9367.14	
14771.5	
12372.8	
8211.44	
6731.88	
5962.9	
8262.42	
15276.6	
9828.37	
12858.4	
4602.92	
3185.96	
4226.56	
16554.2	
8889.65	
7716.64	
17398.6	
5549.52	
2589.63	
4767.46	
8427.31	
6593.31	
6145.57	
8039.58	
6734.82	
8091.49	
8460.06	
11853.8	
15179.1	
3841.84	
11300.7	
12885.5	
13090.2	
12006.3	
3665.25	
5522.13	
15140.4	
2657.88	
4923.14	
5788.25	
6294.3	
-953.13	
2982.17	
5538.27	
9644.67	
7349.62	
14854.1	
5489.09	
4224.64	
6496.91	
5319.2	
7718.96	
5277.35	
14294.1	
5038.18	
2924.3	
4515.04	
4171.1	
12236.4	
13476.8	
14275.5	
17322.4	
14226.7	
3323.16	
7978.78	
2924.05	
1899.88	
3230.67	
6759.4	
5408.54	
6767.03	
4254.69	
3206.75	
7771.3	
9932.8	
5712.4	
3696.15	
5678.46	
2855.09	
4846.47	
2736.39	
16862.9	
13456.3	
9173.42	
6775.14	
8623.19	
8171.01	
2827.52	
7206.36	
2161.02	
7371.28	
8116.74	
4831.95	
14445.9	
14643.8	
3426.88	
1123.31	
8805.33	
8597.33	
13089.7	
3850.35	
7563	
6352.17	
4831.99	
12956.4	
5261.46	
12416	
12526.5	
7311.31	
4092.42	
4429.53	
4397.79	
2416.03	
14357.9	
8667.56	
2875.29	
2684.18	
14552.9	
6051.92	
4450.51	
7917.08	
14956.4	
4002.61	
0	
18.6966	
7830.02	
4252.76	
6369.74	
4103.05	
7536.28	
4176.6	
12229.1	
2566.48	
5726.99	
9328.67	
16422.8	
3257.69	
3873.31	
6019.55	
3770.73	
10097.4	
1720.62	
9600.24	
7668.09	
7005.18	
4984.96	
23253.3	
4420.38	
6207.55	
7008.6	
2911.23	
13562	
7016.31	
10796	
11789.2	
6700.47	
3232.55	
6721.01	
15891.1	
9992.9	
2260.19	
3250.54	
13008.6	
6015.08	
16497.7	
3034.01	
9854.96	
9580.76	
9413.27	
5305.92	
5526.69	
12706.4	
7954.93	
13937.4	
6929.09	
7549.39	
5672.12	
6304.73	
10568.1	
13086.5	
5177.27	
8252.23	
14170	
9441.32	
9071.2	
6546.83	
13049.3	
9368.62	
15855.6	
14881.1	
4195.65	
4202.76	
11037.9	
9214.29	
18123.7	
11853.3	
8840.75	
9795.43	
15784.6	
11521.1	
16850.5	
6339.28	
7652.35	
10404.3	
11667.6	
4504.46	
7766.18	
11025.2	
2985.24	
8860.79	
11291.3	
