-8797.59	
-5568.85	
-6267.76	
-7394.02	
-6650.27	
-8057	
-6175.06	
-5611.24	
-3801.11	
-8137.42	
-5474.89	
-10237.9	
-5058.75	
-9986.97	
-6716.84	
-5544.73	
-11948.4	
-10387.6	
-8060.68	
-9410.84	
-9877.19	
-9243.42	
-4941.66	
-13538.9	
-11154	
-18919.1	
-14218.8	
-9632.78	
-23204.5	
-8643.42	
-12173.5	
-11209.8	
-17870.1	
-6099.76	
-3040	
-12261.7	
-7363.41	
-26690.7	
-10623.5	
-5303.97	
-10600.2	
-11363.3	
-8916.27	
-10087.1	
-13019.5	
-12230.7	
-2163.3	
-6128.76	
-12258.1	
-4608.31	
-6268.57	
-9795.98	
-11830.5	
-6360.08	
-9100.89	
-16132.6	
-6672.36	
-7494.41	
-6574.7	
-7237.92	
-11088.1	
-5928.49	
-6887.9	
-8694.55	
-8746.88	
-10161.3	
-9017.97	
-11770.5	
-8220.06	
-10203.4	
-13169.2	
-3174.66	
-15472.3	
-12471	
-3972.17	
-14127.4	
-6490.89	
-16549.5	
-22524.4	
-7256.2	
-11225.8	
-10966.4	
-5144.47	
-13109.5	
-13095.6	
-7882.75	
-10558.7	
-9803.57	
-9764.05	
-9698.41	
-12890.1	
-8666.36	
-8506.36	
-7411.99	
-9668.45	
-7484.08	
-13967.4	
-20583.6	
-8790.74	
-6564.54	
-11481.4	
-8140.16	
-10383.6	
-8388.1	
-12459.6	
-15119.2	
-8508.06	
-12810.2	
-5307.09	
-21012.3	
-12259	
-14925.6	
-16991.3	
-8707.16	
-17674.8	
-10171.1	
-6687.3	
-8165.89	
-13051.3	
-8198.83	
-8057.04	
-14399.7	
-10407.9	
-6997.21	
-13028.8	
-5625.78	
-8679.5	
-11611.6	
-9721.06	
-14134.6	
-16655.9	
-11797.1	
-14345.1	
-4783.83	
-11570.8	
-6945.58	
-13918.7	
-16218	
-9402.79	
-7793.25	
-16377	
-10241.3	
-13223.1	
-10145.8	
-20820.7	
-9762.69	
-7685.19	
-11495.5	
-9461.52	
-6933.41	
-5683.26	
-15620.8	
-11612.9	
-6390.11	
-9762.39	
-6497.11	
-8248.81	
-10168.5	
-13746.2	
-6221.52	
-13169.1	
-14736.3	
-10488.1	
-12850.2	
-13699.2	
-7977.63	
-15783.4	
-10464.5	
-9235.72	
-11536.8	
-8636.83	
-6871.29	
-15625.1	
-16373.9	
-10153	
-6866.85	
-4798.96	
-19324.2	
-3993.47	
-12351.3	
-12543.1	
-7277.71	
-20778.2	
-8955.3	
-7186.76	
-10753.2	
-8530.08	
-15943.5	
-10171	
-8999.01	
-19475.1	
-10470.9	
-18587.5	
-10461.2	
-15739	
-20403.9	
-14401	
-11674.8	
-7404.57	
-17987.4	
-11424.4	
-10585.8	
-14043	
-20891.6	
-14193.8	
-8679.39	
-16793.4	
-16304.9	
-8708.08	
-13489.5	
-1580.26	
-6776.17	
-4066.54	
-11950.6	
-9284.46	
-7024.12	
-9435.32	
-7094.94	
-6209.4	
-26652.7	
-6170.46	
-21346.1	
-15234.5	
-3000.59	
-9362.87	
-20354.9	
-9002.18	
-15515.5	
-6482.3	
-12458	
-19995.1	
-10147.7	
-7382.88	
-9101.06	
-10088.4	
-16033.6	
-7297.7	
-11457.7	
-6730.29	
-10485	
-17855.1	
-7250.38	
-9138.05	
-8837.29	
-5412.93	
-5727.87	
-9779.79	
-10184.9	
-8503.65	
-5537.12	
-12055.3	
-12999.4	
-20786	
-17640.8	
-5375.04	
-4461.88	
-9444.01	
-11220.2	
-14742.4	
-17716.2	
-21076.2	
-7206.07	
-5226.68	
-4219.61	
-17044.7	
-10692.7	
-7660.71	
-21515.7	
-8034.53	
-2656.82	
-7611.11	
-18117.7	
-5132.71	
-8732.81	
-6961.85	
-8269.15	
-9881.47	
-12193.9	
-15300.1	
-12542.1	
-9470.41	
-13629.8	
-13523.1	
-18001.5	
-18594.7	
-7735.07	
-4399.85	
-16938.6	
-5441.75	
-6805.7	
-9837.89	
-15648	
-2359.37	
-6735.06	
-8731.94	
-20977.7	
-6965.53	
-16311.2	
-6926.62	
-9075.33	
-13138.9	
-6515.27	
-14320	
-5702.17	
-15898	
-4363.51	
-5602.39	
-5851.4	
-6748.01	
-20770.8	
-11040.4	
-14016	
-18921.4	
-22212.6	
-4516.07	
-5476.47	
-8263.4	
-6668.49	
-6818.48	
-7704.41	
-5986.41	
-5799.06	
-6428.17	
-3376.06	
-9402.24	
-19399.1	
-5894.5	
-4734.45	
-7350.15	
-9539.74	
-6989.18	
-5570.02	
-17162.6	
-18852.9	
-14787	
-6358.38	
-14201	
-10099.7	
-5734.6	
-9568.78	
-6467.93	
-18173	
-6475.06	
-5081.98	
-16938.3	
-24525.3	
-7379.67	
-4096.16	
-11418.7	
-5429.78	
-12618	
-1830.6	
-5255.37	
-6927.69	
-9054.54	
-11153.4	
-5645.88	
-11868.5	
-11957.6	
-13008.1	
-1994.41	
-9122.2	
-4088.52	
-4889.11	
-20005.8	
-15463.5	
-12369.1	
-5603.4	
-18312.1	
-7324.75	
-6379.8	
-6943.03	
-17443.8	
-5335.56	
0	
-488.566	
-5750.23	
-6365.11	
-11553.8	
-10082.6	
-11594.2	
-7724.97	
-16590	
-6647.42	
-5017.21	
-13581.6	
-16690.4	
-3016.79	
-4044.05	
-7507.68	
-5205.8	
-18545.1	
-2591.93	
-12544.6	
-12604.2	
-6163.02	
-3339.97	
-17951	
-6068.79	
-10775	
-9311.02	
-5672.17	
-21673	
-7791.15	
-16560.3	
-23575.9	
-7809.69	
-8308.31	
-5630.64	
-19367.1	
-18632	
-8547.6	
-3705.99	
-13977.1	
-6623.8	
-25720.5	
-2369.66	
-9743.08	
-15578.9	
-11032.2	
-6567.89	
-5545.46	
-20656.6	
-13174.4	
-13144.8	
-3866.8	
-7149.02	
-9122.15	
-15212.6	
-12797.8	
-13404	
-6810.2	
-12944.1	
-19018.8	
-11899.3	
-20699.7	
-15735.9	
-16853	
-15329.8	
-14157.4	
-17858.8	
-6178.45	
-7585.86	
-8991.83	
-9031.86	
-22984	
-21055.7	
-13996.6	
-12652	
-20811.9	
-17805.3	
-20956.4	
-9602.52	
-3193.65	
-10443.9	
-16781.3	
-5097.99	
-9004.64	
-19264.3	
-5398.59	
-7518.87	
-11941.8	
