ibin	iptbin	itheta	r0	V	sigma2	chi	Vn Errors
0	0	0	0.2501	0.0639	468.8827	0.4441	0.0053
0	0	1	0.2525	0.0633	468.8827	0.4399	0.0053
0	0	2	0.2422	0.0660	468.8827	0.4586	0.0055
0	0	3	0.2569	0.0622	468.8827	0.4323	0.0052
0	0	4	0.2607	0.0613	468.8827	0.4260	0.0051
0	0	5	0.2570	0.0622	468.8827	0.4321	0.0052
0	0	6	0.2653	0.0602	468.8827	0.4185	0.0050
0	0	7	0.2519	0.0634	468.8827	0.4409	0.0053
0	0	8	0.2578	0.0620	468.8827	0.4309	0.0051
0	0	9	0.2452	0.0651	468.8827	0.4529	0.0054


ibin	iptbin	avgmult	avgpt	Vn mean	Vn mean Error
0	0	150.5499	0.9280	0.0629	0.0024

ibin	Nevent	totmultall	avgmultall	avgtrk
0	9312790.0000	1402039714.0000	150.5499	131.3419

