6532.85	
6408.3	
5595.5	
1151.87	
1843.96	
761.618	
233.582	
3458.93	
5278.16	
-191.641	
46.4444	
-52.9098	
3568.07	
5194.79	
-52.3597	
-44.3215	
2109.52	
6160.81	
9373.24	
82.263	
2394.47	
5677.64	
2933.97	
942.567	
1528.38	
1479.37	
2559.22	
5753.29	
1822.43	
6594.13	
2558.68	
4232.45	
5717.38	
3700.54	
3354.79	
2119.27	
2230.3	
1573.83	
3467.53	
6239.97	
5548.98	
1482.41	
2944.07	
4009.31	
2133.46	
3128.84	
4336.27	
3361.76	
3743.99	
863.408	
4777.18	
123.562	
7563.55	
7243.49	
3263.61	
-231.259	
5262.01	
6368.21	
3093.44	
866.636	
2564.37	
2034.4	
2633.7	
3116.76	
5489.57	
7477.86	
2162.74	
2268.55	
3438.93	
8469.86	
3201.32	
6927.45	
6820.61	
4854.44	
1897.88	
5796.31	
2872.48	
3877.76	
4058.41	
2768.27	
4995.18	
5456.31	
5419.71	
472.239	
2802.39	
3232.37	
4131.04	
4914.75	
5244.94	
167.698	
4092.36	
27.8788	
2139.23	
7921.86	
5707.06	
6488.6	
2287.02	
3671.89	
3480.97	
2675.45	
1115.73	
6933.44	
4177.05	
3403.95	
124.237	
5788.8	
4502.09	
6610.17	
4667.75	
2103.24	
3793.73	
4275.53	
6040.44	
5267.95	
4205.83	
4264.12	
5588.01	
4622.85	
324.388	
7503.7	
698.086	
4591.19	
8944.73	
6005.87	
2860	
7963.5	
3024.26	
8626.84	
1033.41	
-623.458	
8033.09	
7926.2	
9366.98	
6176.41	
213.193	
4286.74	
3768.12	
1870.15	
3786.47	
4095.19	
5733.56	
2827.22	
3263.85	
5853.41	
6393.16	
2526.89	
2147.09	
1843.43	
1551.86	
4214.03	
1959.39	
5785.54	
5481.5	
1579.02	
3434.37	
3794.5	
3416.97	
5588.68	
2741.54	
7641.89	
4279.35	
8419.7	
1357.41	
6791.92	
106.177	
4125.07	
3045.94	
1644.09	
4014.87	
4738.23	
3143.11	
2132.51	
3772.9	
2405.86	
1818.42	
2512.15	
4315.65	
3150.85	
5018.72	
4085.51	
7773.06	
3791.69	
4149.42	
258.748	
2762.15	
4773.97	
2837.51	
3504.78	
3336.33	
2395.1	
2046.29	
3098.39	
2067.78	
5525.04	
4906.56	
4671.86	
1729.01	
3085.97	
2403.84	
-1956.04	
2095.53	
3325.37	
3314.54	
6991	
2283.47	
1391.63	
2465.57	
3792.03	
2360.31	
3188.24	
6540.2	
10655.9	
1654.83	
6974.29	
5437.93	
1973.08	
2207.51	
2509.37	
4428.9	
5498.16	
3156.7	
6279.48	
2621.24	
2021.09	
2606.72	
4175.89	
7440.79	
300.014	
3611.4	
5463.38	
2571.8	
3416.46	
1659.17	
1078.87	
2382.4	
3436.93	
5226.72	
3593.65	
2205.63	
739.356	
629.456	
4008.95	
4199.15	
5410.53	
312.377	
-206.213	
-19.4432	
197.801	
5829.2	
2275.29	
7112	
4378.07	
3379.71	
-27.1592	
275.565	
4976.33	
2709.55	
3995.18	
6297.72	
2364.58	
2144.62	
2233.45	
7499.44	
5875.94	
4263.43	
995.67	
4293.89	
-1971.24	
414.899	
3094.99	
3080.28	
5558.02	
-97.2126	
5105.23	
22.1921	
1260.72	
44.0726	
6115.3	
3525.31	
5061.34	
5379.22	
5325.53	
2134.18	
3134.6	
896.094	
-249.778	
60.7515	
4218.83	
-69.2206	
3085.44	
5754.19	
1044.49	
111.868	
537.561	
3203.15	
4625.29	
5956.15	
3076.34	
4410.03	
2980.93	
4243.24	
2451.92	
2893.39	
6226.32	
2703.57	
5394.6	
4477.25	
6800.5	
4799.72	
4708.32	
7772.56	
2453.15	
7788.45	
5986.01	
7445.98	
1271.94	
2326.72	
4492.31	
10013.7	
-586.491	
4601.18	
6314.8	
913.105	
3745.78	
4906.35	
1378.69	
4722.83	
10342.6	
5583.12	
3682.7	
3489.52	
5766.7	
5610.57	
2396.03	
7890.13	
6886.53	
1743.29	
3280.5	
5325.19	
1981.88	
5835.76	
8544.36	
5565.53	
6330.01	
1382.9	
2580.13	
4932.05	
5054.47	
3476.69	
4307.18	
7017.8	
1293.56	
4795.86	
4279.14	
2522.35	
5990.64	
2133.23	
2523.37	
2015.94	
5725.98	
5900.43	
2594.93	
3399.87	
2819.28	
5002.02	
7241.72	
6563.01	
7679.92	
4276.51	
3470.66	
4308.79	
2013.69	
4845.45	
1474.7	
1540.6	
4591.49	
3308.94	
943.859	
7888.47	
6231.38	
5785.08	
4596.14	
5288.93	
304.638	
3994.32	
1107.04	
7403.7	
4333.46	
7621.5	
3089.21	
7609.22	
7209.21	
4186.53	
4689.28	
2079.67	
2786.93	
2558.25	
8139.24	
8671.99	
3463.03	
1687.95	
3286.74	
2385.83	
6812.68	
4374.14	
5280.45	
4799.23	
1408.35	
3794.34	
7121.84	
6952.9	
1728.87	
2161.93	
4202.32	
3115.6	
2268.24	
2965.2	
2292.48	
0	
-65.8232	
3385	
7702.45	
4595.71	
5267.64	
5732.38	
899.458	
6975.32	
3299.21	
3586.87	
1347.34	
6572.84	
4324.21	
8092.14	
4085.14	
6304.8	
7374.66	
3432.35	
4684.76	
3463.66	
4080.75	
2742.64	
3577.57	
2052.67	
2518.41	
3161.07	
2556.04	
4678.14	
5621.82	
2314.7	
5230.97	
3433.73	
4594.16	
