ibin	iptbin	itheta	r0	V	sigma2	chi	Vn Errors
0	0	0	0.1893	0.0493	735.9420	0.4682	0.0085
0	0	1	0.1849	0.0505	735.9420	0.4795	0.0087
0	0	2	0.1622	0.0576	735.9420	0.5466	0.0099
0	0	3	0.1941	0.0481	735.9420	0.4567	0.0083
0	0	4	0.1913	0.0488	735.9420	0.4634	0.0084


ibin	iptbin	avgmult	avgpt	Vn mean	Vn mean Error
0	0	257.4713	0.9037	0.0509	0.0042

ibin	iptbin	itheta	r0	V	sigma2	chi	Vn Errors
0	0	0	0.1771	0.0527	734.8980	0.5009	0.0087
0	0	1	0.1789	0.0522	734.8980	0.4959	0.0086
0	0	2	0.1749	0.0534	734.8980	0.5071	0.0088
0	0	3	0.1877	0.0497	734.8980	0.4726	0.0082
0	0	4	0.2039	0.0458	734.8980	0.4350	0.0075


ibin	iptbin	avgmult	avgpt	Vn mean	Vn mean Error
0	0	257.6128	0.9034	0.0508	0.0040

ibin	iptbin	itheta	r0	V	sigma2	chi	Vn Errors
0	0	0	0.1826	0.0511	737.0258	0.4852	0.0064
0	0	1	0.2092	0.0446	737.0258	0.4234	0.0056
0	0	2	0.1660	0.0562	737.0258	0.5335	0.0070
0	0	3	0.1716	0.0544	737.0258	0.5162	0.0068
0	0	4	0.1730	0.0540	737.0258	0.5121	0.0067


ibin	iptbin	avgmult	avgpt	Vn mean	Vn mean Error
0	0	257.5289	0.9036	0.0521	0.0032

ibin	iptbin	itheta	r0	V	sigma2	chi	Vn Errors
0	0	0	0.1723	0.0542	736.4788	0.5143	0.0054
0	0	1	0.1717	0.0544	736.4788	0.5160	0.0054
0	0	2	0.1871	0.0499	736.4788	0.4737	0.0049
0	0	3	0.1752	0.0533	736.4788	0.5058	0.0053
0	0	4	0.1729	0.0540	736.4788	0.5126	0.0054


ibin	iptbin	avgmult	avgpt	Vn mean	Vn mean Error
0	0	257.4274	0.9039	0.0532	0.0026

ibin	iptbin	itheta	r0	V	sigma2	chi	Vn Errors
0	0	0	0.1871	0.0499	734.6062	0.4741	0.0081
0	0	1	0.1729	0.0540	734.6062	0.5132	0.0088
0	0	2	0.1771	0.0528	734.6062	0.5011	0.0086
0	0	3	0.1982	0.0471	734.6062	0.4476	0.0076
0	0	4	0.1839	0.0508	734.6062	0.4826	0.0082


ibin	iptbin	avgmult	avgpt	Vn mean	Vn mean Error
0	0	257.4154	0.9038	0.0509	0.0040

ibin	iptbin	itheta	r0	V	sigma2	chi	Vn Errors
0	0	0	0.1826	0.0511	739.3726	0.4844	0.0049
0	0	1	0.1790	0.0522	739.3726	0.4940	0.0050
0	0	2	0.1762	0.0530	739.3726	0.5019	0.0051
0	0	3	0.1722	0.0542	739.3726	0.5137	0.0052
0	0	4	0.1663	0.0561	739.3726	0.5319	0.0054


ibin	iptbin	avgmult	avgpt	Vn mean	Vn mean Error
0	0	257.5748	0.9034	0.0533	0.0025

ibin	iptbin	itheta	r0	V	sigma2	chi	Vn Errors
0	0	0	0.1922	0.0486	738.3837	0.4605	0.0073
0	0	1	0.1867	0.0500	738.3837	0.4741	0.0076
0	0	2	0.1727	0.0541	738.3837	0.5124	0.0082
0	0	3	0.1912	0.0488	738.3837	0.4629	0.0074
0	0	4	0.1693	0.0551	738.3837	0.5227	0.0083


ibin	iptbin	avgmult	avgpt	Vn mean	Vn mean Error
0	0	257.5719	0.9036	0.0513	0.0038

ibin	iptbin	itheta	r0	V	sigma2	chi	Vn Errors
0	0	0	0.1941	0.0481	733.8275	0.4574	0.0077
0	0	1	0.1957	0.0477	733.8275	0.4536	0.0076
0	0	2	0.1695	0.0551	733.8275	0.5238	0.0088
0	0	3	0.1746	0.0535	733.8275	0.5086	0.0086
0	0	4	0.1862	0.0502	733.8275	0.4767	0.0080


ibin	iptbin	avgmult	avgpt	Vn mean	Vn mean Error
0	0	257.4912	0.9039	0.0509	0.0039

ibin	iptbin	itheta	r0	V	sigma2	chi	Vn Errors
0	0	0	0.1865	0.0501	738.8152	0.4744	0.0098
0	0	1	0.1735	0.0538	738.8152	0.5100	0.0105
0	0	2	0.1830	0.0510	738.8152	0.4836	0.0099
0	0	3	0.1962	0.0476	738.8152	0.4510	0.0093
0	0	4	0.1887	0.0495	738.8152	0.4689	0.0096


ibin	iptbin	avgmult	avgpt	Vn mean	Vn mean Error
0	0	257.4998	0.9038	0.0504	0.0047

ibin	iptbin	itheta	r0	V	sigma2	chi	Vn Errors
0	0	0	0.1795	0.0520	736.8296	0.4935	0.0095
0	0	1	0.1789	0.0522	736.8296	0.4952	0.0095
0	0	2	0.2287	0.0409	736.8296	0.3873	0.0074
0	0	3	0.1654	0.0565	736.8296	0.5356	0.0103
0	0	4	0.1842	0.0507	736.8296	0.4809	0.0092


ibin	iptbin	avgmult	avgpt	Vn mean	Vn mean Error
0	0	257.3797	0.9039	0.0505	0.0044

ibin	iptbin	itheta	r0	V	sigma2	chi	Vn Errors
0	0	0	0.1757	0.0532	739.9386	0.5031	0.0104
0	0	1	0.1894	0.0493	739.9386	0.4667	0.0097
0	0	2	0.1933	0.0483	739.9386	0.4573	0.0095
0	0	3	0.1953	0.0478	739.9386	0.4526	0.0094
0	0	4	0.1754	0.0533	739.9386	0.5040	0.0104


ibin	iptbin	avgmult	avgpt	Vn mean	Vn mean Error
0	0	257.3354	0.9042	0.0504	0.0047

ibin	iptbin	itheta	r0	V	sigma2	chi	Vn Errors
0	0	0	0.1793	0.0521	740.3886	0.4929	0.0077
0	0	1	0.1735	0.0538	740.3886	0.5093	0.0079
0	0	2	0.1878	0.0497	740.3886	0.4707	0.0073
0	0	3	0.1691	0.0552	740.3886	0.5226	0.0081
0	0	4	0.1991	0.0469	740.3886	0.4439	0.0069


ibin	iptbin	avgmult	avgpt	Vn mean	Vn mean Error
0	0	257.5181	0.9039	0.0516	0.0037

ibin	iptbin	itheta	r0	V	sigma2	chi	Vn Errors
0	0	0	0.1729	0.0540	736.2395	0.5126	0.0063
0	0	1	0.1852	0.0504	736.2395	0.4785	0.0059
0	0	2	0.1852	0.0504	736.2395	0.4785	0.0059
0	0	3	0.1833	0.0510	736.2395	0.4835	0.0060
0	0	4	0.1664	0.0562	736.2395	0.5328	0.0066


ibin	iptbin	avgmult	avgpt	Vn mean	Vn mean Error
0	0	257.4126	0.9040	0.0524	0.0030

ibin	iptbin	itheta	r0	V	sigma2	chi	Vn Errors
0	0	0	0.2047	0.0456	738.9238	0.4323	0.0064
0	0	1	0.2037	0.0458	738.9238	0.4343	0.0064
0	0	2	0.1683	0.0555	738.9238	0.5257	0.0078
0	0	3	0.1655	0.0564	738.9238	0.5346	0.0079
0	0	4	0.1703	0.0548	738.9238	0.5193	0.0077


ibin	iptbin	avgmult	avgpt	Vn mean	Vn mean Error
0	0	257.5272	0.9038	0.0516	0.0035

ibin	iptbin	itheta	r0	V	sigma2	chi	Vn Errors
0	0	0	0.1828	0.0511	740.5537	0.4833	0.0204
0	0	1	0.1850	0.0505	740.5537	0.4776	0.0202
0	0	2	0.2066	0.0452	740.5537	0.4278	0.0181
0	0	3	0.1914	0.0488	740.5537	0.4617	0.0195
0	0	4	0.2160	0.0432	740.5537	0.4091	0.0173


ibin	iptbin	avgmult	avgpt	Vn mean	Vn mean Error
0	0	257.5646	0.9037	0.0477	0.0090

ibin	iptbin	itheta	r0	V	sigma2	chi	Vn Errors
0	0	0	0.1789	0.0522	737.8637	0.4948	0.0078
0	0	1	0.1864	0.0501	737.8637	0.4750	0.0075
0	0	2	0.1862	0.0502	737.8637	0.4756	0.0075
0	0	3	0.1697	0.0550	737.8637	0.5216	0.0082
0	0	4	0.1893	0.0493	737.8637	0.4678	0.0074


ibin	iptbin	avgmult	avgpt	Vn mean	Vn mean Error
0	0	257.5385	0.9037	0.0514	0.0037

ibin	iptbin	itheta	r0	V	sigma2	chi	Vn Errors
0	0	0	0.1763	0.0530	739.5224	0.5017	0.0108
0	0	1	0.1886	0.0495	739.5224	0.4689	0.0101
0	0	2	0.1736	0.0538	739.5224	0.5093	0.0110
0	0	3	0.2105	0.0444	739.5224	0.4200	0.0090
0	0	4	0.1864	0.0501	739.5224	0.4743	0.0102


ibin	iptbin	avgmult	avgpt	Vn mean	Vn mean Error
0	0	257.4848	0.9039	0.0502	0.0049

ibin	iptbin	itheta	r0	V	sigma2	chi	Vn Errors
0	0	0	0.1722	0.0543	743.6312	0.5122	0.0087
0	0	1	0.1875	0.0498	743.6312	0.4704	0.0080
0	0	2	0.1745	0.0535	743.6312	0.5055	0.0086
0	0	3	0.1756	0.0532	743.6312	0.5022	0.0085
0	0	4	0.2054	0.0455	743.6312	0.4293	0.0073


ibin	iptbin	avgmult	avgpt	Vn mean	Vn mean Error
0	0	257.4410	0.9039	0.0513	0.0040

ibin	iptbin	itheta	r0	V	sigma2	chi	Vn Errors
0	0	0	0.1841	0.0508	737.8214	0.4809	0.0059
0	0	1	0.1705	0.0548	737.8214	0.5192	0.0063
0	0	2	0.1813	0.0516	737.8214	0.4882	0.0060
0	0	3	0.1697	0.0551	737.8214	0.5217	0.0064
0	0	4	0.1829	0.0511	737.8214	0.4841	0.0059


ibin	iptbin	avgmult	avgpt	Vn mean	Vn mean Error
0	0	257.2374	0.9040	0.0527	0.0030

ibin	iptbin	itheta	r0	V	sigma2	chi	Vn Errors
0	0	0	0.1893	0.0494	736.3501	0.4683	0.0071
0	0	1	0.1828	0.0511	736.3501	0.4848	0.0073
0	0	2	0.1738	0.0538	736.3501	0.5100	0.0077
0	0	3	0.1772	0.0527	736.3501	0.5002	0.0075
0	0	4	0.1869	0.0500	736.3501	0.4741	0.0071


ibin	iptbin	avgmult	avgpt	Vn mean	Vn mean Error
0	0	257.3983	0.9042	0.0514	0.0036

