3507.5	
6801.01	
3735.17	
2423.87	
7771.8	
1252.39	
2467.89	
3783.16	
3683.86	
12775.2	
7513.34	
10375	
7188.73	
4945.86	
3075.05	
6167.25	
36.2069	
11438.5	
6563.35	
11714.8	
2159.36	
7902.31	
5139.89	
8256.75	
10894.8	
16789.8	
4471.8	
2124.08	
7566.65	
1456.15	
8420.75	
9329.82	
4603.21	
5569.1	
6814.75	
3987.2	
1391.2	
7257.34	
4846.94	
20519	
24873.4	
10088.3	
19536.9	
10088.3	
9672.32	
429.832	
1616.62	
9612.03	
6531.59	
1472.89	
5139.89	
7902.31	
9692.12	
5852.15	
7117.53	
4871.38	
8845.37	
15000.3	
5912.35	
4090.63	
5122.58	
2383.8	
9612.03	
7952.04	
16530.2	
3082.53	
3582.22	
8160.49	
7257.34	
17655.4	
7053.71	
4688.6	
8845.37	
8160.49	
11027.2	
12264.7	
25256.1	
10335.2	
11027.2	
8878.38	
17066.5	
20218.9	
3582.22	
11717.5	
8645.41	
3751.59	
-754.193	
6721.37	
12361.1	
4871.38	
1456.15	
3971.4	
6840.41	
4603.21	
10286.1	
4846.94	
9295.03	
13006.1	
1269.51	
4090.63	
4052.65	
2932.6	
10012.3	
14107	
9582.11	
2383.8	
8645.41	
10052.5	
12268.3	
15194.4	
4843.71	
7141.41	
3647.58	
13006.1	
16763.9	
1612.3	
2572.11	
3944.84	
13809.4	
12268.3	
6137.93	
14484.5	
3082.53	
13056.5	
15194.4	
4218.07	
7053.71	
14107	
15537.7	
14232.7	
14060.1	
8878.38	
12267.8	
24873.4	
4128.54	
5907.34	
7968.5	
9276.46	
8512.23	
10482.9	
10482.9	
9692.12	
16866.3	
18890	
11717.5	
5980.81	
4038.5	
5400.42	
3228.93	
7514.35	
7117.53	
5122.58	
8997.67	
4843.71	
6184.15	
2932.6	
6312.45	
7141.41	
4052.65	
16394.8	
15119.6	
9276.46	
12267.8	
13135.9	
-606.883	
6531.59	
4258.93	
4678.41	
6197.41	
3841.11	
14060.1	
9166.51	
15537.7	
3791.4	
14903.4	
16866.3	
7278.97	
11956.3	
14484.5	
6840.41	
7923.72	
4273.22	
15000.3	
8139.18	
7278.97	
5232.84	
6990.53	
7887.15	
4688.6	
4038.5	
9920.54	
1331.6	
6861.76	
5980.81	
9285.37	
14351.1	
10286.1	
11956.3	
12144.2	
12497.9	
6721.37	
7580.47	
6889.71	
2327.81	
1612.3	
4964.34	
3062.67	
13788.5	
10012.3	
5416.86	
3791.4	
14903.4	
16394.8	
4678.41	
13135.9	
6507.67	
12144.2	
16268.8	
13281.9	
3751.59	
3029.07	
4218.07	
10295.1	
7578.99	
7923.72	
7887.15	
5807.24	
5907.34	
11074.5	
15051.4	
781.209	
9437.63	
7094.35	
5221.23	
5470.91	
5852.15	
8405.51	
3944.84	
14092.4	
4523.77	
7985.99	
4540.47	
3647.58	
5912.35	
3503.56	
5274.62	
12339.6	
9437.63	
13788.5	
6137.93	
7094.35	
14746.1	
16539.8	
3062.67	
6889.71	
20452.1	
13281.9	
6312.45	
14351.1	
16539.8	
5198.6	
16670.3	
7958.93	
8499.67	
16268.8	
7514.35	
2573.97	
5862.68	
9442.67	
5963.13	
3782.58	
4128.54	
2732.81	
5565.2	
5356.19	
12070.1	
5862.68	
5963.13	
3228.93	
1991.96	
8512.23	
7087.22	
6197.41	
17876.7	
7587.39	
15295.5	
12137	
3767.68	
20452.1	
6861.76	
8135.47	
912.919	
16670.3	
15051.4	
14092.4	
8997.67	
6611.45	
12389.6	
3503.56	
7578.99	
5198.6	
2649.96	
15023.7	
3971.4	
15295.5	
5665.41	
3672.22	
15023.7	
1659.77	
8760.36	
14746.1	
10954.1	
3282.23	
8002.03	
13139.7	
10954.1	
8760.36	
2819.27	
8139.18	
20218.9	
9166.51	
7045.05	
4979.15	
17194.1	
12389.6	
20990.9	
8411.14	
5261.08	
6990.53	
8755.54	
8844.92	
4258.93	
9442.67	
2158.79	
6221.06	
5274.62	
3767.68	
5541.97	
11035.1	
12184.5	
17876.7	
9495.28	
9920.54	
6507.67	
14232.7	
11035.1	
10497.9	
20990.9	
3442.64	
7587.39	
8126.08	
8205.59	
9495.28	
6385.68	
17017.7	
6623.7	
9330.99	
8202.56	
4964.34	
12497.9	
6748.9	
11446.5	
5895.13	
-848.434	
18090.3	
8205.59	
3590.44	
12184.5	
13112.1	
2649.96	
15119.6	
17637.5	
3140.37	
3967.01	
17637.5	
5356.19	
3672.22	
4979.15	
4334.31	
6815	
6480.97	
10295.1	
6480.97	
5807.24	
4362.14	
10412.3	
12361.1	
1566.82	
15125.6	
6735.34	
2327.81	
11446.3	
17350.2	
5416.86	
5722.24	
5221.23	
14497.2	
2661.59	
4540.47	
10501.7	
6815	
16557.3	
3282.23	
17017.7	
15125.6	
3775.26	
6221.06	
5725.47	
6254.94	
8411.14	
18090.3	
5725.47	
4249.79	
5541.97	
4249.79	
884.628	
14366.7	
7532.31	
9285.37	
8308.7	
12339.6	
3321.89	
11620	
8499.67	
12886.7	
16949.6	
17761.6	
5776.08	
7532.31	
982.386	
2695.44	
7210.61	
2573.97	
4958.91	
1617.08	
7585.48	
17662.5	
2309.82	
9792.48	
8405.51	
3967.01	
4758.28	
8126.08	
2309.82	
1617.08	
3140.37	
5406.88	
1943.73	
11620	
5895.13	
11446.3	
11074.5	
3947.74	
16557.3	
5565.2	
13094.2	
10039	
8613.89	
16306.9	
3926.15	
0	
7985.99	
3947.74	
3154.83	
5721.09	
6611.45	
5406.88	
4513.47	
8258.63	
1991.96	
6467.98	
13809.4	
5633.62	
13954.4	
3615.55	
12070.1	
4334.31	
14.0452	
183.85	
5204.23	
5721.09	
2661.59	
3775.26	
3192.67	
5601.59	
13094.2	
4356.54	
8135.47	
12761.2	
6541.32	
722.861	
4771.5	
12147	
3192.67	
2828.54	
5601.59	
4946.59	
4318.39	
7958.93	
17761.6	
4719.03	
7761.72	
2813.86	
8755.54	
4747.27	
12145.1	
8637.25	
13139.7	
6254.94	
3883.53	
4260.8	
11410.3	
7490.44	
982.386	
8963.98	
7087.22	
5371.01	
4771.5	
2936.55	
6541.32	
16196.9	
8002.03	
17662.5	
7210.61	
2819.27	
1419.96	
5371.01	
7197.65	
411.533	
6273.04	
624.026	
3316.47	
12137	
5141.73	
7805.97	
5261.08	
4260.8	
4025.82	
1126.58	
13056.5	
9496.64	
4438.46	
7485.27	
3052.18	
7183.36	
1632.54	
6385.68	
9330.99	
2936.55	
12732.3	
10246.2	
5776.08	
5633.62	
2868.93	
16306.9	
2868.93	
8963.98	
9275.01	
10497.9	
4993.01	
7708.54	
8258.63	
3051.86	
13954.4	
7045.05	
6422.73	
2690.38	
6623.7	
6496.15	
12385.9	
9770.48	
4156.93	
13546.7	
14077.2	
3316.47	
6658.63	
4540.6	
4492.67	
1917.33	
2506.47	
1616.62	
12952.1	
9672.13	
9576.01	
10412.3	
10194.1	
3926.15	
6735.34	
4438.46	
4025.82	
1917.33	
4946.59	
7269.41	
17194.1	
12147	
4598.03	
11410.3	
13112.1	
6748.9	
12145.1	
5650.18	
7225.42	
21846.4	
14297.5	
7818.99	
2690.38	
8503.07	
5500.14	
5883.48	
4477.15	
6607.19	
11746.6	
6184.15	
5722.24	
16268.1	
14366.7	
11446.5	
9946.42	
12886.7	
722.861	
12014	
4477.15	
6496.15	
6273.04	
8136.72	
12385.9	
8202.56	
5269.57	
16196.9	
13321.1	
14328.8	
4786.48	
9563.36	
1472.89	
8482.94	
5100.17	
8063.95	
4362.14	
14497.2	
12732.3	
10246.2	
7269.41	
6321.4	
5720.54	
13814.9	
2929.03	
8980.46	
15451.7	
6847.46	
7963.17	
4007.62	
9860.73	
5588.66	
12452.2	
7751.93	
3883.53	
9792.48	
10039	
7225.42	
4598.03	
8560.86	
4958.91	
8063.95	
12014	
6282.45	
7708.54	
7485.27	
10321	
1331.6	
17350.2	
-754.193	
10501.7	
4492.67	
12952.1	
6399.18	
7033.26	
16949.6	
7585.48	
6561.86	
10763.4	
13656.5	
11404.9	
8866.92	
10044.4	
3154.83	
3029.07	
2572.11	
2695.44	
6467.98	
8640.5	
5141.73	
4513.47	
7442.71	
5269.57	
4525.34	
8891.58	
8980.46	
3656.43	
7867.13	
11921.2	
8308.7	
6607.19	
11731.3	
12761.2	
6282.45	
9672.13	
10940.9	
8136.72	
14077.2	
1566.02	
8613.89	
14541.4	
18600	
4509.5	
12037.7	
960.682	
5692.33	
10663.4	
4758.28	
4356.54	
4719.03	
7895.81	
0	
8637.25	
6422.73	
9461.13	
4007.62	
10763.4	
7490.44	
9512.57	
10630.5	
18520.7	
5015.03	
16268.1	
9946.42	
13783.7	
7963.17	
11438.4	
8640.5	
5204.23	
6321.4	
14297.5	
4747.27	
3615.55	
10124.3	
7487.38	
5400.42	
4523.77	
9576.01	
6399.18	
10940.9	
5937.07	
9666.55	
3052.18	
9496.64	
15721.9	
7183.36	
6561.86	
624.026	
2813.86	
7761.72	
9245.44	
13321.1	
5883.48	
6847.46	
12037.7	
10321	
15451.7	
4318.39	
6278.81	
4190.22	
3656.43	
16456.8	
3051.86	
8891.58	
2732.81	
2506.47	
4273.22	
411.533	
4540.6	
2137.42	
960.682	
13514.9	
5500.14	
4993.01	
4273.29	
5100.17	
5720.54	
10194.1	
11746.6	
9770.48	
4156.93	
7197.65	
2929.03	
7033.26	
5588.66	
1126.58	
5692.33	
1659.77	
5650.18	
7442.71	
4525.34	
7580.47	
7867.13	
11438.4	
9860.73	
4509.5	
13656.5	
11921.2	
2158.79	
8482.94	
9275.01	
5015.03	
9512.57	
8560.86	
5470.91	
7895.81	
3590.44	
5937.07	
13783.7	
11731.3	
13546.7	
10663.4	
6278.81	
21846.4	
10630.5	
1566.82	
6658.63	
3782.58	
11404.9	
9666.55	
3321.89	
7487.38	
5665.41	
1943.73	
18600	
183.85	
7818.99	
10124.3	
14541.4	
2828.54	
14328.8	
8503.07	
1419.96	
16456.8	
1632.54	
8844.92	
18520.7	
9563.36	
9245.44	
9461.13	
4786.48	
3442.64	
7751.93	
13814.9	
12452.2	
15721.9	
13514.9	
8866.92	
4190.22	
10044.4	
2137.42	
1566.02	
4273.29	
