1335339
jobsub.slurm
vmp608
**** Following environment variables are going to be unset.
       XDAQ_DOCUMENT_ROOT
       XDAQ_OS
       G4NEUTRONXS
       LHAPATH
       XDAQ_PLATFORM
       XDAQ_ROOT
1.43	2.24	5273.31	361
1.43	2.241	5280.29	361
1.43	2.242	5281.83	361
1.43	2.243	5286.25	361
1.43	2.244	5296.56	361
1.43	2.245	5294.32	361
1.43	2.246	5289.73	361
1.43	2.247	5292.33	361
1.43	2.248	5298.83	361
1.43	2.249	5303.91	361
1.43	2.25	5316.82	361
1.43	2.251	5322.3	361
1.43	2.252	5327.92	361
1.43	2.253	5315.35	361
1.43	2.254	5321.91	361
1.43	2.255	5326.96	361
1.43	2.256	5337.57	361
1.43	2.257	5338.84	361
1.43	2.258	5345.52	361
1.43	2.259	5350.19	361
1.43	2.26	5341.01	361
1.431	2.24	5223.63	361
1.431	2.241	5224.85	361
1.431	2.242	5227.14	361
1.431	2.243	5214.83	361
1.431	2.244	5207.76	361
1.431	2.245	5209.15	361
1.431	2.246	5201.92	361
1.431	2.247	5202.89	361
1.431	2.248	5212.39	361
1.431	2.249	5218.56	361
1.431	2.25	5230.2	361
1.431	2.251	5250.78	361
1.431	2.252	5252.18	361
1.431	2.253	5257.84	361
1.431	2.254	5255.48	361
1.431	2.255	5264.5	361
1.431	2.256	5276.27	361
1.431	2.257	5283.94	361
1.431	2.258	5280.87	361
1.431	2.259	5283.81	361
1.431	2.26	5291.69	361
1.432	2.24	5210.61	361
1.432	2.241	5213.13	361
1.432	2.242	5211.22	361
1.432	2.243	5213.59	361
1.432	2.244	5214.66	361
1.432	2.245	5218.92	361
1.432	2.246	5211.89	361
1.432	2.247	5199.55	361
1.432	2.248	5202.65	361
1.432	2.249	5211.23	361
1.432	2.25	5206.48	361
1.432	2.251	5209.98	361
1.432	2.252	5216.38	361
1.432	2.253	5222.57	361
1.432	2.254	5226.3	361
1.432	2.255	5229.55	361
1.432	2.256	5227.54	361
1.432	2.257	5223.54	361
1.432	2.258	5224.13	361
1.432	2.259	5219.21	361
1.432	2.26	5212.63	361
1.433	2.24	5224.72	361
1.433	2.241	5231.58	361
1.433	2.242	5228.89	361
1.433	2.243	5223.72	361
1.433	2.244	5221.58	361
1.433	2.245	5221.38	361
1.433	2.246	5220.59	361
1.433	2.247	5216.01	361
1.433	2.248	5214.21	361
1.433	2.249	5227.45	361
1.433	2.25	5238.82	361
1.433	2.251	5248.54	361
1.433	2.252	5234.48	361
1.433	2.253	5238.25	361
1.433	2.254	5242.75	361
1.433	2.255	5243.24	361
1.433	2.256	5230.62	361
1.433	2.257	5213.14	361
1.433	2.258	5216.65	361
1.433	2.259	5219.91	361
1.433	2.26	5219.37	361
1.434	2.24	5215.99	361
1.434	2.241	5215.73	361
1.434	2.242	5218.9	361
1.434	2.243	5228.57	361
1.434	2.244	5224.67	361
1.434	2.245	5207.31	361
1.434	2.246	5192.92	361
1.434	2.247	5193.4	361
1.434	2.248	5211.34	361
1.434	2.249	5225.8	361
1.434	2.25	5234.13	361
1.434	2.251	5234.34	361
1.434	2.252	5222.88	361
1.434	2.253	5225.87	361
1.434	2.254	5229.94	361
1.434	2.255	5229.26	361
1.434	2.256	5218.94	361
1.434	2.257	5228.83	361
1.434	2.258	5226.33	361
1.434	2.259	5220.97	361
1.434	2.26	5225	361
1.435	2.24	5181.84	361
1.435	2.241	5197.05	361
1.435	2.242	5203.56	361
1.435	2.243	5196.32	361
1.435	2.244	5203.7	361
1.435	2.245	5198.41	361
1.435	2.246	5196.35	361
1.435	2.247	5195.21	361
1.435	2.248	5198.03	361
1.435	2.249	5194.89	361
1.435	2.25	5184.75	361
1.435	2.251	5187.4	361
1.435	2.252	5194.06	361
1.435	2.253	5220.63	361
1.435	2.254	5220.34	361
1.435	2.255	5218.33	361
1.435	2.256	5209.17	361
1.435	2.257	5218.21	361
1.435	2.258	5224.85	361
1.435	2.259	5220.69	361
1.435	2.26	5225.62	361
1.436	2.24	5159.55	361
1.436	2.241	5175.18	361
1.436	2.242	5170.58	361
1.436	2.243	5163.73	361
1.436	2.244	5170.65	361
1.436	2.245	5183.22	361
1.436	2.246	5208.56	361
1.436	2.247	5221.02	361
1.436	2.248	5207.13	361
1.436	2.249	5208.74	361
1.436	2.25	5207.77	361
1.436	2.251	5207.64	361
1.436	2.252	5192.33	361
1.436	2.253	5181.95	361
1.436	2.254	5182.82	361
1.436	2.255	5179.75	361
1.436	2.256	5182.39	361
1.436	2.257	5185.79	361
1.436	2.258	5196.51	361
1.436	2.259	5197.72	361
1.436	2.26	5201.62	361
1.437	2.24	5070.64	361
1.437	2.241	5063.84	361
1.437	2.242	5071.55	361
1.437	2.243	5105.38	361
1.437	2.244	5110.8	361
1.437	2.245	5109.14	361
1.437	2.246	5128.84	361
1.437	2.247	5128	361
1.437	2.248	5128.79	361
1.437	2.249	5135.23	361
1.437	2.25	5136.91	361
1.437	2.251	5142.76	361
1.437	2.252	5145.46	361
1.437	2.253	5135.05	361
1.437	2.254	5140.89	361
1.437	2.255	5151.69	361
1.437	2.256	5162.82	361
1.437	2.257	5166.53	361
1.437	2.258	5177.47	361
1.437	2.259	5163.77	361
1.437	2.26	5170.46	361
1.438	2.24	5031.21	361
1.438	2.241	5031.69	361
1.438	2.242	5039.42	361
1.438	2.243	5049.05	361
1.438	2.244	5070.66	361
1.438	2.245	5089.72	361
1.438	2.246	5098.13	361
1.438	2.247	5108.23	361
1.438	2.248	5125.15	361
1.438	2.249	5112.68	361
1.438	2.25	5113.47	361
1.438	2.251	5091.08	361
1.438	2.252	5058.28	361
1.438	2.253	5064.06	361
1.438	2.254	5061.77	361
1.438	2.255	5054.88	361
1.438	2.256	5070.39	361
1.438	2.257	5060.26	361
1.438	2.258	5064.68	361
1.438	2.259	5072.96	361
1.438	2.26	5107.02	361
1.439	2.24	4954.68	361
1.439	2.241	4965.18	361
1.439	2.242	4968.53	361
1.439	2.243	4963.85	361
1.439	2.244	4966.03	361
1.439	2.245	4971.57	361
1.439	2.246	4975.48	361
1.439	2.247	4982.3	361
1.439	2.248	4992.23	361
1.439	2.249	4999.17	361
1.439	2.25	4999.53	361
1.439	2.251	4995.24	361
1.439	2.252	5008.55	361
1.439	2.253	5021.52	361
1.439	2.254	5025.27	361
1.439	2.255	5023.09	361
1.439	2.256	5023.46	361
1.439	2.257	5032.46	361
1.439	2.258	5029.55	361
1.439	2.259	5048.36	361
1.439	2.26	5061.54	361
1.44	2.24	4948.44	361
1.44	2.241	4962.04	361
1.44	2.242	4974.65	361
1.44	2.243	4969.76	361
1.44	2.244	4968.29	361
1.44	2.245	4973.77	361
1.44	2.246	4964.35	361
1.44	2.247	4955.6	361
1.44	2.248	4957.65	361
1.44	2.249	4969.38	361
1.44	2.25	4955.26	361
1.44	2.251	4945.77	361
1.44	2.252	4933.45	361
1.44	2.253	4955.04	361
1.44	2.254	4948.62	361
1.44	2.255	4952.19	361
1.44	2.256	4947.42	361
1.44	2.257	4954.05	361
1.44	2.258	4956.06	361
1.44	2.259	4970.33	361
1.44	2.26	4961.55	361
1.441	2.24	4938.81	361
1.441	2.241	4936.91	361
1.441	2.242	4940.5	361
1.441	2.243	4963.55	361
1.441	2.244	4960.21	361
1.441	2.245	4955.18	361
1.441	2.246	4947.37	361
1.441	2.247	4938.86	361
1.441	2.248	4937.3	361
1.441	2.249	4935.5	361
1.441	2.25	4938.8	361
1.441	2.251	4929.98	361
1.441	2.252	4932.06	361
1.441	2.253	4926.16	361
1.441	2.254	4925.17	361
1.441	2.255	4922.84	361
1.441	2.256	4948.48	361
1.441	2.257	4946.65	361
1.441	2.258	4947.6	361
1.441	2.259	4969.19	361
1.441	2.26	4978.04	361
1.442	2.24	4949.91	361
1.442	2.241	4948.05	361
1.442	2.242	4949.54	361
1.442	2.243	4955.39	361
1.442	2.244	4972.64	361
1.442	2.245	4974.35	361
1.442	2.246	4974.34	361
1.442	2.247	4975.37	361
1.442	2.248	4962.69	361
1.442	2.249	4949.25	361
1.442	2.25	4949.31	361
1.442	2.251	4945.14	361
1.442	2.252	4951.42	361
1.442	2.253	4960.22	361
1.442	2.254	4953.81	361
1.442	2.255	4953.96	361
1.442	2.256	4942.35	361
1.442	2.257	4943.76	361
1.442	2.258	4937.87	361
1.442	2.259	4959.5	361
1.442	2.26	4961.85	361
1.443	2.24	4995.47	361
1.443	2.241	4996.06	361
1.443	2.242	4989.26	361
1.443	2.243	4984.91	361
1.443	2.244	4981.07	361
1.443	2.245	4967.57	361
1.443	2.246	4963.63	361
1.443	2.247	4964.12	361
1.443	2.248	4973.43	361
1.443	2.249	4986.67	361
1.443	2.25	4967.65	361
1.443	2.251	4967.61	361
1.443	2.252	4955.95	361
1.443	2.253	4950.59	361
1.443	2.254	4943.94	361
1.443	2.255	4933.92	361
1.443	2.256	4940.78	361
1.443	2.257	4939.75	361
1.443	2.258	4946.98	361
1.443	2.259	4960.8	361
1.443	2.26	4965.24	361
1.444	2.24	5012.73	361
1.444	2.241	5006.29	361
1.444	2.242	4991.56	361
1.444	2.243	4988.41	361
1.444	2.244	4965.5	361
1.444	2.245	4974.38	361
1.444	2.246	4983.4	361
1.444	2.247	4978.76	361
1.444	2.248	4984.43	361
1.444	2.249	4991.46	361
1.444	2.25	4987.68	361
1.444	2.251	4990.84	361
1.444	2.252	4989.08	361
1.444	2.253	4984.05	361
1.444	2.254	4987.94	361
1.444	2.255	4988.97	361
1.444	2.256	4991.16	361
1.444	2.257	4985.48	361
1.444	2.258	4980.3	361
1.444	2.259	4969.28	361
1.444	2.26	4974.95	361
1.445	2.24	5054.12	361
1.445	2.241	5051.92	361
1.445	2.242	5053.37	361
1.445	2.243	5045.76	361
1.445	2.244	5057.95	361
1.445	2.245	5069.38	361
1.445	2.246	5055.98	361
1.445	2.247	5061.28	361
1.445	2.248	5052.52	361
1.445	2.249	5048.78	361
1.445	2.25	5047.41	361
1.445	2.251	5053.58	361
1.445	2.252	5044.87	361
1.445	2.253	5040.46	361
1.445	2.254	5025.31	361
1.445	2.255	5010.99	361
1.445	2.256	5010.73	361
1.445	2.257	5004.18	361
1.445	2.258	5000.75	361
1.445	2.259	4996.27	361
1.445	2.26	4973.96	361
1.446	2.24	5117.78	361
1.446	2.241	5123.27	361
1.446	2.242	5113.81	361
1.446	2.243	5118.26	361
1.446	2.244	5122.63	361
1.446	2.245	5122.31	361
1.446	2.246	5104.92	361
1.446	2.247	5102.32	361
1.446	2.248	5100.67	361
1.446	2.249	5087.14	361
1.446	2.25	5085	361
1.446	2.251	5076.67	361
1.446	2.252	5063.2	361
1.446	2.253	5062.49	361
1.446	2.254	5065.48	361
1.446	2.255	5062.32	361
1.446	2.256	5060.23	361
1.446	2.257	5052.82	361
1.446	2.258	5049.98	361
1.446	2.259	5051.6	361
1.446	2.26	5050.7	361
1.447	2.24	5084.25	361
1.447	2.241	5089.01	361
1.447	2.242	5101.11	361
1.447	2.243	5090.06	361
1.447	2.244	5065.64	361
1.447	2.245	5065.76	361
1.447	2.246	5070.68	361
1.447	2.247	5068.24	361
1.447	2.248	5082.22	361
1.447	2.249	5070.42	361
1.447	2.25	5084.38	361
1.447	2.251	5088.65	361
1.447	2.252	5097.12	361
1.447	2.253	5103.5	361
1.447	2.254	5113.02	361
1.447	2.255	5128.93	361
1.447	2.256	5122.36	361
1.447	2.257	5131.71	361
1.447	2.258	5111.43	361
1.447	2.259	5094.48	361
1.447	2.26	5103.91	361
1.448	2.24	5123.11	361
1.448	2.241	5109.22	361
1.448	2.242	5102.81	361
1.448	2.243	5089.84	361
1.448	2.244	5081.54	361
1.448	2.245	5099.05	361
1.448	2.246	5103.04	361
1.448	2.247	5103.87	361
1.448	2.248	5100.43	361
1.448	2.249	5096.6	361
1.448	2.25	5095.06	361
1.448	2.251	5096.25	361
1.448	2.252	5098.13	361
1.448	2.253	5104.26	361
1.448	2.254	5095.91	361
1.448	2.255	5097.13	361
1.448	2.256	5091.89	361
1.448	2.257	5086.01	361
1.448	2.258	5092.29	361
1.448	2.259	5077.53	361
1.448	2.26	5066.66	361
1.449	2.24	5124.45	361
1.449	2.241	5133.01	361
1.449	2.242	5133.83	361
1.449	2.243	5128.72	361
1.449	2.244	5121.36	361
1.449	2.245	5109.31	361
1.449	2.246	5099.94	361
1.449	2.247	5106.03	361
1.449	2.248	5116.88	361
1.449	2.249	5113.34	361
1.449	2.25	5117.55	361
1.449	2.251	5135.55	361
1.449	2.252	5133.76	361
1.449	2.253	5137.21	361
1.449	2.254	5140.13	361
1.449	2.255	5130.39	361
1.449	2.256	5129.01	361
1.449	2.257	5110.54	361
1.449	2.258	5107.67	361
1.449	2.259	5085.25	361
1.449	2.26	5093.34	361
1.45	2.24	5155.56	361
1.45	2.241	5155.43	361
1.45	2.242	5132.49	361
1.45	2.243	5128.22	361
1.45	2.244	5129.12	361
1.45	2.245	5109.51	361
1.45	2.246	5103.62	361
1.45	2.247	5107.95	361
1.45	2.248	5116.23	361
1.45	2.249	5119.22	361
1.45	2.25	5117.49	361
1.45	2.251	5118.44	361
1.45	2.252	5119.42	361
1.45	2.253	5121.92	361
1.45	2.254	5126.5	361
1.45	2.255	5126.31	361
1.45	2.256	5129.94	361
1.45	2.257	5128.7	361
1.45	2.258	5131.22	361
1.45	2.259	5127.09	361
1.45	2.26	5117.38	361
{1.441,2.255}
4922.84	361
