-208.346	33061.7	4369.49	-20096.6	18716.8	
357.104	4402.98	-13289.6	-10845.5	-13914.3	
-35970.7	4203.82	-37723.9	22641.6	-12684.8	
14601.1	28758.6	8659.97	14324.6	-1140.15	
39130	-37156.6	-277.782	-12316.8	-3284.25	
-747.275	-11638.5	2137.1	1888.87	-18206	
-6558.26	8548.69	-465.006	-19676.1	23409.4	
-10954.5	10703.1	-14331	22777.8	-16005.5	
49974.6	24575.8	21677.1	9490.21	52004.2	
-4995.5	-10.0346	17980.9	-8902.83	-11675.7	
2678.96	44725.8	-16137.3	19309.4	12684.2	
-6143.42	-7305.69	-5626.5	-15788.8	43950.4	
-6153.93	6973.56	-32242.3	-18217.6	-12684.2	
803.355	-8805.68	6448.05	26622.1	1365.25	
32058.9	334.129	11770.2	16449.5	10968.2	
15384.7	-463.096	16547.7	-31863.4	-18174.8	
-358001	-108935	37414.2	100038	-250038	
24576.2	13899	13290.5	1605.04	-38755.8	
713.081	-1965.49	-23570.5	-25122.2	-2792.08	
11684.3	1940.93	-4263.81	7889.12	-18975.9	
-12400.9	35686.3	-15156.8	-8569.44	12449.5	
16684.5	-17521.9	-9464.29	-5921.02	-7210.76	
-19146.7	-25953	-14565	4912.36	-23124.9	
-8154.67	-37219.3	-7312.07	-72177.8	14257.9	
13649.4	3080.47	8544.24	3790.45	-10478.1	
10689.6	2160.63	1403.88	20878.4	32672.8	
-2490.82	-6636.42	9564.18	-23738.3	-15462.4	
-582.166	5977.25	-6928.81	-2023.07	15723.1	
10571.6	-18344.1	8510.93	33790.6	14554	
20906	7241.62	-24079.4	-16336.8	16345.6	
-4638.02	12213.7	-24160.3	-9801.49	10134.5	
64963.1	26002.3	-34433.3	15360	41461	
32166.1	-12548.4	-14673.4	-10058.6	25368.7	
1944.08	-5524.63	6192.77	-8353.66	10171.8	
46704.2	-45488.2	-20550	35714	6655.88	
33134.6	2098.47	-21317.3	44663.2	38538.1	
-11524.3	-2075.41	-17389.6	-15168.6	-14094.9	
-38782	18802	32013.3	14765.7	-7422.48	
-107.692	5139.06	14442.2	14623.7	18386	
-10007.1	9601.44	4591.22	20913.8	2979.88	
-17013.2	27581.5	33386	4844	15259.5	
6744	-18717.9	-8249.35	-19652	-11055	
6942.42	-12400.9	-12101.6	13604.3	-43156.6	
47699	-15375	2510.52	-18198	-3903.58	
-5066.4	15141.1	-32301.1	3726.96	-19048.6	
-17275.2	9601.64	14576.8	30183.4	-36666.8	
12299.7	26750.5	30254.7	-15928.9	-11500.8	
-19817.4	-6920.45	5438.03	13861.7	410.65	
9764.57	17337.2	-3442.55	-11494.4	-21771.7	
2262.03	-6528.75	2012.46	2012.07	-8363.22	
29760.2	-10740	3671.52	36367.7	33182.1	
5918.34	28805.2	-21828.8	3066.54	11532.5	
29644.1	-11675	-4131.84	-2106.21	-36210.8	
10633.8	-10143	-5235.88	-4984.33	38830.7	
-1557.77	-4445.63	-16218.4	41362.7	-12975.2	
-2674.4	7760.01	-6431.98	8978.53	20924.1	
8506.78	-12169.3	1871.37	-10101	-20574.9	
-2443.58	3812.92	62.0356	18489.2	-36599.2	
28074.1	22646	6769.27	-29062.5	11407.2	
-20607.6	-17740.6	-1973.29	-19052.8	35537.6	
6161.52	11307.3	-124.975	17855	-23471.9	
-10363.6	21771.1	-9631.34	36483.4	-10306.3	
-18769	-14924.8	7722.51	21008.3	-3419.26	
-1273.25	-17758.3	13414.4	23010.3	15152.2	
10829	22171.3	14953.4	9107.17	-22079	
9664.29	50512.5	2890.82	-32662.5	33623.4	
-11048.7	960.267	1580.4	-11965.7	-46884.7	
-37990.9	-1063.6	-18948.1	-3332.13	-38769.4	
45668.1	-15390.4	19985.3	22598.5	31172.9	
32768	-21805.4	-15273	11785.6	-1503.52	
-1058.8	-4638.96	-917.268	-10685.9	-13552.5	
6865.52	3439.48	-19284.4	6191.61	-7394.12	
-10739.8	-17614.2	-30474.8	-2019.49	-2163.5	
23632.4	1790.18	-18529.9	-6957.95	9868.06	
11570.5	26862.1	-25243.9	38115	18215.1	
-3144.1	-4823.32	-23154	13206.5	12129.9	
-5904.06	41528.6	-789.136	-2320.24	25591.6	
-42668.8	-11001.2	-3478.73	-8411.34	18307.9	
-8320.23	16171	7223.23	17118.5	2891.75	
14502.6	-1676.65	6035.57	3138.47	786.223	
-7872.29	-17444.1	21736.2	-14392.6	14660.5	
-1628.43	-18150.1	17142.1	14135.8	-25472.8	
1114	20793.6	11163.2	-2749.08	-11404.1	
9428.25	1793.06	-15741.2	21467.1	-11593.1	
-4548.22	2076.67	-12165.5	-1660.86	60.742	
-25029.5	16584.3	2350.84	-1769.52	-11775.9	
-34948.8	4664.66	19840.5	1659.02	7289.78	
-16618.8	914.073	10952.9	-19636	5865.1	
13662.3	20508.2	14215.1	12345	-31699.2	
2047.94	-29215.7	-13076	-13528.6	5004.33	
4826.33	4547.92	-9798.6	335.875	-6841.63	
-9584.02	-1104.21	-22871.9	-25476.2	21707.9	
760.139	20506.9	28476.9	34362	-49532.2	
21269.3	7406.36	-2199.55	10662	-11645.9	
46444.6	-458.484	-10745.4	-5424.07	-23487.2	
6549.27	-2690.33	-5590.52	7921	18738.7	
8125.95	15151.4	10750.2	10577	-5900.46	
27105.2	11817.7	1149.63	-6193.95	-22317.2	
4284.72	7591.47	5169.98	4307.06	18666.2	
-582.767	12264.5	30935.1	-23176.7	-3396.87	
-3676.48	26885.9	26703	54118.5	-3188.32	
3596.1	6671.22	15692.1	-22587.5	34404.7	
-28717.4	33780.7	14841.9	75.1158	-19182.1	
24505.7	-16762.2	37641.2	2630.16	-54130.8	
26265.5	-29813.7	69843.7	-33208.6	-25319.6	
-14275	-7037.91	9517.58	-32061.2	-28125.4	
15511.9	-7452.05	8160.2	-16390.4	-12646.8	
-12745.3	6442.61	19352	13658.6	-28450.7	
3084.95	-3376.7	19804.8	-12717.2	-2971.91	
21344.4	-9032.3	392.779	63877.6	-20411.5	
15465	4051.88	-15036.9	-5353.18	-24695.7	
31002.2	-13625.4	11067.9	-2427.48	34640.5	
-1668.94	7823.25	2212.27	-15074.6	-26375.5	
26502.6	4411.2	23256.2	21954.7	-21727	
7462.59	-10062.2	11974	-10538.2	-11122.7	
3148.27	-1733.56	-4258.61	639.626	20950.8	
16448.9	-6439.51	-5864.67	7816.54	-8029.16	
-17276.7	-18574.3	820.031	-1688.48	-8548.48	
-20046.5	13718.2	4590.3	6009.42	38999.5	
-3086.78	15701	25013.4	4095.08	17963.2	
-15441.9	20198.7	45259.7	2687.75	-2116.69	
15623.1	-5068.72	13682.6	-3187.44	27183.7	
29613.3	5709.44	12553.4	59713.3	-9709.41	
-17387.9	26239.9	29953	16825.7	2630.17	
-33168.4	4710.47	-36483.2	-17652.9	8466.25	
-12253.6	25522.8	3705.96	-26901.5	16944.9	
-19754	3051.21	13722.8	-5753.16	9996.32	
49564.7	-41988.6	48387.1	-7814.26	-56250.6	
-31160	24135.5	57780.3	-49072.9	31427	
4201.04	33918.3	1292.47	46282.1	24355.9	
30667	21093.3	-40111.6	-4278.32	-64027.4	
-10100.9	7858.01	-22300.5	806.656	-22541.4	
-45387.2	30140.1	11691.3	36042.5	-13505	
-2411.32	14202.1	-11776	38821.1	25031.2	
-8128.01	16076.2	-23412.9	9509.15	21737.4	
27194.1	35552.1	930.999	19855.5	43026.2	
9832.12	-3126.79	-11627.1	45752.9	-26414.4	
39388.2	5779.6	1643.68	1900.79	-15165.7	
17386.1	-12132.8	-1647.72	-6106.2	30436.8	
-2760.86	-7057.12	10917.4	18342.9	3665.01	
7590.69	-7741.86	19410	-3307.28	22962	
-13976.2	-25357	-19169	11995.2	-26305	
-7322.08	-2761.48	-16282.3	-13241	-31470.9	
-18410.9	-7329.33	10124.6	-30083.6	10209.8	
15981.5	4838.63	13521.8	-3068.7	-31432	
-3207.98	13966	-5905.57	-15973.5	874.238	
7462.64	29538.2	11792.8	29165.4	38532.1	
9885.12	-8435.15	-31769.3	18017.4	18157.4	
-13290.4	7933.89	-2024.89	1095.02	-3020.64	
15642.6	57343.7	16596.3	3939.61	12327.6	
-16192.8	-36613.8	48640.3	6408.9	-312.48	
41387.2	-1339.73	-23394	4674.53	-10774.4	
35605.6	31989.2	30281.7	18873.4	19816.9	
11114	-36143.7	-19327.9	16988.3	34888.6	
-7630.68	-14830	-9613.83	-17877.6	8881.98	
-1186.04	-20826	22848.7	-7247.75	23477.1	
26146.3	3715.64	27672.6	41576.1	40219.8	
13444.7	-34555.4	-26065.8	-13913.8	87322.3	
5606.21	11023.4	-14265.2	14073.9	10596.7	
-27594.2	-8563.51	26316.7	37428.4	8323.77	
-13537.9	-7642.64	9065.06	24457.3	-23114.2	
10577.6	4943.82	-1516.07	17611.1	-7855.07	
-18982	-20132	24008.4	11169.2	-5866.02	
43986.9	-16488.7	27908.2	1032.33	-365.471	
1831.63	10854.8	21077.8	-154.09	6535.01	
-12302.5	-8392.96	-12731.8	-40064.8	29964.5	
-271.089	4707.75	-4128.29	32554.2	20651.4	
30226.8	23191.5	1978.25	-25782.3	-28725.1	
2255.86	11708.6	13129.8	6894.54	-34201	
61874.4	13213.1	-10530.6	29378.5	29317.3	
23346.2	51920.7	-750.359	60584.6	-18810.9	
7122.27	18393.1	26857.6	43762.6	-3186.01	
-4801.83	-25335.8	-46422	12160.7	-22861.9	
11334.6	29850.4	-31446.7	4138.96	11057	
6672.94	-1202.16	23507.9	-38926.9	-12919.9	
-730.287	19349.8	6660.3	47705.3	17258	
-12078.5	12393.6	-4089.96	-4421.37	7527.73	
-20117.8	-7968.44	3423.78	-4388.62	38163.5	
4196.19	15698.3	-8254.53	-3922.94	1115.91	
-2185.17	-13215.3	-13456.3	17607.4	28553.9	
-22770.4	25975.9	-20550	-9737.3	11512.2	
9253.47	-11626.2	-6550.28	-12237.2	-7135.92	
544.734	18088	-6553.79	4097.53	-16907.3	
24209.3	21484.7	23045.7	3447.49	-11581.8	
-34868	8842.5	46213.3	4675.25	16927.3	
23872.2	-1501.66	-24447.8	-23860.4	-20449	
-20125.9	34861.7	32786.6	15119.5	3237.69	
-10564.1	-3974.16	14996.2	-8479.99	5054.09	
8069.33	-10012.2	3051.25	2088.43	-12541.3	
15859.8	834.295	223.588	-8401.6	31495.2	
26668.2	70762	31719.8	6205.21	10825	
-41171.1	9498.65	-14678.7	34260.7	-6716.8	
18925.9	-24763.8	-6545.48	5861.4	24322	
-2297.89	31356.2	-12050.3	27378.8	-9070.55	
23023.1	2478.08	20674.4	-1616	-32594.1	
-8924.55	17197.3	44716.1	-32863.7	-25862.8	
5652.35	-11842.9	-15281.7	-1630.19	-37661.3	
46875.9	29445.8	1146.94	-3672.63	21746.3	
10125	8805.61	25535.8	44055.6	-16716.6	
-23908.6	966.929	-17794.4	-1378.5	1490.74	
269.692	18763	15370.1	-1414.84	35044.6	
-41699.7	15810.6	13493.1	-18284.6	7488.5	
-6881.39	13266.5	20634.6	5055.24	7064.85	
1027.25	20198.1	-13847.4	2471.81	-6127.86	
-1065.81	-4289.6	72453	37570.8	-3063.55	
-7888.62	-10664.3	-13899.3	2978.38	-8595.12	
-8079.75	22139	-16085.5	1474.23	12151.5	
19860.2	20946.3	31459.4	50085.9	13273.3	
-19475.8	17328.1	46116.2	3305.14	6063.59	
-23038.7	33955.6	1008.07	13412.1	-49346.9	
5159.38	7687.6	-3184.1	-10020.9	-2038.46	
-12095.2	23796.3	39364.1	-7759.26	24079.9	
17784.7	35494.1	23989.5	41537.5	-23951	
42708.2	15811.4	20552.8	5293.6	-10230	
7267.44	-2855.76	29424.7	-350.208	-10155.3	
12296	6334.69	27379.6	12396.6	4610.76	
32802.5	-1342.46	-19284.5	21603.7	19245.9	
27182.6	-13498.3	-14706.4	-5515.77	838.025	
783.901	19159.3	29447.6	3190.46	10847	
-18893.3	17881.5	14308.6	19854.6	-13426.5	
11109	2184.29	21378.7	1843.5	6441.01	
6280.38	-30755.4	-17363	23195.5	43606.6	
-3348.22	16497.9	-5643.25	-7956.94	-13376.6	
-1000.53	-9458.82	42802.2	21654.6	-10188	
33870.2	10631.9	-26842	1984.18	9732.11	
6966.47	13785.4	2233.66	-7657.83	-35931.8	
-8360.56	-8133.63	22722.3	18929.2	-44489	
33555.1	-8461.01	-1072.56	19625	49996.6	
15175.8	9363.74	-30763	3828.62	13898.2	
-6959.63	-9330.24	32362.3	11237.3	5101.49	
18171	14530.7	993.956	27338.6	25412.7	
9165.12	-18807.9	6610.31	16552.2	-28541	
3960.91	2577.98	-3844.54	-6951.37	21340.2	
-17765.8	-12147.3	8285.62	-41224.7	-26899.1	
-8861.15	5222.87	-31112.2	-15975.4	5404.76	
-9197.83	18079.4	-41160.7	24080.6	33327	
10762.2	7811.55	5214.26	10673.5	-7020.47	
-14338.4	-3933.13	-8943.41	-38638.5	1453.6	
44286.1	1286.99	-21006.2	-16597.1	-23971.3	
39398.7	43344.8	51167.6	41768.2	-15510.6	
-12608	-19628.6	-20883.1	-31106.8	8027.11	
14249.7	30279.5	4783.14	26279	12720.2	
10505.9	18731.4	-7309.33	9762.34	-3107.87	
-2548.42	16471.7	-9274.21	-16534.7	20688.6	
14065.1	-12308.4	2664.24	-9053.06	-6632.52	
-11841.1	-42690.5	-9213.85	-43207.5	-19503.1	
-15613.6	22982	-6629.87	-46.3215	-18642.9	
-13960.5	9184.54	4606.79	-4753	-21159.7	
1465.88	-4146.62	-14333.8	16951.9	12770.6	
-32652.2	48550.9	12156.2	22879.6	27414.5	
-6007.41	32682.3	19305	8939.59	32423.9	
2437.03	10970.7	30366.2	-39410.7	38844.2	
46174.7	8344.43	15169.1	37516.3	7741.75	
-18450.2	-59.9519	30174.6	25818.8	28992.7	
-15592.6	-2848.31	-20885.9	8840.87	-15262.8	
-2227.28	-12021.6	-29827.6	-9786.18	-32018.9	
20469.8	23894.5	-16682.7	-22022.1	-16122.8	
24345.5	-10261.9	-4484.88	-39379.1	21394.5	
37341.2	12400.3	7670.44	7523.72	12294.9	
-22653.3	-12276.1	-3291.95	24860.2	38778.7	
-33394.7	49402.8	43909.7	41953.8	22038.7	
29652.3	-30182.7	-11772.1	18198.3	19517	
-10362.6	-1699.12	-14432.7	-5828.59	8400.5	
725.338	-7892.12	-10347.1	-24066.5	-2165.76	
13471.2	58330.9	33555.1	59873	30477.6	
-20877.5	-6713.13	-1052.19	-17183.6	-17035.1	
-29605	-32919.9	4727.54	8837.35	29521.6	
-13549.9	7404.56	-32594.2	-9010.07	17961.2	
-13204.1	6832.31	-24365	-25647.1	-15392.9	
11817.9	13023.4	-157.451	8203.65	4933.79	
-28485.6	11591.5	29030.6	20013.5	-35376.9	
-10199.8	-30474.5	19093	-22294.4	271.838	
-48422.6	17129.1	29632.1	-33530.3	-24299.5	
11835.6	23356.5	-1746.85	-24814.6	-23751.7	
5999.58	15012.5	64427.6	-6801.23	-6617.91	
-361.133	6533.52	27758.7	-3257.3	-12580.3	
-1096.41	22896.5	18892.5	38525.8	10393.1	
14398	8858.77	-35499.6	-1804.96	27610.7	
41416.7	3779.99	-23306.3	-1952.79	9814.62	
10210.5	-1659.85	-884.997	42968.8	3786.35	
-39204.2	-12756.3	-6436.77	13419.8	20691.9	
14183.5	-16580.8	-7091.6	-20372.3	14755.3	
5937.81	11601.8	-36707	14834.8	55349.1	
5535.7	2.99654	-20090.2	-7596.81	-57698.2	
-22984.2	-26236.7	-12579.4	-44378.2	-6124.03	
6141.92	30562.1	-7651.54	29335.1	58.813	
1724.92	-4189.91	-20717.5	-4866.11	42736.2	
-7694.32	-4268.11	2067.07	-1556	-3934.14	
11466.7	2207.02	19314.1	16110.3	24246.6	
-13987.4	-14368.4	-1310.09	5209.67	5795.46	
5511.04	2587.68	-4.09316	22582	10955.4	
23662.3	-2643.71	-3822.91	-9440.75	7954.89	
-48976.2	-14665.2	12641.5	-19938.7	-10456.7	
-35566.9	-21230.2	48442.5	24916.7	24751.4	
8607	13263	11914.5	-27747.6	-1400.16	
43184.6	35484.3	21801	-18983.2	1935.5	
16004.6	-13617.9	-942.02	29530.7	21226.6	
-9596.43	1619.48	26020.5	34222.5	20564.3	
3143.53	3183.58	17120.9	-1106.21	77.6371	
25102.6	12439.4	-4372.37	33858.9	-28452.9	
15282.2	8858.11	-13038.7	-24268.8	-4748.83	
-21200.2	-43671.2	18134.5	-19655.4	2032.62	
23809.3	18445	-26347.6	3817.39	12151.5	
8442.08	-12967.8	44410.2	8665.1	42449.1	
1946.08	15644.5	-11050.2	-2597.33	-6348.97	
33527.7	21521.2	19265.5	-19555.2	-6723.03	
-3783.47	7899.53	-23784.4	-15963.8	-14582.3	
6424.07	15440.4	3886.79	30849.5	15210.9	
-12114.1	7883.72	-3114	25190.1	27611	
14378	14575	-4482.16	987.38	5694.64	
17071.7	-4630.99	-5270.75	37161.9	44804.5	
-26139.4	-18088.5	11851.2	30905.6	-34800.3	
2020.73	-32712.5	4530.36	-14261.3	-2608.24	
2881.6	21665.3	-17870.2	7418.66	-40669.5	
-1422.47	-11942	54555.4	25546.4	27246.5	
-24143.3	-11464.9	-15250.6	-19925.4	10924.9	
-8553.07	-29773.9	5647.5	25996.8	21458.2	
28282.2	58880.5	-22692.6	20582.8	-24078.8	
32962.3	-18343.5	557.706	-10222.4	12321.3	
11334.1	12476.6	11672.7	3123.26	20977.6	
1974.07	15825.4	-54300.9	-40278.7	-16567.7	
9932.5	-10741.8	-30077.1	37850.9	354.866	
19320.9	9878.48	-12837.2	-21211.9	-17452.5	
5065.19	38367.8	837.027	6711.51	9050.4	
-5679.73	-7612.33	16392.9	-18742.8	-28438.4	
-2694.69	25811.6	-20486.9	9311.11	4975.48	
-13665.6	14057.9	24411.8	9393.39	29775.5	
-20081.5	2567.55	-15686.3	20979.8	-4920.72	
-2396.9	10455.4	-1166.72	-11699.4	-15463.8	
16545.3	4251.85	17641	-39233.4	9044.54	
46115.1	7832.66	-22279.8	-15016.7	28225.2	
-28024.1	24476.4	8651.15	15333.9	60447.3	
-37525.7	-5929.79	12108.4	41910.3	24667.6	
-16309.6	-5660.37	11048.8	-22741.4	14016.8	
2316.32	-369.748	-5600.14	16386.1	-14204.5	
-25459.5	21215	4119.51	-17539.7	21524	
24387.8	16528.5	-21205.3	-35867.6	-7345.33	
-613.849	-8417.38	5699.66	15655.5	-7781.72	
-2776.52	18540.9	-2221.02	-21480.1	-16911.3	
11366.1	-5448.46	7659.77	-4934.39	16291.2	
-22480.1	19275.7	-23784	-32011	31505.5	
13148.5	3243.2	4286.82	21429.2	8499.23	
-41308.6	9057.07	-26442.6	-720.229	84498.7	
13126.1	8206.05	-20089.9	-7705.67	-9205.25	
59800.7	38027.5	22198.9	-40756.7	4116.76	
-18299.8	56096.4	6168.77	-4187.02	21409.6	
-12767.6	-28917.6	-8350.13	-7110.1	-3461.68	
-13845.3	-16761.6	1761.25	21489.4	-7976.49	
-4733.87	-40284.9	-32401.4	-27708.3	-23371.4	
1339.02	18791.1	-2194.3	4907.67	39850.2	
-11575.5	-4562.5	-10205.5	-3271.45	-10863.8	
32810.8	36700	42478.2	43218.9	-18237.9	
5823.1	-16897.3	2828.87	20954.4	17657.5	
-20167.4	13240.3	6387.08	7170.15	-67722.9	
-9538.55	-15332.3	14552.3	23344.2	-5291.45	
-26881.6	12329.1	16259.5	-9509.06	-49161.9	
24718.8	43137.6	11736.5	-6126.08	-10971.9	
-14351.2	-4412.97	-11102.7	11709.7	-28528.2	
5862.63	-7222.8	-11637.9	3369.3	-7233.48	
-17033.1	17451.4	13791.4	-14731.3	8049.91	
-12031.2	-6187.39	-15065.1	9913.97	-7403.52	
10671.2	8087.96	23298.4	23919.7	19382.7	
1375.18	5061.56	-1573.17	17883.8	-21697.8	
39603.7	-8876.02	-17637.3	-14896	43082.3	
-25991	50177.4	-52891.7	-6239.53	-37611.2	
19985.8	9575.48	28231.1	1966.7	-41364	
17253.6	996.705	-20202.8	-5247.11	15705.2	
4151.92	44084	27495.8	16848.4	11023.7	
-26956.5	4354.5	-18415.6	-1085.93	-15175.7	
19954.7	11788.1	16424.9	26862.2	-25270.8	
6487.88	-1135.21	2548.27	-7031.76	-18619.6	
-40057.2	-32697.9	59012.4	-14939.3	-41860.2	
-6873.26	-21723.3	9261.47	30253.9	67187	
-3567.58	-9950.05	10809.9	-5101.19	-4147.25	
7231.48	14857.9	26212.8	-2609.54	-21869.4	
38165.2	1717.73	-16392.8	-2861.31	8008.68	
-37497	3104.87	-41491.4	-22893	-6403.09	
-39043.9	5161.7	-3111.84	-75365.9	-25874.4	
1666.92	3472.36	-5846.8	13027.7	2349.62	
11282	-44033.6	3719.61	-9954.76	28085.9	
30078.1	-4067.06	1553.12	-18476.6	3198.96	
-19533.1	-28706.8	40903.6	-46873.6	-34430.5	
35083.6	16117.6	-7902.92	8477.25	265.062	
22759	-6306.84	-1119.66	20524.4	-5399.43	
-4540.47	-3244.15	-13790.9	-2627.74	-17198.6	
16405.7	-20262.8	-27214.7	26971.4	-19025.8	
-10175.6	26785.3	19203.2	13434	23202.3	
2965.34	-8021.13	27712.7	-5235.14	-8224.44	
26775.2	7714.35	22269.4	36698.5	-1782.61	
47726.9	21550.4	-26706.7	-57847.8	61747.7	
15267.8	-1767.41	-9042.87	-8430.36	24840.6	
-41749.3	-1075.13	15213.2	3606.75	3804.3	
3424.93	-5683.55	-9715.74	-281.631	40905.9	
-14075.8	-6584.45	1206.08	44620.7	-6162.4	
8105.69	-15281.5	21926.2	-7298.36	-31635.8	
12906.1	10412.9	29993.7	-1677.38	33371.9	
-34366.5	-3957.06	13466.8	3614.62	-50759.6	
-7283.58	16897.3	-12221.2	2752.25	-8699.75	
7741.19	-2131.46	12338.7	7355.27	25076.2	
3118.57	1682.65	-23256.5	11830.7	1119.82	
-211.95	-2972.42	17164.1	-8044.89	-2977.59	
42273.3	-19754.6	5690.26	12014.1	-2620.5	
-8610.15	25088.1	21686.8	14223.8	8534.39	
-17618.5	-14474	54741.2	30915.8	-67793	
10171.9	-14891.3	-7644.28	1344.5	-1928.87	
-2286.28	6079.25	10209.2	607.925	-1748.36	
-38941	10317	-9587.65	27338.9	2065.75	
4609.87	4651.29	33155.5	-35985.7	-1408.32	
-10098	-5989.61	18897	11319.2	2733.38	
26154.1	-17428.1	29993.5	35423.7	26102.5	
984.481	-33529.4	2526.66	-8677.12	-10653.8	
13320	17107.4	-9748.16	24323	-5798.14	
2695.08	-8934.09	-27525.8	17709.7	-10310.9	
9169.9	13106.8	16030	-530.892	715.767	
2342.07	-9209.51	-6622.06	822.093	1678.7	
-1767.17	-9541.24	8749.23	-5870.67	-13670.8	
26510.1	28864.4	-38228.5	23544.6	-21937.3	
10863.3	4280.5	2560.58	-24796.2	-2494.88	
9872.74	2011.87	19832.5	-30842.7	-908.616	
-25923.4	12186.6	-21360.1	21674.2	-40475.4	
566.951	1119.17	-15142.8	10914.1	-7560.7	
5421.65	8788.54	22437.4	-9419.19	13664.6	
6274.5	-9018.7	-26470.3	-13362.6	39160.2	
11155.3	2694.73	16400	34883.5	14979.8	
11339.1	-41603.9	-10404.6	42034.3	-15334.9	
-30310.2	8117.33	12367.2	1684.54	-41382.2	
39694.3	-27898.7	2450.09	-13305.8	-13127.8	
-23766.8	-6841.18	10986.8	-81702.2	53720.2	
3865.26	-6370.84	-9111.01	-2920.54	12166.2	
17236.1	58195.3	-36246.5	-4685.5	21013	
-15227.5	15054	-11621.3	12152.7	75648.1	
-6761.84	22413.2	7678.93	16102.8	-30280.9	
31065.2	-73768.7	-15966.9	331.052	24841.9	
7727.88	11399	3250.06	32781.3	14897.5	
-10349.5	1017.15	18839.2	-23540.3	-28582.7	
-4304.16	-11636.7	44708.5	-9013.34	-12536.8	
10568.5	623.475	-7448.11	-18668.4	1514.27	
10683.8	3504.17	-14959.2	4413.2	-30871.4	
-36661	27560.7	28114.6	8294.23	12763.6	
-26091.2	-36811.6	-31896.5	-52835.7	14839.2	
19139.3	-2152.85	8381.01	-8017.53	4754.97	
-11815.4	-14515.5	17955	-4159.19	5341.27	
-32059.1	22405.6	13767.1	-27770.5	-49198.2	
-24362	20930.5	33404.5	-11369.5	-26400.2	
15374	-1629.74	-16729	-18147.1	-34007	
-23528.4	9270.57	-7893.04	-54881.7	-8309.37	
8032.11	10413.7	34022.3	-63059.1	-45700.2	
5244.09	-13896.7	16891.3	-20833.3	-26216.2	
-10484.4	-9707.4	-2846.73	18809.5	9796.92	
-8337.87	14835.2	1663.33	-9480.25	-11923.7	
-9012.03	-11509.4	-217.331	-43565.6	19763.1	
23011.6	8421.04	17896.8	3411.28	71491.4	
-35651.2	-1336.24	8987.6	-5176.7	-6013.55	
3025.14	-7427.36	-39788.9	27776.1	7815.24	
15685.1	-21600	-1717.61	-5714.78	-25239.1	
-9262.83	5551.48	27709.5	-68.0885	-7080.33	
-26752.7	-12668.3	-15378.8	-16947.1	31663.7	
10156.4	-16708.4	8165.44	-28411.8	3364.79	
23802.1	9706.65	-9136.52	-1303.41	7795.57	
-19722.7	720.758	-11046.3	2504.96	-7182.51	
10539.3	-5274.43	-16610.1	14621.6	-2669.92	
-55212.4	156916	-120177	116658	-157799	
-7665.32	25965.1	-4427.82	16910.9	-13743.1	
3070.64	-13687	19890.5	36812.3	74686.3	
1764.64	6129.8	-3436.32	2408.43	31202.3	
5198.39	2121.16	28186.8	8929.81	-16349.5	
29542.1	200.31	13403.4	-3405.63	69030.4	
-8814.93	6450.96	-6547.67	1401.15	-35287.1	
18625.3	27439.7	-19106.3	-1551.4	22962.2	
-746.776	16563.9	-18970.7	-6477.51	50660.2	
4660.51	-27894.4	3827.11	-20702.7	17318.4	
-3760.13	51296.9	23199.9	-2784.48	-5356.13	
4977.96	13683.4	8584.56	-4316.05	2913.9	
-4941.24	-12681.7	-8073.45	17504.5	33239.2	
35079.5	-5474.6	443.043	-9122.38	-30825.9	
49466.8	23395.9	43902.2	22209.6	-2919.74	
-12294.1	15054.5	-17678.6	21833.8	-16016	
11437.3	-9458.71	10135.9	-4232.55	-2710.5	
-29981.8	-3627.29	34861	8940.72	28687.7	
7162.21	16923.8	15714.5	42710.9	-13329	
5962.83	-17896.4	-33956.6	-42823.4	27162.4	
-32242.7	49098.9	3765.12	11205.4	-5831.22	
-18445.7	-16471.9	11331	75573	56719	
23099.1	8515.48	-8482.52	36810.1	-18654.8	
-12228	69163.8	1875.56	28535	-21700.4	
34717.6	-27328	9600.72	45138	-22745	
-8235.91	17169.8	20870.4	-17844.7	-76216.5	
-19066.5	-4008.49	5034.6	4495.73	-11191.2	
23683.8	7325.98	-14264.2	6179.76	-27161.1	
-3136.38	-35286.3	8585.46	-8387.77	-57353.9	
-6613.28	4887.87	14450.2	-878.414	2338.6	
-24563.3	4682.76	-24242.9	-9107.78	-20794.8	
1279.78	-9100.46	-7020.06	19141.5	23307.2	
-30125.6	12344.4	-2618.49	-6232.17	9133.59	
6938.53	-16614.5	-7459.78	-11432.2	5758.3	
9463.73	2282.41	-650.674	-28318.5	33464.2	
-1626.19	26334.6	141.465	49524.7	26524.7	
-555.009	26696.8	-4023.91	-13115.5	16876.4	
-40997.2	25450.5	5808.19	-4231.82	1687.46	
-21384.8	20144	12451.2	2467.31	37355.7	
16044.7	-23657.5	-144.351	-52708.7	-6464.45	
-13534.9	26127.5	-32207.1	30185.3	12537.1	
-4837.28	-35165.1	3166.63	6819.27	-25253.1	
-3864.41	6661.81	23245.3	31564.1	-3724.89	
30531.6	11441.1	-2012.77	19102.3	-6993.01	
-25862.7	-3296.79	8725.29	-17985.8	7460.45	
14665.8	1377.55	18341.1	-17926.3	-1351.08	
5644.38	-44059.5	-17753.5	38557.5	42932.8	
24815.3	18654.3	12441.5	34282.9	18664.9	
26867.4	8490.27	-14366.2	10181.3	-5430.23	
-4889.17	-164.34	-10885	-23862.9	-4166.5	
-19187.7	-15676.5	4973.14	14834.3	-25951.3	
13693.1	-33542.1	17078.6	-20207.7	7885.15	
921.144	-23454.7	-16225.1	-26274	-29183.8	
23329.7	22158.1	25417.6	-66645.2	37093.2	
29654.3	4670.3	-19244.8	-11126	1121.39	
-2000.84	8320.11	-6421.62	404.881	77781	
-11818.5	5009.42	18742.1	-2165.63	29691.7	
21001.7	-24157	27657.2	17320.4	-34075.8	
32531.2	3660.94	32881.2	-17054.8	15026.3	
29666.9	10611.8	18469.7	26158.6	-89.7239	
2021.52	20710.7	9041.41	35650.7	-17608.9	
6735.99	-46410.5	-11018.5	19707.7	32900.7	
22207.2	-614.329	-28916.1	-10594.4	4946.64	
11020.2	12035.3	23450.8	3739.33	-13314.4	
12613.8	-20070.1	6348.63	-22379	-23633.4	
-16121.7	9573.88	-18351.8	23807.8	-15262.5	
-7871.99	18775.8	6981.87	5138.42	8387.83	
1492.11	29802.9	1988.77	28794.6	42820.1	
-323.278	-16565.5	-1914.03	-15033.5	1484.27	
15265.2	220.845	12922.8	-3129.43	14445.3	
-6149.5	6231.89	-2273.21	16307.3	-23949.8	
-1209.22	1507.32	5467.82	553.555	-10312.2	
-13994.7	47415.7	-3049.69	-37754.3	-29025.1	
24441.8	19594	21210.1	-16452.6	36518.8	
-854.799	17554.2	46162.5	-6363.98	10956.2	
18764.1	7714.24	5257.78	14745.4	-22663.9	
-28557.3	2493.67	11491.8	-105.187	32092.4	
-8469.75	-12854.4	-3864.03	2519.2	14050.9	
-41013.6	18089.9	8309.85	16251.9	-18436	
-14127.7	-16082.1	3962.73	-2751.78	8029.99	
63976.4	-58132.3	-25924	47137	3775.85	
46238.4	-22327.6	-22318.9	41008.2	7045.61	
-16264	3492.75	19695.3	-2330.82	-10765.7	
24880.4	-39128.2	27175.6	-53913	4355.81	
9612.32	11228.1	39567.2	22496.9	-26921.7	
11570	18081.9	-21012.6	29554.4	29580.5	
-22035.8	-40220.4	6233.82	24987.2	-6891.17	
13333.5	-14366.8	34287.8	29292.3	5412.64	
-7015.02	9449.89	-27436.2	-6485.44	-10171.6	
-35158.3	-19362	-30449	-27625.9	29300.9	
2356.17	-7516.18	54672	92090	-17106.7	
147259	-83673.8	69911.9	-381249	944.96	
12529.9	10291.6	-5939.5	-973.581	-11425	
-6304.49	-1738.75	-10308.1	-12295.4	1210.26	
9457.64	-13363.7	-16609.1	-26248.9	-46262.1	
-24240.6	4854.92	-27520.5	-1026.61	-32904.6	
12780.7	49393.9	8754.31	32795.4	-6596.23	
-7724.26	-6804.64	14349.4	23480	42211	
1695.71	28327.1	-45226.6	7416.05	51884.9	
-14670.4	14749.2	-15766.5	10841.3	49936.8	
28147.4	-11676.5	51616.5	79555.7	43213.3	
-2805.16	14238.4	-4570.31	11816.7	14131.4	
-11701	2674.08	17079.1	3943.93	-13057.5	
9357.56	-7947.51	15807.8	22168.1	25893.4	
-12945.8	-982.826	34061.4	-24534.5	-21961.6	
-4831.16	14449.1	31849.3	6239.16	-28721.2	
21553.8	-19892.1	-7131.01	-30728.3	10974.4	
-27264	-15699.7	573.602	-42190.1	-12839.4	
-7790.52	6799.53	891.56	-4577.75	-6280.68	
-7002.32	-2271.05	981.157	-17410	33496	
28561.8	12830.4	5709.03	13427.1	3393.33	
38283.5	8667.4	28320.9	52759.2	-4412.28	
-11019.3	24335.1	33986.4	-47797	-21360.8	
35836.3	-696.762	-15524.7	36028.4	60705.8	
-24468.7	-12115.5	2757.76	-215.135	-9705.93	
-12933.7	15703.6	15687.9	-4925.55	-4408.08	
-41875.5	-10757.4	10826.5	-12031.5	-19458.6	
-21162.3	-1080.54	-8880.83	5825.56	-9747.84	
-16532	32639.3	17706	-859.345	34353.8	
-6793.22	4985.36	-14085	10947.8	-13179.6	
-20583	-26655.7	-22689.5	11829	-29466.9	
7871.63	24137.8	25578	26163.2	32319.3	
-6796.1	-14936.3	23238.9	-15246.2	-33417.6	
-20019.3	16145.4	24263.5	-5305.26	-31231.7	
5592.16	17811.7	12503.5	6525.73	4.49791	
-9919.91	5180.05	16431	-6509.63	27428.5	
-18290.7	7119.7	-16513	-7949.84	-11618.8	
26470.5	13810.3	19267.4	-2815.48	-12422.1	
-15598	4529.12	20714.5	-13198.4	-33582.5	
-1005.49	-7076.34	8471.73	6087.94	-8763.68	
-32599.5	-10337.2	13480.3	8866.61	36122.2	
21106.5	30967.8	2045.05	-825.203	-19781	
-3409.3	7656.36	14619.7	7312.5	-8168.72	
24441.9	39848	24922.6	6348.29	-43825.4	
-1666.72	10721	50110.3	-30103.7	-413.107	
13236.3	714.872	-1046.44	20639	-7393.87	
24520.7	-2340.9	8996.35	-61811.8	23958.7	
25179.5	-45993.1	21651.4	34605.8	14768.3	
365.524	4489.66	20049.9	-12034.7	15626.7	
-38507.8	33526.5	-25849.6	16142.9	7228.79	
47469.2	-21915.8	37842.9	6957.3	-11777.9	
-12803.3	2882.73	-10456.5	1537.31	-438.803	
-29433	-11057.2	2997.06	-42957.4	25178.6	
-11892.6	12942.8	-4556.34	29537.5	38498	
-8853.48	2711.28	18896.1	5488.23	45833.5	
-1856.95	18201.9	-40800.4	-2083.86	-24721.4	
37040.6	4590.74	-18356.2	-4332.19	-17000.1	
-4930.29	-28192.1	-588.861	21945.1	36220.9	
17831.7	-8144.3	46473.3	9667.98	-9370.19	
-28914.4	-14173.3	-15583.6	27379.9	18562.5	
23110.1	11562.2	-31788.3	2003.06	-48262.2	
11443.6	30320.9	21447.6	2853.4	19307.7	
-21538.6	-18284.7	5216.25	-8802.63	-32305.7	
-11133.8	5023.77	-20671.6	19715.4	18522.5	
-12755	-11398.4	1442.73	-43529.7	-45718.9	
-12808.7	-10402.4	-13202.8	13786.2	34987.5	
12147.1	1793.17	8470.28	9053.02	1903.08	
-4039.16	-14281.6	3450.32	50407.1	26172.2	
16509.2	-22620.4	18669.4	-40380.1	-26243.2	
-4003.8	22483.6	18269.7	29238.3	5344.84	
36743.8	4416.89	31989.4	32390.7	-5393.28	
623.712	15393.9	17756.9	-23371.1	10188.6	
3750.81	-8409.24	-33146.2	28541.6	280.362	
25990.7	-6896.18	-11037.2	14324.5	25511.9	
45801.5	-33605.6	-13086.2	26320.1	42130.6	
18795.9	10420.9	-13715.6	26359.5	5218.26	
2190.39	9936.69	22376.2	-19703.7	-1679.69	
28584.5	-5496.76	9580	-17784.5	-9890.23	
32921.4	-2271.07	4553.71	35169.7	-17335.2	
17779.3	8375.57	7165.04	10190.8	27732.7	
20520.9	-7359.16	-25377.5	18585.1	16156.6	
-26947.3	-953.678	-15195	30254.5	-50050.2	
13963.4	20095.2	-21069.8	15538.8	40147.8	
24434.5	15353.8	-8363.19	25575.2	-9983.24	
8401.77	-19962.8	8729.31	-21738	15673.8	
61740	31175.1	-6514.15	-24000.1	2118.28	
-39673	-17566.3	21387.2	12895.5	54002	
-6522.11	8959.93	-4937.08	13252.4	-15055.6	
-16955.6	4438.22	3650.48	-32801.5	3853.98	
-8772.92	28077.4	28847.7	21451.2	-54656.8	
46696.5	48736.1	35336.1	-15934.7	-14164.3	
10200.1	4374.82	-30007.1	-26796.3	-3361.76	
2154.17	7082.91	22590.5	-6994.74	-10965.4	
20538.3	13582.2	-2046.31	20485.8	-38475.9	
23508.2	-8943.13	10146.1	1952.75	16415.4	
-11208.4	13358.4	-2862.83	-5027.23	-10463.4	
-32607.6	-5964.56	2161.28	-33864	-19526.6	
1536.25	-10153.3	-6385.91	-18088	-14787.3	
-562.005	14365.5	5024.32	-18636	22028.4	
15783.7	60314	18069.7	24532	3603.4	
-1320.76	32273.4	23761.8	17856.7	35620.7	
-20379.2	9170.4	-40839.8	-2174.23	-21519.1	
-18119.3	11791.5	3695.94	2070.94	9211.23	
-19630.3	-8408.97	-27522.9	40517.8	1065.24	
-5124.69	16285.1	18480.2	-34568.8	-15180.8	
17941.5	23870.4	-10406.4	-37048.5	10026.3	
-22657.2	-2622.77	-2296.24	4451.4	-51519	
-266.312	-35964.3	6074.13	-18118.8	52870	
-37666.6	-13880.1	-27207.8	17214.9	9284.36	
-2577.26	2465.04	14974.2	-18991.1	-25994.5	
8383.09	-1997.45	-7485.83	3284.62	-14991.5	
31116.5	-6696.55	-25258.5	-7053.89	8549.53	
5987.11	-28207.5	-17162.5	42041.8	-107.863	
29274.1	2963.46	10856.3	16598.1	-12874.3	
-8183.94	42238.7	29456.2	62133.2	19541.9	
992.628	-27315.6	-18750	-7366.01	19466.9	
-486.295	-30391.3	-1678.74	-18612.3	2654.78	
-2854.83	-18612.7	-29461.5	-19392.1	-3216.83	
44363.1	947.085	19049.9	9480.96	-7601.14	
3327.04	3447.37	14466.1	16525.5	10734.3	
12025	-11098.9	-7395.32	-12563.1	27646.7	
30735.1	-30975.3	3044.75	-14284	-4275.02	
9471.13	21262.8	10395.9	-16426.7	1084.43	
53569.2	16530.7	-19082.4	-33932.2	11959	
1976.68	23198	-253.915	-15790.8	950.544	
-9394.05	-8096.27	-45.3679	-35279.5	903.588	
-7017.51	-11819.9	10262.1	15294.8	-13584.3	
-19990.8	15580.5	-23318.9	11318.4	-35797.7	
31438.6	4226.47	-22234.1	23736.2	27019.7	
-5219.96	14478.7	-21759.4	26511.7	38219.2	
-26102.7	1988.98	41838.7	8603.27	8270.66	
-21140.2	11956.4	13023.9	-17825.3	30588	
15634.5	20994.6	30533	1395.93	-25613.1	
-10874.7	-40810.8	-168.246	54415.3	-7635.17	
43793.3	56722.9	30581.8	6459.05	7109.01	
30001.5	-33316.6	-34415.6	-11920.1	-11858.2	
-11335.9	1419.44	-16060.2	3190.08	-10866.1	
-29132.8	-6143.98	3281.68	-12097.6	-68880.7	
32893.1	-8392.36	-5026.28	31583.5	3372.39	
-7285.67	49869.8	17770.2	17704.8	-28976	
46167.1	45196.7	-39486.9	7916.62	-33623.8	
22593.8	18908.5	11501.1	7252.88	16783.1	
-18007.5	-27612.6	-20331.8	-19439.7	56560.8	
7299.88	6230.33	2657.57	16073.6	-13654	
-16240.6	20245.8	-5157.93	-38434.6	-76340.7	
-14144.6	20791.6	6277.71	-16485.4	-7965.08	
-16006.2	-32062.4	15587.9	-38047.6	33013.9	
-25176.5	-8194.96	32171.8	12286.5	-1596.07	
20442.2	17697.8	13881.7	-19067.1	-16749.2	
28524.7	-474.185	-23017.9	14273.8	40714.5	
-7312.42	-4206.48	23652.7	2610.53	4146.83	
30070.9	42981.1	21251.2	14255.6	23568.1	
2028.01	33767.2	-12258.6	5566.39	15537.2	
32989.2	23619.9	-3838.09	11035	76897.3	
19546.5	51856.3	65030.2	50823.6	-18595.6	
9770.46	-5348.56	37613.9	39655	43201.8	
25745.4	8368.49	-10960	-41498.3	6531.93	
-41130.4	27408.7	-45397.8	33468.9	-41600.6	
15465.2	17918.9	-13252.3	-21329.4	-14778.9	
28084	14851.1	13702.6	708.502	32568.6	
36787.7	19021.8	50078.4	-16188.5	-8298.25	
-5676.43	39822.2	-2279	14341.5	-17444	
35623.5	16955.6	11819.1	-1970.31	28518	
36862.8	-13355.6	45109	48585.2	-66415.9	
4518.2	27366.2	-28152.3	-8968.08	-12727.8	
-9645.05	-19406.7	6655.49	62028.6	25475.6	
-18352.6	7495.07	13940.2	-15002.6	-41503.4	
10205	-17530.7	-7530.23	17487.5	-16390.5	
9901.72	-10211.2	-21356.8	10100.6	50406.2	
-24884.9	13972.5	29464.2	21162.2	48190.5	
34902.4	14986	-29605.3	-38989.9	-12928.4	
27446	622.019	15220.7	37978.5	25897.9	
20210.8	-6069.04	-30182.8	24320.3	-59098	
8467.44	63403.4	10812.6	59774.2	-15650.5	
12623.8	-5351.79	27253.8	-12348.7	67906.9	
54969.3	18337.1	49228.6	17641.8	-3050.48	
-8961.88	-19980.8	21588.1	24928.4	-14950.2	
15156.1	-15184	-7857.11	-1627.3	24935	
7451.47	9913.01	7690.96	5189.71	17349.1	
27877.3	9389.91	-9964.07	-7459.43	-2675.43	
-7499.39	12014.1	22182.6	23896.5	-18764	
-26011.6	4319.84	-19683.3	-42057.4	-1475.92	
6364.49	-3551.88	7273.72	-34098.1	-50166.8	
3033.87	-4015.58	8833.96	-10855	27898.2	
4830.58	22396.9	7356.56	-13463.7	29215.8	
44516.6	20.1496	19022.9	37657.6	-7169.73	
12513.8	-40152.7	27668.9	1717.58	-24266.4	
24304.6	8395.89	-10852.2	-35990.2	9267.56	
-31945.5	29256.3	-3741.26	-8510.48	-17593.2	
5088.53	-9738.5	33381.5	-14260.3	-30610.2	
59326.3	-21182.7	-18658	19593.5	9246.71	
21478.2	3658.45	-21889.2	8703.56	24434.7	
31414.1	6506.87	25334.9	-7210.94	4484.83	
21649.4	1932.51	-9931.25	10101.3	-3728.46	
28149.1	11424.2	4373.87	-5770.62	-13917.6	
-9351.26	-933.06	35986.7	-75150.7	40962.2	
6935.74	-6150.16	8120.09	-6018.5	3558.92	
15951.5	18631.2	55093.1	-25242.9	-32206.9	
20838.6	1938.1	16709.6	21490.6	-24711.4	
-19422.7	-31244	12071.5	43555.3	27876	
12127.6	27757.9	26781.5	44380.8	17150	
-1964.98	13914.7	-12999.8	2310.53	-42784.3	
-10347.8	-26800.6	12453.6	135.606	-14189.8	
49331.8	649.928	-11292.4	-26431.8	20719.6	
-16223.9	-17483.4	10957.6	-2798.48	5947	
-20433.3	-47983.4	-18737.8	-2803	18109.8	
-23904.8	-11489.5	-12854.2	8523.63	-8748.82	
-11343.7	6250.41	32763.2	24265.3	-10500.1	
-33946	12304.2	294.558	22119.6	16102.3	
-6562.84	-40671.1	15336.9	36163.5	24561.8	
19900.3	23696.2	3795.75	12892.5	-9477.05	
-6187.91	15815.8	16713.4	-8127.76	-116174	
4092.37	1668.34	25370.5	27062.2	-20767.8	
14732.6	17517.9	-11791.9	-1460.54	-58502.6	
2131.18	-7271.1	-1543	-9605.78	-31727.7	
-30819.3	-7743.72	2728.36	-33044.7	-49376.3	
44343.2	17745.6	-18612.3	-19767.3	-52783.5	
-34829.8	-39058.9	-8359.13	-2065.5	7000.69	
23707.5	29402	-5024.02	4484.05	4888.49	
-49087.1	16961.2	-42264.7	17914.7	-21330.5	
-13102.1	32180.7	5869.52	-332.356	19340.4	
612.601	-18099.3	32156.8	18219.7	-24511.2	
-3164.83	-38439.1	12672.9	-17719.8	10379.4	
19360.8	11274.2	6229.6	-4825.36	5527.42	
-6992.04	34267.5	14454.4	-34330	12516.7	
32753.9	1887.91	10327.7	891.16	29647.1	
-1500.34	46782.6	-5626.14	-57482.7	33142	
24423.8	-19731.2	-44169.5	-64087.6	8482.52	
404.808	43195.2	9596.1	-51543.5	-8434.41	
-8974.42	9196.67	-10449.7	-15806.6	-8764.27	
7548.25	24894.8	-7505.45	21437.3	-20835.6	
-18221.3	6043.23	-10055.2	43422.6	-17404.8	
15148.4	7705.13	-9130.75	-26117	13496	
10094.5	9767.41	23300.6	-882.574	24446	
11055.9	14207.9	-19265.4	-32114.5	-13567.1	
18299.2	35359	13239.8	2556.32	4588.51	
4327.02	-1840.95	11010.6	17709	-26237.2	
-3567.75	-38540.2	-31038	-17261.5	45505.1	
-9535	-439.299	5597.87	251.541	-36289.3	
10208.4	15866.6	-6273.49	28869.3	4278.54	
-23635.9	22927.3	-11773.3	-16143.7	-2503.45	
48214.9	-7562.84	21117.8	-42739.6	30160.4	
9833.88	7536.5	12167.5	-18185.2	30463.2	
-4279.71	-7406.9	-11335.9	-30597.3	20658.1	
-54759.6	-29182.3	32542	-10316.9	28222.6	
10901.3	-42897.7	-55311.9	8540.52	14187.7	
34136.8	22507.1	1024.55	-5447.05	-16295.1	
-1957.68	-780.592	-1497.61	2708.06	-15887.6	
15617.5	1094.26	21843	32338.8	-24550.2	
-9536.52	13196.6	-8350.85	49486.6	-44106.7	
-2255	19036.7	65132.5	-538.909	29107.6	
47684.3	20090.7	12603.2	-28243.4	-20968.3	
39875.3	15822.5	32473	-36441.5	-15751.5	
-19856.3	-1779.28	14579.8	-11556.2	-852.242	
-37349	27406.4	-10309.4	20673.3	-37477.7	
-1467.3	4876.29	2136.97	-4869.42	27719.8	
-8879.97	2221.08	-16544.4	-9017.56	-16450	
-3124.53	24568.8	-59814.4	-6348.11	356.381	
3183.01	-19943.8	-16947	21636.1	8220.47	
-24477.6	6697.54	-6476.82	-35608	6752.72	
6302.46	15929.9	8029.33	48721.4	43017.5	
-8521.12	33702.3	-17604.1	65587.2	34867.7	
1869.75	3131.69	-14845	-12633.2	36112.5	
-7634.72	20850.2	7053.64	-16468.7	11279.7	
-32489.8	-34501.8	10270.3	-11177.8	5574.68	
-17403.9	-26133.4	18103.7	-410.851	3611.07	
-7600.14	17919.8	-12493.6	-20540.9	-37344.6	
2801.78	-13613.8	8702.66	-7024.76	17900.6	
-8300.26	13668.1	1125.08	-12378.8	-64558.6	
-14897.7	-16199.7	48611.1	-7339.44	-11032	
8691.6	19887.9	-6731.61	-10577.5	672.077	
11493.5	1445.9	-9054.51	2758.2	-10223.5	
14774.8	-4564.18	1651.37	4624.06	16421.2	
7823.97	20720.3	5297.95	-14511.7	-35761.6	
-1783.32	27216	20234.9	28934	15645.5	
-7658.15	28706.3	-17531.9	17093.3	-9560.77	
21582.4	7444.24	-5393.86	4893.86	30103.8	
-27759.9	4003.9	22923.9	-9380.22	23137.3	
-14739.4	15630.3	-13768.2	-12713.7	6867.95	
-19858.5	-17200.8	46320.6	18954.4	35906.8	
43585.4	25214.7	-6066.05	-13070.8	-21171.5	
14117.1	-8657.3	24331.1	-6832.42	-25018.6	
36880.6	38563.1	-46625.6	-98874.1	-44106.3	
-43451.2	-5573.09	-21504.9	-10421.2	34791.8	
12853.6	2933.15	-14869.5	25216	13013	
-12473.4	28046.2	21808.3	-23340.5	-7860.4	
-9646.27	19386.5	-563.14	-10017.9	6682.04	
-2919.27	25061.1	33863.4	13951.3	-3798.37	
11766.3	17002.9	43864.3	-2055.32	-37491.7	
-10930.3	14892	-20789.2	-2487.42	16319.6	
-647.888	-24915.8	-10826.8	-22590	7977.08	
7586.06	-19113.3	-842.589	6389.1	7242.42	
-27636.4	4847.19	-13658.7	-19912.7	-9594.14	
26536	6240.47	-10640.3	987.87	-11299.6	
19056.3	18447.2	15378.4	35177.9	-8827.29	
-2195.86	18359.6	6163.78	8658.68	13439.6	
-10186.6	8987.84	-23274.8	36771.1	20708.8	
-24391.5	45159.1	17176.4	-19789	-10635	
45567.4	-854.661	-11382.9	-25963.9	-14368.1	
56004.6	20342.8	2354.19	9994.41	-55128.4	
29623.4	-921.603	-15169.7	-16829.3	43765.2	
17578.2	-13105.2	-8503.73	10537.7	5536.33	
-12380.6	-5502.14	-3067.8	-4161.89	10678.4	
-13311	-2600.09	-3747.26	-28732.6	36146.6	
-24428.1	-20471.9	10500.2	1216.92	-8625.91	
-4606.36	24845.7	18847.7	9878.17	21688.9	
-12008.1	1814.25	16449.9	48617.4	83851.6	
-33272.8	-20356.4	-11658.6	14957.3	24069.9	
-7388.67	21050.2	30899.8	-25289.1	-14492.2	
-23950.5	37931.8	-6202.31	52785.8	1888.05	
26798.1	6452.96	6938.29	-43783.7	-1304.8	
9014.57	-20849.1	20396.6	47969.6	-27745.3	
40688.8	-156.792	3251.84	52602	11093	
-20605.6	47711	49457.1	-3050.76	-42170.4	
30855.9	1503.87	25027.3	33591.1	18148.4	
-14923.7	4127.65	14839.7	-15855.1	-30852.5	
11071.1	-33151.3	-16685.2	7336.22	615.758	
1895.49	11425.4	4729.27	763.494	50005.4	
-7210.81	-28598.8	17167.7	-20282.8	-50110.8	
17086.1	8176.91	-27390.8	-37337.2	18915.5	
31369.5	29013.2	14783.6	-17560.2	-17458.5	
-46507.7	-18015.3	44365.2	-5750.26	-22195.2	
11756.9	16850.8	10187.6	23191.8	-6490.61	
-37792.8	-18106	3868.88	6988.39	-28026.3	
-3855.46	2671.55	16845	37059.5	-50225.8	
-44262.6	-18925.1	120.481	-16968.1	19859	
-44234.6	4494.14	-26312.1	-79036	29909.9	
-38719	44804.3	9810.52	17514.1	-18053.7	
28789.3	3636.87	10387.7	-2549.44	22787	
35628.3	26138	-18539	38698.2	2861.44	
-10772.2	8998.39	2297.28	14425.7	5467.79	
-6800.72	20807.2	3929.28	5799.36	-5104.17	
64606.8	23530.3	-4061.21	6592.54	-38350.8	
19115.7	4282.22	-5652.68	21736.8	31454	
-18018.5	9530.37	1518.09	19413.4	36112.4	
10505.6	47741.9	18995.5	-20960.3	28356.9	
-35849.1	23630.4	40016.1	4066.24	7384.33	
75097.3	-23935.4	22913.9	-2750.96	-47025.6	
