867.817	
-1986.92	
339.568	
-30.0771	
-520.877	
618.496	
3469	
218.183	
-4271.12	
587.996	
-2856.21	
2112.9	
-2221.78	
3169.74	
-4724.84	
5283.32	
3385.26	
738.821	
910.126	
-4472.79	
-3594.69	
-1347.95	
-406.398	
6624.02	
1551.75	
-2032.44	
-395.45	
3583.27	
4157.53	
4103.11	
232.017	
-3954.03	
151.075	
-612.633	
890.73	
3896.45	
-3167.31	
2517.31	
-2562.81	
3373.81	
-2910.62	
4301.59	
-8.27995	
-3128.62	
-350.052	
288.698	
6071.98	
-5207.39	
1140.11	
-1368.26	
3499.27	
4016.46	
4552.48	
-642.991	
4375.41	
2183.63	
-1354.14	
5411.39	
1474.53	
792.129	
-837.511	
1055.09	
-2751.6	
2532.65	
-2708.97	
-2601.01	
-9.45972	
-1706.28	
2138.88	
-884.763	
-5313.38	
2290.81	
-3340.44	
-3249.27	
2307.49	
3560.23	
-2906.27	
165.387	
898.015	
298.689	
-2480.46	
170.726	
-285.946	
3228.42	
4411.27	
-2988.06	
-1875.34	
-101.683	
2616.98	
6.83172	
2038.99	
1381.74	
-1394.59	
-295.056	
3730.3	
2343.26	
968.193	
-3140.91	
-625.564	
-1319.89	
2255.83	
2409.88	
1439.89	
3353.58	
528.136	
1685	
53.071	
-4264.75	
1550.61	
-830.731	
2185.31	
-3854.39	
709.929	
-1227.01	
-94.6066	
-1245.51	
2162.3	
-3563.22	
-2349.63	
1695.31	
-2978.98	
-926.936	
1280.37	
-657.646	
54.4678	
-1962.23	
-426.207	
-228.661	
541.616	
1602.73	
-4289.63	
7316.06	
-2700.79	
3465.13	
-5113.61	
1552.11	
6681.45	
-1368.96	
-3799.52	
2383.84	
-35.0243	
-5444.43	
4128.05	
-2696.93	
1667.53	
4553.88	
3537.13	
631.69	
-5214.27	
-1068.35	
2196.99	
-2131.72	
-1132.6	
-1095.41	
5726.67	
-924.329	
-932.933	
3039.89	
-2874.31	
-8260.66	
4606.9	
-763.088	
-1568.53	
-2093.85	
-4727.01	
3850.49	
-383.8	
-1414.93	
-3520.77	
-1962.43	
-676.015	
1537.8	
-1846.97	
-1305.01	
565.554	
2523.7	
7665.6	
-1085.54	
2866.78	
822.373	
1059.1	
3825.36	
3103.38	
2131.38	
-281.181	
875.912	
-8372.14	
3251.6	
5960.58	
-1685.23	
1386.29	
4859.52	
2820.67	
-1073.56	
-5438.58	
-6478.27	
-2472.69	
53.4616	
-787.944	
1267.29	
8914.75	
2320.79	
5080.28	
-1674.35	
104.229	
-483.115	
1171.88	
-754.789	
1336.75	
1309.97	
-2486.41	
181.385	
-386.745	
2004	
-1205.99	
-3600.29	
1236.01	
1419.89	
609.332	
627.912	
1145.19	
-4727.59	
-7947.65	
-5294.57	
-1769.1	
3609.9	
3300	
-4517.3	
1332.41	
-3678.93	
1705.61	
4214.27	
4492.97	
-1386	
3804.18	
-959.414	
-354.794	
-820.549	
2750.06	
2651.03	
-231.811	
679.977	
-3704.21	
-2526.18	
5805.76	
-5307.67	
2708.87	
-3329.86	
-2838.85	
902.302	
1115.59	
-113.246	
3358.71	
-3401.87	
8709.48	
-3039.46	
539.184	
1797.46	
1651.32	
-1223.13	
-7196.89	
-2371.06	
-2337.01	
177.166	
-2745.98	
-2114.38	
-3097.7	
-656.054	
-1961.81	
706.575	
-2198.66	
607.074	
3265.28	
-3514.4	
1637.74	
-702.369	
-426.385	
-988.84	
-2265.86	
-3381.47	
3201.44	
4105.25	
-4297.94	
570.37	
-2331.23	
2760.56	
6045.65	
-2451.09	
-5138.31	
6923.05	
-1156.85	
7584.14	
-3679.2	
-2544.99	
697.092	
-1971.04	
1639.18	
3733.34	
-2342.42	
-2367.45	
-525.416	
3441.3	
-1850.94	
4505.04	
5174.67	
131.885	
1649	
-5554.01	
-1874.47	
-2078.28	
-3163.98	
2196.87	
73.5748	
-2435.04	
-4864.87	
2592.5	
3544.47	
-3605.06	
-1861.19	
-749.548	
-4404.01	
-5829.21	
6131	
6003.32	
-2900.23	
-4918.62	
-1335.11	
4633.54	
3209.77	
-1618.16	
3105.29	
2135.98	
1252.94	
659.797	
-4019.02	
-1888.31	
5888.11	
-2632.93	
-7249.78	
-405.931	
4110.17	
1654.07	
-757.909	
-6334.43	
-2561.44	
4038.97	
-1051.17	
-2339.06	
5476.27	
-4646.3	
2476.8	
2338.22	
-756.931	
1956.69	
3029.59	
2373.55	
-1928.45	
1954.87	
3837.04	
2458.37	
-1436.75	
1581.38	
-831.375	
-1903.66	
-3937.28	
3243.77	
-3579.47	
-5878.42	
-5310	
-690.74	
781.931	
-5088.74	
173.725	
-3996.54	
-6212.04	
3222.7	
2492.31	
1926.16	
-6747.35	
-289.691	
-3476.59	
-1477.19	
-4079.19	
-621.319	
1711.31	
-2569.88	
-6946.1	
2477.11	
-2871.35	
-2802.88	
1420.21	
1281.76	
1808.54	
9304.53	
-1832.13	
415.964	
683.002	
1050.5	
3770.46	
-9226.44	
-4863.54	
979.91	
-286.134	
1583.88	
6110.58	
3050.41	
1136.58	
-4325.59	
-130.67	
-4914.74	
2170.03	
3019.41	
-2425.45	
-1754.08	
5421.89	
4806.01	
5660.65	
1381.55	
-1439.3	
-1971.14	
7737.45	
-502.525	
490.668	
4424.53	
-2158.5	
10386	
-3216.69	
4104.1	
-1085.85	
-610.91	
-405.798	
-912.214	
627.778	
2723.33	
-370.626	
931.486	
-6189.44	
-4101.82	
-4074.22	
2319.61	
3179.06	
2185.02	
-4115.93	
8632.5	
905.537	
4841.36	
1014.76	
-3210.56	
4426.04	
-3952.87	
3130.36	
1990.63	
-1515.99	
853.01	
421.945	
-681.787	
2562.26	
-2820.18	
-2553.71	
-1153.9	
-1571.79	
-1996.92	
2521.19	
2767.14	
-2206.68	
7334.24	
-1310.67	
-227.157	
-3624.48	
-633.612	
-1331.22	
-3153.3	
1622.03	
2326.05	
-132.255	
2938.3	
-1234.92	
-6.06056	
2162.24	
56.5595	
8058.64	
384.504	
-1773.89	
-1631.91	
893.065	
1015.5	
-2552.82	
832.836	
1763.35	
2552.35	
-4623.43	
-8806.11	
-509.632	
196.932	
2987.21	
399.379	
-1310.31	
-27.2406	
-2149.44	
-2770.9	
1954.01	
654.405	
-2038.67	
2512.84	
-417.881	
-739.64	
-1885.38	
760.259	
153.502	
1788.53	
2076.77	
-7026.83	
1432.15	
6209.21	
-2853.06	
1706.11	
2770.65	
3088.97	
799.084	
1669.4	
3924.79	
4096.41	
1038.16	
5772.98	
-5105.97	
-1278.26	
2538.4	
11569.9	
-4939.19	
-2338.57	
880.238	
-3744.28	
-2765.44	
-7318.25	
3733.62	
-6785.15	
2926.52	
7020.87	
-191.172	
5551.59	
-864.187	
1543.84	
3642.73	
-815.882	
-4550.58	
605.241	
-1838.65	
-879.36	
1641.9	
3051.53	
3769.63	
3882.6	
-421.454	
1500.12	
369.521	
3293.91	
2758.03	
1775	
3680.62	
-2112.89	
-507.711	
-1137.23	
3382.1	
-1900.12	
-3700.33	
-2628.6	
-4254.18	
4326.74	
3916.33	
-5997.72	
-852.181	
-4111.32	
824.739	
4633.67	
-4.70115	
2549.46	
-5715	
-623.725	
3559.31	
-3077.66	
4014.38	
-826.229	
437.785	
3626.17	
2249.83	
2584.5	
1180.43	
-3121	
4839.87	
-5702.61	
3144.68	
-5582.4	
2707.02	
982.621	
1073.81	
-740.964	
-1915.82	
984.781	
1710.38	
-910.609	
1762.61	
-2701.53	
-2619.53	
1859.67	
-382.191	
-1076.74	
-947.56	
-2757.35	
2634.42	
-921.654	
-2078.75	
-1562.12	
476.215	
-5203.34	
-1219.95	
1434.32	
6.89042	
3569.81	
10648.1	
1512.58	
-409.274	
-621.527	
1495.07	
4530.28	
-1484.39	
-4351.95	
4167.94	
1998.4	
2301.11	
4764.29	
1416.11	
447.977	
272.744	
1083.82	
304.436	
117.505	
3717.49	
1884.82	
1225.9	
838.81	
-4439.29	
393.329	
-2646.13	
3994.31	
1766.82	
-6662.71	
823.616	
-460.65	
-1814.55	
-4596.21	
1426.71	
-990.399	
1748.44	
831.291	
8.7193	
-6331.47	
-2742.16	
-1049.95	
-4203.06	
-2060.24	
3165.66	
6194.48	
-537.985	
5869.51	
3470.98	
-1601.22	
2744.21	
-4638.35	
-2744.15	
1520.7	
-749.869	
-1590.42	
5953.28	
-908.45	
-3784.98	
9037.72	
1669.78	
-4352.11	
2187.81	
-1648.35	
4000.72	
1373.66	
347.842	
5258.84	
-6521.14	
3672.46	
-1439.23	
227.729	
4842.53	
-3670.45	
911.105	
1404.16	
-9167.03	
517.48	
2085.37	
-5913.08	
-1740.21	
228.248	
-2541.68	
-4384.73	
624.779	
2855.07	
1473.08	
1788.9	
-5669.82	
661.806	
-2723.41	
613.423	
5717.57	
-1868.11	
-1059.07	
-1071.22	
3887.26	
7198.69	
1524.58	
5688.94	
-1846.05	
-2963.7	
599.22	
-168.027	
-1600.41	
308.302	
3936.23	
2537.37	
-602.676	
-3676.39	
2612.56	
-183.334	
2039.81	
3990.07	
-1756.16	
2154.79	
-3198.41	
-1157.4	
2552.71	
1719.83	
-121.835	
-1825.7	
614.259	
-1024.7	
-1972.97	
25.3105	
3535.66	
-3080.86	
-2148.78	
-2274.75	
-792.177	
-145.655	
8755	
-3525.15	
559.271	
-575.831	
-2891.18	
615.838	
-519.322	
-2390.8	
345.794	
1904.97	
-3792.17	
-2438.61	
3728.39	
-381.236	
928.031	
-581.911	
-22.912	
-996.636	
-1791.54	
-2122.02	
3347.14	
128.855	
-2368.89	
-6398.45	
-1648.56	
636.148	
-4318.13	
-4944.72	
935.343	
-5466.86	
-2574.38	
-1115.99	
5698.47	
-116.879	
-5122.36	
-784.791	
1763.03	
13445.8	
1835.12	
-572.316	
7500.1	
3262.07	
2033.77	
-2404.38	
-4408.66	
276.441	
1326.25	
-1956.83	
6761.4	
-2196.25	
-870.52	
-1110.23	
2689.87	
-2938.15	
-1414.13	
-7370.29	
2425.64	
-809.628	
10084.7	
380.526	
-8526.08	
3106.05	
5457.13	
534.797	
-5433.61	
-3762.3	
419.566	
-5306.5	
523.122	
-1449.07	
-1728.64	
-2775.27	
-7172	
-1770.43	
-1157.45	
-435.269	
-4873.55	
-6667.22	
-909.466	
2711.06	
231.269	
-8418.77	
783.562	
-6578.92	
-1387.88	
-93.2761	
1843.81	
-8249.46	
3829.28	
-6693.42	
-376.993	
578.392	
5245.22	
-441.953	
1618.77	
-1352.39	
4164.43	
-1793.5	
-1821.74	
-666.378	
-1867.19	
-1159.07	
4144.18	
-2444.43	
-788.523	
-1756.96	
-4753.25	
-979.666	
-3213.76	
913.675	
3402.91	
5282.1	
3024.12	
-290.08	
-4724.79	
628.035	
1729.96	
-5420.69	
-518.386	
2187.02	
-5054.47	
-919.735	
-577.11	
795.413	
-3595.52	
-727.967	
3621.78	
-2994.22	
-933.393	
810.281	
2049.65	
-815.132	
-25.3337	
-9843.38	
-482.577	
962.58	
-7861.79	
-3864.89	
-1530.87	
-4643.14	
-3522.19	
3721.72	
