7.25287e+06	
7.65574e+06	
1.05401e+07	
1.7273e+06	
1.44684e+07	
8.24338e+06	
1.6836e+06	
5.97954e+06	
1.6123e+06	
5.00279e+06	
1.21044e+07	
8.50774e+06	
1.56049e+07	
1.66346e+06	
1.30097e+07	
1.2002e+07	
4.97818e+06	
1.51719e+07	
7.35677e+06	
6.29475e+06	
5.67749e+06	
1.72018e+06	
5.43292e+06	
7.43507e+06	
5.87638e+06	
1.41158e+07	
8.62717e+06	
1.17009e+07	
4.07239e+06	
1.27665e+07	
1.11941e+07	
1.69694e+06	
5.12587e+06	
5.63338e+06	
8.01884e+06	
8.96513e+06	
4.84267e+06	
4.57824e+06	
4.98162e+06	
6.85405e+06	
5.23674e+06	
8.10595e+06	
1.27308e+06	
8.66221e+06	
1.77386e+06	
7.8403e+06	
4.85803e+06	
4.80376e+06	
8.07582e+06	
1.16224e+07	
7.93125e+06	
5.33927e+06	
1.03024e+07	
7.09384e+06	
5.49541e+06	
1.7537e+06	
8.01191e+06	
1.36059e+07	
8.37336e+06	
5.70297e+06	
7.28758e+06	
4.47219e+06	
1.07519e+07	
5.6475e+06	
1.35926e+07	
8.62687e+06	
7.44026e+06	
4.99139e+06	
4.88516e+06	
1.12607e+07	
1.63289e+07	
5.1844e+06	
9.59185e+06	
2.1195e+07	
1.32522e+07	
1.22048e+07	
4.64585e+06	
1.37025e+07	
1.26593e+07	
5.23399e+06	
4.9949e+06	
7.91293e+06	
5.59879e+06	
4.65896e+06	
7.12332e+06	
1.47148e+07	
7.35034e+06	
8.00391e+06	
9.44546e+06	
8.42427e+06	
5.79087e+06	
5.44867e+06	
8.81579e+06	
1.52282e+07	
8.4136e+06	
1.30336e+07	
1.02378e+07	
6.05987e+06	
4.98949e+06	
4.36955e+06	
1.80919e+06	
7.532e+06	
8.61199e+06	
1.27749e+07	
4.54475e+06	
5.19102e+06	
1.05272e+07	
5.3011e+06	
1.1786e+07	
4.82157e+06	
1.669e+07	
7.57066e+06	
5.12941e+06	
1.65449e+06	
8.63653e+06	
1.39223e+07	
1.32883e+07	
1.4791e+07	
5.17499e+06	
8.30215e+06	
8.33444e+06	
1.3866e+07	
7.51959e+06	
1.7811e+06	
1.34802e+07	
4.50027e+06	
8.13044e+06	
5.16791e+06	
1.35506e+07	
4.9133e+06	
1.18481e+07	
1.01944e+07	
4.13695e+06	
1.30703e+07	
8.23836e+06	
4.68525e+06	
5.53655e+06	
1.79948e+06	
1.42053e+07	
1.28251e+07	
1.19596e+07	
5.25272e+06	
4.84497e+06	
7.65574e+06	
1.28482e+07	
5.25428e+06	
7.5205e+06	
4.75983e+06	
1.6836e+06	
1.06643e+07	
4.92164e+06	
4.6357e+06	
8.2227e+06	
8.50613e+06	
9.25871e+06	
5.05288e+06	
1.02316e+07	
1.28214e+07	
4.54567e+06	
8.74303e+06	
1.6123e+06	
7.32196e+06	
5.43292e+06	
1.02367e+07	
7.43507e+06	
1.49131e+07	
6.53792e+06	
5.51394e+06	
1.21044e+07	
4.92154e+06	
1.29319e+07	
1.63047e+07	
1.72018e+06	
7.81182e+06	
1.15996e+07	
1.2447e+07	
4.79999e+06	
1.30438e+07	
1.21222e+07	
9.63784e+06	
4.64235e+06	
1.12411e+07	
1.54815e+07	
1.57254e+07	
5.23399e+06	
7.09384e+06	
5.01959e+06	
1.27308e+06	
6.81066e+06	
1.46177e+07	
4.49138e+06	
4.98162e+06	
1.42204e+07	
8.89124e+06	
1.04479e+07	
8.76321e+06	
1.39434e+07	
1.52919e+07	
4.24784e+06	
1.35127e+07	
4.90058e+06	
1.12702e+07	
1.24525e+07	
6.34975e+06	
5.12587e+06	
9.10386e+06	
1.08975e+07	
1.46617e+07	
8.01191e+06	
7.91293e+06	
1.2002e+07	
6.16315e+06	
1.30097e+07	
7.35677e+06	
1.24763e+07	
5.99899e+06	
4.57555e+06	
4.35794e+06	
1.17009e+07	
8.116e+06	
4.92164e+06	
5.97955e+06	
4.88516e+06	
8.61918e+06	
1.23112e+07	
4.99139e+06	
1.00522e+07	
8.75611e+06	
6.56238e+06	
2.1195e+07	
1.06724e+07	
1.00858e+07	
1.36661e+07	
6.4502e+06	
6.30455e+06	
5.23674e+06	
1.05401e+07	
8.40799e+06	
1.02316e+07	
4.22263e+06	
5.46583e+06	
8.96513e+06	
1.16395e+07	
3.14244e+06	
4.65896e+06	
5.96438e+06	
1.20751e+07	
8.50774e+06	
1.60105e+07	
5.38057e+06	
4.9949e+06	
5.6254e+06	
5.60856e+06	
1.72065e+07	
9.78813e+06	
6.28652e+06	
6.29475e+06	
1.33038e+07	
1.14661e+07	
7.63502e+06	
1.08329e+07	
1.44684e+07	
5.56963e+06	
1.38339e+07	
1.02602e+07	
5.33927e+06	
1.42258e+07	
9.10386e+06	
6.02548e+06	
8.24338e+06	
7.44026e+06	
1.40204e+07	
4.98949e+06	
1.01944e+07	
1.41158e+07	
4.75983e+06	
6.77168e+06	
6.13526e+06	
1.16224e+07	
7.26505e+06	
9.69442e+06	
1.13508e+07	
6.07096e+06	
9.59185e+06	
1.33679e+07	
1.57254e+07	
5.04882e+06	
8.63642e+06	
1.50018e+07	
1.1786e+07	
4.49177e+06	
1.02461e+07	
1.00858e+07	
5.77354e+06	
9.23014e+06	
1.12607e+07	
9.87029e+06	
5.17499e+06	
1.32522e+07	
7.25287e+06	
5.1844e+06	
7.19935e+06	
8.13616e+06	
5.70841e+06	
8.01884e+06	
1.20117e+07	
1.17243e+07	
1.13426e+07	
1.27089e+07	
1.51975e+07	
4.81556e+06	
1.07754e+07	
7.5205e+06	
1.07216e+07	
4.84497e+06	
6.50668e+06	
8.91397e+06	
5.70297e+06	
6.30455e+06	
1.49131e+07	
4.87787e+06	
1.16806e+07	
1.66679e+07	
1.02528e+07	
9.58968e+06	
9.69442e+06	
1.27665e+07	
1.15668e+07	
3.14244e+06	
5.3011e+06	
6.44413e+06	
7.51445e+06	
5.05288e+06	
1.35065e+07	
1.15996e+07	
1.23622e+07	
4.24784e+06	
1.47602e+07	
6.15917e+06	
1.45387e+07	
1.32494e+07	
1.11941e+07	
8.64808e+06	
1.56049e+07	
5.79087e+06	
1.14838e+07	
9.7078e+06	
1.37025e+07	
9.23014e+06	
1.36059e+07	
8.62717e+06	
1.18987e+07	
8.81579e+06	
1.18481e+07	
1.28214e+07	
8.81635e+06	
5.25428e+06	
1.51719e+07	
1.17401e+07	
1.3866e+07	
1.57521e+07	
4.74829e+06	
8.32603e+06	
9.32416e+06	
6.56238e+06	
7.28758e+06	
8.91397e+06	
1.12411e+07	
1.27749e+07	
7.3967e+06	
6.10486e+06	
9.18205e+06	
4.07239e+06	
7.46942e+06	
5.87537e+06	
1.22048e+07	
4.13695e+06	
1.27708e+07	
8.76321e+06	
4.22263e+06	
7.51959e+06	
4.64235e+06	
1.07519e+07	
1.12126e+07	
1.14309e+07	
6.53792e+06	
6.34975e+06	
1.13293e+07	
7.3967e+06	
5.32145e+06	
7.87769e+06	
6.2519e+06	
1.18626e+07	
1.13805e+07	
8.1334e+06	
1.35506e+07	
9.13572e+06	
1.43836e+07	
1.09837e+07	
8.37336e+06	
1.52282e+07	
9.39964e+06	
5.32145e+06	
5.16535e+06	
8.82376e+06	
1.63134e+07	
1.21222e+07	
4.60413e+06	
4.49138e+06	
7.63502e+06	
8.00391e+06	
1.66979e+07	
1.30336e+07	
1.08975e+07	
6.16315e+06	
6.09697e+06	
4.78448e+06	
6.92699e+06	
6.4502e+06	
1.30703e+07	
5.16535e+06	
6.26921e+06	
2.26527e+07	
1.02602e+07	
8.74303e+06	
8.61199e+06	
5.7691e+06	
1.25161e+07	
1.51975e+07	
1.10578e+07	
9.49818e+06	
4.46216e+06	
8.76823e+06	
5.7263e+06	
6.80296e+06	
8.36825e+06	
4.78448e+06	
1.28482e+07	
8.13706e+06	
4.35794e+06	
6.05987e+06	
6.02548e+06	
1.12702e+07	
1.05272e+07	
4.58987e+06	
1.2386e+07	
8.05148e+06	
8.4136e+06	
5.57797e+06	
4.46216e+06	
9.99877e+06	
5.64883e+06	
6.28652e+06	
1.10801e+07	
4.92781e+06	
1.103e+07	
5.97955e+06	
1.15554e+07	
7.87102e+06	
8.63642e+06	
8.70271e+06	
1.35127e+07	
5.19102e+06	
4.58987e+06	
1.22487e+07	
7.14552e+06	
6.07096e+06	
5.6254e+06	
1.54815e+07	
1.40204e+07	
1.23112e+07	
1.35536e+07	
8.04394e+06	
8.70334e+06	
1.02461e+07	
7.77539e+06	
1.52919e+07	
1.47602e+07	
1.09196e+07	
7.77969e+06	
5.49949e+06	
4.41399e+06	
9.57363e+06	
5.60856e+06	
4.9133e+06	
7.51445e+06	
8.70334e+06	
6.13526e+06	
1.30438e+07	
1.28251e+07	
1.08329e+07	
5.41158e+06	
4.78082e+06	
1.50884e+07	
5.77354e+06	
1.6108e+07	
1.09364e+07	
4.78082e+06	
6.46294e+06	
4.47111e+06	
8.56785e+06	
1.08389e+07	
1.00067e+07	
1.23399e+07	
7.75866e+06	
5.73253e+06	
1.21248e+07	
1.73651e+07	
4.65195e+06	
1.07674e+07	
1.18155e+07	
1.33679e+07	
4.65195e+06	
7.67144e+06	
8.23836e+06	
5.46642e+06	
4.62236e+06	
1.47148e+07	
9.60171e+06	
4.4585e+06	
4.62236e+06	
5.25272e+06	
1.23622e+07	
5.1942e+06	
1.05007e+07	
1.19125e+07	
7.26505e+06	
4.39408e+06	
1.13426e+07	
1.47016e+07	
5.49864e+06	
1.11091e+07	
4.39408e+06	
1.24525e+07	
4.40502e+06	
1.35065e+07	
8.04394e+06	
1.18248e+07	
1.49823e+07	
1.57521e+07	
1.2447e+07	
1.11084e+07	
4.3076e+06	
1.58207e+07	
6.73929e+06	
5.01959e+06	
1.67178e+07	
9.30052e+06	
8.61918e+06	
1.07966e+07	
8.32603e+06	
8.14027e+06	
6.77168e+06	
4.92154e+06	
8.75655e+06	
1.02367e+07	
7.67144e+06	
1.24763e+07	
1.72065e+07	
8.26066e+06	
7.19399e+06	
5.14445e+06	
1.53645e+06	
8.17472e+06	
4.94294e+06	
1.21168e+07	
4.94294e+06	
9.72433e+06	
4.90058e+06	
1.06724e+07	
1.14458e+07	
1.12456e+07	
7.77969e+06	
1.42053e+07	
5.87537e+06	
9.7078e+06	
4.97918e+06	
1.05038e+07	
5.64883e+06	
4.57555e+06	
4.97918e+06	
5.46583e+06	
7.19935e+06	
5.22421e+06	
8.15415e+06	
1.46034e+07	
4.40762e+06	
9.57495e+06	
4.26024e+06	
8.24292e+06	
5.78999e+06	
1.10769e+07	
5.78999e+06	
7.19399e+06	
1.07216e+07	
9.99877e+06	
1.10157e+07	
5.67579e+06	
1.03461e+07	
1.17243e+07	
1.20751e+07	
7.65882e+06	
5.11724e+06	
5.49949e+06	
9.40343e+06	
6.46294e+06	
1.5336e+07	
5.17328e+06	
7.87769e+06	
7.58693e+06	
8.67946e+06	
5.92641e+06	
1.32494e+07	
4.22724e+06	
6.50668e+06	
1.30092e+07	
7.55629e+06	
1.14023e+07	
5.37417e+06	
5.37417e+06	
9.18205e+06	
9.78813e+06	
2.26527e+07	
5.46642e+06	
7.49353e+06	
5.41158e+06	
1.50018e+07	
1.16395e+07	
1.00522e+07	
7.96211e+06	
1.10721e+07	
5.00513e+06	
8.58159e+06	
5.00513e+06	
4.47792e+06	
1.66679e+07	
5.94497e+06	
1.12707e+07	
8.82376e+06	
6.44413e+06	
9.72433e+06	
1.17048e+07	
5.70841e+06	
1.51371e+07	
2.21669e+07	
1.32405e+07	
1.15668e+07	
4.28878e+06	
1.08958e+07	
4.36137e+06	
1.54527e+07	
7.40866e+06	
1.26448e+07	
1.30092e+07	
7.31509e+06	
1.40267e+07	
1.13508e+07	
4.96203e+06	
7.11614e+06	
5.1942e+06	
5.28004e+06	
6.80296e+06	
9.13572e+06	
5.22421e+06	
1.39434e+07	
4.40762e+06	
7.75363e+06	
5.28004e+06	
7.14258e+06	
7.37695e+06	
4.95835e+06	
5.70269e+06	
9.01426e+06	
1.03681e+07	
8.55096e+06	
1.65763e+07	
7.46942e+06	
9.02501e+06	
1.26659e+07	
5.38057e+06	
1.14661e+07	
1.08818e+07	
4.61668e+06	
4.49177e+06	
1.50838e+07	
6.73929e+06	
8.36825e+06	
9.57363e+06	
1.16806e+07	
1.25161e+07	
1.553e+07	
9.87029e+06	
1.17401e+07	
1.49256e+07	
1.33693e+07	
1.20125e+07	
4.4663e+06	
9.40343e+06	
8.13616e+06	
7.57521e+06	
8.2876e+06	
8.2876e+06	
6.26921e+06	
4.81556e+06	
1.45387e+07	
1.53645e+06	
1.3531e+07	
1.20117e+07	
5.51797e+06	
4.79615e+06	
4.71009e+06	
1.0281e+07	
8.81635e+06	
4.71009e+06	
1.48387e+07	
5.56963e+06	
8.13706e+06	
1.32177e+07	
5.92641e+06	
1.01741e+07	
1.26242e+07	
1.63134e+07	
1.46356e+07	
8.84581e+06	
1.07754e+07	
4.12095e+06	
4.53389e+06	
1.32405e+07	
7.22433e+06	
4.53389e+06	
1.36661e+07	
2.10493e+07	
1.07544e+07	
6.03154e+06	
8.22477e+06	
4.39149e+06	
9.58968e+06	
1.51018e+07	
1.12707e+07	
4.87787e+06	
1.14309e+07	
1.06705e+07	
9.25811e+06	
5.0722e+06	
8.14027e+06	
5.73253e+06	
4.13814e+06	
4.35524e+06	
1.02528e+07	
4.35524e+06	
7.24136e+06	
1.44815e+07	
1.5106e+07	
1.59476e+07	
1.22129e+07	
5.04882e+06	
1.00164e+07	
7.40496e+06	
4.96203e+06	
4.00484e+06	
9.01426e+06	
1.21168e+07	
1.13805e+07	
7.0699e+06	
1.43836e+07	
4.74829e+06	
4.00484e+06	
4.71003e+06	
1.06323e+07	
5.84494e+06	
7.77539e+06	
3.80541e+06	
5.01596e+06	
5.13765e+06	
2.21669e+07	
1.40809e+07	
1.13293e+07	
7.87102e+06	
3.80541e+06	
8.24561e+06	
1.56553e+07	
1.22487e+07	
5.49864e+06	
2.2082e+07	
8.15415e+06	
1.30981e+07	
1.29777e+07	
5.94497e+06	
4.95835e+06	
4.60413e+06	
4.82409e+06	
5.15705e+06	
1.02047e+07	
1.45306e+07	
1.26659e+07	
1.11439e+07	
5.7691e+06	
5.83773e+06	
5.88903e+06	
1.45979e+07	
1.14473e+07	
1.33038e+07	
5.09734e+06	
6.15917e+06	
9.49818e+06	
7.13633e+06	
1.80197e+07	
6.10486e+06	
4.6542e+06	
7.55629e+06	
8.64808e+06	
4.79615e+06	
1.43804e+07	
1.41594e+07	
7.75866e+06	
6.96354e+06	
6.02664e+06	
1.18987e+07	
1.66979e+07	
8.18731e+06	
1.01741e+07	
7.84115e+06	
1.28845e+07	
4.92781e+06	
1.14838e+07	
3.87647e+06	
5.11651e+06	
7.31509e+06	
3.87647e+06	
4.21105e+06	
4.93801e+06	
8.1334e+06	
7.00193e+06	
6.2519e+06	
1.40046e+07	
9.88615e+06	
1.44931e+07	
1.03319e+07	
8.57686e+06	
3.74172e+06	
3.74172e+06	
5.0722e+06	
2.06934e+07	
5.17487e+06	
1.6108e+07	
1.21248e+07	
9.32416e+06	
1.5404e+07	
5.14445e+06	
5.82178e+06	
6.71061e+06	
4.41399e+06	
1.29777e+07	
1.05007e+07	
1.03042e+07	
4.93704e+06	
9.53954e+06	
1.103e+07	
1.22621e+07	
1.10801e+07	
1.09578e+07	
4.82687e+06	
6.34189e+06	
1.27876e+07	
5.01596e+06	
1.18626e+07	
6.63618e+06	
1.00923e+07	
4.82147e+06	
1.51885e+07	
7.58693e+06	
1.27089e+07	
6.3448e+06	
6.92699e+06	
7.37695e+06	
4.47111e+06	
1.27876e+07	
4.7619e+06	
1.4275e+07	
5.17328e+06	
1.40176e+07	
1.12126e+07	
1.10486e+07	
8.47821e+06	
5.15705e+06	
1.38527e+07	
2.02351e+07	
1.73651e+07	
4.41764e+06	
6.31738e+06	
3.78712e+06	
6.56591e+06	
6.31562e+06	
1.02855e+07	
1.07801e+07	
2.10493e+07	
9.39964e+06	
9.02501e+06	
6.4858e+06	
1.51721e+07	
4.4585e+06	
1.19125e+07	
1.11084e+07	
3.65111e+06	
4.47792e+06	
1.09196e+07	
7.40866e+06	
6.09697e+06	
5.86784e+06	
6.28236e+06	
1.08389e+07	
8.80714e+06	
1.15554e+07	
8.45132e+06	
6.63618e+06	
1.35662e+07	
4.76351e+06	
1.63794e+07	
1.24847e+07	
8.05148e+06	
3.73822e+06	
4.4493e+06	
1.51721e+07	
5.96074e+06	
1.363e+07	
1.38238e+07	
1.27708e+07	
9.12915e+06	
5.9782e+06	
1.36897e+07	
4.40502e+06	
1.58207e+07	
1.49354e+07	
4.21942e+06	
8.55096e+06	
1.55263e+07	
8.35118e+06	
8.76823e+06	
1.21567e+07	
5.49012e+06	
7.22433e+06	
1.07674e+07	
4.28878e+06	
1.46036e+07	
1.07966e+07	
8.24883e+06	
1.67178e+07	
8.39983e+06	
4.26024e+06	
5.5165e+06	
1.35481e+07	
1.34911e+07	
6.43899e+06	
1.24847e+07	
1.04695e+07	
1.98857e+07	
9.75808e+06	
9.25811e+06	
5.7263e+06	
4.18547e+06	
1.09837e+07	
1.00067e+07	
1.80197e+07	
5.03966e+06	
8.18461e+06	
1.46138e+07	
3.97565e+06	
6.4858e+06	
7.05398e+06	
1.23399e+07	
1.14458e+07	
4.22724e+06	
4.70711e+06	
6.50386e+06	
7.24136e+06	
8.70271e+06	
4.66016e+06	
1.06705e+07	
9.43336e+06	
3.89508e+06	
1.19084e+07	
5.57797e+06	
1.37947e+07	
5.13765e+06	
1.03461e+07	
9.34779e+06	
4.92997e+06	
1.46036e+07	
4.93704e+06	
1.49823e+07	
8.57386e+06	
8.59125e+06	
9.60171e+06	
1.35524e+07	
5.25776e+06	
1.05038e+07	
1.40664e+07	
9.10306e+06	
1.2386e+07	
1.38065e+07	
6.42026e+06	
1.53835e+07	
1.11091e+07	
1.25228e+07	
4.82409e+06	
4.53633e+06	
9.42809e+06	
1.54527e+07	
6.2508e+06	
9.82284e+06	
6.31562e+06	
7.14552e+06	
5.70269e+06	
5.3383e+06	
6.28236e+06	
1.10157e+07	
9.2795e+06	
8.24561e+06	
1.97559e+07	
4.23121e+06	
1.34675e+07	
4.82147e+06	
1.16265e+07	
5.74503e+06	
6.00073e+06	
8.58159e+06	
1.19084e+07	
1.10578e+07	
6.1633e+06	
1.14023e+07	
9.30052e+06	
8.87553e+06	
5.51797e+06	
1.72831e+07	
1.26242e+07	
1.42857e+07	
5.09394e+06	
1.49937e+07	
1.18155e+07	
8.18921e+06	
4.41764e+06	
1.17638e+07	
5.9782e+06	
1.11439e+07	
7.19583e+06	
9.12915e+06	
7.53197e+06	
3.81014e+06	
1.09364e+07	
7.39811e+06	
4.75322e+06	
9.24515e+06	
1.15203e+07	
8.56785e+06	
9.32562e+06	
1.12456e+07	
5.8713e+06	
9.6052e+06	
5.01803e+06	
6.17452e+06	
9.57495e+06	
1.17048e+07	
1.40664e+07	
1.553e+07	
1.04803e+07	
1.33098e+07	
3.65111e+06	
3.93687e+06	
7.0699e+06	
5.81563e+06	
1.17638e+07	
1.16361e+07	
3.73582e+06	
1.03319e+07	
1.10721e+07	
1.03681e+07	
1.10555e+07	
5.17248e+06	
1.04695e+07	
3.73822e+06	
8.17472e+06	
1.2979e+07	
1.5336e+07	
6.03154e+06	
6.14686e+06	
8.26066e+06	
1.11089e+07	
1.1199e+07	
1.49718e+07	
4.47938e+06	
8.39983e+06	
3.86083e+06	
4.65504e+06	
1.48011e+07	
3.97565e+06	
7.39811e+06	
1.03042e+07	
1.10769e+07	
1.69438e+07	
1.06174e+07	
4.84256e+06	
5.93659e+06	
1.18248e+07	
6.11691e+06	
5.02432e+06	
1.37329e+07	
4.47686e+06	
6.42026e+06	
4.52972e+06	
3.7715e+06	
5.3175e+06	
1.00923e+07	
5.84494e+06	
8.24292e+06	
1.18798e+07	
4.66604e+06	
6.15385e+06	
4.3076e+06	
5.09734e+06	
1.10777e+07	
4.36137e+06	
1.2566e+07	
8.42034e+06	
1.50838e+07	
8.575e+06	
4.63595e+06	
9.87054e+06	
4.9997e+06	
1.11576e+07	
5.44453e+06	
1.04803e+07	
4.32155e+06	
1.04838e+07	
3.89508e+06	
1.02855e+07	
5.9997e+06	
9.43336e+06	
1.17368e+07	
7.65882e+06	
8.75655e+06	
4.93801e+06	
4.65504e+06	
4.81669e+06	
3.78712e+06	
5.67517e+06	
3.82795e+06	
1.25779e+07	
1.37329e+07	
7.99827e+06	
6.93397e+06	
2.65522e+06	
1.35536e+07	
4.28155e+06	
2.51487e+06	
4.32858e+06	
1.05063e+07	
1.26448e+07	
4.80753e+06	
4.64135e+06	
4.27237e+06	
1.65763e+07	
4.47686e+06	
4.76351e+06	
4.96117e+06	
7.49353e+06	
4.61406e+06	
4.57251e+06	
4.43389e+06	
9.75808e+06	
2.34947e+06	
1.51018e+07	
5.40707e+06	
8.38703e+06	
1.23588e+07	
5.88903e+06	
3.8673e+06	
1.16265e+07	
6.02864e+06	
1.29029e+07	
5.67579e+06	
5.82178e+06	
1.06429e+07	
8.12959e+06	
2.27945e+06	
1.42765e+07	
4.56562e+06	
1.0102e+07	
5.97438e+06	
4.48409e+06	
8.67946e+06	
4.28155e+06	
4.5618e+06	
4.07927e+06	
7.11614e+06	
5.03966e+06	
8.49286e+06	
8.87553e+06	
1.22178e+07	
1.51371e+07	
8.13062e+06	
7.66501e+06	
8.85549e+06	
7.53275e+06	
4.61668e+06	
4.57543e+06	
1.08818e+07	
4.32175e+06	
4.47038e+06	
9.87054e+06	
1.48387e+07	
9.10306e+06	
4.19051e+06	
7.43341e+06	
3.81014e+06	
1.08958e+07	
1.20125e+07	
4.56562e+06	
4.51629e+06	
8.18731e+06	
2.20168e+06	
7.73229e+06	
4.6575e+06	
1.38739e+07	
5.64197e+06	
1.00983e+07	
1.11089e+07	
6.34189e+06	
7.96211e+06	
1.46356e+07	
1.50884e+07	
7.37301e+06	
1.04482e+07	
8.05316e+06	
1.40809e+07	
7.14258e+06	
1.14205e+07	
1.59476e+07	
1.07544e+07	
4.50725e+06	
1.25228e+07	
1.19233e+07	
2.14687e+06	
4.32175e+06	
4.96117e+06	
1.01685e+07	
9.8335e+06	
3.93687e+06	
4.72213e+06	
6.3448e+06	
8.68344e+06	
4.43338e+06	
1.36924e+07	
4.11945e+06	
4.4663e+06	
1.49256e+07	
8.47821e+06	
9.2795e+06	
4.43338e+06	
4.5618e+06	
8.42034e+06	
7.75363e+06	
6.12172e+06	
3.73582e+06	
1.35725e+07	
5.86784e+06	
7.58923e+06	
1.41594e+07	
1.0281e+07	
1.49343e+07	
7.19583e+06	
1.22129e+07	
4.55654e+06	
4.12095e+06	
7.35754e+06	
1.44815e+07	
1.5106e+07	
4.55654e+06	
1.91619e+06	
1.26624e+07	
4.47038e+06	
3.86083e+06	
1.06323e+07	
1.66263e+06	
7.79054e+06	
1.3272e+07	
4.16521e+06	
1.147e+07	
1.56553e+07	
8.96976e+06	
1.47016e+07	
4.51985e+06	
1.78591e+06	
3.7715e+06	
4.51985e+06	
8.56994e+06	
4.84718e+06	
8.04014e+06	
6.06643e+06	
5.96074e+06	
8.24883e+06	
1.33693e+07	
6.095e+06	
6.14686e+06	
9.24515e+06	
1.05063e+07	
4.11945e+06	
4.7013e+06	
1.1286e+07	
4.39149e+06	
5.80294e+06	
1.00164e+07	
4.7013e+06	
9.83235e+06	
1.2186e+07	
4.89357e+06	
3.82795e+06	
5.78426e+06	
1.45979e+07	
7.57521e+06	
8.51934e+06	
1.02047e+07	
1.30667e+07	
1.45306e+07	
7.06212e+06	
7.05398e+06	
2.65522e+06	
5.55682e+06	
6.06643e+06	
4.72917e+06	
5.96028e+06	
1.0563e+07	
5.96028e+06	
5.93659e+06	
2.51487e+06	
1.14473e+07	
4.13814e+06	
6.55989e+06	
8.84581e+06	
8.01232e+06	
1.40046e+07	
4.6542e+06	
7.17517e+06	
1.0102e+07	
5.38262e+06	
5.67148e+06	
1.18283e+07	
4.56448e+06	
1.32935e+07	
8.32041e+06	
8.02341e+06	
9.59692e+06	
1.43804e+07	
1.17368e+07	
8.07378e+06	
5.67148e+06	
9.42809e+06	
9.88615e+06	
6.68452e+06	
2.34947e+06	
4.71003e+06	
6.2304e+06	
6.38171e+06	
7.06212e+06	
1.46034e+07	
8.57386e+06	
5.11651e+06	
4.28441e+06	
8.22477e+06	
8.80254e+06	
7.84115e+06	
5.67517e+06	
1.5404e+07	
7.74518e+06	
2.27945e+06	
1.1175e+07	
6.15559e+06	
1.31105e+07	
1.40176e+07	
1.44931e+07	
7.70452e+06	
6.55989e+06	
8.57686e+06	
6.64099e+06	
8.80254e+06	
1.03791e+07	
1.14205e+07	
5.17487e+06	
5.83773e+06	
7.40496e+06	
9.53954e+06	
5.11724e+06	
1.13908e+07	
4.47922e+06	
5.40707e+06	
1.35662e+07	
1.15203e+07	
8.18921e+06	
8.48004e+06	
1.00388e+07	
1.29029e+07	
6.10968e+06	
4.18241e+06	
1.10009e+07	
6.38171e+06	
7.13633e+06	
6.02664e+06	
8.85549e+06	
1.39699e+07	
1.40959e+07	
8.48004e+06	
1.27428e+07	
2.20168e+06	
7.66501e+06	
4.82687e+06	
1.07801e+07	
2.14687e+06	
1.09578e+07	
1.38527e+07	
2.2082e+07	
1.10358e+07	
1.34693e+07	
1.26624e+07	
4.18241e+06	
6.9231e+06	
1.12242e+07	
9.07606e+06	
1.4275e+07	
1.91619e+06	
8.13062e+06	
6.64099e+06	
6.96354e+06	
1.18798e+07	
8.27144e+06	
4.21105e+06	
1.39767e+07	
1.66263e+06	
1.51885e+07	
6.32645e+06	
7.73229e+06	
1.60676e+07	
4.7619e+06	
4.51629e+06	
1.40267e+07	
1.78591e+06	
7.00193e+06	
8.45132e+06	
1.363e+07	
1.10777e+07	
7.97167e+06	
1.35481e+07	
8.27144e+06	
1.10486e+07	
4.4493e+06	
4.59009e+06	
1.09384e+07	
6.31738e+06	
1.2186e+07	
1.51627e+07	
1.38238e+07	
1.12318e+07	
8.89838e+06	
1.36897e+07	
4.44977e+06	
4.66016e+06	
6.10968e+06	
4.21942e+06	
1.06883e+07	
7.99827e+06	
1.38285e+07	
5.49012e+06	
2.06934e+07	
6.93397e+06	
6.71061e+06	
1.09539e+07	
1.15882e+07	
1.49354e+07	
7.92786e+06	
4.18547e+06	
8.80714e+06	
5.74503e+06	
4.82558e+06	
5.5165e+06	
1.37947e+07	
1.18283e+07	
1.08718e+07	
4.80753e+06	
1.36924e+07	
1.08414e+07	
6.9231e+06	
1.3531e+07	
4.70711e+06	
8.12959e+06	
1.51025e+07	
5.72071e+06	
1.13653e+07	
1.49343e+07	
1.63794e+07	
6.56591e+06	
1.34911e+07	
7.97167e+06	
1.38065e+07	
4.23121e+06	
1.14193e+07	
8.35118e+06	
6.70176e+06	
6.32645e+06	
1.10243e+07	
4.92997e+06	
9.6052e+06	
5.80294e+06	
1.13908e+07	
1.43553e+07	
6.43899e+06	
7.53275e+06	
6.40349e+06	
1.46138e+07	
1.3272e+07	
4.59009e+06	
1.06429e+07	
2.02351e+07	
6.02478e+06	
1.48227e+07	
8.89838e+06	
5.55682e+06	
4.52972e+06	
4.53633e+06	
1.38367e+07	
8.18461e+06	
4.44977e+06	
1.32177e+07	
7.37301e+06	
1.35524e+07	
6.50386e+06	
1.10009e+07	
1.34675e+07	
5.38262e+06	
1.1199e+07	
5.44453e+06	
1.55263e+07	
4.82558e+06	
5.3383e+06	
1.30667e+07	
1.42857e+07	
1.15882e+07	
8.59125e+06	
7.35754e+06	
4.75322e+06	
5.72071e+06	
6.2508e+06	
1.98857e+07	
5.02432e+06	
5.97438e+06	
1.04482e+07	
1.60676e+07	
4.47938e+06	
1.72831e+07	
1.33098e+07	
8.96976e+06	
9.82284e+06	
6.1633e+06	
7.43341e+06	
6.00073e+06	
5.78426e+06	
4.63595e+06	
6.70176e+06	
7.53197e+06	
1.53835e+07	
1.16361e+07	
1.13653e+07	
1.30981e+07	
4.32858e+06	
6.40349e+06	
1.2979e+07	
1.01685e+07	
6.17452e+06	
1.97559e+07	
5.8713e+06	
4.43389e+06	
6.02478e+06	
1.51627e+07	
1.10243e+07	
8.68344e+06	
9.32562e+06	
1.11576e+07	
6.11691e+06	
4.48409e+06	
1.28845e+07	
1.69438e+07	
7.92786e+06	
8.56994e+06	
4.57543e+06	
1.49937e+07	
1.2566e+07	
1.22621e+07	
5.81563e+06	
6.15385e+06	
3.8673e+06	
9.83235e+06	
8.51934e+06	
1.10555e+07	
1.49718e+07	
1.51025e+07	
6.12172e+06	
5.9997e+06	
5.64197e+06	
5.3175e+06	
8.575e+06	
1.25779e+07	
9.59692e+06	
1.48011e+07	
8.01232e+06	
6.095e+06	
6.02864e+06	
4.9997e+06	
1.21567e+07	
1.06174e+07	
1.43553e+07	
4.81669e+06	
7.58923e+06	
1.23588e+07	
8.07378e+06	
4.61406e+06	
8.38703e+06	
1.42765e+07	
9.34779e+06	
4.28441e+06	
1.03791e+07	
1.1175e+07	
8.32041e+06	
1.38367e+07	
4.19051e+06	
8.49286e+06	
1.22178e+07	
1.04838e+07	
4.6575e+06	
4.50725e+06	
8.04014e+06	
1.38739e+07	
8.05316e+06	
5.25776e+06	
1.40959e+07	
4.47922e+06	
4.64135e+06	
4.72213e+06	
7.74518e+06	
7.70452e+06	
4.16521e+06	
1.19233e+07	
1.39699e+07	
1.35725e+07	
4.84718e+06	
5.09394e+06	
1.00983e+07	
8.02341e+06	
4.89357e+06	
7.79054e+06	
1.147e+07	
1.12242e+07	
5.01803e+06	
9.8335e+06	
1.39767e+07	
4.72917e+06	
1.00388e+07	
1.34693e+07	
5.17248e+06	
4.56448e+06	
1.1286e+07	
4.84256e+06	
1.12318e+07	
6.2304e+06	
4.66604e+06	
1.32935e+07	
6.15559e+06	
1.10358e+07	
1.0563e+07	
1.38285e+07	
4.32155e+06	
7.17517e+06	
4.27237e+06	
1.09539e+07	
6.68452e+06	
1.09384e+07	
1.31105e+07	
4.57251e+06	
1.08414e+07	
4.07927e+06	
1.06883e+07	
1.27428e+07	
1.14193e+07	
1.08718e+07	
9.07606e+06	
1.48227e+07	
