ibin	itheta	r0	V	sigma2	chi	Vn Errors
0	0	0.2391	0.0599	396.6503	0.5050	0.0046
0	1	0.2523	0.0568	396.6503	0.4787	0.0044
0	2	0.2619	0.0547	396.6503	0.4611	0.0042
0	3	0.2593	0.0552	396.6503	0.4657	0.0043
0	4	0.2446	0.0585	396.6503	0.4936	0.0045

1	0	0.2657	0.0558	377.7872	0.4657	0.0057
1	1	0.2611	0.0567	377.7872	0.4738	0.0058
1	2	0.2645	0.0560	377.7872	0.4678	0.0057
1	3	0.2735	0.0542	377.7872	0.4525	0.0056
1	4	0.2637	0.0562	377.7872	0.4692	0.0058

2	0	0.2607	0.0588	358.2686	0.4873	0.0051
2	1	0.2801	0.0548	358.2686	0.4536	0.0048
2	2	0.2658	0.0577	358.2686	0.4781	0.0050
2	3	0.2699	0.0568	358.2686	0.4707	0.0050
2	4	0.2844	0.0539	358.2686	0.4467	0.0047

3	0	0.2805	0.0567	339.8138	0.4651	0.0060
3	1	0.3042	0.0523	339.8138	0.4288	0.0055
3	2	0.2831	0.0562	339.8138	0.4608	0.0059
3	3	0.2819	0.0564	339.8138	0.4627	0.0059
3	4	0.2793	0.0569	339.8138	0.4670	0.0060

4	0	0.2790	0.0592	321.5899	0.4807	0.0042
4	1	0.2939	0.0562	321.5899	0.4562	0.0040
4	2	0.2885	0.0573	321.5899	0.4649	0.0041
4	3	0.2845	0.0580	321.5899	0.4713	0.0042
4	4	0.2920	0.0566	321.5899	0.4592	0.0040

5	0	0.2959	0.0580	304.0887	0.4660	0.0041
5	1	0.2956	0.0581	304.0887	0.4665	0.0041
5	2	0.2983	0.0575	304.0887	0.4623	0.0040
5	3	0.2983	0.0575	304.0887	0.4623	0.0040
5	4	0.2976	0.0577	304.0887	0.4634	0.0041

ibin	avgmult	avgpt	avgeta	Vn mean	Vn mean Error
0	167.8917	0.9338	0.0424	0.0570	0.0021

1	162.3284	0.9321	0.0420	0.0558	0.0027

2	156.7381	0.9301	0.0412	0.0564	0.0024

3	151.1721	0.9283	0.0402	0.0557	0.0028

4	145.6114	0.9263	0.0397	0.0574	0.0020

5	140.1031	0.9238	0.0387	0.0578	0.0019

ibin	Nevent	totmultall	avgmultall	avgtrk
0	810735.0000	136115665.0000	167.8917	146.9014

1	1039664.0000	168766973.0000	162.3284	141.9052

2	1320560.0000	206982099.0000	156.7381	136.9055

3	1661921.0000	251236029.0000	151.1721	131.9141

4	2049576.0000	298441727.0000	145.6114	126.9228

5	2430334.0000	340497221.0000	140.1031	121.9450

