5063.02	-7873.2	-5484.58	2510.03	-6090.13	-1350.21	-1386.87	62.1055	1153.6	
7357.71	-3481.84	5640	6219.55	-3973.07	-1099.05	978.404	-809.428	306.222	
2232.02	10483.3	15049.9	7078.93	-2267.89	202.227	2968.16	-1179.86	62.6778	
-10826.6	4192.81	7997.76	-694.883	-1148.5	1930.22	266.239	-623.951	-113.535	
-16959.9	-1323.53	12272	725.667	-312.885	2056.92	-505.615	848.742	-119.955	
-26817.4	-10673.3	9167.05	-1939.42	-3297.65	-533.797	1150.18	608.601	-260.613	
-28451.2	-2558.08	3604.38	-3860.8	-3221.79	777.126	1576.31	105.498	-44.9195	
-9258.46	3340.84	84.2847	-3792.1	-6218.89	661.047	1425.43	1034.14	586.031	
3136.01	3426.48	-1147.47	-6788.72	-6290.08	-2057.64	-400.152	1820.3	196.622	
12751.7	59562	14370.6	12349.4	4390.94	1332.16	-4143.72	2476.93	-1.64917	
16818.1	33681.8	4726.89	15261.4	6513.11	1228.2	-2676.58	1446.31	-704.911	
-371.283	15347.4	-9243.79	6634.89	5510.65	470.98	-1010.22	-297.768	-400.603	
-7504.27	14501.4	-4332.2	2309.51	3144.7	-1941.43	823.433	-1902.01	238.703	
-5668.05	12753.9	-1051.27	228.652	-1309.03	-2156.82	-1071.04	-1742.34	385.179	
-1028.38	10341.3	-2108.38	1491.31	-3976.13	-437.352	-2283.97	-666.644	878.668	

-2216.94	-4390.2	-4319.74	-5826.79	-3510.89	1894.98	-146.689	138.648	-238.582	
7287.51	-2710.27	2728.22	-1329.13	690.381	1742.2	1136.22	-325.655	-320.806	
23954.6	25391.2	26532.8	8519.16	5779.06	2521.17	-52.3872	313.248	-378.883	
17877.8	45084.1	30170.4	8904.52	2241.15	1506.13	812.537	-396.723	-211.107	
2021.01	22416.3	14604	4902.9	-779.495	-842.163	-106.253	-485.647	-203.062	
-11333.4	-5856.64	6448.32	2617.7	-178.242	-1814	-2467.15	458.984	125.609	
-29970.8	-19872.6	2004.52	-5405.84	-2564.67	-2208.6	-2024.42	1135.46	693.604	
-33284.9	-42355.3	-8472.53	-13804.1	-2265.43	-2492.7	-314.546	-127.365	1003.11	
-18643.3	-37405.7	-5811.35	-10385.3	1204.78	-573.406	-756.636	-1005.22	673.202	
-10226.6	-14957.8	993.466	-15423.8	7804.79	800.641	-4666.78	-1439.36	15.4815	
-9857.8	3416.61	3498.78	-5636.99	6334.2	-2200.13	-761.976	561.931	451.016	
-7167.74	-1279.52	4383.01	-1706.39	2145.52	-2434.74	-1615.95	538.871	339.989	
7576.77	10293.8	6885.43	1660.5	-172.645	-1191.42	-252.996	459.367	-214.293	
6916.74	8823.93	1057.36	1307.93	-4244.1	434.616	2241.37	759.14	-196.99	
-3851.62	-3030.34	-6926.9	-5499.09	-6539.84	1196.41	328.639	758.739	8.71769	

-31385.3	2480.78	11872.9	-7658.28	-4623.01	-9787.07	3364.7	61.9332	271.827	
10768.5	29014.2	18266.5	9210.03	2306.06	-4992.43	1699.75	1670.51	-124.665	
4074.56	969.446	483.666	5542.77	2170.61	-2815.67	-2537.95	1652.97	-461.209	
-28458.7	-18721.7	-6561.47	-3605.24	-5137.04	-949.766	-4602.72	1084.46	8.23848	
-43907.1	-4783.82	-4183.77	1431.82	-3492.12	95.621	-2123.78	1085.11	298.276	
-33400.3	-6274.1	2034.73	-1567.06	-398.739	949.965	-228.558	-237.256	-371.034	
-14211.9	-11307.5	17633.8	-759.868	1828.58	299.051	1846.52	327.34	-823.965	
-8607.05	-11909.7	8001.75	5595.46	-556.149	-430.486	1963.51	1869.7	-187.968	
13708.6	31262	7652.33	8657.9	-2014.38	67.3836	1944.45	1254.93	227.706	
93619.7	106553	32965.5	13531.6	2192.37	2980.65	10916.4	-1574.8	722.768	
38095.5	36562.4	22120.5	14548.7	372.622	3302.56	7437.08	-3135.18	-288.013	
11307.8	533.781	6286.58	10021.9	430.093	4737.1	5351.75	-4304.68	-631.736	
2905.47	2858.26	7590.52	5757.43	-505.928	3049.14	2764.51	-3860.79	23.9776	
-6402.43	29477.9	19713.4	891.151	1460.03	-693.774	1238.31	-1732.42	437.822	
-34568.9	14766.1	13140.6	-8455.72	-1417.82	-6062.52	1199.23	-1192.12	535.418	

-2658.61	-8771.14	-598.56	-1032.64	-3149.59	-1830.2	162.975	-130.909	-217.717	
-18118.5	-28155.4	-18054.7	-1176.19	-718.84	-1982.14	-1045.37	-266.168	-301.034	
-19596.8	-26726.3	-22216.7	-6501.66	-1323.29	-246.464	-3599.06	-978.048	-172.319	
-4686.27	23730.2	-3478.55	-5223.17	-1540.56	1027.32	-3047.91	-814.871	-248.537	
4716.95	44531.1	6092.3	6197.73	455.507	1530.62	144.946	-67.5331	-936.855	
11177.9	39495.9	7152.23	11947.9	2458.12	2456.99	2073.02	17.5388	-580.29	
14125.7	13324.7	-7335.94	9932.65	3137.97	3750.84	1168.95	-1427.1	158.586	
8496.69	-15525.5	-12791.6	-678.715	-3131.66	2220.61	-561.29	-2075.13	418.064	
8531.97	-17110.8	-4956.14	-1549.4	-3908.21	1159.03	-1151.72	-1221.64	193.066	
-624.999	-64545.2	-25016.3	-12643.1	-1234.67	-2291.48	-4368.41	-2800.62	12.5736	
-5428.92	-22385.6	-3725.63	-5755.05	592.545	1007.35	-38.332	-1235.33	-231.244	
-2674.15	8107.33	8671.25	2849.21	2035.35	2293.06	1546.26	155.589	-695.456	
222.8	3405.29	4842.2	2168.66	268.36	1077.29	1360.83	874.324	18.8609	
-3807.06	-19752.8	-600.746	-4416.21	-2589.33	623.181	1013.71	637.431	225.997	
-3042.03	-15458.7	3444.76	-3228.85	-4342.56	468.286	351.203	-258.932	-115.447	

20417.1	37325.2	19546.5	7334.71	-996.447	-1488.88	-3248.62	-857.525	864.797	
16252	42934	23503	3927.62	3720.88	73.0796	414.009	-1419.39	194.778	
-13806.1	15379.5	10008.1	-5691.78	5499.78	-678.391	2523.22	-3118.06	-837.143	
-20836	-1117.54	-987.036	-5735.5	3179.65	-4733.8	1775.7	-1779.65	-929.592	
136.335	10443.2	6290.65	4742.49	2262.56	-2159.62	1936.51	998.688	103.917	
13836.9	17182.9	9860.72	8664.49	-159.045	2017.92	959.699	1872.23	-81.1154	
16731.2	20894.9	3811.93	12939.6	-2174.78	1680.22	2309.35	1400.71	-405.243	
25261.4	31866.7	10253.3	10708.2	3161.61	-375.615	2357.37	513.701	-282.212	
23797.5	15690.5	15877.3	3737.77	2127.09	-1600.19	591.147	88.6244	216.63	
11107.7	25589.4	22586.9	4690.36	-6173.74	1699.37	-800.635	-852.908	394.603	
3200.02	40534.3	23535.6	10772	3562.81	3726.67	2273.32	-553.356	819.613	
6307.86	41726.8	24690.6	6334.13	5657.02	2526.14	2612.58	-1867.76	217.508	
4225.94	21558.8	5863.12	1086.95	2247.37	-521.3	1775.36	-908.084	-453.629	
-10484.5	-15623	-11945.1	-4875.43	122.028	-3470.84	-649.637	747.754	-186.362	
-6577.48	-8828.62	-4592.92	-2923.77	-1355.23	-3626.83	-2659	127.714	446.907	

25056.4	45205.8	21626.1	-2294.62	12039.1	2968.43	1417.86	1231.36	1659.51	
16495.7	54265.9	15325.1	7058.75	9429.96	3291.62	-403.741	1139.06	2433.39	
24062.7	56633.5	15758	25887	6609.93	4109.82	-925.909	757.048	2159.48	
27048.5	47054.2	5119.36	35774.1	5612.37	3510.49	2470.74	682.693	1533.17	
36657	48338.4	3564.86	14615.9	2227.18	3982.52	907.955	796.939	1021.39	
16982.5	19983.5	-24.3322	-7564.48	1534.35	1146.73	-2922.44	-29.6176	850.957	
-28916.2	-33217.6	-18669.6	-18419.3	-363.249	-7114.04	-6071.16	-2183.14	1249.88	
-26791.1	1874.17	-4413.74	-10546.9	2682.46	-3894.57	-4077.52	-2909.21	1346.46	
-16341.3	18667.1	626.612	-5722.09	-753.901	3265.31	3259.85	-991.839	1170.99	
-21186.1	4564.15	-4601.29	-11311.6	-9562.61	6061.82	11511.1	-190.788	-341.002	
-9179.82	-2695.1	-16162.1	-6335.35	-4661.46	-1054.84	3804	-831.087	-1023.36	
-22482.9	432.815	-17989.3	-10030.1	55.4088	-458.054	468.641	-487.446	-929.597	
-11952.5	404.279	-16345.3	-4290.31	1652.32	-1482.96	762	210.943	442.258	
25722	6547.72	-5275.85	5614.09	3844.5	-3557.43	488.921	1099.39	1251.29	
42425.8	25855.5	14735.4	3712.19	8617.63	352.446	256.807	1528.23	1235.35	

26023.1	37550	23002.9	3334.91	-32.972	-2537.5	-3965.93	232.227	923.203	
18383	20822.8	4256.63	-120.327	-945.962	-2242.24	-3015.44	1252.78	678.369	
-8816.59	-13263.7	-10657.9	-7185.16	-5583.11	-2253.11	-4756.91	-29.1509	-728.847	
-1285.05	6838.08	6173.18	-95.836	-1502.16	-1609.45	-2272.46	667.886	-874.39	
16721.3	24498.7	13183.7	4706.84	1055.73	12.6032	4.87958	1620.46	-13.4106	
15413.6	2556.47	-2649.82	-3230.76	-907.509	1543	-1043.34	-36.5891	61.4443	
5218.89	5969.45	-15646.6	-10515.3	1620.59	1533.46	-2213.6	-537.539	-410.766	
-10153.1	12706.6	-10544.6	-3849.04	7769.77	-148.993	-1084.22	-307.287	-318.573	
-30446.8	-18542.5	-13832.3	-2022.53	5114.47	-395.684	-1377.48	-836.997	-619.03	
-67973.4	-72650.5	-22952.9	7247.07	6583.93	1898.61	-4315.88	633.519	-1130.21	
-25426.7	-22809	-5098.97	2136.21	97.0458	529.816	-770.214	1384.6	797.804	
-11977.1	-4086.72	-229.917	3253.17	-1565.46	263.113	36.4594	792.809	563.954	
878.634	251.991	952.786	932.413	-1761.43	-1536.65	-1465.56	510.57	-277.218	
17204.3	8547.17	9498.49	63.6344	-4817.97	-1606.81	-2452.39	369.817	-418.35	
25548	29299.2	24441.9	4554.41	-4755.65	-67.9653	-2559.98	-320.18	140.923	

25025.1	33354.3	12398.1	8089.13	6473.6	2277.52	4793.58	-867.118	504.846	
26652	19134.8	9807.51	6267.98	4870.48	2112.71	3961.09	495.406	619.964	
14033.5	14607.1	4936.61	6560.36	2200.9	1351.27	908.378	1132.55	272.464	
-12348.8	-19738.1	-15992.5	949.862	-4166.64	-1688.94	818.289	842.182	-235.526	
-18657.9	-38883.6	-20118.5	199.134	-3751.18	-3376.35	1768.99	614.059	333.329	
-16722.6	-49549	-20007.4	2140.9	-3665.57	-4971.29	568.395	237.276	576.064	
-15700.8	-44439.6	-13727	5725.72	-1736.41	-6992.24	-255.351	-662.327	208.649	
-15739.4	-36266.7	-6208.34	1177.26	931.694	-6325.18	103.1	-673.644	-446.383	
-6142.87	-21411.9	1643.36	-3833.44	302.557	-2432.37	69.0573	-286.033	-618.219	
14453.7	4356.95	13599	-6049.27	-1795.01	2246.07	1304.38	-3215.33	-680.694	
9787.82	-6931.35	13679.8	4897.8	1234.02	3364	-668.417	-2218.06	271.746	
4583.64	-3245.24	6536.83	4761.85	8.32021	2067.05	-1842.6	-1271.9	263.092	
-10244.7	-10824.2	1052.44	-1616.3	-2632.02	-213.978	-1805.2	-563.885	170.128	
-15035.4	-4596.23	1650.03	-2818.14	-3445.65	62.793	-779.012	-654.197	177.941	
6736.32	29326.4	13830	5012.41	2357.59	1629.58	1065.47	-685.268	227.685	

38635.5	86722.9	34669.1	23822.7	11966.8	7446.72	6275.24	1548.9	1105.5	
19883	51122	15344	17603.6	4448.66	2741.85	5872.98	-259.251	441.991	
21439.1	32083.3	8210.39	9274.2	2851.49	3837.93	5037.5	61.4192	173.038	
11185.3	11206.6	600.779	-2399.74	1777.43	2523.49	462.665	921.128	15.5657	
-11702.6	-13325.6	-6376.66	-1968.13	4403.08	-878.169	-4033.04	1122.44	-102.942	
6809.24	19556.1	10622.5	6347.91	8551.38	-1180.56	-3156.41	1297.89	-187.584	
20009.7	71313.3	21226.9	17231.3	5028.48	-2741.35	-555.176	1165.83	104.848	
-20048.1	13011.5	-11134.8	4019.76	-2598.67	-5820.76	1084.8	-546.229	-285.43	
-24418.8	-9572.67	-9924.95	3133.39	1702.78	-2488.34	3129.26	-223.11	408.469	
-17178.1	16107.2	20891.4	15900.2	6554.33	4146.56	3471.56	4207.3	1489.64	
-5343.36	9496.66	3739.57	5893.03	5407.74	-382.191	3190.33	4148.11	696.924	
-15899	-35502.2	-7338.97	-5858.07	5391.02	-3512.76	1503.97	3167.33	305.02	
-12882.4	-23137.9	3764.93	-10167.7	8282	-3195.99	-1588.7	390.188	-86.2877	
1915.7	13912.4	7426.78	-6221.33	5859.37	-1007.67	-2516.53	-558.299	350.418	
14579.5	42034.9	14190.8	8478.22	6698.88	5084.42	430.875	518.032	766.542	

25964.5	46598.1	20423.9	-1269.34	7195.8	7617.35	3052.99	-97.4766	501.129	
-5080.34	35242.4	17281.6	1284.86	5623.71	4636.53	3507.01	-107.877	644.167	
-45944.2	-2126.96	1957.39	-15702.9	1239.84	1294.35	1404.26	1046.48	-439.067	
-40999.9	-12273.9	-2299.24	-29999.2	-3947	653.344	804.338	2513.51	-1266.8	
-18762.3	1422	4338.37	-19159.8	-2332.27	793.161	-2777.5	2538.6	-1320.2	
-252.112	24203	17683.6	-1812.5	-2916.6	4836.68	-3950.15	1097.07	-620.078	
23785.3	28208.8	17118.4	2588.74	-4032.27	4132.03	-4202.17	-744.168	399.132	
28420.8	13818.4	11671.3	5063.91	-1912.32	-1467.52	-917.361	-483.814	1225.37	
-5545.48	-21640.5	1549.38	7224.01	-3940.11	-4022.53	2242.69	544.302	1134.41	
-14841.9	38372.4	3635.77	24181.5	13550.1	-1810.4	7917.9	1802.37	2663.29	
-24282.5	-38128.7	-17255.1	-6362.71	5222.29	-5909.37	-1945.26	907.25	702.557	
-28012.3	-32289.4	-8506.36	-10001.1	68.7292	-5522.01	-3051.93	575.031	494.509	
-15445.6	5043.34	12933.8	-3753.73	-2603.09	-2933.62	935.319	-282.734	508.766	
-377.589	-4606.51	7731.11	-5797.23	-755.555	795.955	697.465	439.025	485.943	
9358.11	-1297.38	3702.45	-10337.9	2763.41	3668.14	28.6489	621.887	191.264	

13333.2	32881.5	11015.2	-717.257	6977.99	3548	2826.94	255.303	-1187.68	
-1288.36	-28612.2	-15623	-13384.3	4807.78	-1202.35	3117.69	262.005	-1331.46	
-23054.2	-64111.3	-33114.7	-28874	567.021	-12858.3	-1284.19	-3568	-1089.94	
-15590.5	3131.47	-14895.5	-11847.7	2771.34	-9576.98	-3339.17	-3838.52	197.999	
17389.9	62371.6	8588.96	13240.6	9720.87	2223.97	342.656	-521.573	-356.441	
22544.8	72777.7	14888.8	18577.8	8750.09	7898.81	2939.36	1410.34	-945.353	
-10788.4	18898.5	1768.76	14280.4	1055.71	7833.27	2907.08	1958.23	-158.377	
-33454.3	-51999.6	-11518.4	-2283.68	-8731.5	2501.06	-1810.34	305.354	1200.32	
-20783	-31407	-9670.8	-2731.85	-7952.12	-3315.65	-4981.25	153.183	492.238	
-595.291	-27584.7	-13803.7	5054.87	2062.01	-12599	-5102.4	718.914	-66.2171	
11682.6	9294.89	-19070.6	1332.75	4228.73	-4681.63	-816.469	956.936	34.244	
3958.82	15898	-10528.6	-13.8202	3505.76	603.043	-2648.14	1550.39	-8.7355	
32783	34388.1	13284	8018.22	2210.55	2467.23	-1572.33	1429.78	-549.665	
35496.2	44159.5	25143.2	8860.58	-2353.94	-1971.57	-637.542	73.433	-1496.36	
20563.1	51739.9	27110.4	4774.59	-1201.67	-667.84	-460.696	-744.353	-1678.45	

-908.676	7354.17	-18538.2	-3693.2	-5853.9	-1647.69	-2986.06	1681.83	856.102	
12979.7	5520.53	-9659.39	-5252.25	-10687.9	-1905.44	152.8	1042.65	267.645	
5697.61	-13632.2	-751.511	-19256.5	-8202.28	-110.562	2977.5	-580.901	-1463.39	
-19855.5	-33410.8	-13114.1	-20889.2	-208.812	1310.27	1820.75	-1330.64	-2486.33	
788.288	8275.88	-12745.9	-8777.72	6261.53	1880.97	1443.15	-434.597	-1067.73	
14853	8050.61	-620.529	-1026.41	9674.03	1800.97	765.767	205.841	529.847	
-12716.9	-33786.6	4175.21	-3583.08	2486.83	-408.215	-1868.95	584.601	668.302	
-21922.1	-43071.8	8288.13	-2694.81	-4985.75	-2334.62	-2046.5	240.17	-80.3156	
2006.78	-342.205	14002.6	2299.64	-4441.35	-1501.96	1885.11	831.759	412.077	
54511.4	108086	45840.6	9810.64	-3561.08	-1186.62	3511.94	2586.63	1244.94	
24862.6	61061.8	21808.6	2875.06	3148.71	-1668.14	-2942.77	1434.73	428.103	
21324.6	52180.9	17866	5210.44	6463.87	1901.94	-171.4	562.522	151.323	
22216.9	37084.3	10830.2	8626.62	3441.96	1363.46	4770.7	401.717	642.079	
17069.5	23965.8	8028.59	3115.03	927.974	316.203	3768.5	534.332	714.097	
5304.72	24737.8	1375.39	-2106.97	903.411	633.889	-135.039	775.993	687.206	

4688.13	27723.2	24733.8	10592.3	1437.83	-4429.2	1067.51	139.338	1309.36	
26281.9	36507.7	25222.7	13326.5	-624.285	-988.672	1070.38	168.239	341.918	
18401.6	13213.3	23635.8	9842.77	-4604.23	1327.16	1803.98	144.074	-1074.23	
644.963	-6998.1	408.283	7015.73	-6688.21	-158.68	2991.38	73.5697	-1549.05	
-10186.7	-24197.6	-17026.8	4850.67	-1124.12	65.194	2767.38	-333.776	-1286.97	
-10726.6	-12911.5	-6974.78	6963.91	6353.69	-1562.21	2189.39	-586.405	-739.465	
-26114.7	-14341.5	6219.64	6941.81	8223.49	-2187.47	830.048	-1887.18	-138.108	
-26031.6	-38782.8	2678.39	6161.37	2312.34	-2369.58	-1397.64	-2552.54	986.841	
3495.06	-20426.8	10386.2	8550.77	1031.27	-4795.68	-1084.3	-1595.87	1005.86	
55310	9046.25	48209.7	1267.6	5220.17	-6367.22	53.6835	1009.63	-177	
32776.7	23257.6	17366	170.398	-3139.99	1661.29	1923.39	364.195	-322.534	
34666.3	24122.3	12642.7	6374.05	-5038.91	3806.18	977.307	-849.859	64.0613	
30774.1	21602.9	13244.2	8410.78	-1452.39	2438.87	-345.111	-676.798	-324.6	
2244.21	3644.44	10994	3418.29	729.812	-478.388	-1373.62	-292.887	-460.385	
-19713.6	-5469.77	14177.6	2399.21	1256.9	-3293.3	-476.822	-538.288	198.132	

9067.57	10418.6	9522.37	2314.65	1628.33	-2690.46	-2084.08	84.3167	488.677	
-10240.2	-13233.8	-5875.44	1320.45	2695.3	-2401.87	-2644.88	1608.79	458.078	
-3398.23	14349.7	-5431.9	5681.32	3228.94	398.35	-432.266	352.689	209.789	
10124.9	26531.3	-3775.44	8477.06	-1933.39	2102.29	1872.59	-398.578	-600.529	
19511.2	26284.3	-1350.57	1647.43	-3932.44	1486.67	528.169	1468.12	-895.406	
12701.6	15630.2	6438.91	1058.63	-4018.12	1002.15	-953.147	1535.87	-1303.36	
-13765.9	-47099.3	-8742.35	-4550.57	-7686.22	-2452.99	-568.446	783.088	-1591.85	
11441.2	-26924.3	3663.8	-2214.85	-961.14	-2941.11	3019.17	1122.76	-194.205	
23616.8	3936.3	2507.44	-7392.36	3796.63	-459.869	4575.84	1781.49	640.718	
7095.77	5236.87	-7579.91	-22767.1	12267.2	8392.23	8656.61	2727.81	2676.84	
-19817.5	-26379.8	-17251.8	-15901.3	3034.98	1449.12	4475.14	632.053	1248.3	
-13889.5	-15922.9	-15729	-2002.66	-269.626	-719.456	2944.51	1140.49	-95.2581	
-13375.4	-11723.9	-14509.4	1851.49	-4588.02	-3670.49	-364.936	513.701	-73.3192	
6390.69	25344.6	-1758.05	657.656	-3173.24	-5067.59	-599.169	-1442.31	199.396	
19541	38663.6	8295.61	-1242.91	-73.7073	-3881.18	691.242	-2220.15	-20.5373	

-18124.6	15302.7	8527.75	3325.22	-4598.19	4952.18	-68.3161	67.9384	709.358	
-214.797	25021.2	12692.1	3207.66	-626.799	4771.53	-428.019	1268.8	510.495	
16399.8	5214.2	11341	3847.3	64.1085	6303.29	-1734.09	620.157	1249.2	
17515.3	10260.1	4721.45	-436.767	-1606.71	6506.97	-1356.52	569.924	2300.11	
22208.1	49699.6	16859.7	10721.7	2643.95	3952.26	423.101	351.265	1816.49	
18429	37949	16738	12173.6	3760.23	2117.9	1885.98	459.09	1216.25	
34875	61629.4	23292.7	13468.2	5332.06	1082.52	3673.62	1213.01	1665.39	
10818.1	5519.2	15706.5	6194.29	3497.34	-833.323	2115.28	1134.92	1111.06	
4117.44	-10154.5	18160.2	13658.6	5365.34	891.702	1704.38	796.684	274.817	
58138.3	35648.5	48108.9	30717.3	11261.4	4632.14	438.774	-771.66	-259.787	
20038.5	4322.88	23706.1	1392.37	764.619	2828.97	-540.032	-833.575	-287.377	
-2779.07	4765.25	22558.9	-1752.44	-1105.65	3267.08	-438.297	-457.208	-161.918	
-66.921	9368.46	18590.5	-4797.09	168.457	3931.5	-1818.38	503.71	60.0797	
-3110.66	365.645	4612.76	-10115.7	-724.714	3308.99	-1692.09	-503.788	196.539	
-12275.2	7122.98	4389.1	-2856.07	-1796.02	3674.57	-149.371	-1113.93	565.799	

-13725.8	-13285.6	1216.27	-6942.39	-5465.02	-1570.2	-345.32	375.029	299.156	
-13567.5	-12451.2	2043.52	-7354.78	-1194.23	-2885.41	822.719	812.322	292.195	
-9957.3	-10120.6	224.766	-297.038	-1699.79	-1337.7	1834.24	611.079	421.405	
-3935.62	6163.7	1294.08	5376.13	-6039.69	968.252	1925.3	-1030.98	413.374	
13824.8	47797.9	10415.3	11434.9	-1107.19	886.529	1703.28	-1001.93	634.455	
13262.8	35151.2	3331.69	12256.5	1821.21	1866.67	950.271	886.661	172.208	
3333.16	1592.06	-10497.3	8258.96	1641.48	620.548	1254.41	2956.14	-775.314	
8542.14	5522.69	-305.371	2637.94	2635.74	-1905.37	1821.72	1852.56	-612.46	
3373.74	-16873.7	-2449.92	-1414.7	2736	-3924.6	-254.269	396.863	-293.621	
3563.05	-51144.7	-277.17	-5806.78	2096.58	-8916.55	-588.449	845.593	-1253.26	
16767.7	3639.98	66.5351	6197.55	2666.7	894.578	4120.4	493.71	-705.789	
18393.5	10990.8	-1092.3	6291.8	2121.6	3146.58	2937.15	-231.388	-948.264	
14210.1	18933.9	-1353.79	3000.1	367.319	698.309	1613.87	-714.606	-768.364	
-628.381	20573.5	162.119	-203.462	-1682.41	-785.31	212.605	-580.645	-86.1132	
-1082.73	18965.8	7115.98	450.834	-2675.62	132.345	-495.016	-170.207	374.301	

-9748.55	-14138.8	8333.95	-6737.48	691.155	-4355.03	-3256.55	1618.46	-135.302	
-8814.4	-34777.5	-43.9144	-6720.04	1862.76	-3723.72	-5403.68	-6.71851	54.7929	
28496	968.049	18618.6	3316.34	7556	-3564.36	-2655.9	-3.23857	-3.96438	
48614.5	37944.9	18966.4	5863.87	3546.26	-3639.57	2586.33	2054.91	-443.361	
13956.2	16990.6	-3929.94	1092.97	-826.33	-2549.06	3636.36	1067.29	458.738	
-13265.8	-16548.4	-9956.9	-4537.98	-4835.14	-1891.66	447.582	1077.11	647.168	
-12358.6	-5894.21	-4859.29	-1233.43	-2190.37	-217.593	-2365.39	668.674	455.703	
10027	8859.74	1759.5	3074.96	5783.29	2564.77	531.175	826.948	247.263	
23225.9	1232.59	2298.32	4422.52	4681.19	3330.04	2811.19	1613.33	-637.103	
70726.1	38036	13694.4	9397.92	-573.563	4465.11	4646.73	-1931.83	-1120.9	
-2804.72	-1790.3	-9258	3284.96	-1038.84	-906.887	2546.6	-1442.03	-232.818	
-12971.3	-7174.14	-5870.29	1208.23	1832.68	-2450.25	2062.03	235.081	-105.515	
-6836.49	13970.2	7483.37	-791.653	6639.15	-915.025	2699.18	2289.66	308.75	
1471	21136.2	13799.6	1422.02	11126	563.656	2225.48	2990.05	137.217	
2651.08	18776	15698.4	714.745	8456.41	-1410.15	583.423	2675.94	-271.276	

9374.95	15335.7	12794.7	-941.405	5921.87	-1461.79	-1493.4	-928.844	-501.189	
-6519.13	5265.7	4206.4	5467.31	2455.91	-147.194	-648.537	63.6232	-623.322	
-51374	-54036.6	-27001.5	-5937.64	-8405.01	-310.496	-1780.18	-438.806	-349.784	
-32952.8	-71546.9	-22709.4	-17373.1	-4517.77	-1521.6	-578.012	-1574.98	361.765	
-18901.7	-42048.9	-14325.1	-16398.7	72.0637	-2263.63	-1602.96	-1106.09	672.279	
-37729.5	-34424.7	-14454.3	-8840.95	-6730.58	-4698.53	-4159.17	-972.865	1111.39	
-41970.4	-34294	2898.18	5656.48	-13704.2	-8489.35	-7436.08	-671.475	1888.2	
-21299.4	-24905.8	-4756.48	7507.3	-13692.6	-7016.05	-3604.66	-365.797	1619.35	
13374.7	12402	-4183.3	10341.4	-5713.44	-2869.24	3007.67	1656.49	1627	
65238.4	69515.4	13614.6	11999.5	-805.159	-8967.46	8272.63	4302.42	2574.3	
-5024.02	-6007.62	-97.7101	-3655.14	332.944	-7733.5	807.569	2065.44	-27.4204	
-27331	-25977.4	-3845.01	-10975.9	-4847.62	-5865.46	-1793.26	858.535	-764.538	
-24299.4	-7373.16	6687.32	-9852.56	-2454.7	-3062.68	-3213.33	-1154.65	-319.37	
-10288.1	-3964.05	17757.1	-6258.55	1090.91	-1100.39	-2963.3	-1459.01	-83.2083	
1862.93	-120.819	16442.4	-7127.81	2866.94	119.862	-2557.38	-1331.59	176.068	

18613.7	11294.2	-6767.84	1439.4	1299.67	4077.65	-2653.04	-370.031	-37.9481	
14603.9	24638.3	5567.67	2052.78	4985.37	1965.49	-4234.72	-573.454	779.881	
5696.85	26434.3	25444.8	3594.24	8568.04	874.104	-2427.13	-931.05	1636.52	
3328.27	32201.4	33766	9911.72	4798.77	1648.67	5044.16	371.611	927.953	
17844.4	2770.47	25968.2	6348.88	41.7849	1583.16	4812.89	-370.122	-296.047	
19120.2	-18602.3	22390.6	-4767.2	-1320.62	1443.07	2631.84	-1363.14	87.8775	
18551.1	2495.23	20981.5	-3758.91	-5392.92	2178.08	2652.24	-1325.14	445.402	
-12649.8	-8095.97	9199.35	-813.067	-6145.97	-2218.47	-550.533	106.226	393.776	
-29123.8	-36739.3	-6593.42	2231.94	-3178.76	-3887.97	-2844.78	1436.26	104.132	
-52970.2	-47414.1	-24534.9	20261.3	-369.662	1188.55	-4276.24	4930.69	-584.125	
7651.99	4425.81	1746.39	8313.56	1124.57	486.928	-1981.22	2286.54	255.264	
16942.4	29338.8	14736.7	5839.7	4879.48	-1236.57	1712.76	462.188	1674.25	
18076.4	45049.5	13015.8	6255.94	9869.38	1824.93	4287.98	-161.496	1938.67	
8221.32	24679.4	-7721.98	3071.31	5731.91	3418.33	1105.73	-526.719	456.721	
10290.3	9760.6	-13134.4	2358.39	1766.19	3923.89	-720.764	-787.136	-309.278	

16484.5	10285	18493.9	15325.9	4921.86	-356.975	2203.36	1305.48	2730.45	
8386.88	3122.61	7716.11	5315.46	6293.31	1552.73	410.53	3193.9	1889.22	
16928.9	6206.67	-7059.75	10444.8	6907.58	241.567	82.2268	4404.91	2042.1	
22154.7	22951.7	-7938.43	13181.2	-128.139	-5416.22	-3470.06	2586.02	1904.01	
25696	31070.9	1432.91	12146.2	-3414.74	-2642.76	-2906.75	863.924	1004.73	
18028.8	8626.68	-9748.83	9055.22	338.446	281.118	-1138.41	464.516	-0.32578	
9235.14	-1897.49	-17664.3	8141.08	7966.75	1390.51	473.586	-204.979	-77.7662	
-20902.2	-23161.6	-18288.7	-3106.33	7461.79	736.225	2354.19	225.859	541.151	
-33348.4	-57303.1	-20569.7	-11430.4	-513.275	-1925.41	-12.8005	1280.7	574.862	
-51225.5	-102129	-20520.2	-6322.47	-4534.58	-10668.1	-2056.4	703.932	1589.63	
10765.8	-18447.4	15929.7	10366.7	53.0956	-2068.68	2137.89	121.196	729.884	
20121.3	21151.5	20965.7	15708.2	1897.81	1516.61	4324.71	-813.756	853.549	
17739.5	5068.2	10782.5	11477.8	-2390.5	1209.43	5300.04	-434.656	942.289	
17644	-23195.4	1751	11247	-2443.09	-1405.64	4620.62	-727.404	801.411	
22170.7	2273.03	11181.1	19868	2445.27	-1082.75	4505.69	-501.711	1701.86	

-3714.53	-3999.01	8785.14	6043.87	3592.59	-2839.65	836.078	441.797	920.535	
-13735.2	5049.58	5801.8	3956.06	9023.84	-2833.25	-2293.77	-628.086	414.889	
-27162.4	12425.1	-6171.56	-3035.99	7066.63	-111.571	-2760.37	-2431.83	-715.684	
-31811.2	-13281	-18885.6	-2836.16	1798.87	142.766	-940.486	-2083.76	-1659.28	
973.667	-6393.26	-11389.5	6934.88	-3680.54	-1091.93	3263.66	372.983	-1655.74	
-2297.95	-17717.2	-17369.6	1096.82	-8697.7	-3366	3622.19	1406.6	-973.336	
3984.32	-183.121	-22460.9	-2163.18	-4624.54	-514.736	4053.33	2670.35	-302.029	
31275.3	24648.3	-5262.7	3867.9	183.34	4640.19	103.549	1447	250.929	
17034.6	-4335.63	4987.22	2583.91	-1257.89	3682.52	-3346.13	147.073	936.181	
1503.92	-2099.21	55001.2	7075.99	-5548.66	9370.09	-8480.49	844.408	2496.62	
-7226.87	9302.6	31775.5	-3961.37	2131.37	1241.2	-3489.95	-630.078	952.529	
3100.19	5941.28	20906.8	111.905	7876.56	-655.03	-1652.93	-59.5161	980.785	
21473.3	25605.5	20446.7	11488.8	9049.33	-100.367	-149.75	-37.4421	1203.09	
24852.5	33359.4	11254.2	10849.6	4411.65	371.508	2401.11	-1254.24	1316.6	
18115.9	18282.2	7665.86	5668.34	1335.44	553.725	3004.06	-697.502	1276.8	

-6207.7	-7007.57	5016.41	-9136.1	-1998.59	-1805.3	-809.731	1776.72	-77.5345	
-8157.55	710.535	6705.15	-3821.9	1461.55	2211.88	311.55	1814.97	591.163	
-22381.3	-13758.1	8369.56	-2495.49	3980.69	7767.18	33.1791	1412.35	239.403	
-21289	-17803.4	3011.92	-2597.62	1585.19	9186.12	1746.11	2011.32	-551.511	
-7970.84	-8855.42	-3634.13	-690.322	1590.93	4338.85	1923.37	1754.23	-633.705	
6006.82	-266.147	-11188.3	717.95	5925.37	3725.24	1837.58	1096.7	-26.5649	
7240.18	-6604.09	-6726.57	550.624	7669.84	5428.85	480.099	70.9755	548.016	
-10737.8	6135.1	410.146	-1497.82	3242.79	2658.58	-2215.91	-28.0045	265.136	
11707.3	30303.1	-2286.7	12054.6	-1364.92	-224.29	-644.173	-468.035	232.816	
57361.9	60632	13175.1	39911.2	-5927.59	4068.05	1210.69	-1824.15	1333.26	
7982.81	-18091.1	-372.663	8256.91	-8984.94	-675.908	340.573	-2445.32	174.62	
4047.83	4200.95	3940.36	11946.4	-2186.95	1556.08	1737.99	-869.978	343.802	
3179.14	24854.2	5921.56	14212.4	2670.27	2824.65	-155.678	844.587	619.135	
-9593.91	-13101.9	-5246.3	379.312	48.668	622.643	-1873.95	1202.25	234.641	
-8136.98	-30465.9	-3123.85	-9602.28	-2683.6	-1667.81	-1746.67	1029.39	-26.974	

-28365.2	-54730	-22519.4	-20041.3	-6533.64	-5082.19	1732.6	2391.76	-266.389	
-21834.8	-13995.8	-6969.1	-11296.9	-1507.14	-5945.63	-580.321	1808.19	148.497	
-2845.76	29430.9	14149.5	-7050.71	5768.83	-2362.45	-1948.37	438.897	-818.875	
7410.14	8261.65	14857.2	-2087.03	3006.66	548.148	324.99	222.112	-583.867	
17106.6	-10934.1	12140	7867.96	4767.9	1194.13	5487	2377.62	203.115	
27794.3	26917.4	22036.8	7227.52	6458.46	3267.64	10170.6	4334.15	-23.2235	
28267.8	50513.7	34474.5	-625.428	3373.61	1673.79	10544.2	4955.61	-628.682	
-3243.43	-291.745	4911.36	-9786.73	329.538	-2410.09	2131.25	1565.4	-293.259	
-13198.5	-38321.5	-16869.4	-15951.4	1950.95	-2639.98	-364.029	1300.14	610.84	
49495.8	36867.6	6336.71	-11463.2	5401.66	2570.13	2065.44	3440.34	1676.1	
39519.8	64548.1	38505.4	9199.46	6365.63	7672.95	464.424	902.901	9.76594	
-1150.05	54011.3	39348.9	12782.4	11483.1	7526.32	2089.65	1774.77	-539.894	
-8723.24	25000.2	20583.7	6151.01	11625.8	5244.04	3434.95	2143.28	-738.987	
-1447.05	6086.61	6246.78	-181.46	7682.27	952.178	948.884	1222.45	-942.67	
-7535.15	-22040.9	-6343.24	-10795.8	1031.88	-2025.6	-763.065	1766.32	-1057.95	

-15821.6	13482.6	-4935.57	878.112	-494.23	-3885.45	199.133	1259.5	-1093.76	
-5899.68	-3555.05	-1201.19	-3507.43	62.7377	-5198.95	885.179	147.122	-295.375	
-15647.1	-20279.5	-7187.82	-7402.46	-1772.48	-2871.88	2448.16	956.905	-57.938	
525.266	2735.44	-5396.67	-2162.89	2619.16	780.542	3096.14	-1079.41	792.89	
38921.4	60626.9	21320.4	9282.26	8463.49	3745.15	2936.03	-572.555	1016.02	
42683.4	70349	17916.4	11649.5	6857.96	5933.79	1081.36	-1604.85	371.189	
14789	24238.5	-16411.7	4069.25	1543.04	2379.94	-295.51	-3792.38	-601.071	
4741.01	9859.05	-12538.7	-439.118	-481.704	-2299.14	3569.84	-833.124	-998.602	
22166.9	20358.2	1628.04	6510.87	5144.41	-3180.02	3227.23	1218.18	-385.256	
57839.1	39445.7	-17694.5	5885.84	23873.4	-6766.43	-684.832	2702.7	804.871	
7320.47	-11225.4	-15459.2	2499.48	6605.05	-978.585	-2752.88	854.554	193.165	
-6643.39	-35148	-12690.7	3850.78	2472.7	-3447.04	-2145.23	856.299	-372.767	
13454.2	-1843.89	8200.89	7586.01	744.049	-4753.54	-495.483	3153.13	-654.451	
16154.6	37246.2	12412.9	2148.94	-263.833	-953.931	873.278	3122.22	-1192.03	
-7518.33	36320	-206.546	398.956	-1885.04	616.027	936.633	2658.26	-1657.84	

-10694.7	-20467.4	1429.66	-3079.77	-8235.94	-1844.74	951.896	-1365.61	630.446	
-5782.2	-27688.6	-13313.8	-11244.7	-11891.3	-2519.92	1740.28	-1417.74	853.489	
7204.95	-20515.5	-10348.2	-13889.7	-6170.26	-1368.27	-780.617	-907.846	1059.58	
12725.3	-13153.5	-3567.51	-18014.3	-920.004	-1919.19	-4179.88	-428.727	1499.15	
25653	-21720.4	5381.46	-7587.46	-6577.92	-3810.36	-2028.93	-1349.2	1038.63	
33096.1	-3238.88	15857.3	6291.41	-8163.06	-3920.36	-565.247	-1869.3	228.873	
24868.9	45125.9	14288.9	12907.3	-4507.29	-1383.07	445.433	-582.521	-773.946	
17457.1	83749.6	15977.3	16517.2	-310.069	5097.72	3689.13	2118.95	-12.8149	
17940.4	85390	10359	22407	-977.166	6805.09	5811.31	1120.71	688.567	
68393.5	171407	33717.3	60404.8	-11390.8	11278.2	10090.2	-759.859	2181.34	
17051.4	40679.9	27295.2	28342.6	-0.493906	4069.38	1499.83	762.642	1442.73	
33798.5	66121.1	41617.7	23182.7	9981.78	4464.97	2641.58	907.608	991.581	
21543.8	38282.6	28581.7	6553.39	10056.6	4617.35	2821.56	296.276	586.488	
5001.55	-4259.02	14904.2	-3385.64	5739.72	2147.61	-706.653	-214.735	235.64	
-2251.68	-16164.6	12419.2	905.127	362.544	-1042.02	-2208.46	-1149.12	175.152	

5480.57	-9837	-2187.05	-596.589	-1791.96	-2215.86	-3141.89	-2798.17	-599.134	
14546.5	-3758.17	6808.66	-359.678	-71.914	-1268.21	-1577.26	-2092.34	199.504	
-12573.8	-35471.6	8875.27	-7685.53	1485.78	-420.029	-150.613	-2080.5	404.623	
-35286.3	-36077.2	15230.1	-14417	-1398.76	459.074	-485.882	-2870.66	-609.872	
-23097.7	-14571.7	16688.9	-5795.63	-801.168	-1611.32	695.617	-2372.66	-701.195	
-355.422	8021.64	17049.5	8138.6	4989.3	-1383.86	1468.4	-751.364	388.035	
36008.4	45175.8	27602.9	19571.8	9828.28	2326.76	-70.023	1396.57	348.782	
25742.2	9589.53	14852.9	10069.8	4542.5	1714.86	448.596	1920.66	-59.489	
17192.1	-15193.4	6901.05	6271.93	1569.96	578.979	3243.06	1846.3	237.683	
21801.8	-40719.8	-10901.2	11692.4	-9527.85	14.0076	8097.13	1578.75	-1382.75	
-3023.67	-24109.1	-1027.1	-2823.41	-2873.97	2023.95	3066.02	-595.49	-1498.76	
-441.219	-5456.53	2863.19	-667.13	1697.1	2044.28	2631	-695.963	-1164.16	
-1016.48	-3328.82	-2432.62	5108.94	3008.57	1253.78	3422.09	949.559	-529.918	
-852.002	7512.81	-1658.71	6409.14	-583.314	-584.984	3175.81	1392.54	-10.5969	
-3791.81	425.217	-3343.94	2801.57	-1526.24	-1949.58	398.587	-701.305	-296.611	

-22986.4	-21987.7	-4724.72	-5348.73	1825.59	6072.75	1048.62	-586.297	1382.03	
674.542	8064.94	21827.3	2873.14	4863.07	6146.63	2139.02	136.576	1770.46	
14347.3	44729.9	37199.9	14187.4	9248.36	6554.27	3390.89	-660.974	1115.44	
-8369.13	619.196	5008.8	8132.58	315.49	2773.97	2259.8	-1697.08	660.711	
-28654.6	-41545.7	-18310.2	-7681.71	-7335.45	1345.06	-1115.78	-1010.2	1135.96	
-10050.9	-13230.5	-7156.7	-12218.5	-4917.85	3664.9	-2223.06	-396.09	1470.6	
-10100.3	-26090.1	-1026.8	-12766.2	-4526.38	3531.93	-621.165	-940.424	1064.9	
-17546.4	-52667.5	7232.94	-9118.24	-2911.17	-598.527	1097.68	-770.696	141.193	
-6110.5	-28682.5	17235.2	-3925.91	111.845	-2107.63	371.307	-572.291	-152.451	
-4355.87	15607.4	9804.68	-16181.8	5597.68	-990.018	-5045.16	-131.211	441.366	
-26540.7	-26067.2	-19960.1	-12748.9	1584.21	-2052.97	-3035.58	-347.87	-489.639	
-6171.21	-14978.5	-4162.35	-3704.08	1124.01	2145	449.727	108.745	-84.9364	
-3018.76	-3856.57	5058.28	314.435	1413.96	3459.1	2469.08	-180.183	435.633	
-20285.9	-9941.67	1113.7	-3746.42	1110.56	3074	513.121	-382.565	100.099	
-28850.7	-16117	-5842.2	-6253.99	864.667	3817.15	273.679	-820.165	321.481	

14718.3	10783	12948.3	-1941.45	545.132	2141.63	-3472.44	-602.562	-171.95	
3841.64	-13378.8	-5662.04	-7454.2	-3116.83	558.979	-2539.79	-768.406	-480.274	
6440.18	-9820.76	-13552.3	-7632.78	834.609	-204.56	-78.9092	701.512	-36.2625	
15283.6	6520.74	-3483.27	-3776.95	7945.56	1181.42	2325.98	1414.95	299.788	
18808.3	4972.36	7527.91	-4214.19	6645.61	1204.57	2466.06	433.679	-310.312	
11112.6	8400.19	5244.69	-5388.35	2300	-775.235	1992.96	-644.647	-413.122	
-2574.71	13628.9	-397.621	-1976.98	-685.333	-3427.38	-107.464	-1241.83	470.479	
9086.77	32055.2	5241.59	3452.29	1033.22	-288.706	-1340.88	732.927	870.04	
27957.4	37076.3	6031.27	2563.5	5621.28	2437.09	-653.827	1463.44	712.757	
28625.4	40182.7	11637.6	-5191.04	15022.6	4552.65	-2435.53	2604.89	2190.64	
874.36	930.858	3235.43	-6059.14	2301.23	3354.5	-716.548	1610.04	548.62	
1386.49	-9305.69	-2816.14	-3737.01	-350.926	828.139	-929.159	813.75	-21.8437	
6648.4	-18623.9	131.818	-2094.26	1467.06	-1359.11	-820.078	-31.3089	-234.452	
17944.4	7032.41	17390.6	4174.03	5082.9	-851.336	-705.032	-789.737	412.094	
20217.8	27576.4	23822.2	5476.41	5119.18	924.261	-2494.44	-346.63	392.528	

-1902.44	26941.2	17033.1	-3882.7	2511.24	-1628.72	2876.07	-1698.3	-732.963	
-1663.43	39932.8	7452.31	807.531	-159.177	1181.65	2906.58	214.512	-679.594	
3342.69	43839.6	-11327.2	-5176.19	-4286	5247.58	2528.05	1361.75	-600.094	
-15491.8	-6016.74	-20058.9	-7919.86	-1618.43	4033.61	-556.11	1482.62	-537.806	
-27903.6	-29212.8	-7240.94	-3271.78	2818.65	3606.92	779.188	1296.04	-1053.06	
-22154.1	-31576.1	-6581.53	-7642.69	1752.48	1359.41	1610.62	460.132	-1040.67	
-8828.13	-29298	-9367.55	-10436.6	-2021.42	-1606.99	-1561.43	513.724	-959.389	
21103.1	23892.5	11802.5	-990.3	285.756	766.848	-2608.61	1292.15	-1063.28	
37433.8	26468.5	26264.6	15183.5	5779.06	2628.62	202.929	2213.3	-952.998	
23134.7	-76418.7	29255.3	12096.1	3273.29	-310.952	-2513.8	4526.45	-413.176	
-24035.5	-60492.9	6201.29	-7158.67	762.596	-5304.75	-2323.95	2098.75	-33.7651	
-33805.1	-36969.7	-798.862	-6050.55	-1920.76	-5775.63	-2451.9	929.01	-211.617	
-7153.7	23080.8	2033.69	2447.37	3271.88	-2082.38	-367.63	819.699	-190.543	
15952.3	56110.9	12198.8	6739.04	5230.77	865.949	2888.88	-828.756	-512.572	
9850.07	31444.7	9245.71	1373.74	1691.04	-291.916	3407.12	-2543.82	-1060.08	

-7314.12	-31198.2	-17934	-9695.11	-6982.8	-2386.04	-6976.89	2668.55	170.192	
2560.1	-14338.3	-8220.99	1390.64	1389.4	-4827.32	-3728.5	1947.59	403.093	
1059.68	4218.1	-4245.3	15923.8	7363.53	-10858.7	-512.534	-653.229	-152.868	
-2047.3	37734.6	-8758.04	21621	11101.8	-8185.24	-1362.91	-442.566	-246.309	
-7198.71	45035.1	-18191.6	10760.1	14581.1	-1242.78	-1127.95	-26.7512	817.887	
-6585.61	45324.7	-3292.18	6523.73	15951	4332.64	-708.037	200.629	348.668	
9099.55	72054	32931.5	11143.9	15357	4202.61	1460.23	2238.72	-240.699	
-7373.11	6111.52	17267.4	-401.043	2944.27	-4048.49	998.17	1533.32	-555.106	
-29493.6	-75819	-16589	-8329.32	-488.099	-7360.76	-2138.2	-425.641	-1210.13	
-38971.8	-146029	-51093.3	-8046.06	-10779.6	-10022.3	-4584.81	-3267.44	-453.966	
17665.3	-33482.3	-12190.9	1989.86	-3196.65	-2168.07	-2004.58	-1931.42	-1550.63	
29432.8	-11675.5	-12695.7	-423.535	1511.31	1242.5	-611.496	-1372.94	-1389.35	
23139	13462.1	1233.16	3975.24	-183.308	3150.61	1374.04	-739.871	-901.444	
4260.12	-13615.5	-1385.8	1965.87	-5308.85	3066.8	950.543	1277.56	-195.481	
272.093	-20659.3	-1401.88	-1988.79	-7208.98	775.156	-2630.27	2731.55	-160.134	

37372.5	57088	26714.8	5016.84	7870.73	2208.29	1725.69	2397.68	-926.395	
15232.7	30945.1	9869.57	-3372.91	4631.48	257.851	-63.534	1487.7	-851.639	
9685.18	47008.8	2540.47	1290.03	4761.52	1916.73	-250.677	1256.26	52.9351	
-553.983	28526	-3035.24	2141.56	2862.89	2066.31	-914.642	1513.4	586.325	
-24522	-27167.5	-12138.8	-5158.16	-2607.06	1866.64	-217.813	1360.04	830.187	
-24993.4	-39053.6	-7560.06	-6183.24	-5470.67	3822.55	180.207	1013.6	524.083	
-8073.56	-15237.6	5213.15	-5412.89	-2738.97	3769.04	1705.04	1324.03	-267.301	
-1018.04	-16297.4	814.05	-2760.58	21.9381	-580.404	2143.8	1460.96	-712.32	
-14269.9	-43519.5	-14862.3	-4624.55	1028.41	-2976.47	506.327	901.677	-934.51	
-41256.6	-83119.3	-35336.2	-6916.58	-2713.09	-7567.83	-3679.8	1954.45	-1174.66	
-14372.6	-38040.3	-14020.2	-6537.09	-630.017	-3694.68	-2552.48	-318.899	-759.013	
-15000.9	-38783.3	-14908.2	-14022.5	-511.624	-3280.11	-1171.81	-1219.75	-950.036	
193.876	-28850.1	-6871.6	-10662.8	-2330.22	-1381.61	1724.64	-853.42	-347.792	
28873.3	14438.7	8981.83	2707.28	-1034.83	1024.77	4598.58	1231.48	-312.463	
36097.8	37658.2	18909.1	8332.94	4082.79	2428.19	3769.97	2432.71	-494.384	

16717.4	15677.8	9032.72	13621.7	5627.6	6751.08	1535.53	1187.4	665.324	
11300.6	17472	18299	5442.68	5205.33	2944.73	1133.02	-232.018	646.51	
-16614.1	-36395.7	-5731.03	-10627.5	-3074.07	-3636.06	-4033.33	-1890.86	405.853	
-46633.8	-70234.3	-27150.2	-15192.9	-4167.76	-6143.51	-5316.7	362.275	176.898	
-29192.9	-38247.3	-15740.6	-5062.61	-2591.82	-1869.69	-2566.3	1931.78	-576.856	
-13775.8	-31233.6	-11542.9	-3282.13	-6496.82	1097.14	-3204.52	358.8	-277.495	
-33699.7	-88354.7	-43507.6	-18906.3	-14436.8	2741.15	-5705.43	-1785.91	752.401	
-37830.1	-68613.8	-36107.5	-24114.6	-10526.2	6137.12	-1752.69	-364.773	450.349	
-40654.6	-34365.3	-20149.7	-24963.1	-6612.12	3443.84	-1476.65	356.273	653.183	
-60849.3	-30758	-23078.4	-21409	-11416.1	-14474.3	-5739.75	-1292.47	2470.94	
-19721.4	-7252.37	3955.93	7449.05	-5766.53	-8230.6	1953.53	-1106.69	1538.09	
-16660.8	-12004	-1791.68	11182.1	-2290.62	-5209.79	3228.87	-1413.05	1029.55	
-6627.2	-12703.8	-2428.94	6042.56	1088.52	-4742.07	3150.95	-329.426	650.004	
7008.5	-21652.6	-6105.85	1651.24	726.149	-2562.12	1869.07	724.142	287.995	
11983.2	-15170	-8981.02	4907.42	398.521	1655.12	-413.314	792.585	301.573	

18841.4	20568.5	1310.53	-5019.5	897.725	-587.399	506.231	1058.24	864.543	
10556	2035.76	-13866.6	-7210.54	3955.66	-1334.8	259.124	666.657	510.059	
9263.02	-5809.8	-15699.6	-4644.8	7005.35	-3047.59	-1448.74	-939.875	217.525	
-5122.75	-26352.1	-16529.2	-5285.59	-2285.3	-6518.42	-1682.95	-1479.46	226.103	
-2588.31	-4251.31	-8934.28	-227.072	-1150.6	-3239.22	-1070.27	-249.56	32.4694	
-8300.56	-2236.39	-1257.73	3164.37	2750.79	719.296	-2173.7	318.256	-156.038	
-29783.9	-6487.94	-1820.69	3800.22	6604.3	1541.7	-2063.96	455.725	-245.776	
-23080.9	-11397.2	-7527.45	208.825	5579.52	-409.489	142.291	538.634	-484.656	
-6919.79	-21969.7	-7467.03	497.87	-1227.68	-2332.99	139.868	889.042	-491.843	
15373.3	13879.4	34679.6	11177.3	-2990.94	-1835.4	-52.64	1008.45	-976.801	
-6038.11	24128.8	19343.5	9987.28	1496.74	1356.85	216.596	-83.3013	-868.264	
-12455.5	14832.2	7346.93	6920.57	2344.75	673.794	1084.57	343.524	-260.597	
-5057.31	8545.31	77.116	5758.62	1841.14	-1140.52	3209.76	1705.3	54.1408	
814.056	4528.35	-572.947	2304.85	-468.104	-1320.6	2602.65	1453.3	410.123	
9921.73	20453.1	6040.76	656.389	-635.802	-322.013	1050.32	1132.04	871.805	

18492.2	23489.2	15375.8	789.751	-845.746	1282.38	2267.09	-53.2487	49.5975	
22545.9	10796.8	13189.4	7663.69	-1435.03	1314.97	903.101	557.797	-501.461	
36028.7	36944.6	21630.8	16113.8	-311.617	1354.15	2073.4	965.863	-226.937	
30060.3	42238.7	31016	13566.5	1643.01	1871.01	7764.53	2185.06	596.684	
11952.8	20865.1	23316.8	3971.05	1718.1	3571.19	7773.45	1206.61	497.948	
-2243.93	2743.67	18090.2	852.126	-426.67	5456.53	3178.84	401.628	115.116	
-420.862	6743.41	28879.5	1163.4	-2130.49	5737.06	-501.388	161.222	234.884	
9721.51	15505.9	17780.6	4475.86	-799.189	172.657	-2846.1	-1093.92	-219.257	
-4905.49	-10653.2	1942.2	-1154.6	-2668.8	-2097.03	-3182.02	-1312.55	-710.441	
-14680.5	-25407.3	-2400.63	1031.49	881.091	-634.77	1007.64	1910.44	-1167.96	
-1334.23	-5445.86	-1539.15	1385.01	460.999	272.178	329.588	1147.3	-117.129	
-1219.75	-13315.5	-10053.9	-2115.34	-1532.54	-1434.75	663.362	701.892	451.701	
-4725.6	-24815.6	-10495.2	650.266	-2002.5	-1963.47	947.466	-759.558	430.636	
-3146.12	-8316.43	425.912	1578.96	-1326.84	-1294.92	1086.83	-2031.87	312.605	
8231.28	18170.2	9645.12	-701.18	-959.282	-317.745	1770.06	-1739.94	462.299	

51211.6	-8569.79	-1419.59	-1552.09	2971.34	-547.603	1040.85	3236.66	-208.131	
71705.4	10923.2	2729.6	3139.93	3746.76	57.7745	-2097.3	1713.11	-334.157	
69038.3	4216.72	-567.611	-5259.87	-1659.46	-1490.22	-5429.08	2179.15	-674.113	
41944.1	24600.1	11197.5	3230.37	91.3698	4191.94	131.199	3226.24	156.253	
15034.3	7232.42	13299.9	13819.5	5164.16	7823.18	2831.65	1303.04	1216.95	
-1957.05	-19185.9	11726.5	13130.1	10953.7	5289.86	3767.68	-959.403	1041.86	
-14434.4	-19987.5	4039.94	8996.4	19334.5	8258.23	9432.68	-2095.74	660.035	
-30184.1	-39817.3	-19558.9	-4176.18	8494.26	8136.63	9273.02	237.914	150.266	
-30727.7	-49234.8	-24261.6	-3032.44	-793.044	4806.07	8012.8	1596.03	-835.53	
-32345.8	-58786.8	-24510.7	-31.8459	-384.171	580.144	10775.1	-274.139	-1960.05	
-13561.6	-4944.04	-6794.26	10658.5	5593.57	-4815.81	3037.88	-1139.99	-4.5055	
-4307.31	-4808.92	6393.19	15097	3973.97	-2237.22	1032.73	-1550.55	197.093	
15280.4	12769.3	32074.9	13972	-903.828	858.671	-2330.54	-117.868	-1083.72	
22740.2	13326.7	26460.7	-449.453	-594.945	2083.21	-4112.81	1858.4	-1396.6	
32074.5	-3901.53	10434.1	-8046.1	306.587	1611.16	-1574.1	3368.75	-622.701	

-16980.9	-22205.6	-6793.07	-10846.9	-916.395	-5192.35	442.504	-2348.81	849.346	
-1355.84	-3061.89	2783.86	-6411.91	-1933.85	-1678.12	923.27	-1539.02	757.142	
-449.119	774.588	4104.37	-5270.89	-3227.19	-506.935	542.039	-449.138	-355.847	
-3356.05	-2469.69	-5338.52	-15.242	-3039.41	-2623.64	1497.04	452.111	-364.624	
-13169.3	-24711.5	-16808.1	-977.422	-4081.79	-3495.77	2422.45	384.934	-45.8745	
-18588.1	-27620.7	-11636.1	-835.461	-3105.69	-2107.9	1446.68	834.762	-107.714	
-2518.19	-5143.26	37.3582	8893.97	613.324	-909.945	546.208	196.409	187.171	
8590.87	31201.2	9012.87	12129	2461.83	1756.49	938.131	-365.541	407.131	
-1691.96	28313.7	5151.98	4986.88	3465.98	1614.07	1615.72	1217.32	872.032	
-38807.7	-21943.6	-21436.6	-6587.07	-2995.45	374.789	-563.155	4455.87	703.108	
-22575.5	-27977.5	-17700.8	-9117.38	-3950.12	888.579	915.926	1082.57	282.871	
-12.5739	-5743.92	-8791.05	-6607.24	783.867	749.958	1031.58	60.7483	-21.2736	
-2141.17	6724.37	-943.273	-4271.92	2899.53	-908.868	282.673	-766.883	221.808	
-12409.3	1661.1	1497.33	-4147.93	391.894	-2742.91	-570.912	-1153.07	313.495	
-13271.9	-10003.9	-3690.23	-6765.73	-715.847	-3773.49	-210.52	-1350.79	394.198	

7597.7	-1265.16	2791.1	4521.58	-4387.1	3109.52	1624.65	-752.452	207.461	
-2064.16	-5826.92	-1449.91	2200.66	-27.9109	2019.35	1695.23	-440.326	-345.819	
10693.2	25035	1565.9	5013.69	4225.85	1847.57	1892.9	1440.54	-501.879	
19605.9	28696.6	-8259.81	1339.16	3075.79	-1165.89	2530.64	667.973	-562.255	
4086.99	-15109.9	-16568.1	-8769.4	-2414.58	-1156.76	689.834	373.022	-739.166	
-7874.68	-31195	-20115.3	-8438.58	-4941.55	270.44	346.439	2062.65	-731.154	
-11029.1	-19168.6	-25607.5	-1338.84	-1878.77	3769.15	1254.88	3347.71	-617.441	
992.907	15554	-17640.5	785.571	4374.94	6325.93	-333.779	1702.69	-184.87	
22935.5	46357	4515.34	3278.03	4419.82	3840.33	-2182.27	-151.937	-283.653	
51814.6	84748.9	17869.6	3265.28	2448.91	-2353.76	-1343.66	-3915.85	-1264.23	
30544.7	57632.3	6411.48	6960.79	290.723	-1749.57	1098.82	-1716.1	-860.786	
8329.52	25790.3	-2784.13	2040.06	2504.39	-1522.7	1972.14	-838.893	-424.421	
-763.764	6615.05	-1972.26	-1181.87	-2373.56	-1046.81	-225.342	436.038	28.5712	
2715.11	-5255.11	-8283.16	728.191	-7078.62	-1062.45	-1253.48	711.263	427.979	
14029.1	9111.74	-1489.94	4457.24	-5755.19	1569.79	192.302	738.824	679.79	

-17133.5	-31912.7	-14728.9	-5243.55	-2391.09	-2203.38	-1695	-92.1179	-218.836	
-10554.5	-24790.2	-9663.76	-6355.31	-2355.75	-2857.86	-2259.01	161.504	-300.018	
-7263.57	-10861.4	1475.58	51.5119	-177.849	-1973.59	-1098.74	87.6653	-362.847	
-12731.3	-17579.3	-618.322	-673.052	-1815.29	-1595.41	-753.117	-704.597	-86.734	
-9876.73	-14287.9	-3114.6	-2728.13	-3293.83	-999.514	-792.837	-707.923	170.72	
3093.04	-1353.63	457.085	772.926	-2218.49	-560.686	-58.6466	-738.665	179.679	
5365.65	1213.4	615.239	3135.77	-1997.12	-758.161	-517.905	-197.222	-157.18	
149.47	-71.9339	-1565.66	2434.24	1105.31	-65.2554	-808.352	110.89	-359.681	
348.927	-1859.56	1268.47	1439.96	1697.88	6.11112	-530.975	20.8113	-342.058	
4883.76	16201.6	17982	12098	2820.77	2424.8	983.757	357.64	-155.982	
5699.3	-5225.33	5344.51	732.466	-949.673	546.716	241.011	36.8789	-482.54	
9151.85	-12262.8	-568.082	-340.444	-1122.5	86.3473	352.011	-631.49	-741.539	
6887.4	-14660.7	-2898.93	2673.94	51.5457	85.8076	252.471	-514.811	-379.889	
1770.67	-5407.94	2147.89	5736.35	890.048	420.306	100.711	393.45	-95.6547	
-7084.96	-10258.5	-955.48	2933.26	183.781	190.737	-370.232	549.029	-173.072	

-19857.2	-25379.2	-5236.94	-5423.42	-4747.4	3065.76	685.192	-950.131	1519.13	
-5014.61	-37684.2	-6161.02	-11250.4	-2733.3	3917.3	4048.52	-47.2472	1741.04	
13024.2	-47604.1	-6383.69	-19434.8	-2544.7	-113.207	2950.04	1231.12	1700.08	
41883	-5781.08	-10311.9	-15560.3	2209.53	-4586.98	4127.86	897.128	235.276	
19734.2	-9271.55	-17340.8	-15434.9	2479.78	-3661.53	4551.58	-1251.61	20.3283	
17576.3	8986.75	-11.0899	351.132	4004.24	2007.99	2769.35	-1838.42	184.652	
6802.06	-2799.06	-11206.4	6488.81	3803.34	5533.6	1348.41	-1445.71	-54.019	
-7561.1	-20848.7	-25463.4	6936.58	-2209.06	1012.51	-4642.29	-959.258	-484.75	
-21447.3	-63278.9	-31763.5	-1188.23	-8778.08	-5058.53	-8854.22	-662.515	-1378.59	
-52903.2	-69812.5	-7422.8	-9113.02	-3051.88	-6881	-11907.8	163.68	-1762.73	
-45679.8	-56808.8	-39114.2	-2732.58	-455.413	-11625	-9518.22	-1949.84	-1512.83	
-20061.8	-45493.9	-26134.7	4243.28	797.708	-10285.6	-6272.76	-1782.01	-1124.64	
14389	-16250.5	-6612.14	7627.58	3652.82	-5217.43	-3403.44	196.625	-916.546	
3388.71	-8152.68	-4512.43	-3138.21	267.935	-2143.06	-3802.35	530.717	-391.522	
-20318.8	-16373.1	-1598.54	-7538.64	-5399.2	290.457	-4202.08	-563.795	663.223	

19154.7	34443.6	3325.46	12737.7	5542.19	5877.05	2657.71	-1256.53	-491.413	
24174.4	23697	16339.9	14566.2	1073.43	6552.55	4372.88	-1533.57	-204.025	
22694.7	-8691.27	11657.9	9502.69	-2386.22	7865.94	3336.62	-1578.7	-72.8833	
2686.23	-22776.9	-2414.1	-10480.3	-6158.42	5531.54	1674.58	350.993	-29.5058	
-16995.6	-41984.2	-28285.8	-12926.6	-9129.76	-77.9158	3284.46	271.842	-37.8222	
-37404.8	-62658.3	-32653.2	-8527.28	-14057.6	-679.497	3167.4	-953.103	-402.713	
-48962.7	-24155.6	-2466.26	9037.4	-15046.5	1011.46	1900.95	-1524.79	-377.624	
-13821.6	33391	25373.1	17598.8	-10212.9	-108.097	1527.5	-347.013	498.035	
-12285.8	-5450.13	4031.9	7366.94	-9639.52	515.401	1309.11	327.914	639.073	
17315.9	-840.243	-13912.4	216.344	4077.02	7859.89	6789.93	854.846	1928.9	
25913.4	22461.3	-4065.36	10333.6	2892.19	3337.85	5400.03	1711.13	670.683	
-3574.66	-18097.3	-21586.7	-2167.72	-7439.05	-2274.68	2938.64	514.06	553.982	
-45784.4	-86136.5	-44585.8	-20077.4	-12734.1	-3249.63	3540.73	-1693.11	381.859	
-33482	-56073.1	-41237.5	-13893.5	-5044.23	-1304.23	3979.89	-2208.85	-264.254	
-1807.35	-8214.17	-23765.5	-3967.75	2252.26	-6.67431	1742.64	-1279.41	-761.429	

-10097.1	-762.185	-7198.48	4367.3	-3372.92	4330.74	-1130.39	-66.8907	-205.199	
-1720.42	-8377.29	-9207.58	-6675.85	423.515	251.19	-150.645	-481.174	-694.833	
12773.3	35783.5	15642.2	-5258.22	5573.64	-2817.15	4731.51	159.23	-79.4673	
6362.87	55979.7	23519.6	8579.17	6236.68	-410.618	5609.1	452.799	74.0933	
-24497.3	-2088.73	-6629.98	-2304.53	-3408.36	2959.64	1702.39	-320.997	-6.48436	
-36238.9	-26208.2	-28182.8	-10786.7	-6249.13	2352.96	-161.227	126.372	-189.317	
-23436.6	-12097.4	-27462.9	-13540.4	-2316.83	-2606.8	-1029.83	-681.562	-887.28	
-15966.7	-22443.5	-12298.8	-12120.4	-3978.5	-866.306	-3465.64	-251.348	-1356.91	
-10718.4	-21651.2	4208.17	-6879.34	1316.33	275.919	-1533.63	847.106	-519.255	
28571.6	49500.1	52813	10744.7	10571.4	849.485	12812.5	3274.02	303.917	
7256.3	36201.2	16391.8	4390.09	4501.92	-2503.5	4623.99	7.78784	1197.24	
6489.92	16880.8	4991.29	5440.65	2690.35	639.339	1443.45	-1793.67	1209.86	
13226.5	3517.45	16164.6	11525.6	-35.7866	3611.58	-522.445	-2299.6	912.949	
3287.95	-16183.2	5402.6	5384.53	-7690.65	3986.4	-2501.98	-1387.83	775.925	
-424.011	-2197.1	2807.56	5134.27	-8784.89	4288.99	-2132.09	66.4666	715.92	

23715.9	5539.42	-8997.17	5947.57	2862.44	355.101	-1136.31	423.785	142.279	
7498.71	-22181.5	-15363.6	-3880.74	-2947.79	-774.492	-1759.4	408.395	655.537	
-1226.63	-47051.3	-1623.13	-7063.17	-5417.63	-2715.09	-2902.74	401.659	131.849	
-27.7005	-26769	12290.2	1400.06	21.0084	-1015.39	-1638.34	244.45	-757.344	
-10471.9	-14490.8	6665.18	6052.42	-209.986	1816.84	95.5387	-499.426	-85.3632	
-22095.5	-21951.1	-2328.9	8597.35	-413.017	2549.49	863.35	-716.909	60.28	
-1557.54	-4485.44	10697.1	17600.3	-1765.03	1476.2	-541.09	-56.8599	52.3051	
19822.1	13745.7	14198.4	11854.3	-2127.58	-791.169	-1577.57	1400.99	-320.802	
26779.6	30151.7	7054.37	7171.72	1382.42	-408.97	1087.4	1620.77	-487.609	
46437.7	75450.3	11086.3	24211.9	5060.82	-760.388	4830.15	3203.86	1045.86	
21077	25085.8	3041.01	2967.79	-292.839	3224.07	-1381.06	483.827	1157.92	
14059.9	2161.77	-7527.85	-3067.66	-3345.44	-238.506	-3255.02	1.37797	744.185	
-5345.95	-7402.3	-16647	-3608.76	-6901	-3352.43	-2077.98	-150.322	146.237	
1150.25	-44.3228	-10258.3	2688.42	-4820.89	-2513.55	-950.599	-437.041	-261.459	
19633.8	11660.6	-1160.22	8649.07	1172.11	-38.1294	-296.786	-329.28	-214.521	

-22491.5	-57309.8	-16208.3	-3519.38	4739.55	-1267.53	-1849.77	-722.613	287.44	
-19696.2	-53951.3	-19170.5	-5614.06	-704.164	-702.023	-1370	-566.022	-268.746	
11588.5	-3845.22	-2665.86	-376.753	-325.453	1652.46	291.555	-663.077	-17.6121	
7582.32	-4369.18	-4295.1	-1551.9	-2304.98	132.2	620.311	-1649.71	-351.279	
-2503.49	-3325.26	-1441.76	771.862	403.968	976.945	1462.01	-1247.54	233.232	
-5594.29	-8014.47	322.537	2910.15	982.709	1431.79	758.985	-1023.57	181.145	
-23264.3	-36942.8	-1984.52	-1121.33	-3023.89	422.349	-165.017	-575.56	-314.021	
-17395.6	-33753.4	9999.76	-2797.12	-775.119	2243.37	1065.16	191.425	-670.446	
2097.8	-20213.5	14055.9	3534.92	3232.3	1812.72	1227.16	-152.728	-408.532	
-1366.76	-27188.3	-12820.7	1006.62	-5255.38	-3543.5	3.11733	236.266	1305.78	
-8483.07	8270.62	-8698.73	-2537.87	-2195.87	-892.875	-616.465	-31.8264	638.398	
-10385.1	-15163.6	-9661.33	-1354.79	-1478.29	-533.482	-2115.32	-683.552	285.006	
-9535.2	-29103.8	-8884.73	-3779.7	-690.626	945.03	-2421.78	-106.507	50.126	
5500.9	-8407.48	2433.65	-3000.16	1304.67	2452.68	-608.785	1083.53	287.302	
6568.82	-7898.31	4300.5	973.058	5331.55	1603.83	-234.839	820.808	565.528	

-1545.43	-35343.6	-4909.43	-2733.26	-9301.44	-131.692	-3060.72	-783.768	9.21007	
-2186.17	-32059.4	-23534.3	-444.912	-4541.56	1301.4	-4824.53	-627.957	-176.9	
17807.6	22873.7	-13003.4	6215.3	2334.21	1788.43	-3732.61	402.425	449.282	
30762.3	43810.5	3814.76	2929.26	-241.703	-885.733	-1404.24	975.472	1173.62	
15950	23988.1	4224.55	4876.4	-1272.09	-1693.99	-618.582	505.453	1064.03	
-3655.73	1418.12	-925.582	4316.21	2438.4	-759.765	-1030.99	459.44	554.218	
-12544.2	-15814.6	-4666.91	6725.93	5823.77	2312.71	1353.73	1210.44	279.437	
18585.5	3010.79	4622.57	11439.1	1042.27	4064.47	6678.18	1416.25	515.164	
25370.7	4539.94	-4872.17	5701.89	-5961.08	3133.68	6414.78	1531.74	-98.1124	
10421.3	539.522	-31956.4	-8592.2	-17871.8	-1121.4	5229.32	1855.46	-334.069	
2986.31	-7295.87	-12125.4	-200.159	-3439.17	-2409.34	1024.71	-521.002	1200.87	
5386.63	3706.37	4151.81	5250.35	2651.53	231.582	1094.46	93.9534	1782.2	
216.673	-612.02	7524.64	9597.64	3357.97	54.9604	1071.09	517.98	1143.72	
-1062.47	-13066.2	5099.62	8741.16	-2709.51	-1772.72	68.5718	137.248	193.812	
-1300.99	-17958.2	7066.9	3491.94	-7606.66	-1743.68	-734.92	-130.557	14.1152	

37538.5	36441.5	23455.5	12526.2	1643.45	321.011	2635.07	989.119	-856.343	
27112.8	32711	16671.4	10135.6	5087.42	836.494	1902.05	1052.09	-133.65	
11315.8	14725.1	10814.6	9530.64	3538.13	450.424	3304.84	570.144	730.273	
6049.03	10175.1	686.272	5583.76	-2960.72	-1962.25	4881.51	218.311	1211.91	
-8090.86	5067.17	-1776.24	1753.6	-3688.86	-1836.83	1453.08	-156.259	1194.26	
-14989.9	2961.11	-3709.33	-4598.49	-1395.06	-32.1976	-2190.58	-993.685	595.345	
-23635.8	-32893.4	-18831.4	-15915	-5322.78	-3312.05	-4687.76	-2087.77	-115.527	
-9481.62	-38531.5	-11117.2	-14455.2	-5326.87	-5358.94	-6586.91	-962.403	-153.94	
12283.8	-15397.3	9864.61	-5889.72	-661.105	-2456.24	-6626.04	-191.8	502.358	
20847.4	-27576.9	17602.5	-6943.13	-998.982	-4473.83	-5333.3	262.003	-429.217	
8591.51	3401.77	10482.7	-8966.84	2918.12	-850.273	1469.54	250.221	392.362	
1649.36	23897.8	6630.58	-5785.02	7429.46	-663.029	4827.09	458.238	436.497	
-4738.09	12745	-7367.83	-506.098	6268.27	-2293.76	2308.9	-236.301	-6.09709	
10829.5	9564.57	-2995.69	4142.53	3091.66	-1820.04	917.645	-179.031	-359.006	
25921.4	15531.4	14809.5	8526.06	2381.49	-381.512	1877.35	459.701	-524.472	

-2422.59	-34479.9	-25940.5	6514.68	-4172.45	-1258.51	4658.06	645.266	204.084	
12721.7	-25385.4	-11453.5	5542.97	-5368.39	-1864.67	2146.36	652.185	-172.92	
32876.6	9811.6	-3095.86	782.395	-1519.23	-2965.47	626.414	1140.5	-64.9845	
30429.6	7236.28	-8731.92	-3515.73	2451.91	2367.7	476.517	1279.89	282.077	
23913.3	1546.84	-4398.78	-4522.93	6047.99	5253.93	-234.385	352.418	-23.8203	
12963.3	7943.12	-1853.9	-6940.54	5031.78	4181.26	-1835.35	-833.093	-140.526	
-3105.96	9623.41	-3860.54	-6180.8	2587	-113.702	-3869.64	-1734.71	63.0886	
-14363.6	1516.7	2537.99	-8634.33	13.1224	-1370.53	-2334.32	-868.76	266.646	
-15511.8	-1786.18	12255.7	-7314.9	613.668	1653.5	-748.357	-263.274	264.631	
25742.7	75601.3	60078.3	6219.73	4051.14	8792.99	3194.44	470.825	-501.158	
26166.9	61044.2	34550.6	6155.16	1267.56	5111.81	4609.87	679.53	-393.888	
10857.9	5854.09	7961.91	-9324.1	-3810.36	2125.18	4253.24	557.807	-960.333	
-5834.68	-39837.9	-10356.7	-12413.8	-5490.55	-759.772	2776.12	97.1377	-912.923	
8028.09	-14845.2	-10023	2038.25	-744.791	-579.542	2005.13	567.24	-618.124	
559.391	-18121.4	-21910.1	3218.08	-1742.83	-1926.12	2757.71	502.671	-499.324	

-2539.37	9783.62	2798.66	8469.72	8181.1	987.773	3638.67	-338.464	161.863	
315.907	4484.12	4069.55	8321.84	6384.35	4792.61	4082.93	-375.763	-625.731	
844.017	14025.9	-7231.17	7996.8	1219.77	6219.03	7106.41	-1806.62	-1551.2	
4232.38	14056.7	-11163.4	1774.32	5819.35	3044.95	4268.1	-3586.71	-178.129	
5467.53	-20864.2	-2705.79	-3800.08	6975.64	1478.82	1237.5	-2028.4	768.75	
17784.1	-17231.2	6614.38	569.858	6990.73	3098.15	1397.39	1056.77	509.66	
25462.8	7250.84	3543.48	-2407.5	3770.26	2334.35	-1449.68	3566.97	366.276	
15566.2	10826.6	-11014.8	-7247.21	-2123.05	1524.11	-3253.26	1272.4	378.129	
-3356.63	14353.9	-12374.9	-6390.1	-1466.95	1397.61	318.283	1358.54	-97.5703	
-48904.1	64978.1	700.316	11264.6	12759.8	1344.61	9809.15	4005.84	-1763.23	
-40480.1	-20729.6	-19170.1	-4782.7	7494.16	-278.237	330.577	1102.65	-685.681	
-15890.2	-14404.6	-15186	-2350.6	4964.32	-1242.87	-1912.12	211.234	-390.76	
11127.6	2221.76	-7155.98	2305.31	-560.014	-2234.72	-654.289	-19.4384	228.449	
11910.7	14782.4	4229.64	7704.47	-4347.85	-1929.21	2384.26	736.383	609.548	
-3404.95	10240.5	3724.82	8928.35	-1636.44	-1655.81	3517.11	183.268	194.758	

-22875.8	-49849	-39902.3	-5145.74	-13104.5	624.001	295.853	-875.359	-1550.53	
3813.32	1398.14	-1206.43	-3520.72	-8711.9	2922.19	-361.415	671.902	-1496.73	
15466.5	131.678	7013.77	-9691.74	-11721.7	-884.323	-4238.18	222.441	-1356.68	
11383.9	5518.64	-2892.02	-1099.29	-8919.9	-2691.25	-4742.38	-977.89	-1237.35	
-923.729	20851.6	13993.2	8252.75	2055.9	125.139	-3027.79	499.201	-1038.56	
-26597.4	-28530.6	14000.9	-2842.39	4581.39	1649.38	-1008.23	1418.14	-795.262	
-39065.4	-58755.5	-10369.7	-3580.59	6765.16	5472.04	1528.39	775.491	40.1078	
-46131.5	-60296.2	-29505.3	-2325.33	1392.39	3725.87	511.846	-613.773	-46.1621	
-41215.1	-47672.1	-19874.6	-5558.67	3227.22	1975.57	-684.99	-843.173	-850.125	
-21085	-21215.7	3013.06	-10216.3	11050.3	1730.57	-2134.35	-5647.32	-2764.85	
-15664.9	-10533.7	751.046	-9905.43	4431.77	-2200.2	-389.454	-1957.73	-1237.72	
-23579.8	-19703.2	-6992.28	-10361	3983.72	-265.911	937.72	-359.925	-473.622	
-3259.59	-9302.49	7844.58	-4661.62	4871.04	2581.33	710.533	1063.29	75.8832	
12615.3	-12901.2	6929.33	1311.44	1157.6	1253.71	1119.1	1032.5	214.22	
-2614	-40296.2	-19321.9	417.917	-5070.06	-532.387	1566.55	-116.339	-495.411	

-2781.04	-36520.8	-21929.1	-4329.28	-756.537	-533.827	3281.35	2096.49	697.908	
-13252.6	-58674.7	-30512.8	-9978.84	212.878	-3113.61	2204.23	38.308	243.216	
4486.79	-27520.9	-23503.4	-4534.36	264.457	-926.932	1816.52	-1961.77	-1006.12	
14739.7	1721.88	6679.92	6831.07	-1556.46	3248.19	1537.42	-1648.41	-1786	
15714.6	26354.4	25997.7	10382.9	2091.29	4121.48	1179.26	145.647	3.94318	
17540	21247.5	27553.7	6973.29	3392.48	4903.72	1812.02	293.343	1644.18	
26447.7	36722.2	25032.1	6762.08	-79.353	3834.79	204.537	-698.105	1588.08	
12363.5	22278.1	10518.5	-7019.09	-1523.91	987.055	-2027.5	-1670.66	505.379	
-2134.9	10367.9	-71.228	-11065	2631.14	845.057	-1922.3	-1625.66	168.275	
-23899.5	35180.1	-12509.5	-7752.54	10338	-1297.14	-918.746	-2763.47	-1034.04	
-16386.2	21639	-12211.9	907.318	4242.38	-4219.21	2902.86	223.63	250.743	
-7834.68	6316.08	-3655.37	7694.17	4179.86	-1613.58	3133.52	59.6573	725.935	
-3907.89	-3029.72	4361.54	6639.71	8565.72	1933.61	790.211	340.109	196.53	
-5123.8	-17007.7	-1796.91	-782.123	4354.13	2631.86	1204.14	1003.1	-118.943	
-814.113	-9873.17	-11146.1	-1469.18	95.3627	1267.68	3211.3	1754.58	595.443	

-6031.93	1264.33	-1255.49	1083.43	-5017.35	-1106.13	6783.15	2584.57	1321.08	
26640.6	31864.5	1938	10763.7	-2375.68	-1405.13	592.385	2376.34	1102.05	
27973.7	53790.9	14934.4	18428.9	1407.98	1535.48	-996.995	3022.46	977.7	
1610.84	54080.5	12136.5	15616.9	-412.466	3397.55	3534.34	2981.01	798.292	
10466.9	65223.8	14678.7	19844.5	-2769.95	5446.77	5254.89	2225.07	-134.49	
14746.8	63936.9	28666.5	18063.7	-273.06	6397.47	2530.66	-97.8458	-425.795	
6778.46	48000.6	19093.6	4025.97	-1043.03	5113.92	-381.533	-3758.5	-590.762	
-14857.3	22105.5	-3508.63	-2466.77	-1386.06	3821.58	-1830.12	-2638.3	964.049	
2304.02	46312.7	5275.15	3940.48	5519.24	3408.28	-51.7201	138.718	1400.77	
11531.7	23313.5	-18467.9	9767.63	10747.2	-919.228	-1551.95	3427.74	241.862	
24065.2	-25128.1	-5510.03	2512.32	3534.73	1000.93	-3541.73	607.37	-456.078	
24757.7	-3703.09	5591.93	-838.328	2155.66	-2069.26	-5759.6	-904.559	112.708	
-3710.95	12845.7	-9766.34	-1197.56	-1207.28	-3329.7	-2192.87	184.473	328.943	
-19751.7	-5330.53	-16759	-1240.87	-5701.53	19.721	3143.58	1676.89	-84.4067	
-15322.9	-13900	-4547.41	-1519.9	-6890.71	1885.19	7735.33	2190.69	459.502	

