33891	-34198.3	-179854	-111970	20008.5	-44296	-26923.7	39903.9	57338	68351.2	
26909.2	-14462.3	81505.8	77543.3	14236.4	71782.8	52649.3	-20446.3	132972	-5237.2	
-6333.66	-6501.25	-30020.5	63610.5	71612.5	-43217.7	-142764	-88830.7	61115.1	27393	
107593	30562.4	31995	7153.25	-59071.6	-3672.26	8223.69	83764.4	43123.4	152620	
-15778	-38050.4	-29796.7	48645	16176.8	-85295.7	47587.3	77495.1	-10826.3	28750.4	
71439.7	18764.9	-67563.4	-25174.3	48268.8	47152.7	53623.2	59869.4	-86601.4	70533.5	
10008.7	-30009.9	-2493.77	-35712.9	6211.92	45549.6	-31407.7	-11813.5	100717	2113.66	
-77260.7	-83780.4	-55276	27928.1	135868	-26661.1	-85744.1	31219.2	-60171.4	-12175.2	
36.8969	-16889.4	-60219.3	-68146.7	35272.2	-30079.9	16097.1	-5580.35	-83107.3	-67509.7	
-50672.3	7982.52	78572.2	-49286.5	-54772.1	76434	-55781.8	-77921.3	65189.4	-72345.7	
91777.7	55996.9	-38267.4	65844.3	55609.9	87352.1	30828.4	71764.4	137124	133619	
-6608.92	-24242.3	-1985.75	4236.43	-7252.09	26624.3	17723.3	4848	-80097.5	64403.7	
-82284.5	-41289.4	50018.8	72987.7	-158251	-141323	-5579.67	4934.7	-9623.99	-48317.8	
-43834.4	-3726.76	171389	149773	-29636.7	14024	6529.3	37526.5	62343.1	-51312.1	
52525.9	64572.2	-19110.4	37232.7	86049.7	-12435.1	-18673.5	-19228.5	103866	53892.8	
17146.5	-25197.4	-98386	-142726	-98626.4	26236.7	33233.7	-100278	-131128	46236.9	
-5748.95	8786.67	20289.8	-58976.6	-84339.5	30269.2	65211.3	-5591.23	-24922.5	54009.1	
-9347.81	-27267.4	11047.9	-76756.3	-153802	29673.7	19125.5	-39829.6	-107779	-36837.7	
-50427	-18775.6	-6938.53	-171291	-219122	-76150	-46313.1	-13677.3	-115642	-90878.1	
12670	95713.4	105761	-39909	-258677	45954.2	128661	250402	-130323	-126334	
83714.8	61255.8	-40432.1	-123823	-56801.5	-102801	70905.3	110152	191672	87570.5	
209456	100694	72263.6	-402541	-229094	-84866.1	43917.9	83488.3	-36585.3	160183	
68156.3	37162	135030	4568.3	98229.1	-23759.2	-149419	-108391	69656.8	93971.1	
-120417	4688.53	215416	-45347.8	111473	51107.3	68349.6	-74988.9	476540	-114891	
11540.9	112737	80514.9	-142237	61407.6	-35346.6	-7390.88	22868.1	-138478	-129447	
17043.7	68824.9	4867.48	-121539	-87183.4	50044.6	31386.5	18884.5	16893.4	46221.9	
8727.54	3363.58	134922	57137.8	18703.4	6965.76	7336.13	-7193.73	44884.2	-25224.3	
67699.8	92521.9	193053	212048	206052	9605.37	78079.4	52345.7	-106330	71603	
-48046.7	-59344.6	-117021	-138613	-44901.6	53539.7	147769	-14918.4	-121573	32367.8	
-23876.2	60432.8	105254	131294	67233.4	102698	164123	3947.46	-155615	-108026	
66430.7	33968.9	-181282	-95081.5	85691.9	91041.9	-38109.5	-92875.2	-154272	68329.4	
-79993.5	-60068.3	33182.9	-45865.5	-85634.8	-12602.5	91404	160851	171824	37762.7	
-56070.4	19342.3	323172	253746	109734	38735.4	-24730	-35011.2	156794	-70337.1	
12158.8	-41494.9	161305	278011	37140.5	26061.2	18910.8	-89562.1	-261509	-86524.7	
-46596.7	-47722.4	67842	-20632.4	3127.02	25446.7	44972.3	46652.6	15031.8	-26260	
72897.8	22158.3	-140328	43107.5	48460.9	1714.39	30959.3	-16566.7	-86330.5	9451.52	
143635	2295.1	66789.8	249008	37068.4	-9235.76	-45771.8	-129042	-64169.3	174000	
-22939.2	-7803.59	96873.8	158330	75712.2	-16546.7	-74515.7	-105564	4241.23	78575	
-30273.7	-5125.38	313041	174223	-108052	-145418	-45004.4	-127503	-171197	-50132.2	
-12532.3	101714	142741	-1828.98	-69.4366	32266.9	-9774.45	-15278.6	-69535.5	-28880.2	
-35895.4	-6955.82	66726.5	-2561.26	-171393	-74050.8	-30467.7	61791.7	21060.2	-63642	
17044.1	-70406.3	-216529	55663.6	-51027.6	-49601.1	-24584.9	-55295.6	-72196.1	-159358	
32585.1	-17557.2	-86216.5	21236.2	65036.1	67181.3	23151.1	34402.2	-117352	18634.4	
114425	-54753.3	75767.1	184988	-7917.17	33366.6	42944.4	46206.6	45556.7	228796	
-76842.4	-49593.1	53803.9	-96391.4	-66351.4	22049.9	-106583	-51092.7	-92111.1	-86648.7	
74607.7	7624.85	-131274	46732.6	-35279.3	36698.4	63459.1	41036.1	89733.1	5737.03	
-177576	-92125	-173118	-88319	-268873	3375.44	108072	-36277.9	9788.56	-16964.6	
59819.7	21172.9	-86890.1	108152	-72666.1	-38069.7	-5728.64	34908.1	103079	-11538.8	
20382.8	-33688.3	-31013.2	65009.2	-107860	-103376	-123075	-51993.5	30.652	-68871.1	
-6901.85	22252.3	110499	-369.698	108659	-9558.47	-46353.8	-270421	-517025	2694.9	
65093.2	90518.1	-75165.6	-206478	-31994.2	39555.2	170335	108726	56838.8	7896.79	
-53233.5	-47594.7	-191525	-26094.7	136920	36412.5	136522	164202	239805	106857	
1120.9	-31416.8	79546.2	-44263.5	85527.4	50489.8	24737.7	12787.9	78786.1	34967.8	
93395.1	92446.9	50136.8	115826	59177	-3657.03	32499.5	-47561.1	98819.2	9444.88	
106530	105545	-106859	-94874.4	110241	18864.2	144760	131712	54115.1	75111	
-65908.4	36492.2	144577	120626	116689	47149.1	14580.8	-107629	5352.84	-94659.2	
25310.5	-2290.4	-137528	89068.3	5042.11	51687.5	89218.3	69824	-10616	26622.5	
26777.8	-115058	16235.1	23451.1	-71668.1	6402.3	105608	204277	-147556	42540.8	
21325.3	57135.6	-37186.7	54664	39705.8	-5759.79	-16027.4	74653.8	212289	-40795.5	
-89069.4	-66190.3	-168048	-83623.5	-6600.15	-13652	-28663.9	-82142.7	228358	49244.3	
53743	119995	-48758.3	-47145	56586.6	-111519	33827.3	222990	225977	6018.1	
-41466.7	976.972	76609.9	-12288.5	23946.1	-12817.9	31169.1	54225.3	7602.63	17397.5	
116580	75527.1	-56109.8	-93300.3	-177066	26953.3	-35131.7	-12674.6	41159.5	100181	
70805.7	39123	112193	-53613	22446.9	7216.07	26993.4	-59344.1	31099.8	35761.1	
106661	138886	74630.7	27859.4	35820.8	-46894.1	-63683.7	-64595.3	-118905	27865.5	
-17800.1	-33151.1	-52775.2	48068.5	130400	39220.9	3965.18	-30808.5	-39102	145.246	
-12569.3	-12816.6	-27337.3	-31021.8	59246.5	125542	-10.3686	104119	123468	-32944.7	
-131087	-73392.6	-115130	-136167	132921	46393.3	-10557.4	-20345.1	-145188	-247533	
25875.2	-10127.5	72317.5	-42900.4	-8946.41	-28208.2	-1554.84	72724.6	40394.5	-35317.5	
129830	89655.8	362945	104051	-37905.7	108580	-57590.1	-11570.8	83807.1	120573	
-84853	5020.68	218469	22943.3	-104975	-7043.82	-9133.97	-12556.8	15352.1	-87307.9	
-7548.91	-49723.8	78209.9	100662	14124.4	-60850.2	-22451.8	66243.3	107814	79668.6	
37055.3	-30442.6	-88877.4	-11088.4	-32159.4	38057.4	-9192.5	-75297.3	133148	84545.1	
-26566.9	46282.9	42651.1	3266.12	169210	155770	8879.01	-129813	-151118	-116276	
26817.1	-23911.2	-16806.9	4758.1	-25637.6	-65699.9	36537.6	50123.1	135526	85877.1	
43042.2	-54550.1	172914	22780.2	269.702	32755.8	94633	133112	256223	46422.7	
12524.6	642.349	-53863.7	46015.6	-54945.1	-104871	-59463.1	-15436	32956.7	48128.7	
31475.4	65395.9	-136205	-126425	-51808.5	-124323	-97402.6	-25718.6	-125336	-116772	
55557.9	-15357.3	-223748	27192.6	9966.79	12488.1	63245	219231	47528.3	-12701.6	
112164	63667.7	240245	55234.4	-7559.84	30625.4	-107430	-101099	-53259	118740	
85952.3	103446	72461.5	101775	34492.3	53731.9	21127.3	52489.6	43866	25439.7	
12610.4	6768.72	-77168.1	-65863.8	156650	91903	-30663.3	-8284.83	50940.5	-42393.3	
14462.6	67890	61378.8	80886.6	207272	-123667	-19930.2	-113188	-246388	24476.3	
-10280.5	-54775.1	12049.4	-42089.6	-92812	-52920.3	-87192.2	-64768.8	-270698	-4656.78	
34978.2	19918.3	16307.7	26373.5	-88897.3	-16533.5	-59550.3	-33917.1	91164.9	49882.3	
91350.1	45891.2	-267617	-41444.1	121894	109510	26522.1	18679.1	-133306	48527.7	
-13693.8	29670.8	105772	17657.5	226290	94429.3	66446.2	-41464.4	-289811	-86650	
-44770	-48012.6	116768	32603.3	-137364	-53740.7	32756.1	1173.34	-131397	-59830.9	
-4490.84	-64944.8	-229974	-159890	80631.8	34114.6	32924.6	34236.8	229251	7371.04	
103944	2716.98	18163	-96275	-112815	-151616	97762.1	181602	218997	-41947.2	
77529.6	80442.3	-34875	-195049	-31941.6	14931.7	8425.99	-1490.69	-247502	4092.15	
-72343.5	5805.49	-88314.9	-87632.5	29525.9	-61682.8	35743.2	56584.3	-54531.8	-69298.9	
11389.7	14359.3	48022.3	62649	168654	74834.6	56022.6	79324.6	263418	97730	
17497.9	-3997.47	-89334.2	25958.5	-16661.5	-44889.8	-15134.5	-28931.3	54008.8	-5348.1	
-36391.8	-3892.08	-95603.6	19738.5	-9979.45	-19435	-39081.3	-80197.6	-86713.7	6379.62	
-52884.8	-83953.3	-117963	16272.5	74958.8	6655.52	97614.6	-31666.8	-86158.5	27097.1	
-7584.71	-8405.18	14493.4	19916.5	-13651.2	-33634.9	-13371.8	5210.99	13670.4	20601.7	
52824.5	-65270.4	-203413	-126979	184568	73504	13822	7766.38	38475.7	166572	
-95748.7	-106937	-171294	70366.5	2902.24	29676.3	28327.6	84784.6	87532.2	-51350.7	
62092.1	32811.9	-191033	179438	154262	12159.2	-4068.29	105054	245680	41387.4	
20764.5	4590.77	-61759.2	-70323.3	21826.3	168049	134064	10038	-204684	-3032.54	
-59495.4	-44074.6	-336403	-56573.9	215221	61942.2	-45760.7	96880.8	-76645.7	-79455.6	
31679.1	-10267.9	-77993	-13229.9	91762	94837.7	61135.4	36003.8	100935	51126.3	
9984.21	14234.3	56567	12159	-38710.1	-95733.1	-98461.4	-56969.1	35367.9	-7182.2	
27396.9	-2722.14	10555.6	-44736.8	51496.4	1412.31	8938.69	53704.9	102885	49261.9	
-44848.2	-29637.4	4555.62	108380	84340.5	-18431.9	-24855.5	121328	-19284.6	-64023	
182087	184365	130507	-8282.68	-12243.2	36606.3	-69043.9	-30812.1	-317539	10792.7	
-21573.1	51158.1	-20524.6	-68640.8	-49238.8	16418.3	29872.5	27562.3	92026.3	-16861.3	
-20898.9	7908.38	22623.4	213031	153124	20108.2	-25878.4	-11028.3	47311.8	-76798.2	
69308.6	20233.6	132590	248363	199463	-88362.7	-98806.1	-25186.1	-22454.7	88600.4	
-47.6801	-40730.2	111463	154467	5194.32	-29950.6	66001.5	19706.7	-178148	-43220.5	
-101540	-50211.2	-59047.8	-45602.1	-134667	-21871.8	93006.5	7286.74	89445.1	-16746.6	
43766	74797.3	230453	132951	13479	-76778.3	25817.3	-72464.8	-90611.8	77786.9	
-61978.5	-92166.2	81283.3	56012.9	32531.6	55027.2	28842.6	-51021.4	82339.2	-31337.3	
21733.4	53102	-39999	11084.5	-95558.6	52399.7	97895.4	-32171.4	-82988.6	-44486.8	
-18299.4	20284.6	166127	64608.7	-107643	-71130.5	-51222.4	17941.3	-157633	-42022	
24514.2	119908	239094	-50897.2	23664.8	12463.1	70611.9	-40316.1	-149069	95071.5	
40317.7	82249.7	58865.4	96399.2	143602	24005.8	-53329.9	19414.2	-62306.4	-66311.3	
-25143	-31295.9	96444	20747	24003.4	-61879	-26767.3	-34329.7	-105124	-47819.6	
539.304	-52880.6	-34168.7	-31433.6	-73126.2	6671.74	28514.1	45780.5	-1613.11	-14283.9	
-7069.69	-50879.4	-194496	-144152	-40621	-8326.6	37089	156538	150766	11083.5	
43485.2	87946.1	22029.3	-50013.5	106457	9114.36	-38708.7	-10956.1	74150.2	5111	
36864.5	50756.6	221230	-7863.11	300303	131826	-44659.3	-41457.3	-252202	48525.6	
-22462.9	-63363.4	-159630	37544.6	-47973.9	-3238.02	-19450.1	-101829	7196.82	22308.2	
-7126.23	48485.4	-55200.8	122181	82229.2	32343.3	-54636.3	76003.6	159761	-25076.8	
46403.3	6872.05	-26075.1	-180375	-101510	44382.8	-21777.7	-4756.9	185488	147477	
-34850.4	-82841.2	-70340.4	-130696	-108400	-7600.12	18142.6	-87364.1	-92905.4	-56025.5	
-57246.7	29470.1	144601	21187.1	41659.5	85853.5	-14305.6	28738.7	52147.9	81203.2	
-16832.3	-36018.4	-77095.3	-3483.79	-8032.58	-9492.68	-31477.2	18908.8	67984.5	-95768.4	
22783.4	-84818.4	-5753.73	-139624	87955	-57121.9	31994.9	13255.7	80549.7	31439.8	
-10381.2	34562.5	237518	52855.4	-67643.6	-41160.8	70341.5	1158.27	-88452	-66227.3	
-33728	48384	224039	248996	38170.5	53906.3	-128763	18567.4	-122127	-96400.4	
91891.4	265860	-70960.8	-164364	-121835	66832.5	33329.1	-180324	-167952	-78079.6	
54764.1	97097.6	-70589.1	-15539.6	50694.3	-31191.2	-104132	-110508	-171656	74583.2	
-42392.3	-78255.6	23843.6	224674	69763.5	-6504.31	-4878.79	-71204.6	127720	-100684	
33471	19802.9	48451.2	152153	26235.3	94314.3	4862.44	63509.6	74298.8	-26491.7	
73329.2	119114	54002.4	-263645	-236313	111920	60312.3	51735.6	-33264.6	-70862	
-39406	21733.6	-63246.5	-232099	-106164	15326.7	34605.9	18712.4	-49845.7	-73780.5	
46589.4	33279.5	25585.3	103459	105419	51141	15759.2	45019.2	149561	14331	
-82.1894	-86495.5	-24963.8	-46628.1	175671	60147.1	-16791.7	-16255.7	-20235.8	-56508.5	
-74555.2	8266.89	73226.6	135756	-135275	-56615.3	75017.6	88428.6	69133.4	-18067.9	
100199	52788.9	90474.6	-83428	-231288	-145834	-16979.6	6086.91	-13976.9	-36729	
-17661.1	40309.3	-49074.9	-203428	-268166	-41660.2	46131.7	-42074.9	-37697.9	15446.9	
-63002.4	-20955.9	22057.9	198418	-6674.64	-67207.3	-6928.17	53361.7	36221.7	-109332	
-8903.58	9237.87	93340.3	-70956.1	31334.1	29639	-12726.3	-123192	-151615	-69082.6	
27971.9	37660.8	-59950.9	-50755	25610.4	10081.1	82201.9	-3897.47	-18937	-14608.6	
17559.3	-33695.9	5661.31	64842.3	-65477.3	-41786.3	-48730.8	-3604.09	152021	-11957.7	
34330.2	30917.6	-75041.1	-55113.7	6705.37	59431.9	7285.48	-964.671	129707	-17246.8	
25333.1	-14967.1	-44096.2	-24623.9	-168301	56486.2	76136.6	33054	-140073	33893.6	
-37980	34433.9	-22040.8	19892.7	-89242.9	-27720.6	-105941	-68525.2	-79615.4	-4030.95	
-43714.2	-5772.83	79272.8	11105	-22517.5	-3052.21	64056.9	70790.5	-1678.78	-153054	
57933.1	-1510.41	47758.4	-57239.4	-137770	-76955.3	-12729.5	-41451.6	-109668	61847	
-8107.37	14650.6	25305.2	-123596	-154294	-65656.7	48673.5	42347.1	11785.8	95007.7	
-115636	-105976	67781.1	117827	-11184.7	112307	57074.3	49383.4	294497	41971.3	
85112.5	74192.8	-145479	-203359	-105208	-24662.4	9649.19	-12442.3	197812	29663.1	
14791.3	-19548.8	-36322.9	63582.8	181649	54743.7	76281.2	54667	23212.1	20762.3	
-10794.8	-3906.67	-240499	-50595.9	-85416.7	-61492.7	43496.6	-36025.2	-227931	-110833	
89288.6	127499	21052.4	55990.7	-19827.9	-121241	-85859.9	-161280	25992.7	29230.2	
609.152	7158.84	-116609	-179356	39615.4	-51881	20914.4	9174.81	-29508.2	-1461.89	
4034.99	69434.4	94785.1	-41420.5	-93246.5	-157432	-31899.9	-23376.7	42498.4	-10913.6	
26383.5	-42205.6	-52034.4	-73239.5	-25743.3	29636.3	-27966.2	4361.11	11792.8	24356.6	
-23610.6	26242	33226.2	-101433	81746	-143066	-20847.2	7803.43	58572.8	-21704.7	
18010.9	65574	11258	-116804	-111925	91746.2	45099.4	24322.6	96848.9	-970.057	
-42484.7	-4007.51	80284	142395	60745.8	-114735	-147855	-106140	-159691	-108589	
40880.3	71652.7	-114183	225461	66996.3	130918	207150	167022	-198935	43066.6	
-5620.37	-24960.7	-102054	-114969	-34877.1	-28650.6	-40086.5	-75724.2	-57648.8	32439.3	
9137.84	37287.7	31139	-93184	-56334.9	49736.1	120188	139611	87717.8	-24448.3	
47676.8	-115807	-233006	50283.2	43897.9	-12405.5	-16659.2	-38011.5	90437.7	75232	
-33649.4	-80420.2	-169508	64359.1	65894.9	13122.2	-67498.1	95136.7	97562.4	-71913.9	
46093.7	-46529.3	-38667.9	-17544.5	60498.8	-80443.1	-63046.5	934.234	-34689.7	35163.9	
9230.65	43898.4	-50098.9	63613	60065.7	5822.48	51518.5	-33453.4	-102456	-81063.7	
-12355.3	23617.4	228965	-83099.3	-19513.7	31324.1	-13563.2	17208.7	44184.7	35144.6	
19672.2	-10834.9	276688	156315	87825.1	-107741	-86382.3	-16326.3	107773	23944.2	
-45630.4	14590.2	149363	80510.2	-83608.5	-19459.6	-102814	-184025	-329465	49920.2	
33819	5291.01	110052	-40620.6	64126.9	10900.1	61937.9	-13553.1	136214	29050.8	
49017.7	22086.3	-40053	48872.2	46387.2	77495.3	-47100.4	45032.6	196811	9181.17	
61950.8	17930.3	77791.9	-31589.6	-268293	50875.7	90624.6	-15154.1	134605	-97698.5	
-20712.2	91094.4	-192477	-15916.7	137759	90775.9	141539	-163436	-21992.4	-27451.7	
135288	34428.3	81543.6	-18973.9	104649	122314	195257	122278	-92735.1	109998	
30123.1	38357.1	85816	8274.14	-58288.3	67490.2	22078	-14657.9	-83903.2	-54782.9	
95153	-70208.6	-118467	-212576	-90694.7	-12106.3	22339.7	-103760	-145227	190799	
12011.2	17854.1	-8790.59	153732	38830	63516.2	17686.8	-61818.3	27381.1	54360	
2833.22	19217	-14788.3	80376.2	-119171	-64821.9	-631.015	179229	-101909	69587.2	
-45464.8	-13000.2	1854.83	-78780.4	5176.98	6755.8	-2864.95	-37963.8	-108123	-63567.4	
-60042.4	5968.48	-37250.4	-165910	-206145	-54036.8	63778.1	53358.1	-67506.7	-12378.2	
-4409.55	-20271.2	-92650.5	-17621.6	85552.7	17279.4	-18452.7	20463.5	-2668.92	-28389.7	
40934.4	11358.9	-121992	-77936.9	121316	29795.9	8331.25	71969.3	24984	-2408.79	
-34163	40558.3	-142694	-22175.6	-108225	-105974	-79776.9	36429.3	158058	-22235.9	
-48243.5	-36310.1	-193802	-350993	-15246.4	4185.48	-113031	-37074.7	-24338.5	-78069	
114249	2200.48	141318	174825	68200.6	57020.8	46066.6	-117790	-51954.1	138084	
-96672.2	-127917	-90309.7	70780	-4269.84	-70138.5	-91832.1	-83190.8	8215.97	-36138.6	
34521.3	50901.8	137569	31429.8	342.976	9949.06	485.926	-14380.2	-41970.7	-29232.7	
-30394.4	-97856.4	-91528	162349	109529	75991.3	16263.7	-4054.42	2325.5	-17518.1	
91124.8	96606.2	301454	154883	-132608	-7785.98	3349.57	141264	71153.6	9323.33	
-19624.4	-70701.5	-135255	11853.6	58059.9	-80054.9	40070.7	97632.4	-6486	-25399.6	
-1.09641	40081.8	136373	99755.4	46909.2	70976.9	73808.2	72775.4	-73068.6	-47825.8	
-75004.2	-67223.1	-43380.4	60535.5	31302.3	34013.1	40604.1	61430.8	-117971	-154554	
98578.4	93204.9	-193771	-185585	115979	-28832.2	51908.1	161695	23578.1	85627.4	
-14644.3	46335.9	-42916.4	54172.1	-170945	73175.3	105531	-58860.7	-72423.2	-166760	
7757.59	3008.27	-12251.4	-144271	98130.2	4938.77	-70972.6	37657.1	379607	169715	
22672.4	13279.4	184729	22133.7	-62075	84620.4	50734.6	-40288	-88927.2	19359.2	
-92960.8	49023.2	48280.7	-21892	-20164.1	97876	74557.5	31721.1	136263	-55031.6	
-70161.4	-13499.2	266672	117070	-20553.8	-137316	-73924.4	-84492	172564	8072.46	
53426.7	-41565	171177	129609	-38165.8	-87525.8	-82267.3	-114348	-154045	40332.1	
19211.6	16655.5	147.488	-78046.7	-90776.7	-55279.5	-72049.5	-134934	-223547	-20297.6	
-8177.13	40892.6	-178381	-65123.1	114661	-24788.4	-98958.2	21004.5	-61178.5	-49958.1	
3080.99	76416.5	286970	144359	36358.9	-5265.18	14605.4	31943.9	-123057	-12035.7	
-99983.3	-37503.1	-39959.2	-45883.1	69429	-5532.43	-176583	-61809	30053.2	-16314	
91490.4	115244	140823	52819.9	-49935.4	53691.1	-4677.01	-32153	43545	85914.6	
9874.92	-43997.9	-173232	2451.08	116197	-107011	-73090.3	-46718.2	-4743.27	-27340.6	
165409	221416	305958	220701	-117599	-14704.3	-63545.2	128973	290402	16715	
-58695	-8407.92	-14960.2	-32229.7	39941.7	-72339.9	-9265.87	-62478.9	39157.1	104826	
58715.4	53012.2	-84410.4	-99071.6	-151325	-3821.93	49203.8	-148919	-132322	-64491.8	
62422.5	13009.8	65456	-23392	-80561.9	32250.2	-48961	-8978.04	154155	44141.6	
14875.9	154808	13287.1	7138.1	-81404.6	-133598	-124699	-69902	-299511	-42793.2	
3142.98	28966	31149.3	61136.5	-38558.6	-110946	-36407	-64313.2	-96887	-7575.55	
79976.7	-44633.6	-5062.39	-51872.8	35993.9	-12459	-25014	-122317	-194833	-33624.3	
12550.5	2415	-177663	-78994.1	-195166	-23911.8	-34245.1	-131810	86818.4	41256.9	
46186.3	18408	168291	-7621.04	29966.3	65254.4	-522.825	-22651.5	-167938	31679.6	
-18738.4	-35970.8	-2884.57	96098.1	111526	37266.7	-55799.2	-50508.9	5393.03	34315.2	
-63342.8	-38176.1	-952.256	83750.7	80610.1	-36005.1	8546.08	111290	290433	-46538.9	
-82397.7	11971.9	-48471.8	-109455	-53327.1	-1354.02	14347.2	-39668.4	83056.2	-80494.4	
13056	-6559.14	210339	29024.6	-63095.7	2763.53	33972.2	-4016.56	-114665	-15077.6	
59991.3	57099.8	79260.5	-54852.5	-31862.5	65678.9	43944.6	-203239	-17446.2	143974	
584.818	38146.1	205336	44122.2	49580.2	54710.7	-12851.2	60880	164555	-8714.91	
-15379.5	-54933.9	27124.1	32281.5	-114325	-507.803	6466.75	-46567.9	-111996	-14774	
-53627.3	39673.4	166445	178143	13501.3	3018.49	129788	100078	31641.3	-77838.4	
37465.5	42790.6	38846.2	-52703.4	-4305.29	79782.5	135437	121278	-32210.5	169091	
72828.9	68740.5	23836.1	-33162	-53053	-120191	-10832.6	-80619.6	-42127	52686.1	
13418.9	17132.6	-37358.1	-66640.5	-79141.8	-39920.8	-68325.4	93676.7	45656.8	-54026.7	
51386.8	-3630.7	1858.53	42933.1	79740.5	29108.7	14092.3	-78631.5	-56974.6	13935.9	
-78629.7	-106005	-48475.7	179765	49466.9	-139493	-18355.6	80419	56748.7	-52399.1	
-27043.6	-86359.7	81708.6	6898.7	-38422.5	-43707.8	2789.48	-179837	-151244	-63329.6	
-44510.3	-9213.9	132125	229632	43300.7	29762.3	44662.4	-30062	-10148.7	-22086.8	
65432.5	-13739.3	-160023	-103168	-143075	-249469	-25953.1	19035.1	-164625	46550.4	
-5273.48	15403.5	-29619.4	-67937.7	-50382.7	-6043.71	39352	22625.7	136287	78419.2	
-28547.8	59966.2	189156	207217	-141685	151639	146757	32167.4	93295.5	-35864.6	
-88015	156000	258496	9748.17	53550.4	50853.3	31259.5	96844.6	-169328	-72580.2	
1442	-86637.7	-22877	32423.4	-1794.65	-75783.5	-89685.5	-134416	-175456	3710.87	
84600.1	122937	63475.5	-18621.1	-10703.3	126592	15105.6	79442.3	-23176.9	-19103.3	
-70896.8	113367	290552	49828.4	65160.1	47038.6	-45466.8	-13036.2	167213	-63071.2	
209928	254010	-60047.7	-90643.6	-143267	838.592	68873.7	117882	361330	160683	
-32472.7	-2460.87	-97833.1	156204	59338.1	1938.65	101431	94453	-70308.7	-30792	
-67667.4	-26231.4	23384.2	28586.8	-27458.1	-46237.4	-40485	55485.1	79287.3	-111973	
38490.4	-67390.1	-8241.46	-86804.3	-129161	38343.8	93505.3	50487.3	-52345.8	39210.1	
17596	-27560.9	-204649	-24845.1	-89479.5	-57491.2	-124290	-103605	-257948	-143673	
5369.89	-69688.7	-27374.1	-5220.51	85648.8	14300.2	-53294.4	-35174.6	48160.8	84884.9	
120733	29790	-249026	-127902	-247985	-84250.2	-46225.8	-103874	-21611.8	107522	
32555.9	35619.2	41546	14041.6	76892.2	5715.69	-78155.4	-55655.4	-83665.7	59270.2	
-6676.21	-33610.9	-36230.2	34483.2	178292	70182.1	107902	115953	-69082.8	-32782.3	
-45794	-23202.2	-67728.1	-193049	-394427	-179255	-17242.4	211408	46296.5	-107111	
-19795.5	30204.8	-69786.8	-28536.2	-26741.1	7334.82	-11324.1	103154	18030.1	68699.7	
42992.5	21661.5	152050	-83584.5	-51040.3	55293	35984.1	-810.484	55876.6	104770	
27904.2	100424	-34493.3	69733.8	220384	32836	-81248	-9597.59	2010.59	-122679	
22803.2	124612	285834	107594	93796.7	26235.2	81378.3	14492.6	-70227.8	19460	
14281.4	32096.8	-196600	-242101	-246844	-82576.5	-123748	-64194.8	-43304.8	-11368.1	
-57537.8	192268	93401.4	-25705.6	-137411	-54121.7	3613.54	-111716	-139131	-25355.1	
-13936.7	36064.9	177490	47699.4	178608	-26630.6	-33692.2	-108442	-166404	-44908.6	
-26634.5	14247.3	-47471.1	-62004.8	31910.8	44664.4	-31819	42237	106335	14873.1	
-66639.8	1164.06	24548.6	32352.7	-345185	-168338	119758	128864	-154108	-14048.3	
42407.8	29236.3	-116173	-111110	22068	23802.6	39280.3	-30551.1	8556.55	45251.6	
21061	69689.1	165287	136240	-34979.7	-4101.37	49214.2	14476.4	-98436.9	-17650.2	
53204.6	36189.6	-78476	130865	11721.8	86324.8	76017	53252.7	213068	118829	
46950.4	-8306.95	44286.3	-93459.3	-146717	28031.7	88734.2	-35242.7	-49159.1	108065	
3468.56	-25177.8	-175981	-73174	18543.4	-35336	-57737.1	14777.1	-54731.9	41869.9	
-51869	-39037.1	-75112.2	-63325	66212	20325.4	52558.2	-68750.7	47002.1	63543.9	
-37107.4	-55839	-44075.7	2596.28	10044.5	21667.8	84732.2	25080	38751.8	-23782.8	
144384	30974.3	-74596.1	-96262.9	-147448	43771.5	26949	30164.2	316053	142191	
30400.8	83328.9	-15854.2	-69817.5	-55219.5	-124242	-92257.6	10629.5	-57005.6	-15185.9	
17739.1	2691.2	-79069.1	-32947	-105351	-111772	-75317	6460.41	-7779.62	-23855.1	
-7231.58	-53941.3	-73855	98909.1	30963.3	19689.4	77942.4	-82891.4	-127904	-15659	
119418	-15017.4	176914	-33438	-74484.7	-129335	-33128.5	72840	-31352.5	173172	
167234	84062.3	-74972.1	-73521.9	100003	22449.7	78452	79430.4	34883.8	99322	
32205.1	7850.19	-84605.4	-213066	-162745	-102791	-35084.1	6108.34	82155.6	92403.5	
-6694.81	-15802.6	-137462	57310.8	16454.7	-143445	23413.3	-66883	-127836	-43895.9	
7698.29	76189.5	-215212	-21440.9	-77378.5	-19669.8	205906	258010	35043	-16312.1	
19973.6	-15581.2	-20473.6	-92381.2	83247.9	62194.9	-14920.7	-26773.5	130571	-33742.7	
36207.7	-42783.8	100371	41966.5	-146703	-18136	53073.1	53536	-175311	8518.93	
87874.9	18385.8	-14491.4	173197	91098	109609	71436	25894.2	-218902	22797.9	
82674.8	73129.3	-195650	-72207.7	48281.1	24417.6	44759.2	57182.8	2788.91	58436.8	
6228.04	10249.3	-87823.8	-63772.8	85818.6	13765.6	65241.6	-23619.4	7836.42	73208.7	
-32948.9	-74075.7	-111168	155530	64174	-42036.3	10515.4	-59685.7	-237997	19708.7	
-28382	18258.7	-23475.6	-46097.4	59949.2	65755	67015.1	-17151.1	-36138.5	-155420	
73180	-31077.8	-242538	-255456	-283284	-116149	-12475	36013.2	-34064	43325.4	
43164.5	75965.9	62464.3	6362.29	-27283.7	36607.5	23433.2	-40007.5	19830.7	3453.35	
91250.4	111536	-161256	-257213	-53358.6	-138123	-90812.2	-25615.6	-66476.9	18715.4	
75279.4	71291.7	-376839	-28339.1	135287	-49303	-118015	-89699.7	51184	155035	
-23252.1	59517.2	110567	-129094	-28396.6	20302.6	-46381.8	-19589.8	22125.5	-90001.7	
73240.9	1357.44	-131692	-258872	39790.1	28478.4	-27835.7	-65276.9	105145	18926.1	
75535.8	21627.7	-5876.04	37163.9	-74910.2	-104332	76994.6	109293	38765.1	23084.8	
-8992.2	-23435.1	74964.3	-82894.4	11050.3	85066.3	18782.1	-8194.37	-82131.9	-63576.7	
15529.2	40437.9	-46730.3	-157787	-33851.8	32318.3	57472.7	84207.8	-42013.2	-66345.5	
-596.831	19253.8	157734	-19311.7	-88794.3	-25555.8	16127.6	1693.89	-26544.7	89812.7	
-2927.08	-3418.29	-115241	-57565.6	945.98	11954.5	-393.112	72109.1	268893	70610.5	
66464.7	104087	-202897	-12982.7	-28429.9	-74130.9	-51965.1	12512.7	67070.3	2281.75	
127224	-26527.1	-39128.6	145691	95225.6	-34101.6	-88970.4	-171410	-184586	133770	
47247.3	60200.1	81987	-40725	-44234.5	45687.1	86656.4	-9684.85	-198511	38818.8	
-44136.5	11935	-34179	-25206.2	101341	11837.8	-8230.34	44847	81129.3	-77219.8	
13351.5	48224.1	139494	119430	97704.3	-30806.1	6180.53	-77833.4	-125920	48791	
18510.3	82395.6	72776.2	86793.1	126954	-48891.9	-41762.3	-210550	41640.4	100089	
-22977.1	25200.3	40623	46861.4	-14786	-16782.8	24560.3	-8633.77	-36093	2415.17	
33439.3	-51680.9	-16364	-83036.1	-35238	-31086.1	-32668.4	19350.5	-123479	5834.03	
20085	58538.6	57859.7	-206682	62605.9	50347.6	76607.8	137923	307024	56417.6	
-8661.94	-9258.04	-204750	-41618.7	43636.4	13887.3	-84028	688.208	73096.9	24901	
23587	32665.4	69443.1	189439	14635.2	21553.2	39475	-94564.2	-85085.1	48224	
78472.5	3896.08	-95182.9	58125.4	-339.998	-8289.39	12206.7	28622.7	-104812	17187.7	
-54008.3	-65103.9	-28328.4	26780.2	1313.69	-10190.1	-76181.3	15340	-7531.69	-1759.8	
-16620.5	25649.9	-263887	59925.4	285379	55281	-28936.4	127051	113097	-34816.2	
15672.8	10476.5	67510	30173.4	122720	23295.1	-38486.9	-6624.54	-3050.14	-11743.4	
-35847.1	-48519.4	44227.3	-59044.2	109665	32483.7	61491.4	112303	64747.2	-34476.2	
100983	66576.9	-145249	13058.3	-9416.83	20399.7	-10254.1	-52986.3	260057	79484.6	
-17007.6	-17196.2	121109	171165	44555.5	17186.9	5268.69	179074	189545	59291.3	
-56265.5	31532.5	83366.2	-123112	-276911	-231828	-104305	-128695	-268835	41096.4	
-24424.3	12523.3	-10427.5	-73834.6	-59339.7	41812.5	-6459.31	-68060.3	48235.3	-7667.81	
72075.5	5112.38	108073	71554.9	-75577.8	-19459.1	97404.9	4072.03	-200481	11235.9	
28991	3918.37	-69536.3	-21448.9	-13262.9	-62732.6	12863.9	51180.9	92490	23354	
-16709.8	-121515	-197047	-18572.3	30593.9	-5328.59	21679.2	-37928.6	-12110.1	56595.1	
58977.3	126339	134442	-37948	-120180	-70438.5	9406.72	38721.5	94050.9	11856.5	
57392.8	56913.3	45349.8	-85714.8	-96325.8	-80152	48266.7	39881.2	-50039.5	14173.9	
39114.5	26147.1	-96470.5	95511.5	118003	-19653.9	50408.6	106455	81133.3	-21274.4	
-60202	-34120.6	35919.1	51232	126038	4254.27	-31986.8	-19992.7	161500	-48421.4	
-19408.8	-51763.4	-168309	11463.8	-112507	63168.2	158334	-92817.7	-91944.6	-81430.6	
13764	14874.9	27570.3	16306.9	-80037.1	-92643.1	-9984.79	25029.9	65249	-12085.4	
-55808.5	73553.4	142668	-26426.9	137728	74603	21013.9	-177816	-185373	-28727	
8199.03	23459.9	211049	66286.2	81165.5	163693	131740	-34002.7	-295270	-29119.6	
29887.1	32471.4	-34070.1	70306.3	67440.2	-15711.1	-46203.1	-28982.3	-61198.6	51527.1	
17303.6	15252.5	47695.7	-52812.1	-29796.8	-23632.6	-9832.5	-66260.6	-14462	32164.4	
6711.34	-11983.9	-15767.8	-137982	-25728.1	106718	38650.2	61755.3	167203	48226.3	
61272.1	38804.4	-146672	-22933.1	-46557.6	-87566.3	22246.1	74987.6	386.768	-40990.8	
5478.25	-23706	-264770	24896.7	20333	-49980.8	76182.6	60784.5	-47585.1	-12861	
69317.4	1892.12	42514.1	10778.3	46791.7	-7903.61	-64957.4	-110972	-18928.7	33838.5	
19729.3	92021	68979.8	32801.1	115456	-9400.39	-29782.4	-42977.2	96728.2	-13106.4	
-24729.6	-428.57	256603	166225	88793.4	79099.9	-54112.3	-190099	-236404	-90830.1	
32551.9	-5770.6	-132933	-124768	-151464	43521.3	67132.5	165072	-82784.9	51112.9	
37724.5	26896.4	3077.41	161502	217528	25133.9	58888.9	96725.8	36698.9	-1280.06	
-7861.21	104635	150253	-22567.7	-273475	-54855.3	77073.6	95861	-282842	-101778	
60281.6	-5722.07	78569.9	5863.2	-135813	-10276.1	25312.4	-6873.48	-133469	-50735.9	
-27436.6	-72038.9	-18825.1	-138040	-107959	8852.94	69122.7	107261	133455	103506	
4709.06	42999.6	71950.7	-20732.1	4177.63	-33720.1	-33484.1	-19626.1	5649.03	-686.732	
28273.7	82219.9	-133799	-57190.2	66416.9	-5628.12	-26070	-108346	-19100.3	21281.6	
110200	29919	-105372	128802	110159	-8120.02	-107494	-19612.3	-9954.51	-26891.9	
37708.8	-19257	-24282.3	115384	210672	89472.3	23552.3	-86765.3	-175263	9553.63	
4829.25	23412.5	-8029.64	51631.1	47523	37116.3	-48659	-120038	-39662.7	5727.66	
23760.9	53192.3	-64187.7	109799	7793.31	50141.5	-34514.2	-18193.5	246367	-172979	
38364.4	89.4989	-222897	139478	4211.24	107103	161408	23547.2	241797	8361.29	
-6764.96	48373.3	215808	223802	-28351.8	41946.2	-9881.25	-66248	-187904	-36124.7	
17032.1	22993.6	-18181.6	-20259	104838	126703	77218.7	99160.7	-9650.39	31147.4	
-29683.5	-25567.6	-52427.1	-161944	-226732	66829	49706.7	-29525.4	-24858.2	-32095.6	
-21221.9	-5497.91	-25151.8	-150594	-95176.6	-44964.3	-36453.5	-33626.4	64942.4	48939.5	
57501.1	28681.5	-47848.2	-71295.1	39007	24975.1	-86688.7	-97234.4	-46976.7	-25584.9	
-27627.2	-6857.03	-190713	-42882.3	37155.6	47473.5	50939.4	119411	-37104.8	-37723.7	
-21716.7	20479.2	163023	211147	143313	-5723.65	112480	117436	-4235.32	-23859.2	
30661.2	-22451.6	-131379	-130530	189782	8324.33	-40639.6	907.83	-85597	223208	
-52652.3	87597.5	-73829.2	-211015	-342144	-72690.7	-76095.2	5360.44	104957	-44528.1	
42400.1	42280.2	-51989.1	5325.36	73859.7	847.841	78461.3	184651	-120515	-82766.1	
7240.16	-1141.92	38180.7	52270.6	-223350	-50147.8	3208.86	105180	-141455	-148486	
-18177.4	31095.1	161657	21705.2	-81721.4	-174990	-102238	-9093.84	46100.8	-31932.5	
-37652.4	-24891.6	-185026	98186.9	10387.7	-40660.1	-57866.7	67780.3	123358	95821.4	
41512.9	-667.963	54923.8	102762	-29347.1	-2934.4	-22271	2306.75	-53018.4	109250	
63389.6	-29951.8	-10360.9	-191818	-350736	-224147	-103075	30993.2	270911	4070.08	
1892	44894.5	16504.8	-94090.2	-124760	-47799.7	39032.6	49246.5	-43254.4	-24858.3	
-6615.91	-51177.6	89572.3	112275	-3555.81	-13150.5	-40109.9	12248.2	38350	737.575	
-12790	-5632.99	33832.5	105548	-51190.5	49558	138210	46416.5	-103098	-69599.1	
7560.38	-51514.5	26649.5	93678.9	11324.7	64390.1	3984.18	19103.4	-107556	-67863.5	
-17697.2	26185.8	-4335.23	-26625.2	-81989.9	-63689.3	-98721.2	-101003	-57709.6	-34982.7	
-75700.7	10671.2	115814	88833.6	-112292	23802.5	-14858	-113236	-215505	-144963	
35092.4	80096.1	332526	116239	217515	-3256.47	110212	70763.9	34219.1	55179.2	
76805	-74761.3	-62149.3	-185784	-118316	-1322.5	77088.6	-35137.2	10342.9	18123.4	
83454.6	22805.5	120218	302448	258517	140881	52075.8	16823.8	9632.51	-28589.2	
3292.12	5606.56	-78842.7	-46687	164039	101093	22453.6	-69517.6	310256	-63317.7	
-14596.8	-4548.45	46871.9	57225.8	40003.7	30066.7	1687.15	41216.7	107499	51935.3	
99323.7	111.835	-79035.4	39946	-62733.5	60758.4	-41304.1	-6309.14	118583	141301	
-64519.8	-27199.5	114861	-17074.6	-126763	42725	45751.3	-13023.4	-152179	-59865.2	
1996.27	6728.1	6194.45	63309	-34227.7	-24083.6	-24444.2	49124.8	97769.8	31990.9	
-19659.9	49648	86456.3	48180.1	89657	34426.6	-44507.6	-48305.8	50003.5	-54812.8	
36095	-4934.48	47905.4	-148527	-261148	1313.2	52600.9	69688.3	-136196	-79630.6	
53690.6	-49269.4	-58411.4	-57962.2	35515	-27004.2	-135076	-68818.6	188294	88577.7	
16155.4	-23146.1	129067	-39717.7	-61396.7	39996.4	-26595.9	-86262.2	6564.04	29758.4	
80478	49083.4	45374.8	71418.5	173040	60374.5	-53399.6	-88899.5	3461.62	80633.5	
-26849.2	12781.1	147906	37206.2	-53830.5	82902.4	53488.7	3578.32	24805.9	-71171.9	
53442.5	122076	-167714	-221632	135251	-18923	-39962.8	14623.8	29724.8	21379.1	
38396.8	-74830.4	4513.52	94521.4	-193311	-97029.2	-105296	48928.4	121508	204189	
159376	101565	-293885	-275518	84216	43630.2	-102743	-20769.2	-169839	45911.8	
121276	33729.8	-39887	-43972	21355	14933.6	-66025.8	-136518	80757	122332	
-57182	-55362.2	-52290.5	70012.8	209599	29476.9	12720.2	161770	236421	7497.54	
22069.1	8562.16	-97194	-19969.6	214035	-62813.4	-80552.5	126382	49062.8	35383.6	
22193.5	-49235.3	-7004.31	59874.4	-1334.19	50387.5	49253.6	64821.4	-12745.3	37976.1	
-11671.6	39752.6	183486	14998.5	122114	113249	-18576.9	-25771	79629.5	49289.5	
-34063.4	-41152.8	-64623.6	-112720	-1456.58	166003	129489	78147.6	-51349.7	-109783	
480.16	1288.33	-50544.9	-154279	-51163.8	-106893	-83036.9	23197.1	-39210.1	39175	
26649.7	30163.7	171800	104019	134670	61692.5	-120494	-117468	-121665	-75506.1	
-50310.9	-54691.9	-2237.09	7601.9	84504.6	33889.8	95664.7	-59629.7	-196972	-51114.8	
27502.9	60495	352.019	-129759	153728	18496.4	-28861	-46068.8	-98041.5	-73056.3	
-27560.7	-41491.8	69419.4	-4951.23	-2860.24	-95864.2	10980.8	136135	190933	15658.5	
13771.6	58062.8	32556.9	-51722	38908.5	-134697	-90660.5	116110	63509.8	68248.7	
2045.28	63720.6	-79633.8	-153961	-17927.2	25037.4	-2721.9	-114245	85711.7	55662.2	
-38233.3	-36433.5	-43213.8	-97899.5	-156973	-32526.4	-16119.8	59150.7	125552	10630.7	
46496.9	47247.1	-139967	84156.8	1896.39	-22683.9	-52226.5	108528	217685	-91228.9	
-16581.4	-80762.2	-58614.9	-39237.5	-16482	-29608.7	-93139.9	-90903.8	17507.2	-13832.4	
-1255.48	28267.3	-78847.7	149608	-32297.8	30869.7	121363	10559.3	-74476.9	-55276.8	
58361.7	12528.9	-136315	46521.1	24516.8	-106447	24717.7	47863.4	302512	89538.6	
645.907	-67290.9	-138131	-84151	48389.7	-27501.8	-10345.6	31066.2	164035	77478.7	
144679	123050	-131359	-56151.9	-46681.5	-7362.66	84227.2	127000	162230	27886.2	
-29913.6	-21050	-20607.8	-12156.4	29942.8	-7461.26	-48402.1	-68620.9	-51273.4	-60104.5	
-20619.1	-79173.5	73412.6	85084.8	-28784.3	-27411.8	31868.5	31221.1	-123597	-43537.1	
-13656.4	20943.3	158294	230946	114369	59727.9	-5934.01	80012.4	35896.2	-49196.7	
85505	-16572.4	-123936	-168387	63975.8	-64391.3	79035.1	103220	-80853.9	93422.7	
-41021.4	33895.8	40181.5	-49386.1	-31508	16163.8	-57002.4	49908.2	83988.6	12975.3	
40784.6	-2463.25	-119580	-78955.4	97310.2	1781.42	23632.4	171517	35425.2	8799.17	
21083.4	-24556.8	88039.8	7872.41	-18161.8	-45034	-138900	-15154.3	20193	-109432	
-87437	-48171.7	-14792.2	52745.1	162266	86103.1	-20395.7	-12369.6	-23760.4	-38984	
97152.4	15988.9	-89775.4	80015.9	-109892	-87705.9	18211.6	154953	229202	74294.7	
-7280.36	76457.6	3417.85	-91508.7	-170424	8047.18	4756.97	-16629.6	-286541	-8442.78	
-33043.3	-82671.1	-163031	9358.74	-11472.8	13874.6	13743.1	-99146.1	47259.2	25567.3	
43983.3	73486.7	98000	4561.44	196316	57769.9	24607.5	47790.9	-138000	-22404.6	
12906.9	46789.9	75255.7	34899.7	47280.6	-17748.7	-15530.4	-109059	-231422	31715	
-8900.01	3780.15	80392.4	-52467.6	-62636.9	-32340.1	-62081.8	-42554.3	-106493	-61800.3	
-26133	14793.6	-15560.5	-54480.4	115843	69903.1	14517.9	-3055.18	-64069.5	-34722.2	
50318.5	32840.6	-45550.7	-264364	-62329.5	67442.6	169956	138462	86724.3	41546.4	
-18550.4	-56843.6	-135139	2187.7	128956	24140.3	120406	53724.9	-69410	28095.1	
-68509.7	-31612.6	-101358	-62923.8	-149542	64055.5	-28671.1	32784.4	-88840.7	-127905	
-44617.1	12486.6	61414.6	33199.6	-80420.1	-9207.57	-26632.7	-25055.7	-120915	-87853.2	
0	0	0	0	0	0	0	0	0	0	
25366.3	-43753.5	42453.4	22954.4	-99939	-37694.3	-68947	-20575	87992.6	82173.6	
11608.2	19216.8	-6847.52	10029.2	-40970.1	-28798.1	5810.42	49052.1	48748.6	24791.8	
90053.6	34194.7	158833	23702.3	-31239.3	56553.7	-113518	-91475.5	80801	90703.8	
-9905.4	87793.4	128475	60619.4	132703	26019.8	36348.8	7162.36	69125.2	56564.5	
50634.7	6613.11	160300	110004	-31687.5	-56031.2	-5613.73	-43716.1	-29633.8	114585	
-62912.6	-10725.7	-97813.1	1762.82	45669.5	52414	-34293.6	-136815	2192	8899.87	
18017	64429.4	130754	89510.7	-28927.1	-66536.8	16184.6	89851.5	123588	60756.1	
4480.67	4875.22	80019.1	-1642.45	-39330.6	-82536.1	-99112.4	-67444.6	78964	160610	
49431.5	57296	-12934.7	34508.5	28833.6	47479.9	-18722.8	-68665.5	-5516.23	-83658.9	
-83025.2	-113997	-92464.8	-51806	55092.6	88254.1	-39326.6	-157407	-22125	-86525	
2314.34	92060.6	123629	174114	154878	25083.9	-27432.9	-63295.6	-11553.7	48374.6	
15835.5	46589.2	138909	87764.6	-67223.5	-87132.5	-116147	25731.8	116929	-32949	
23826.3	46233.4	-38638.1	-100544	42879.4	-34919.5	-87701.9	-22170.8	-400447	-134366	
148227	67588.7	-282698	-194904	-15403	-10534.5	100321	232766	-64558	-15274.4	
59597	8644.56	-67282.4	-192720	-46722.9	-37237.3	-4440.61	-68101.8	93376.3	204856	
83414.9	21099.7	-17139.1	-320876	-268667	159295	51466.4	-87423.8	-138056	15199.7	
5166.8	7052.39	-5417.67	-60650.5	-51495.3	51499.1	-55975.2	-91681	-158277	5800.18	
-25311.7	-26991.7	64740.7	-40998.3	60819.8	14180.1	95735.9	52567.5	5589.43	93357.3	
-16385.2	-31739.5	39460.4	119575	173321	-29000.4	-92421.9	-189212	-180408	27390.8	
20889.4	23785.5	-131758	-292402	-80007.9	21460.1	54123.5	130313	32473.1	14530.6	
-59884.1	-45003.9	-23036.6	-33566.8	37788.6	-30218	4561.46	109305	124496	-2873.49	
-88263.3	143547	166894	174435	379103	90928.7	96564	-55185.2	-269840	-105532	
24665.3	-54605.6	20782.2	50486.5	-67151	-37587.2	69303.4	23596.4	-101764	21278.8	
26779.9	28366.5	36881.4	-37851.1	27433.9	120208	150922	156833	-100667	-94898.9	
65793.3	-42005.2	-249584	-165574	-60879	-93203.7	-79216.2	-128608	-12134.3	149736	
-13486.6	62994.7	32286.7	69200.8	-82129.5	28864.7	15519.8	39655.4	147039	-10040	
9511.45	45987.8	-77283.3	58607.6	118929	64400.3	-66818	66666.9	157195	57074.7	
-34057.3	-42607	-135800	-21702.9	47438.2	-5241.51	-53479.1	26862.6	-115727	-42934.3	
-9247.62	-10034.8	165734	-62562.4	-86383.1	-17663.4	-39166.4	-67797	-208827	-129713	
25258.8	83459	165218	100966	12221.1	143595	28008.1	25986.6	-116788	-114702	
3349.25	96076	459297	-19488.7	238527	-69684	-71494.5	5625.65	-3556.22	-120398	
77039.2	9919.67	-114379	398283	201441	119444	132139	149568	3746.15	48250.5	
9041.35	-37894.2	-118278	30842.5	55477.3	-2159.64	-29435.7	-97157.6	115783	69238.6	
37838.4	1626.7	125411	48741.1	-70191.4	-21089.4	-58200.2	-3887.34	34855.8	52644.1	
85997.7	33617.2	-275858	-271262	-217041	-125831	-122385	-46210.1	129607	102899	
-19838.5	-20695.7	-121386	50450.8	102225	53795.5	124488	-37722.9	-67658.2	-4932.44	
18667	5662.66	70912.5	-20979.8	48424.9	104480	59266.4	-31331.3	45924.9	21269.3	
72354.4	-2669.05	-163417	-15360.3	-94582.3	-127694	50735.4	50603.7	-974.667	13003.6	
51338.8	55779.9	81741.3	226657	20344.2	72419.7	6201.76	-1406.59	111336	-36370.2	
