3.32874e+06	
3.21077e+06	
2.92105e+06	
3.36614e+06	
8.29778e+06	
3.56482e+06	
6.32237e+06	
3.76417e+06	
4.85181e+06	
4.8014e+06	
6.13023e+06	
5.76882e+06	
4.46606e+06	
5.56547e+06	
4.27987e+06	
3.95921e+06	
3.66056e+06	
3.86658e+06	
5.85723e+06	
3.47209e+06	
3.59802e+06	
5.54738e+06	
4.4794e+06	
6.33533e+06	
4.58064e+06	
6.50334e+06	
8.09388e+06	
8.40589e+06	
4.53191e+06	
5.92409e+06	
6.34478e+06	
6.04343e+06	
5.78064e+06	
8.62364e+06	
5.44031e+06	
8.15946e+06	
7.19868e+06	
7.59878e+06	
7.36054e+06	
4.87015e+06	
7.4392e+06	
4.0553e+06	
3.78546e+06	
1.04386e+07	
9.89782e+06	
9.47224e+06	
5.82715e+06	
4.55073e+06	
3.71431e+06	
