2813.02	
-1923.75	
-2638.83	
-2127.67	
-467.224	
-1264.89	
-1664.77	
-2073.18	
847.058	
222.639	
-4872.73	
2151.02	
-4761.11	
-2.66095	
-10501	
-3717.74	
183.078	
-757.706	
-6028.92	
-3603.02	
-4616.91	
-450.872	
-6804.01	
743.252	
-4061.95	
-537.449	
-2678.33	
-7355.39	
-4864.37	
1073.1	
-4821.2	
-2892.66	
-3182.63	
-6548.59	
-149.674	
314.234	
-711.52	
-3067.7	
-2405.36	
-4024.1	
-1379.22	
-5004.7	
2441.11	
-793.753	
1367.12	
1929.15	
2155.56	
-1926.38	
2926.66	
-4168.44	
159.057	
1404.63	
151.431	
-1346.59	
794.054	
-2885.98	
-1356.6	
-3.19355	
-909.165	
-5524.32	
10.3147	
-1150.15	
-79.1987	
829.528	
-5245.82	
-1638.11	
-3507.64	
-401.279	
-1159.7	
-785.078	
-505.965	
6693.19	
-93.1052	
-884.522	
-2843.21	
703.996	
-314.821	
-2311.88	
-3040.03	
2033.21	
-76.5206	
-891.811	
-259.21	
-497.011	
-1404.21	
2225.65	
434.337	
-1035.53	
1748.18	
-1750.88	
-1651.57	
-2427.65	
-175.615	
-1242.3	
-2932.95	
480.659	
-5213.16	
1078.01	
-2709.22	
-2136.3	
-3785.58	
-2534.35	
-2134.27	
-286.708	
-1770.15	
-415.45	
-3715.19	
-671.393	
448.743	
86.1878	
-824.96	
219.093	
-635.187	
465.38	
-7040.34	
-168.857	
-56.9692	
-1734.24	
-1735.51	
-1541.32	
1270.6	
-7345.48	
-1990.91	
-1471.18	
606.35	
2496.39	
1484.32	
-1053.17	
0	
-940.681	
3072.49	
-6387.81	
-11202.4	
-6025.02	
217.997	
3283.35	
-7350.88	
-174.356	
-1784.96	
-57.053	
4731.76	
-4095.82	
-290.433	
-3040.37	
-3198.41	
-3011.54	
-1717.31	
-444.251	
3169.38	
1220.22	
-5477.99	
-3239.73	
-5717.21	
-62.9396	
-3756.01	
-2909.05	
-1219.63	
528.613	
1267.75	
-2383.92	
-574.237	
-199.528	
1687.82	
-2126.56	
-3381.93	
722.781	
-2444.9	
1198.97	
3127.86	
-3512.56	
2370.87	
-2659.35	
-2951.18	
-3212.54	
-1842.63	
-6534.44	
1089.13	
-8664.76	
-4995.59	
-88.4209	
-2263.29	
-4481.72	
897.731	
-2818.51	
-3217.22	
-1807.67	
-6499.54	
-1557.5	
-2101.03	
46.0849	
-5175.39	
-3439.1	
-1077.93	
-596.786	
990.603	
-611.342	
-3158.41	
-2758.77	
683.718	
-2737.59	
-356.873	
-2757.39	
-2533.56	
2017.72	
-2478.87	
-952.622	
-1603.93	
-4731.18	
-4384.87	
483.154	
-9201.69	
-9925.9	
-7677.92	
2416.57	
-1781.94	
-589.983	
657.225	
-2866.31	
-3603.44	
-1890.34	
-10760	
838.508	
4673.95	
-4408.13	
76.2735	
-8610.43	
-1015.56	
-4318.07	
-2709.88	
-2441.89	
-1516.48	
-1037.05	
-2720.57	
-3910.71	
3211.18	
-2118.91	
774.522	
-3662.93	
-1898.96	
-604.687	
-6996.39	
-4929.8	
-2815.78	
-2803.56	
3945.74	
-2782.71	
-2327.65	
-2537.44	
-1684.67	
-3304.89	
-1732.65	
-852.853	
-2488.08	
-1581.43	
-6365.49	
-1044.94	
-1791.37	
-4242.45	
-2445.43	
-1612.02	
-2894.96	
3306.21	
2555.4	
-1896.6	
-6051.03	
3158.13	
-1022.06	
-440.543	
-3418.46	
-2756.6	
-3709.39	
-1392.15	
-2393.77	
-2781.88	
2416.28	
-464.107	
-3866.63	
-6705.5	
-5336.19	
-588.373	
-1869.43	
-3250.47	
-5244.44	
730.984	
-1837.3	
-1284.88	
-2588.82	
194.683	
-3403.55	
-3496.74	
-1851.65	
-2284.33	
-4506.49	
1374.55	
-473.275	
-4245.63	
-779.381	
1704.09	
-1915.97	
-1212.4	
-1263.37	
-2544.96	
-2642.32	
-1514.02	
-1306.56	
-2755.2	
-2824.35	
-4363.31	
-1841.25	
3844.68	
-5792.56	
-2999.88	
1737.39	
-6238.67	
-3194.23	
-4080.56	
-2721.27	
-11469.1	
7635.56	
1469.07	
3572.2	
-1244.73	
2997.51	
-6260.86	
-5138.57	
-2869.5	
1177.61	
2982.68	
-6019.31	
-1162.63	
-656.091	
1620.31	
745.181	
-1362.85	
-943.494	
461.646	
-1050.82	
-3133.46	
-2527.76	
-643.198	
-4630.94	
-2877.82	
3726.18	
-4466.72	
-2249.64	
-4702.89	
2988.28	
-1766.82	
455.176	
-881.593	
-1028.75	
3650.29	
2721.72	
-1575.19	
-1012.79	
770.122	
-2850.48	
-5507.48	
1956.81	
987.238	
-2338.36	
734.52	
279.727	
5391.5	
-1064.69	
-4957.29	
-2132.79	
-1238.17	
-6274.29	
-547.517	
-5802.61	
-1155.73	
-3296.25	
748.082	
-3625.76	
-6879.1	
-2243.13	
-9156.5	
3266.38	
-7.03413	
-3856.44	
-6787.44	
634.686	
1095.06	
-4531.23	
1851.29	
-4991.25	
758.331	
752.243	
-263.921	
-1069.2	
622.96	
-2087.13	
2475.58	
