-399.167	
-2102.21	
-2474.67	
-4966.62	
437.268	
1168.71	
1404.75	
-2119.3	
-49.944	
204.158	
398.54	
1489.92	
-785.408	
2255.86	
-203.291	
-484.797	
751.64	
-3245.28	
-4325.99	
1934.24	
331.045	
-2207.94	
-441.746	
469.141	
1119.92	
2479.72	
373.112	
-3363.36	
-836.849	
-34.5326	
-332.589	
-925.696	
-3685.13	
883.68	
-532.403	
-1825.36	
-1324.7	
1161.8	
248.071	
3049.62	
-832.144	
1881.91	
-3538.73	
-208.674	
-833.637	
-509.776	
-790.162	
-6832.49	
1599.91	
-1155.25	
97.4058	
-3477.3	
655.797	
-330.316	
-610.516	
-3024.98	
-271.954	
-729.255	
-181.141	
37.3321	
1843.31	
-237.967	
-3227.48	
256.443	
-3342.91	
847.423	
-1497.19	
1418.14	
311.909	
2525	
-4040.94	
-11.5773	
1138.13	
-3270.35	
1818.39	
-13.1248	
-2742.67	
1197.47	
-4980.21	
-4627.09	
-499.127	
3371.73	
826.542	
1263.2	
-2883.05	
-904.221	
1886.98	
826.781	
17.3031	
1550.58	
-3451.76	
-1399.07	
-1577.02	
-5450.93	
2574.97	
2747.67	
-3074.5	
-2948.19	
70.7195	
-5497.61	
-678.631	
-342.314	
613.013	
-1908.01	
-3452.46	
-343.144	
122.174	
217.038	
-1519.92	
-1377.56	
269.327	
-1097.32	
2157.9	
-1778.94	
224.733	
-1528.59	
-357.569	
1183.95	
-541.52	
-270.065	
-1099.69	
2003.88	
4169.64	
1910.96	
-1795.14	
-2488.39	
-1147.85	
0	
-1227.97	
929.749	
-1851	
-1060.72	
-620.862	
-3309.22	
1125.75	
-894.861	
1084.84	
1035.22	
-441.795	
-3260.27	
-260.077	
-3195.37	
-883.573	
879.567	
1459.93	
-917.735	
441.421	
677.377	
-2586.02	
-5692.63	
-1712.83	
-1906.2	
945.641	
3442.59	
-1274.78	
-569.825	
-7149.88	
1943.06	
-2413.71	
706.013	
-1946.73	
-1859.11	
4528.15	
-1046.68	
-2540.13	
323.161	
1611.79	
1321.9	
-2729.86	
-1137.68	
3281.77	
-466.626	
-767.791	
-2880.38	
1065.29	
-1174.73	
-2862.74	
-1767.36	
1303.15	
-9.41047	
1768.5	
-3438.53	
-1381.97	
-5249.66	
-2214.85	
320.523	
-1116.65	
-1707.06	
-1927.55	
-271.239	
-394.335	
-1848.52	
1679.29	
2567.06	
-1155.78	
-2462.14	
-2081.65	
524.439	
-2343.05	
-872.24	
-2898.29	
1459.63	
-2133.38	
-535.201	
-190.079	
-1091.48	
1369.83	
-1014.62	
-1841.08	
-1778.01	
179.432	
2765.93	
-235.714	
905.062	
-1939.04	
676.685	
43.5336	
9.06217	
460.104	
-1097.32	
1432.36	
-1192.54	
-697.12	
-1110.14	
-1430.82	
339.788	
2388.83	
-2371.84	
624.975	
-1848.18	
-3302.35	
-613.667	
-930.267	
-3688.36	
1602.19	
-2389.37	
1425.87	
-51.6149	
2761.37	
-824.459	
-1134.44	
-901.34	
182.255	
-2070.51	
-1836.4	
301.467	
-2451.47	
-7464.95	
-1841.44	
-1159.86	
1641.64	
-2021.54	
5076.13	
-1650.93	
4567.37	
-1965.64	
-2819.65	
229.913	
-1550.53	
-500.952	
121.466	
1051.01	
-3545.58	
2380.71	
-2327.78	
261.138	
-2081.68	
-2755.14	
2098.09	
4422.99	
-177.611	
-513.052	
1094.56	
2579.16	
1878.21	
347.615	
-470.956	
1737.1	
282.317	
-1642.63	
-3526.99	
-500.663	
-1523.85	
-2235.13	
-340.518	
1514.99	
-2249.27	
-5583.07	
-2026.61	
-1286.51	
3365.87	
592.707	
-872.29	
-1782.87	
1491.77	
-3563.93	
529.226	
-2554.92	
-3035.04	
-2677.18	
-2781.46	
-2015.26	
1184.15	
-197.357	
-1687.3	
-4019.74	
3392.03	
172.324	
-3399.17	
-3063.16	
575.52	
-1189.17	
-1475.92	
239.688	
-1697.26	
163.564	
-642.34	
471.024	
-1892.59	
-3156.18	
-706.581	
-250.786	
-4769.8	
-461.109	
2630.83	
-721.717	
-1872.2	
2988.27	
542.062	
816.892	
1666.34	
-1985.02	
1944.36	
-147.409	
-320.631	
1588.56	
-923.44	
1050.18	
-875.703	
699.264	
-2448.53	
-33.9457	
-987.463	
-2738.5	
611.031	
-2896.1	
-1928.94	
-817.437	
