1.6525e+07	
9.31807e+06	
2.21354e+07	
1.15442e+07	
8.47359e+06	
1.08347e+07	
1.15705e+07	
8.9511e+06	
8.85229e+06	
1.21123e+07	
1.36913e+07	
1.60259e+07	
1.64128e+07	
1.03925e+07	
1.71485e+07	
1.46386e+07	
1.2304e+07	
1.01195e+07	
8.02153e+06	
1.32367e+07	
1.88037e+07	
9.42629e+06	
2.02166e+07	
8.0277e+06	
8.24226e+06	
2.4075e+07	
2.87632e+07	
1.57536e+07	
2.8328e+07	
2.06199e+07	
1.4425e+07	
1.50658e+07	
2.18548e+07	
1.11672e+07	
1.20031e+07	
8.50801e+06	
2.05505e+07	
1.38595e+07	
9.41023e+06	
1.70149e+07	
2.8322e+07	
1.19103e+07	
8.83082e+06	
2.05719e+07	
4.14648e+06	
2.57789e+07	
1.32924e+07	
2.44863e+07	
7.90464e+06	
1.62259e+07	
1.20603e+07	
2.15872e+07	
1.55694e+07	
1.80469e+07	
8.24241e+06	
8.79675e+06	
1.20347e+07	
9.02456e+06	
1.13902e+07	
1.11335e+07	
4.10956e+06	
2.86897e+07	
1.58028e+07	
1.09066e+07	
1.64647e+07	
1.99782e+07	
1.56042e+07	
1.83158e+07	
8.66824e+06	
3.61993e+06	
1.62322e+07	
8.93088e+06	
1.11449e+07	
1.57431e+07	
8.6793e+06	
1.1718e+07	
8.74546e+06	
1.17474e+07	
3.26117e+06	
2.69487e+07	
8.0141e+06	
9.30272e+06	
2.2923e+07	
2.80217e+07	
1.68656e+07	
2.05236e+07	
8.54081e+06	
1.03342e+07	
1.34379e+07	
2.44397e+07	
1.47565e+07	
1.57152e+07	
3.40483e+06	
1.67306e+07	
1.33035e+07	
9.25619e+06	
1.05652e+07	
1.41344e+07	
7.90373e+06	
8.29821e+06	
8.37856e+06	
1.52037e+07	
1.04229e+07	
3.29112e+06	
1.97586e+07	
2.20992e+07	
9.22125e+06	
1.14724e+07	
1.97718e+07	
2.15876e+07	
9.19459e+06	
1.437e+07	
9.68044e+06	
3.18615e+06	
8.45113e+06	
8.63844e+06	
1.96645e+07	
1.95249e+07	
1.03253e+07	
2.70615e+07	
3.2644e+06	
8.76884e+06	
1.06446e+07	
2.15549e+07	
1.63589e+07	
2.33404e+07	
1.47466e+07	
1.06733e+07	
1.07029e+07	
2.71463e+07	
2.38379e+07	
1.59576e+07	
1.00454e+07	
3.37991e+06	
1.83244e+07	
1.41301e+07	
2.49659e+07	
1.28016e+07	
1.09724e+07	
2.3738e+07	
8.58192e+06	
1.54891e+07	
2.59139e+07	
2.78715e+07	
9.27533e+06	
8.6484e+06	
9.59728e+06	
1.01108e+07	
2.13009e+07	
1.1238e+07	
8.39472e+06	
1.54104e+07	
1.28376e+07	
1.58521e+07	
2.67479e+07	
1.55206e+07	
1.37573e+07	
1.29115e+07	
1.43429e+07	
1.24967e+07	
9.0357e+06	
2.19538e+07	
8.20528e+06	
2.90718e+07	
2.97534e+06	
2.23379e+07	
9.95028e+06	
2.18051e+07	
1.14012e+07	
3.31815e+06	
2.48153e+07	
1.64545e+07	
1.93497e+07	
1.67062e+07	
1.49591e+07	
1.86078e+07	
9.25823e+06	
8.7084e+06	
1.60707e+07	
1.22454e+07	
1.37523e+07	
9.58374e+06	
1.46759e+07	
2.56835e+07	
2.28731e+07	
1.24383e+07	
1.59433e+07	
2.70593e+07	
2.68038e+07	
1.46046e+07	
1.49731e+07	
8.5963e+06	
3.30866e+07	
7.77248e+06	
7.27018e+06	
8.1803e+06	
1.16517e+07	
2.29476e+07	
9.34626e+06	
9.14837e+06	
8.82738e+06	
1.12153e+07	
1.11584e+07	
1.57907e+07	
9.17816e+06	
1.25805e+07	
1.18972e+07	
1.50396e+07	
1.90427e+07	
1.24056e+07	
1.4221e+07	
9.03498e+06	
1.46525e+07	
1.80855e+07	
1.36125e+07	
1.67886e+07	
2.24498e+07	
1.09309e+07	
1.88307e+07	
9.22445e+06	
1.9754e+07	
2.66027e+07	
1.54054e+07	
8.91166e+06	
8.26541e+06	
3.46504e+06	
2.63689e+07	
2.01874e+07	
1.14162e+07	
2.00742e+07	
2.36641e+07	
1.11396e+07	
2.13061e+07	
1.14269e+07	
9.33243e+06	
3.17581e+06	
1.52045e+07	
2.55202e+07	
2.80828e+07	
2.29383e+07	
1.06306e+07	
1.22167e+07	
1.17434e+07	
7.851e+06	
3.43356e+06	
9.68303e+06	
1.2018e+07	
8.93306e+06	
1.36297e+07	
2.10507e+07	
1.2289e+07	
2.61697e+07	
8.89664e+06	
8.67401e+06	
2.0877e+07	
2.87506e+07	
3.44787e+06	
1.64969e+07	
9.00628e+06	
1.78463e+07	
2.23554e+07	
1.58949e+07	
2.00314e+07	
1.13106e+07	
1.3962e+07	
3.19546e+06	
2.60041e+07	
1.03706e+07	
1.15301e+07	
1.9413e+07	
9.43539e+06	
1.55329e+07	
1.95066e+07	
1.03313e+07	
8.39974e+06	
1.63728e+07	
1.1842e+07	
3.15237e+06	
2.22787e+07	
8.95882e+06	
2.08023e+07	
1.42447e+07	
1.16809e+07	
3.31436e+06	
2.13419e+07	
2.4697e+07	
2.09275e+07	
2.69825e+07	
2.591e+07	
1.10359e+07	
1.50318e+07	
2.11612e+07	
1.55312e+07	
9.92371e+06	
2.47793e+07	
9.61826e+06	
2.40495e+07	
1.62716e+07	
2.40622e+06	
1.00152e+07	
2.27759e+07	
7.6825e+06	
1.54565e+07	
8.51712e+06	
1.44647e+07	
1.72211e+07	
1.37963e+07	
2.09701e+07	
1.60032e+07	
2.58199e+07	
1.1286e+07	
9.49396e+06	
7.24161e+06	
2.63756e+07	
2.20749e+07	
9.62255e+06	
2.18484e+07	
2.36204e+07	
1.43384e+07	
1.61467e+07	
2.83262e+07	
1.55939e+07	
2.1149e+07	
8.98294e+06	
7.95349e+06	
7.41052e+06	
1.96014e+07	
1.40091e+07	
1.55356e+07	
2.23334e+07	
3.23099e+07	
1.3636e+07	
1.37591e+07	
8.11667e+06	
2.67187e+07	
1.77229e+07	
2.13566e+07	
1.9441e+07	
1.55623e+07	
2.01754e+07	
1.65252e+07	
3.11539e+07	
1.09729e+07	
8.12261e+06	
1.1821e+07	
2.24817e+07	
2.05796e+07	
2.54938e+07	
1.85776e+07	
9.49123e+06	
1.41332e+07	
1.44064e+07	
1.55052e+07	
1.17708e+07	
1.48621e+07	
2.42494e+07	
2.03341e+07	
2.55591e+07	
1.61513e+07	
2.23565e+07	
9.08855e+06	
9.87867e+06	
8.669e+06	
2.99501e+07	
2.41313e+07	
1.75935e+07	
1.99616e+07	
2.59851e+07	
9.50288e+06	
1.60433e+07	
1.13443e+07	
1.41351e+07	
8.17387e+06	
2.97736e+07	
9.16558e+06	
1.76373e+07	
1.17675e+07	
1.72068e+07	
1.53785e+07	
2.76943e+07	
1.25336e+07	
1.46865e+07	
2.08488e+07	
1.20557e+07	
9.2524e+06	
1.83186e+07	
2.19592e+07	
1.07992e+07	
2.14402e+07	
3.10519e+07	
2.52234e+07	
2.13917e+07	
6.05074e+06	
9.25316e+06	
1.70111e+07	
2.31497e+07	
2.61713e+07	
9.69471e+06	
8.70342e+06	
1.10081e+07	
1.18561e+07	
2.40493e+07	
1.60425e+07	
8.85026e+06	
1.19384e+07	
1.62705e+07	
1.15461e+07	
1.04748e+07	
1.48552e+07	
7.24666e+06	
2.05369e+07	
1.97251e+07	
8.40799e+06	
1.57279e+07	
1.75112e+07	
2.07344e+07	
8.41465e+06	
9.62148e+06	
2.86766e+07	
9.566e+06	
1.04601e+07	
2.38575e+07	
1.08236e+07	
1.17029e+07	
1.73666e+07	
8.47789e+06	
1.15045e+07	
1.99212e+07	
6.89256e+06	
1.16745e+07	
1.46674e+07	
2.75365e+07	
1.12991e+07	
1.56236e+07	
1.61033e+07	
1.19764e+07	
2.26472e+07	
2.33275e+07	
8.76946e+06	
1.12562e+07	
1.44384e+07	
1.97258e+07	
1.80674e+07	
3.21188e+07	
2.35332e+07	
1.05296e+07	
9.8486e+06	
7.16856e+06	
1.08438e+07	
2.55335e+07	
1.93873e+07	
2.02883e+07	
2.93697e+07	
1.08436e+07	
2.90737e+07	
2.67542e+07	
8.30744e+06	
1.47824e+07	
7.6442e+06	
1.15164e+07	
2.33299e+07	
1.09162e+07	
1.07685e+07	
9.89486e+06	
1.65677e+07	
3.11894e+07	
2.4846e+07	
1.26777e+07	
1.39955e+07	
2.00809e+07	
1.06629e+07	
1.40937e+07	
1.06179e+07	
1.64501e+07	
2.78006e+07	
7.41602e+06	
8.48008e+06	
2.20238e+07	
8.5718e+06	
2.1121e+07	
1.8848e+07	
2.03842e+07	
1.04633e+07	
1.91925e+07	
1.82893e+07	
1.0687e+07	
1.45244e+07	
9.99842e+06	
2.12142e+07	
2.17098e+07	
1.23581e+07	
8.62975e+06	
1.65118e+07	
2.13383e+07	
8.99249e+06	
1.05358e+07	
1.37468e+07	
2.31236e+07	
9.84287e+06	
2.4557e+07	
1.67874e+07	
2.77712e+07	
9.53217e+06	
2.80002e+07	
1.08577e+07	
2.60979e+07	
2.58247e+07	
1.7097e+07	
3.31684e+07	
2.30418e+07	
1.18786e+07	
2.11825e+07	
1.86646e+07	
9.29325e+06	
8.75194e+06	
2.86788e+07	
1.14196e+07	
9.96336e+06	
1.62836e+07	
1.04505e+07	
7.27766e+06	
2.06622e+07	
2.77378e+07	
2.65452e+07	
1.96233e+07	
1.9675e+07	
2.10527e+07	
2.66212e+07	
2.22228e+07	
1.84226e+07	
1.20415e+07	
9.78444e+06	
1.03873e+07	
2.88588e+07	
1.03032e+07	
2.26784e+07	
1.15205e+07	
3.04874e+07	
8.50102e+06	
2.46019e+07	
7.47337e+06	
9.88188e+06	
2.07389e+07	
2.15045e+07	
1.33808e+07	
2.77109e+07	
2.4333e+07	
1.09604e+07	
9.72366e+06	
1.15567e+07	
1.91501e+07	
1.63203e+07	
9.34947e+06	
1.05348e+07	
1.08306e+07	
8.24651e+06	
3.00588e+07	
1.04039e+07	
2.52073e+07	
9.19909e+06	
1.53688e+07	
1.95664e+07	
3.1958e+07	
7.05266e+06	
2.72651e+07	
1.99459e+07	
9.10424e+06	
1.28886e+07	
9.61539e+06	
1.9204e+07	
1.99609e+07	
2.82545e+07	
1.52192e+07	
1.15871e+07	
2.17462e+07	
1.85258e+07	
1.69074e+07	
2.18532e+07	
1.10894e+07	
1.76202e+07	
2.61351e+07	
2.36259e+07	
1.06186e+07	
9.4709e+06	
7.40057e+06	
2.64381e+07	
1.17222e+07	
2.31971e+07	
8.38095e+06	
2.03865e+07	
2.10099e+07	
1.5766e+07	
3.05784e+07	
8.69279e+06	
1.22721e+07	
2.77538e+07	
2.67127e+07	
1.85085e+07	
2.10472e+07	
1.55852e+07	
1.61559e+07	
2.41975e+07	
9.91823e+06	
2.11784e+07	
1.64755e+07	
7.13664e+06	
2.62848e+07	
1.44457e+07	
1.5411e+07	
1.88897e+07	
2.99246e+07	
2.49324e+07	
2.16378e+07	
1.54909e+07	
2.74565e+07	
1.4178e+07	
2.27335e+07	
8.41562e+06	
7.99184e+06	
2.31201e+07	
1.80876e+07	
2.57478e+07	
1.5376e+07	
7.39268e+06	
8.09949e+06	
1.73751e+07	
1.69658e+07	
2.019e+07	
1.5535e+07	
1.31575e+07	
9.70853e+06	
1.00542e+07	
4.32476e+07	
2.11827e+07	
2.07601e+07	
1.66652e+07	
2.33811e+07	
2.11248e+07	
1.58632e+07	
1.34301e+07	
1.72382e+07	
2.62569e+07	
2.57738e+07	
1.43351e+07	
2.2565e+07	
2.15511e+07	
1.97869e+07	
1.82599e+07	
2.59277e+07	
2.90301e+07	
2.39611e+07	
3.19011e+07	
2.64704e+07	
8.36742e+06	
1.38893e+07	
1.77885e+07	
1.01158e+07	
1.95621e+07	
1.45926e+07	
1.532e+07	
2.69775e+07	
2.94667e+07	
8.25496e+06	
2.91338e+07	
1.51417e+07	
2.67125e+07	
9.72758e+06	
1.92734e+07	
1.40272e+07	
1.50999e+07	
2.07624e+07	
1.30019e+07	
2.14215e+07	
1.64075e+07	
9.86698e+06	
1.63495e+07	
1.53522e+07	
2.22522e+07	
2.54386e+07	
2.07094e+07	
2.56861e+07	
2.30459e+07	
1.42547e+07	
2.59131e+07	
1.66361e+07	
2.4937e+07	
1.91385e+07	
1.76357e+07	
1.40878e+07	
9.40336e+06	
3.05448e+07	
2.58117e+07	
1.01389e+07	
1.0102e+07	
1.69174e+07	
2.78027e+07	
1.15742e+07	
2.07927e+07	
3.26821e+07	
1.08622e+07	
1.10282e+07	
2.0477e+07	
9.84019e+06	
1.48213e+07	
1.3709e+07	
1.78064e+07	
1.82435e+07	
1.69415e+07	
8.89373e+06	
2.91253e+07	
2.67735e+07	
9.03694e+06	
2.91348e+07	
2.23945e+07	
2.21795e+07	
2.44783e+07	
2.86062e+07	
8.48855e+06	
3.00715e+07	
1.35394e+07	
2.10003e+07	
2.30397e+07	
2.02953e+07	
2.54957e+07	
8.59332e+06	
1.77032e+07	
4.23616e+07	
7.93505e+06	
2.49963e+07	
2.54857e+07	
3.1715e+07	
1.80738e+07	
2.61891e+07	
8.43144e+06	
2.88597e+07	
8.79035e+06	
1.6861e+07	
2.21071e+07	
1.95547e+07	
1.83441e+07	
2.72806e+07	
7.90983e+06	
2.17869e+07	
1.97107e+07	
2.46097e+07	
2.2219e+07	
2.93142e+07	
2.37498e+07	
2.649e+07	
8.89925e+06	
8.98678e+06	
1.6627e+07	
2.83417e+07	
1.69457e+07	
2.46616e+07	
2.91662e+07	
2.46619e+07	
3.11353e+07	
1.87355e+07	
2.16202e+07	
2.48339e+07	
9.84145e+06	
1.5531e+07	
1.11651e+07	
1.91239e+07	
9.2263e+06	
2.82078e+07	
2.14559e+07	
2.30387e+07	
2.26997e+07	
9.84224e+06	
2.63916e+07	
2.92017e+07	
4.02188e+07	
2.77124e+07	
8.80782e+06	
1.50855e+07	
1.65082e+07	
9.17606e+06	
1.08813e+07	
2.11016e+07	
2.33495e+07	
4.21031e+07	
2.59756e+07	
2.43375e+07	
9.39742e+06	
8.77647e+06	
8.99593e+06	
2.76027e+07	
2.39786e+07	
1.89292e+07	
2.9094e+07	
2.12239e+07	
2.83991e+07	
8.75358e+06	
2.23966e+07	
1.63054e+07	
1.73285e+07	
3.17924e+07	
3.0625e+07	
2.77578e+07	
8.55339e+06	
2.30504e+07	
9.27155e+06	
2.57619e+07	
8.59663e+06	
2.41337e+07	
7.8603e+06	
1.58233e+07	
2.7662e+07	
2.06584e+07	
8.60447e+06	
2.75658e+07	
3.01083e+07	
3.43193e+07	
1.79039e+07	
8.64773e+06	
3.9798e+07	
1.16187e+07	
2.73254e+07	
1.66384e+07	
9.97626e+06	
9.44998e+06	
4.02982e+07	
1.28984e+07	
2.71474e+07	
2.50075e+07	
2.36892e+07	
9.06382e+06	
9.68518e+06	
2.94714e+07	
1.82259e+07	
1.34278e+07	
1.2158e+07	
1.52628e+07	
8.49591e+06	
9.5292e+06	
1.25242e+07	
2.83947e+07	
9.84297e+06	
2.97123e+07	
2.30923e+07	
2.53959e+07	
2.13022e+07	
3.8855e+07	
1.49774e+07	
8.17495e+06	
2.6151e+07	
9.25642e+06	
1.22256e+07	
7.43811e+06	
8.04118e+06	
1.53971e+07	
2.44383e+07	
1.45463e+07	
1.26914e+07	
3.79022e+07	
2.29594e+07	
1.57298e+07	
1.42666e+07	
2.19151e+07	
3.76388e+07	
2.15471e+07	
2.84814e+07	
2.00881e+07	
1.0162e+07	
1.36884e+07	
9.54303e+06	
9.07941e+06	
1.26668e+07	
8.80136e+06	
1.63289e+07	
