-596.841	
-2485.84	
-149.763	
-4781.5	
-137.601	
-5281.26	
-8751.81	
-6408.9	
-5751.92	
-6295.94	
-185.878	
-339.878	
-9314.16	
-10521.2	
-6992.14	
-8782.44	
-9883.26	
-3416.4	
-11115.2	
-9381.55	
-4854.18	
-8091.95	
-10142.7	
-710.786	
-2156.21	
-7165.42	
177.172	
271.464	
-10949.6	
-15028.7	
-160.053	
-5803.63	
-11475.9	
-377.964	
-5203.2	
-55.5738	
-9574.52	
-165.997	
-101.509	
-4149.79	
-8507.73	
50.7476	
-5519.61	
-6403.83	
-21871.1	
-10033.9	
-7656.4	
-10271.2	
-11183.7	
-6077.98	
-10002.2	
-17705	
-4477.25	
-5491.1	
-4339.83	
-5068.26	
-9258.89	
-9009.04	
-13757.7	
-4239.56	
-12487.7	
-12114.5	
-9386.95	
-17878.5	
-10008.6	
-10964.7	
-11107.9	
-16364.2	
-443.167	
-16771.7	
-5578.95	
-8269.07	
-10393.1	
-9233.76	
-3323.62	
-5372.37	
-4153.11	
-12544.3	
-9665.03	
-18459.1	
-7946	
-14877.5	
-9430.31	
-3863.65	
-11123.2	
-9358.24	
-13042	
-11476	
-3743.14	
-5316.4	
-6232.2	
-10361.5	
-5154.83	
-9589.05	
-6031.61	
-11037.3	
-10501.3	
-10323.5	
-5403.4	
-6021.81	
-9333.53	
-4399.93	
-5589.83	
-10930.8	
-9686.31	
-7225.94	
-15821	
-7819.56	
-7475.71	
-4867.13	
-8853.79	
-9287.94	
-5144.92	
-8573.16	
-5367.26	
-18571.8	
-9050.12	
-5438.96	
-3294.61	
-8368.89	
-7852.91	
-16493.6	
-8729.25	
-16302.4	
-9531.67	
-13162.5	
-6134.67	
-16744.5	
-8671.05	
-5033.65	
-5618.64	
-15080.1	
-11368.3	
-8122.17	
-7989.86	
-4971.08	
-8687.73	
-5745.61	
-7893.66	
-10867.3	
-3699.21	
-6411.36	
-11968	
-6340.04	
-6378.95	
-7463.37	
-10230.6	
-15194.4	
-11214.6	
-8409.92	
-8643.34	
-1301.93	
-5496.95	
-5898.13	
-10693.8	
-4839.58	
-8586.25	
-8756.54	
-12110	
-11250.6	
-17221	
-5274.26	
-9454.27	
-12783.1	
-9212.55	
-5247.8	
163.352	
-12537.9	
-6432.04	
-10573	
-5802.81	
-14984	
-4597.48	
-4456.34	
-15865	
-6674.21	
-7312.02	
-7850.44	
-1526.72	
-10034.9	
107.751	
-11146.6	
-7170.89	
-9746.44	
-7808.72	
-4165.04	
-11044	
-13271.8	
-244.575	
-8480.18	
-10660	
-18772.9	
-10461.4	
-7183.64	
-5359.21	
-14151.1	
-6694.52	
-10182	
-9228.13	
-8691.86	
-7434.62	
-4740.72	
-7303.43	
-8385.75	
-13963.5	
-7670.72	
-16929.7	
-9537.87	
-9060.28	
-677.415	
-6073.86	
-6354.53	
-7092.98	
-9748.35	
-10963.1	
-6402.48	
-219.531	
-14967.4	
-16524.9	
-10136.8	
-5901.02	
71.822	
-509.997	
-12031.4	
-65.3495	
-155.197	
-3681.38	
-110.905	
-9294.52	
-11897.6	
-12528.9	
-6577.99	
-3958.58	
-582.971	
-139.189	
-11818	
-11972.2	
-279.341	
-19001.2	
-12931.6	
-3277.21	
-9559.16	
-3668.39	
-8176.46	
-403.187	
-11527.5	
-4862.99	
-9392.83	
-12831.2	
-5726.67	
-5549.78	
-6479.1	
-17397.7	
-7729.38	
-3463.61	
-10688.1	
-8945.95	
-7401.26	
-6326.18	
-16688.1	
-3153.64	
-5574.82	
-11876.4	
-2523.79	
-10136.8	
-8935.08	
-3549.09	
-5107.23	
-3722.39	
-6168.14	
-6454.19	
-8400.9	
-6609.09	
-12711.5	
-7447.03	
-7762.96	
-9721.89	
-10029.3	
-11335.7	
-458.813	
-4239.24	
-6634.33	
-413.491	
109.404	
-251.642	
-10.5341	
-4595.09	
-12059.7	
-18.9326	
-5964.75	
-6525.01	
-6970.37	
-5702.78	
-16130.5	
-6230.92	
-9482.36	
-11.0807	
-10577.6	
-10379.5	
-221.295	
-481.304	
-5640.96	
-7807.58	
-15183.4	
-2940.77	
-12217.5	
-4851.64	
-15920.5	
-7412.35	
-1530.15	
-7642.95	
-9168.26	
-11570.8	
-7892.2	
-10880.5	
-12735.3	
-11372	
-8484.7	
79.0314	
-3473.38	
-11654.2	
-7662.58	
-13903.3	
-7018.64	
-6744.81	
-8934.2	
-8010.42	
-8379.09	
-7600.37	
-12152.3	
-16816.6	
-7531.37	
-7180.91	
-18621.9	
-13983.8	
-12148.4	
-21553	
-5403.95	
-7974.08	
-7712.99	
-10580.4	
-13035.3	
-10355.7	
-7543.09	
-20078.9	
-8668.72	
-10126.5	
-5099.47	
-9753.67	
-6918	
-17880.5	
-8524.4	
-4482.01	
-8661.79	
-11276	
-1133.39	
-10291.3	
-152.248	
-214.392	
-4787.61	
-6687.17	
-7990.82	
-8216.63	
-7144.2	
-15987.4	
-12427.2	
-7663.86	
-6984.13	
-7935.26	
-5845.48	
23.2744	
-7467.58	
-3361.01	
-553.879	
-16048.5	
-299.969	
-8359.21	
-13556.9	
-7693.03	
-7005.09	
-185.607	
-5699.96	
-7981.99	
-7998.84	
-7879.2	
-17892.9	
-6981.24	
-7702.39	
-7807.76	
-14869.7	
-15824.6	
-7316.61	
-17949.6	
-2648.01	
-5470.8	
-6110.3	
-10988	
-4735.72	
-16292	
-10322.1	
-5885.43	
-6432.37	
-2158.15	
-6253.12	
-9409.91	
-11207.8	
-7745.6	
-8312.78	
-9485.76	
-3362.88	
-7040.98	
-11966	
-5001.23	
-5774.92	
-10353.8	
-14409.5	
-4904.17	
-16957.8	
-12391.7	
-6317.01	
-6782.3	
-14718.7	
-7523.22	
-6433.41	
-5941.17	
-6570.29	
-3612.89	
-16016.8	
-12659.8	
-12805.7	
-6935.63	
-8461.12	
-12563.3	
-18904.1	
-14219.2	
-4637.7	
-11256.3	
-5681.13	
-10733.4	
-2703.09	
-3802.91	
-15503	
-4854.71	
-7150.07	
-5683.01	
-4344.62	
-13709.8	
-7926.32	
-13296.7	
-20862.1	
-12833.1	
-3458.37	
-6406.59	
-9311.27	
-14617.6	
-10653	
-18950.1	
-14903.3	
-7607.94	
-18424.4	
-10694.9	
-4476.81	
-7132.28	
-13514.7	
-6926.52	
-15563.9	
-11061.5	
-9009.34	
-17090.1	
-5378.23	
-5551.97	
-5636.82	
-6593.51	
-16465.2	
-6670.1	
-6556	
-16842	
-3528.29	
-15461.8	
-15430.9	
-7241.21	
-12503	
-4750.95	
-6758.83	
-4493.92	
-17906.1	
-6527.22	
-15655.9	
-9288.35	
-17341.4	
-7291.05	
-15370.2	
-12564.6	
-7999.38	
-10131.6	
-4195.37	
-6706.01	
-12413.8	
-12625.9	
-17380.4	
-7290.6	
-7225.3	
-13605.6	
-10744.8	
-17942.2	
-6427.63	
-8139.55	
-19774.3	
-10624.8	
-7489.57	
-6600.37	
-2151.91	
-7177.15	
-8236.54	
-11205	
-7309.48	
-4397.63	
-13675.3	
-7503.86	
-6192.86	
-8214.95	
-10448.9	
-15561.5	
-8943.55	
-15709.7	
-15361.9	
-9613.83	
-11738.1	
-3086.22	
-20959.6	
-19841.9	
-7479.63	
-5524.16	
-6392.54	
-17418.5	
-10061.6	
-361.322	
-7337.95	
-11606.7	
-10087.7	
-18425.1	
-7254.9	
-9910.1	
-16019	
-4840.32	
-8125.3	
-9683.86	
-11149.7	
-17952.2	
-11578.4	
-4211.94	
-13864	
-5836.66	
-14063.5	
-6833.71	
-4346.46	
-16923.4	
-9307.39	
-9500.06	
-9378.57	
-10357.4	
-14515.7	
-5464.42	
-14576.1	
-14270.7	
-6384.84	
-13000.2	
-6671.49	
-3185.55	
-15898.1	
-8344.23	
-7010.44	
-6618.75	
-5661.43	
-3484.19	
-6385.8	
-9647.42	
-8349.87	
-9425.39	
-2648.12	
-9878.45	
-11906.5	
-14268.6	
-8812.95	
-13378.3	
-13476.5	
-8047.71	
-12245.2	
-11251	
-11859.1	
-14456	
-6404.61	
-9169.63	
-12402	
-9300.37	
-6702.57	
-15209.5	
-8426.82	
-8006.86	
-11738	
-13881.4	
-6914.84	
-9954	
-12816.4	
-12423.9	
-12540.1	
-14183.8	
-7256.45	
-13876.1	
-15665.3	
-8899.14	
-7570.61	
-10260.4	
-13779.1	
-4693.03	
-16249.1	
-11507.7	
-19478.5	
-6023.05	
-8245.53	
-14392.6	
-15929.3	
-13981.2	
-11540.4	
-14401.2	
-12566.3	
-14728.2	
-5651.08	
-9326.74	
-7370.68	
-13754.4	
-14074.4	
-7842.3	
-8645.83	
-16768.4	
-12161.9	
-8321.88	
-5943.29	
-9272.03	
-5343.85	
-12779.7	
-13702.1	
-9764.64	
-10361.1	
-9847.56	
-10116.6	
-10156.7	
-15573.7	
-11291.1	
-15006.7	
-5352.42	
-12157.8	
-13800.9	
-6346.75	
-16205.4	
-6830.18	
-12457.7	
-10724.2	
-9870.18	
-4942.22	
-12863	
-10860.4	
-6226.08	
-9061.19	
-6055.14	
-8721.78	
-12625.2	
-6442.2	
-11657.3	
-11397.5	
-4891.48	
-13848	
-10782.8	
-15288	
-10592	
-8870.42	
-9508.86	
-5233.81	
-15092.2	
-7519.5	
-4964.83	
-14022.5	
-14668.7	
-2244.74	
-8437.54	
-9369.94	
-10312.1	
-3276.24	
-12386.6	
-9997.84	
-19503.1	
-13211.6	
-11031.9	
-6834.39	
-19129.3	
-9555.36	
-12842.7	
-7697.84	
-8714.29	
-3984.61	
-9572	
-5872.17	
-15843.9	
-7065.01	
-12617.6	
-6112.79	
-12283.3	
-12090.6	
-3675.2	
-14137.9	
-13649.3	
-13692	
-11789.4	
-10921.9	
-11727.3	
-10662.1	
-17433.9	
-5425.9	
-7491.46	
-13751	
-17230.5	
-11278.1	
-13792.5	
-8684.83	
-8568.51	
-6982.02	
-11776.6	
-11786.4	
-10964	
-13979.6	
-10309.8	
-9344.87	
-16160.6	
-11503.6	
-14162.9	
-6757.8	
-11020.5	
-11794.9	
-11104	
-11155.2	
-10498.4	
-8860.57	
-13775.9	
-17206.2	
-5276.95	
-7693.46	
-10900.9	
-10785.7	
-8850.7	
-10046.3	
-13662.3	
-10156.9	
-12298.8	
-9613.31	
-6788.8	
-5767.53	
-10607.2	
-8679.93	
-8529.27	
-14792	
-11700.1	
-10104.5	
-13156.6	
-20348.4	
-6559.95	
-10559.5	
-13712.2	
-11066.3	
-12338.5	
-14315.1	
-10044.9	
-8683.8	
-10882.1	
-9600.01	
-10082.9	
-13032.2	
-8057.06	
-10628.5	
-10005.5	
-12768.3	
-6237.12	
-13193.4	
-10581.3	
-8072.93	
-13545.5	
-10230.3	
-9398.35	
-16694.9	
-8468.24	
-12265	
-11075.4	
-19703.7	
-3016.18	
-11314.4	
-8873.14	
-9865.89	
-5064.32	
-8314.63	
-10764.3	
-12641	
-12292.9	
-6704.25	
-8728.92	
-9981.5	
-16741.9	
-19338.4	
-12388.9	
-9360.91	
-12193.5	
-12933.8	
-6684.4	
-9965.49	
-9811.83	
-8047.3	
-9084.61	
-12830.5	
-8853.4	
-18967	
-10475.9	
-10185	
-7277.99	
-11192.8	
-9281.16	
-15086.7	
-9389.75	
-20690.2	
-9426.13	
-11208.5	
-9367.73	
-11763.8	
-8499.78	
-20910.9	
-7699.69	
-8380.24	
-11302.5	
-14636.2	
-8052.78	
-4639.17	
-8843.76	
-20183.1	
-7078.94	
-17731.5	
-13614	
-14296.8	
-11993.7	
-10312.9	
-8399.8	
-5413.31	
-5456.89	
-5498.75	
-9414.74	
-9623.32	
-17080.1	
-5209.66	
-10293.1	
-16646.4	
-12533.4	
-20877.6	
-8775.9	
-4568.71	
-3111.57	
-7289.76	
-7799.09	
-17963.3	
-20817.8	
-16052.2	
-7726.95	
-8811.41	
-12951.4	
-15135.3	
-7452.4	
-5075.91	
-7507.12	
-16490.4	
-11416.1	
-10289.3	
-13641.4	
-7128.65	
-7076.35	
-11036.2	
-9138.48	
-15466.6	
-15907.8	
-10625.5	
-15315.2	
-18026.6	
-10025.1	
-13352.9	
-17644.7	
-13273.8	
