68179.4	
1.56355e+06	
34891	
2.27516e+06	
39111.5	
2.85751e+06	
3.62653e+06	
3.73594e+06	
2.27558e+06	
3.26216e+06	
59390	
52784.4	
4.02958e+06	
4.4577e+06	
3.50217e+06	
4.65961e+06	
4.07413e+06	
1.78659e+06	
5.31736e+06	
4.19773e+06	
2.50636e+06	
5.19517e+06	
5.64074e+06	
179207	
2.70821e+06	
3.41939e+06	
39900.1	
31053.4	
6.3682e+06	
6.50423e+06	
19804.7	
3.86287e+06	
5.53185e+06	
41015.6	
2.24338e+06	
25227	
5.52127e+06	
26186.3	
44439.2	
1.7805e+06	
3.52048e+06	
23387	
3.59927e+06	
3.89774e+06	
8.34255e+06	
4.20902e+06	
4.13266e+06	
5.41216e+06	
4.49798e+06	
2.70465e+06	
5.03592e+06	
8.17226e+06	
3.55136e+06	
2.18336e+06	
2.41114e+06	
3.68339e+06	
5.43349e+06	
3.86568e+06	
5.97823e+06	
2.12652e+06	
4.97756e+06	
6.15567e+06	
4.10148e+06	
8.98603e+06	
4.37011e+06	
5.10283e+06	
5.45566e+06	
6.91675e+06	
177580	
7.90312e+06	
2.71179e+06	
3.34229e+06	
5.52334e+06	
4.80643e+06	
2.05307e+06	
2.15206e+06	
2.63959e+06	
5.28691e+06	
5.97398e+06	
8.85337e+06	
3.25045e+06	
6.52233e+06	
4.57698e+06	
2.11842e+06	
5.22385e+06	
5.15583e+06	
4.86655e+06	
4.60864e+06	
3.29381e+06	
2.56706e+06	
3.48784e+06	
3.54555e+06	
1.98859e+06	
3.49395e+06	
2.98208e+06	
3.95629e+06	
4.96635e+06	
6.02801e+06	
1.96175e+06	
3.75612e+06	
4.26758e+06	
2.51582e+06	
3.02556e+06	
4.96072e+06	
4.50351e+06	
3.26335e+06	
7.86523e+06	
3.58649e+06	
3.20102e+06	
1.73396e+06	
4.21427e+06	
3.79844e+06	
3.29357e+06	
4.78304e+06	
1.80497e+06	
7.81923e+06	
4.86427e+06	
3.04443e+06	
1.91538e+06	
3.66219e+06	
3.5114e+06	
8.47682e+06	
3.69295e+06	
7.48214e+06	
4.57564e+06	
6.36541e+06	
2.60004e+06	
7.54317e+06	
3.15754e+06	
1.77502e+06	
2.56268e+06	
6.04199e+06	
5.09752e+06	
4.48848e+06	
3.00418e+06	
2.42515e+06	
4.39972e+06	
3.5186e+06	
2.92076e+06	
4.37417e+06	
2.45056e+06	
3.47152e+06	
6.78414e+06	
3.25239e+06	
3.94863e+06	
3.52567e+06	
5.91921e+06	
7.47388e+06	
6.92532e+06	
4.83211e+06	
3.80572e+06	
1.49344e+06	
3.01342e+06	
2.43412e+06	
5.17518e+06	
2.75911e+06	
3.91218e+06	
4.20497e+06	
5.75559e+06	
6.04043e+06	
7.90003e+06	
1.89781e+06	
4.4717e+06	
5.30784e+06	
4.38476e+06	
2.29852e+06	
174938	
5.93384e+06	
3.15632e+06	
5.53176e+06	
4.71071e+06	
7.05757e+06	
2.52589e+06	
2.30646e+06	
7.05022e+06	
3.71337e+06	
3.21017e+06	
3.97794e+06	
350707	
5.14485e+06	
241500	
4.4006e+06	
3.804e+06	
3.66836e+06	
3.24091e+06	
2.31892e+06	
5.48563e+06	
5.89515e+06	
228628	
4.7599e+06	
5.28101e+06	
8.42749e+06	
3.50955e+06	
4.17298e+06	
2.31498e+06	
5.56236e+06	
3.82103e+06	
3.62935e+06	
5.33498e+06	
3.5076e+06	
4.72207e+06	
2.31284e+06	
3.52087e+06	
4.85866e+06	
7.04496e+06	
2.92296e+06	
8.03948e+06	
4.16937e+06	
4.30696e+06	
216416	
2.27109e+06	
3.71599e+06	
3.73891e+06	
4.62476e+06	
5.11962e+06	
3.39605e+06	
209307	
5.43418e+06	
6.9956e+06	
5.42027e+06	
3.40653e+06	
116044	
131163	
5.10154e+06	
112969	
105949	
2.79501e+06	
66512.7	
4.82498e+06	
4.53009e+06	
5.33495e+06	
3.69876e+06	
2.21731e+06	
73869.7	
177157	
6.40885e+06	
5.00252e+06	
116613	
8.06651e+06	
4.83266e+06	
1.72981e+06	
4.06684e+06	
1.7949e+06	
3.90495e+06	
102644	
5.13293e+06	
3.44636e+06	
4.88601e+06	
5.51206e+06	
3.66211e+06	
2.74926e+06	
3.37338e+06	
7.25922e+06	
5.0261e+06	
2.79028e+06	
5.24226e+06	
4.50031e+06	
3.73407e+06	
3.31073e+06	
6.77861e+06	
2.59089e+06	
2.96065e+06	
5.20528e+06	
2.17001e+06	
4.6713e+06	
3.86777e+06	
2.12733e+06	
2.19596e+06	
1.89728e+06	
4.0016e+06	
5.00424e+06	
3.70016e+06	
3.68308e+06	
4.54541e+06	
4.23147e+06	
4.8851e+06	
3.45942e+06	
5.09707e+06	
7.14005e+06	
103565	
1.89326e+06	
4.41614e+06	
87907.2	
77302.5	
80959.7	
79544.9	
2.09675e+06	
5.15155e+06	
84584.9	
2.01893e+06	
3.19459e+06	
3.58194e+06	
3.39103e+06	
7.80626e+06	
3.38023e+06	
4.34943e+06	
58615.5	
4.5772e+06	
4.87329e+06	
66084.7	
89193.6	
2.12634e+06	
3.6669e+06	
6.29249e+06	
1.7709e+06	
5.02047e+06	
3.43226e+06	
7.02898e+06	
3.34143e+06	
1.34114e+06	
4.34637e+06	
3.33276e+06	
5.27661e+06	
3.38751e+06	
4.99923e+06	
5.13607e+06	
3.83715e+06	
4.62671e+06	
60362.1	
2.10712e+06	
5.11129e+06	
3.19947e+06	
7.35262e+06	
3.21336e+06	
3.27338e+06	
3.38787e+06	
4.17663e+06	
4.3962e+06	
3.30159e+06	
6.23279e+06	
7.61431e+06	
4.52507e+06	
4.24253e+06	
8.53795e+06	
7.12024e+06	
6.53184e+06	
8.95722e+06	
2.17083e+06	
3.39997e+06	
4.08275e+06	
5.70359e+06	
6.57001e+06	
4.26843e+06	
3.775e+06	
8.47123e+06	
4.74335e+06	
4.49642e+06	
3.51461e+06	
4.34424e+06	
3.16649e+06	
7.6944e+06	
4.06656e+06	
3.14605e+06	
4.10386e+06	
4.00481e+06	
864293	
4.75539e+06	
43765.2	
46395.1	
1.99182e+06	
2.94119e+06	
3.18463e+06	
3.49437e+06	
3.62011e+06	
7.80382e+06	
6.38977e+06	
3.83444e+06	
3.24383e+06	
4.09902e+06	
3.00027e+06	
51225.9	
3.62973e+06	
2.92885e+06	
184067	
7.6071e+06	
35718.6	
3.82141e+06	
5.96364e+06	
4.21381e+06	
2.95286e+06	
21252.8	
3.04462e+06	
3.927e+06	
3.60202e+06	
2.9105e+06	
8.46599e+06	
3.12996e+06	
4.02782e+06	
3.77824e+06	
5.93982e+06	
7.26839e+06	
3.83239e+06	
7.43287e+06	
1.62786e+06	
3.85558e+06	
2.2569e+06	
4.85514e+06	
3.52876e+06	
7.25923e+06	
5.18015e+06	
2.94057e+06	
3.50072e+06	
1.57168e+06	
3.87624e+06	
3.80851e+06	
4.6848e+06	
3.88333e+06	
3.80607e+06	
4.74655e+06	
1.94909e+06	
3.24682e+06	
5.82813e+06	
3.01197e+06	
2.72082e+06	
4.94318e+06	
8.05068e+06	
1.9083e+06	
8.35409e+06	
5.57019e+06	
3.45379e+06	
3.80244e+06	
6.92775e+06	
3.58448e+06	
3.57691e+06	
2.76458e+06	
3.05735e+06	
1.94549e+06	
7.2926e+06	
6.89655e+06	
8.09139e+06	
3.11017e+06	
3.28548e+06	
5.70554e+06	
9.12621e+06	
7.79882e+06	
1.80402e+06	
4.59999e+06	
4.77192e+06	
5.49299e+06	
1.95678e+06	
2.4697e+06	
8.08587e+06	
2.84047e+06	
3.55913e+06	
2.94318e+06	
2.00758e+06	
7.38337e+06	
3.73457e+06	
7.07434e+06	
8.57807e+06	
7.97503e+06	
1.57949e+06	
3.67008e+06	
5.20942e+06	
6.98888e+06	
5.53768e+06	
7.63071e+06	
7.09558e+06	
3.61422e+06	
7.26079e+06	
4.52963e+06	
2.73916e+06	
3.72373e+06	
6.97351e+06	
3.74865e+06	
7.37965e+06	
5.30226e+06	
5.1291e+06	
7.82856e+06	
2.85434e+06	
2.6756e+06	
3.10389e+06	
3.55448e+06	
8.19787e+06	
3.41683e+06	
3.61064e+06	
7.36223e+06	
2.73107e+06	
6.80036e+06	
7.10696e+06	
3.37293e+06	
5.4405e+06	
3.64239e+06	
3.30954e+06	
2.64464e+06	
7.84638e+06	
3.55071e+06	
6.64555e+06	
3.45323e+06	
6.46991e+06	
2.93726e+06	
6.72702e+06	
5.31219e+06	
4.32967e+06	
4.97438e+06	
3.58154e+06	
4.45417e+06	
7.12826e+06	
6.69004e+06	
7.51753e+06	
3.28629e+06	
3.4615e+06	
7.06422e+06	
7.05199e+06	
8.13283e+06	
2.53664e+06	
3.56375e+06	
8.10594e+06	
4.41071e+06	
2.96916e+06	
4.32833e+06	
1.64367e+06	
4.79812e+06	
4.53062e+06	
6.569e+06	
2.54102e+06	
3.31869e+06	
6.4341e+06	
3.42427e+06	
2.96139e+06	
3.53471e+06	
4.93137e+06	
6.53192e+06	
4.40762e+06	
7.03612e+06	
7.21951e+06	
5.1984e+06	
6.89483e+06	
1.71397e+06	
6.93166e+06	
9.30415e+06	
3.38699e+06	
2.28234e+06	
2.8996e+06	
7.33472e+06	
3.69066e+06	
160454	
3.49003e+06	
4.92078e+06	
5.05641e+06	
8.04052e+06	
3.11416e+06	
4.44876e+06	
6.41886e+06	
2.40321e+06	
3.29557e+06	
3.59701e+06	
6.4813e+06	
6.40108e+06	
6.89233e+06	
2.28549e+06	
6.1906e+06	
3.17887e+06	
6.85966e+06	
3.24681e+06	
2.4815e+06	
7.45324e+06	
4.31997e+06	
4.26989e+06	
4.0629e+06	
6.03481e+06	
6.23619e+06	
2.94419e+06	
6.07681e+06	
7.14074e+06	
3.13368e+06	
6.10301e+06	
2.4291e+06	
2.74819e+06	
7.47632e+06	
4.05912e+06	
3.11253e+06	
2.86588e+06	
2.40388e+06	
1.48768e+06	
2.91383e+06	
5.42928e+06	
3.89563e+06	
4.85971e+06	
1.68453e+06	
3.94914e+06	
6.04189e+06	
6.39493e+06	
3.25105e+06	
6.94023e+06	
5.97869e+06	
6.11349e+06	
6.03353e+06	
6.16238e+06	
6.38869e+06	
6.4019e+06	
4.64817e+06	
5.29024e+06	
5.21223e+06	
4.30055e+06	
3.99544e+06	
8.28694e+06	
2.86713e+06	
2.95924e+06	
3.92816e+06	
5.82894e+06	
2.7591e+06	
3.88821e+06	
5.93176e+06	
5.81122e+06	
4.44406e+06	
6.34412e+06	
2.92448e+06	
5.96673e+06	
5.97482e+06	
4.00952e+06	
2.85415e+06	
4.43186e+06	
6.28123e+06	
2.0606e+06	
7.91311e+06	
5.75922e+06	
8.16537e+06	
2.68371e+06	
3.86291e+06	
5.70299e+06	
5.8401e+06	
7.08306e+06	
5.31551e+06	
5.80729e+06	
5.51658e+06	
5.79324e+06	
3.79721e+06	
5.94808e+06	
3.95475e+06	
5.73177e+06	
8.10456e+06	
4.47377e+06	
5.50964e+06	
7.07308e+06	
5.27906e+06	
4.22654e+06	
2.65711e+06	
3.71678e+06	
2.67774e+06	
5.49276e+06	
5.76276e+06	
4.17586e+06	
5.27127e+06	
5.42732e+06	
4.42638e+06	
5.55238e+06	
7.41579e+06	
5.61993e+06	
6.12668e+06	
2.55221e+06	
5.22461e+06	
6.43841e+06	
2.40227e+06	
6.90579e+06	
3.82082e+06	
5.4653e+06	
4.08623e+06	
5.5247e+06	
2.68275e+06	
5.58725e+06	
5.57868e+06	
2.27643e+06	
4.27239e+06	
2.75255e+06	
4.2268e+06	
6.28099e+06	
3.51807e+06	
5.25246e+06	
5.6412e+06	
2.21841e+06	
7.22564e+06	
5.27121e+06	
7.39269e+06	
5.23278e+06	
4.02504e+06	
4.05666e+06	
2.25945e+06	
7.08531e+06	
5.25994e+06	
3.35307e+06	
5.15329e+06	
6.12894e+06	
2.09979e+06	
3.98659e+06	
4.39646e+06	
3.92607e+06	
1.62521e+06	
5.59731e+06	
4.75996e+06	
8.13324e+06	
5.47107e+06	
5.14253e+06	
3.38033e+06	
7.31916e+06	
4.95034e+06	
5.2663e+06	
3.5407e+06	
4.93271e+06	
2.11694e+06	
5.60642e+06	
2.95901e+06	
6.65082e+06	
3.74463e+06	
6.85985e+06	
3.39787e+06	
6.15732e+06	
5.39153e+06	
1.98808e+06	
5.34156e+06	
4.85095e+06	
7.05169e+06	
5.01027e+06	
5.08542e+06	
5.51671e+06	
4.92543e+06	
7.24868e+06	
1.90357e+06	
3.3034e+06	
6.72554e+06	
6.99867e+06	
4.87845e+06	
5.16889e+06	
3.81952e+06	
4.47252e+06	
3.44442e+06	
4.87173e+06	
5.11042e+06	
5.29723e+06	
7.06605e+06	
4.68635e+06	
4.98929e+06	
6.55988e+06	
5.75582e+06	
6.58637e+06	
3.72528e+06	
4.87319e+06	
6.18254e+06	
5.45535e+06	
4.90173e+06	
5.1017e+06	
3.8501e+06	
6.65702e+06	
7.35218e+06	
2.59925e+06	
4.51606e+06	
4.97743e+06	
5.22366e+06	
5.4865e+06	
6.1406e+06	
7.23537e+06	
4.45593e+06	
6.3684e+06	
4.56894e+06	
3.59173e+06	
1.98834e+06	
4.74656e+06	
4.28232e+06	
4.85073e+06	
6.15821e+06	
5.38859e+06	
4.83316e+06	
6.06885e+06	
8.66014e+06	
4.42467e+06	
5.55728e+06	
6.59187e+06	
4.63756e+06	
6.01672e+06	
6.15745e+06	
5.09723e+06	
4.47332e+06	
4.44991e+06	
4.59985e+06	
6.2171e+06	
4.627e+06	
4.15646e+06	
4.12617e+06	
4.74411e+06	
5.69042e+06	
4.40654e+06	
6.21945e+06	
4.50348e+06	
5.78128e+06	
5.53496e+06	
4.65834e+06	
4.47862e+06	
6.44769e+06	
3.96401e+06	
5.88722e+06	
4.86064e+06	
8.68906e+06	
2.27097e+06	
5.15419e+06	
4.67004e+06	
4.21286e+06	
2.50866e+06	
4.56071e+06	
5.37006e+06	
6.20891e+06	
5.77302e+06	
4.32664e+06	
5.16385e+06	
4.66117e+06	
7.81915e+06	
9.34382e+06	
5.91779e+06	
4.43737e+06	
7.45577e+06	
5.77283e+06	
3.97375e+06	
4.92309e+06	
4.4974e+06	
4.40856e+06	
4.14723e+06	
5.71227e+06	
5.00501e+06	
9.03481e+06	
4.63685e+06	
4.02703e+06	
4.0595e+06	
4.19573e+06	
3.91926e+06	
7.8906e+06	
4.4846e+06	
9.45977e+06	
4.36002e+06	
5.49874e+06	
4.31699e+06	
4.29633e+06	
3.74311e+06	
8.56411e+06	
4.26803e+06	
3.76994e+06	
4.46075e+06	
7.02548e+06	
3.58918e+06	
2.96723e+06	
3.51228e+06	
8.93766e+06	
4.00517e+06	
7.87965e+06	
5.75871e+06	
5.74324e+06	
5.41493e+06	
3.97576e+06	
4.13279e+06	
2.8991e+06	
4.09646e+06	
3.40827e+06	
4.18703e+06	
3.77258e+06	
8.482e+06	
2.80182e+06	
4.13388e+06	
7.38881e+06	
5.21316e+06	
9.72078e+06	
3.81642e+06	
2.90953e+06	
4.1449e+06	
3.94043e+06	
5.04102e+06	
7.92116e+06	
8.76174e+06	
7.26813e+06	
3.9478e+06	
4.73693e+06	
5.84815e+06	
7.24058e+06	
3.57709e+06	
3.40663e+06	
3.95808e+06	
8.68233e+06	
4.79622e+06	
3.57726e+06	
6.95174e+06	
3.72901e+06	
3.474e+06	
4.83356e+06	
3.64841e+06	
7.55661e+06	
6.41454e+06	
4.61743e+06	
7.22846e+06	
6.90836e+06	
6.53424e+06	
6.37267e+06	
6.14445e+06	
5.74468e+06	
