-215.735	
18.8253	
-163.295	
248.13	
200.587	
-187.54	
1149.65	
787.518	
1831.72	
1615.59	
108.543	
-223.251	
913.064	
537.347	
-6.16976	
-7.0315	
632.673	
2683.39	
777.842	
672.565	
417.515	
1579.94	
905.627	
209.28	
778.507	
28.7532	
362.339	
3.85405	
652.821	
1121.56	
779.733	
556.508	
903.933	
311.389	
177.839	
-60.5468	
336.49	
-8.44656	
928.856	
917.99	
1414.56	
1774.31	
58.2537	
534.58	
389.559	
97.2648	
960.878	
926.743	
873.119	
1663.32	
1623.37	
1089.38	
464.479	
795.957	
432.586	
-676.427	
151.039	
806.962	
602.259	
329.455	
1586.98	
-357.048	
-707.301	
820.679	
-1487.77	
440.487	
1768.34	
1282.11	
371.312	
-115.463	
-67.5867	
2130.08	
-100.088	
-245.127	
-448.621	
18.8348	
177.006	
889.314	
1035.61	
-630.185	
571.085	
622.095	
847.473	
871.023	
-90.1087	
152.114	
-149.213	
1274.71	
284.965	
-38.7433	
22.0767	
866.561	
1381.02	
897.85	
-566.795	
1816.03	
-97.7726	
1740.68	
1260.82	
488.254	
1213.09	
-109.562	
544.25	
549.824	
1385.38	
-239.265	
1055.66	
1597.44	
221.299	
1367.1	
555.934	
1025.36	
-94.4888	
1130.3	
251.132	
1062.34	
2693.48	
799.182	
424.242	
63.4284	
380.867	
583.227	
8.10222	
305.807	
1194.7	
1770.81	
79.8975	
-246.633	
875.158	
734.397	
-8.46452	
328.072	
301.405	
2366.01	
421.076	
1208.99	
2190.84	
565.212	
1226.05	
1773.55	
-219.861	
-312.084	
858.816	
146.023	
1338.37	
2372.65	
393.977	
315.356	
593.325	
252.694	
1267.67	
1973.65	
956.009	
889.076	
596.096	
1308.55	
204.194	
905.739	
-637.056	
-151.9	
344.814	
1627.69	
836.217	
-138.471	
851.612	
1682.96	
3207.76	
2374.89	
491.851	
295.993	
2193.24	
2458	
542.85	
731.701	
-332.885	
428.838	
759.249	
1683.08	
504.808	
1753.57	
107.218	
-182.777	
991.09	
2290.1	
1462.82	
1203.06	
1510.81	
2118.06	
948.25	
2393.16	
804.407	
833.899	
1560.57	
2687.42	
1297.69	
875.604	
1628.4	
727.537	
2040.92	
1206.14	
1664.23	
928.508	
830.151	
1631.36	
455.16	
1176.4	
1699.56	
184.778	
2244.29	
1478.95	
309.289	
1093.1	
976.084	
609.426	
1377.05	
16.0847	
684.31	
4055.27	
656.471	
613.638	
873.154	
982.425	
259.045	
1401.13	
-116.801	
217.246	
487.067	
299.741	
557.383	
-635.285	
1915.72	
566.012	
176.493	
1145.9	
939.032	
329.443	
1138.12	
920.126	
1629.04	
423.299	
881.549	
395.014	
461.686	
257.227	
3195.15	
1103.2	
530.874	
1850.56	
1030.32	
1899.46	
401.176	
537.357	
2196.48	
3336.69	
1416.68	
1459.15	
1062.16	
-531.241	
455.378	
2175.1	
846.499	
2481.06	
3120.39	
4946.33	
1111.55	
4419.73	
3567.18	
588.77	
3447.84	
3047.41	
4209.29	
234.125	
280.086	
2340.07	
1393.62	
943.542	
3699.4	
2150.78	
2710.6	
3499.8	
1598.35	
728.828	
973.33	
1278.81	
1189.43	
1028.52	
124.501	
689.972	
1728.62	
665.104	
822.494	
251.67	
353.15	
2394.36	
2206.18	
701.498	
497.347	
1097.87	
1135.21	
646.333	
2051.74	
1211.91	
799.242	
1173.79	
-275.24	
-36.6604	
660.696	
1387.56	
1851.85	
1156.24	
304.057	
-314.771	
-554.939	
1620.55	
351.659	
1877.54	
361.177	
-510.478	
473.925	
760.785	
1363.37	
2270.28	
738.612	
290.723	
1494.81	
2061.47	
509.614	
170.963	
903.328	
810.149	
384.072	
1021.36	
812.835	
1102.08	
204.349	
81.0914	
855.864	
1003.42	
1151.85	
1885.2	
-260.265	
984.349	
762.797	
2009.25	
176.996	
1236.93	
1191.13	
2060.87	
1955.9	
1086.12	
26.7449	
284.096	
411.913	
224.302	
1227.77	
1963.58	
579.013	
1264.7	
98.1194	
1034.57	
983.435	
2889.64	
612.523	
1643.05	
1281.57	
1889.84	
2424.32	
765.34	
2726.34	
1761.62	
845.596	
628.697	
31.5656	
1317.64	
-1301.96	
1261.08	
-240.23	
335.421	
879.482	
1004.42	
1260.51	
1759.82	
1834.32	
1873.4	
-223.234	
-1135.63	
1488.07	
1597.07	
260.875	
559.795	
-171.324	
802.394	
892.182	
643.555	
-707.454	
103.7	
101.384	
1591.78	
842.237	
-27.5208	
2338.7	
541.928	
683.669	
73.5131	
-679.263	
2313.16	
898.415	
1380.3	
1032.07	
99.4867	
1398.25	
854.853	
2116.83	
1970.64	
2432.18	
125.672	
1054.13	
117.839	
467.234	
1641.38	
818.266	
2499.85	
1249.47	
1423.71	
661.849	
2191.83	
1491.82	
1483.01	
1139.25	
-701.616	
513.725	
681.832	
1945.96	
162.875	
656.258	
300.47	
2256.56	
9.93794	
1189.36	
1857.71	
3051.14	
216.237	
1446.25	
1249.87	
1638.4	
218.12	
1211.57	
1190.04	
686.995	
489.533	
-682.628	
1207.73	
-292.804	
2799.38	
107.149	
-314.632	
16.7375	
852.303	
1622.46	
1145.14	
896.367	
2657.35	
601.748	
2020.91	
647.209	
775.967	
1338.05	
1274.64	
1427.71	
-179.198	
1157.49	
2486.54	
1977.68	
-309.86	
1028.06	
3123.57	
644.684	
2313.78	
-373.393	
1561.19	
840.57	
169.4	
2072.5	
139.114	
309.519	
1585.29	
1142.07	
2119.8	
1994.71	
1152.9	
399.834	
695.162	
1507.57	
3055.77	
3155.15	
681.008	
1808.27	
3549.86	
1569.56	
1657.21	
2259.02	
504.151	
1356.15	
503.217	
2410.09	
1337.46	
192.832	
1185.6	
923.296	
1318.13	
3631.12	
719.626	
2679.37	
398.378	
-475.479	
1847.18	
1198.2	
845.2	
324.05	
2722.84	
2330.87	
2515.77	
155.591	
1804.53	
986.012	
260.82	
653.69	
-721.821	
790.848	
2118.44	
1292.37	
358.535	
-228.867	
46.1369	
226.561	
414.743	
-682.557	
344.166	
-902.986	
1567.91	
2270.36	
494.924	
559.692	
-246.407	
1232.91	
1019.94	
1695.91	
1681.69	
539.072	
1050.74	
685.47	
1083.72	
423.043	
1482.03	
1259.48	
1427.5	
1035.09	
198.177	
1452.59	
481.028	
1572.72	
688.222	
3359.87	
1348.89	
824.076	
1384.96	
1138.66	
2760.9	
981.545	
175.883	
616.517	
1657.83	
3341.57	
1759.77	
197.78	
789.786	
406.493	
-366.881	
610.769	
1358.24	
578.351	
1945.01	
1295.5	
1983.69	
2271.29	
1540.23	
1069.76	
1214.15	
970.815	
259.997	
1439.41	
1272.01	
1272.03	
1970.89	
978.273	
1445.16	
2664.85	
1090.16	
54.3685	
2350.3	
2048.23	
610.007	
1121.75	
59.2959	
1834.07	
671.089	
1381.05	
587.213	
1797.72	
-481.297	
3006.79	
618.436	
1120.41	
644.191	
2847.53	
801.136	
1402.61	
1147.51	
159.095	
1339.28	
202.316	
1.57931	
290.244	
1211.48	
809.518	
14.5354	
1137.73	
1218.8	
39.695	
350.964	
1192.28	
992.185	
1400.02	
739.153	
135.171	
881.497	
412.467	
1546.26	
2752.05	
1933.56	
3483.5	
1562.46	
1991.32	
22.8168	
307.354	
205.409	
621.322	
2742.81	
1360.33	
967.839	
1233.81	
1281.29	
1163.16	
1215.52	
1917.14	
2014.88	
1442.86	
-58.7759	
991.236	
787.341	
1663.03	
1246.34	
1172.83	
1082.86	
176.279	
846.112	
1328.48	
2595.58	
1111.63	
1419.94	
-101.905	
81.4031	
1015.92	
630.13	
21.5177	
-516.109	
1350.02	
940.011	
722.871	
1072.19	
1764.88	
1426.21	
1003.83	
1083.62	
617.885	
900.388	
-80.9594	
2236.92	
668.907	
608.546	
748.468	
2242.78	
18.4772	
1723.15	
953.347	
1286.53	
-353.003	
2125.95	
-716.161	
514.483	
1818.76	
1938.58	
959.052	
1323.9	
567.836	
438.129	
424.929	
1455.77	
718.699	
981.884	
1786.02	
456.536	
1587.02	
518.47	
706.047	
-994.517	
2018.87	
1078.57	
-33.8061	
576.18	
1105.35	
319.627	
556.837	
887.827	
1595.98	
1712.5	
810.647	
1758.49	
1517.77	
-96.402	
346.971	
1005.02	
1107.34	
1057.43	
-109.17	
515.457	
1064.48	
2348.25	
1901.05	
682.447	
858.878	
1971.7	
1149.84	
33.9725	
1118.71	
1665.17	
1455.58	
1062.25	
1746.02	
333.217	
1299.61	
941.903	
1340.63	
-227.246	
2100.28	
936.818	
2324.31	
1483.12	
1428.57	
449.876	
2871.68	
791.495	
-442.836	
3451.52	
-131.223	
401.797	
1359.25	
2390.7	
-375.368	
1556.98	
1569.66	
-261.397	
347.249	
1212.66	
-561.958	
3076.02	
1793.59	
803.252	
1029.65	
869.935	
2988.15	
2245.92	
3936.97	
1543.36	
2134.6	
86.3895	
764.063	
685.342	
-727.659	
1245.4	
-203.196	
1205.49	
1146.9	
798.641	
938.071	
3024.52	
1744.89	
246.78	
1088.89	
899.93	
3533.29	
2460.15	
570.001	
706.635	
392.291	
797.213	
855.96	
432.318	
127.333	
1173.23	
1985.52	
708.789	
2567.6	
905.107	
2535.73	
3861.87	
331.616	
445.66	
2891.47	
66.0408	
583.579	
196.753	
106.177	
-491.189	
499.859	
731.095	
885.548	
962.324	
951.383	
1305.12	
3211.42	
1504.53	
389.657	
3681.18	
352.022	
2143.57	
82.8691	
1680.55	
1442.58	
450.864	
233.406	
-144.064	
-52.804	
1605.65	
283.4	
1868.19	
517.424	
851.387	
-286.133	
745.118	
584.603	
-588.648	
334.088	
1684.99	
256.785	
3011.92	
-811.639	
3369	
1158.76	
197.442	
569.385	
726.543	
1271.4	
805.672	
524.631	
88.9668	
1438.39	
642.106	
1153.24	
173.704	
592.352	
629.77	
879.759	
3132.13	
18.1665	
1504.74	
1496.53	
799.371	
429.748	
1270.74	
392.983	
-47.1661	
922.079	
446.485	
171.324	
-651.808	
941.622	
-500.143	
-380.901	
-2.45706	
285.57	
353.723	
-132.798	
523.573	
211.856	
1284.35	
1546.42	
-586.265	
388.247	
1298.76	
302.805	
1361.4	
2223.21	
862.309	
660.8	
182.606	
-225.802	
32.3719	
53.1778	
1116.59	
1414.04	
667.638	
2161.51	
1459.97	
-173.538	
589.592	
1506.58	
351.668	
613.563	
732.474	
364.184	
1954.26	
1306.4	
1454.46	
27.4862	
1045.42	
566.522	
3158.46	
699.999	
2395.98	
2042.84	
1986.88	
918.571	
1589.57	
1478.6	
1610.69	
1798.9	
2828.64	
-119.498	
3010.1	
1665.21	
750.51	
-579.955	
2668.49	
973.801	
2222.97	
446.239	
-69.0018	
-206.078	
961.981	
-423.918	
2206.14	
640.911	
1205.89	
521.542	
1263.6	
401.206	
504.7	
2214.95	
673.693	
1665.82	
1592.72	
-440.502	
1532.56	
0.433187	
1308.82	
1154.56	
318.203	
1337.45	
1529.94	
1102.98	
184.57	
2292.53	
894.038	
879.149	
454.308	
1432.95	
865.003	
362.679	
-289.432	
563.195	
1770.05	
-817.101	
569.994	
2808.22	
833.682	
948.444	
2846.87	
1894.14	
-246.114	
3572	
639.999	
1891.67	
184.516	
1396.4	
1839.87	
3678.77	
532.621	
1552	
-247.337	
1831.61	
373.1	
762.501	
770.02	
1217.8	
782.259	
1971.99	
463.099	
742.111	
1541.82	
1397.88	
509.222	
1958.1	
2606.81	
1201.24	
823.616	
538.148	
1317.7	
1142.7	
1811.58	
1274.51	
489.965	
1828.79	
546.024	
736.214	
486.248	
-269.325	
-46.7857	
1753.11	
999.468	
1183.48	
570.657	
3354.45	
1338.52	
-304.642	
301.042	
634.997	
1092.26	
415.405	
704.903	
1387.21	
2200.45	
-349.372	
1669.09	
1647.11	
701.34	
1506.84	
1007.69	
1335.24	
3200.15	
1511.42	
1265.32	
567.007	
446.993	
1722.8	
493.951	
376.986	
513.662	
2285.13	
35.3195	
1889.16	
215.927	
1459.96	
-209.509	
1220.77	
370.439	
-46.1468	
2722.81	
-73.8483	
1943.76	
1488.42	
498	
476.611	
482.25	
408.085	
-94.2214	
395.393	
686.68	
1161.99	
2806.32	
624.434	
2323.9	
-452.861	
247.698	
-238.842	
-341.347	
1225.49	
1111.63	
823.473	
29.9547	
1631.12	
1602.7	
1671.6	
3844.77	
2682.4	
3.09768	
848.355	
2271.75	
2020.82	
3808.63	
831.308	
498.87	
1046.97	
1016.68	
1275.79	
1575.39	
292.489	
342.327	
1392.13	
882.415	
367.365	
322.887	
1371.24	
1301.14	
-317.27	
1283.63	
1166.27	
962.71	
1386.69	
2598.32	
-483.093	
1963.49	
708.749	
599.256	
-482.862	
451.545	
1414.21	
186.008	
412.179	
898.004	
838.363	
1237.05	
1748.93	
1704.74	
1373.26	
265.851	
693.28	
330.217	
1327.32	
-77.5298	
1308.71	
1599.21	
2158.85	
1154.47	
841.477	
411.914	
3158.62	
566.414	
1675	
2047.96	
2555.67	
1163.49	
513.112	
2624.65	
3513.29	
1307.49	
-82.4692	
2822.53	
41.0991	
773.283	
1387.56	
719.61	
1314.66	
2420.08	
220.208	
3190.98	
1321.38	
579.362	
189.687	
2266.41	
2536.91	
418.937	
2749.51	
1390.21	
368.506	
4487.29	
1151.82	
-135.784	
-29.4317	
1204.59	
1344.2	
406.904	
147.199	
754.084	
774.199	
1063.84	
-279.878	
573.155	
938.94	
-5.71865	
-482.101	
1126.65	
862.594	
759.086	
1392.75	
885.357	
1686.1	
154.628	
816.27	
775.064	
-310.142	
857.882	
1236.11	
933.061	
-712.025	
741.628	
862.403	
200.846	
1934.62	
2028.49	
755.671	
-70.8737	
896.254	
2491.77	
622.624	
535.846	
268.325	
1874.52	
-303.116	
-1246.37	
1035.9	
837.165	
-285.74	
273.181	
1165.52	
1203.5	
843.38	
-72.2582	
749.066	
371.894	
1245.49	
563.844	
954.526	
2829.49	
1129.13	
1266.44	
736.996	
590.825	
1269.15	
737.579	
1933.24	
1284.54	
941.438	
2180.71	
1422.65	
1763.83	
2113.55	
1200.94	
754.366	
1203.39	
1357.27	
2805.64	
2087.63	
201.759	
224.269	
4215.72	
1693.93	
3481.81	
2576.24	
1977.08	
919.001	
1102.56	
1648.23	
315.736	
-30.1429	
648.271	
2129.34	
2366.31	
1061.39	
2677.28	
408.868	
897.467	
697.514	
801.795	
547.669	
207.766	
1036.45	
1675.34	
-870.149	
448.092	
801.878	
284.753	
440.843	
289.091	
2606.52	
750.913	
437.281	
577.105	
2086.26	
1493.64	
2472.42	
654.952	
298.787	
-127.027	
280.163	
2313.61	
1820.92	
2875.44	
1575.07	
1563.71	
632.435	
1989.35	
2636.53	
1953.32	
983.426	
1071.39	
1792.84	
1196.4	
492.068	
403.22	
825.719	
703.947	
223.753	
755.409	
1613.88	
2747.58	
197.339	
2700.38	
1430.17	
322.682	
1061.93	
1995.61	
1640.13	
882.042	
2015.41	
2730.75	
231.899	
-162.23	
949.706	
953.837	
143.785	
2972.83	
1657.08	
213.496	
948.003	
970.232	
1680.39	
2104.46	
1385.56	
1589.41	
2684.49	
48.9069	
1048.17	
1119.06	
-225.022	
601.381	
2122.37	
590.981	
1945.72	
1043.49	
755.776	
2532.32	
-507.233	
2737.71	
1655.47	
3584.27	
1587.27	
1458.47	
-57.0735	
820.818	
2818.81	
852.854	
464.135	
2793.96	
1204.85	
1185.68	
337.121	
-224.32	
1017.33	
1485.45	
549.445	
-484.749	
-202.409	
98.8642	
45.0432	
513.012	
851.001	
1532.92	
89.8696	
1487.63	
455.357	
-56.2055	
789.123	
1124.61	
544.661	
-12.6878	
903.74	
1617.79	
1194.42	
367.521	
622.044	
289.22	
413.123	
597.749	
1015.22	
1842.81	
-388.033	
566.544	
278.931	
496.84	
2437.89	
1142.13	
536.448	
2201.88	
-793.999	
1427.6	
782.51	
1511.29	
3203.72	
116.539	
3122.96	
1097.12	
975.029	
-54.8585	
-242.406	
227.902	
3594.06	
1191.85	
415.527	
502.785	
689.47	
19.9728	
2643.64	
269.985	
66.4578	
1619.37	
2359.83	
1291.87	
147.109	
-245.186	
1558.12	
1663.15	
153.059	
99.2681	
2548.89	
962.533	
622.497	
879.375	
2620.48	
987.997	
719.186	
1988.61	
1561.82	
3159.74	
465.035	
765.167	
2880.73	
1579.61	
805.762	
458.345	
1936.31	
2378.7	
2725.35	
670.209	
655.747	
649.56	
2372.15	
2882.75	
2047.44	
2570.63	
1267.02	
819.58	
707.723	
103.38	
349.33	
-291.332	
460.129	
1733.08	
159.818	
289.128	
27.1679	
662.805	
636.536	
425.946	
716.607	
2682.97	
847.891	
482.708	
671.245	
1318.24	
3339.92	
1464.34	
2551.5	
854.363	
1098.77	
-173.627	
1405.11	
927.598	
2963.59	
3164.79	
1362.16	
2714.1	
333.362	
-139.468	
2740.23	
1857.59	
-25.4429	
-75.7981	
1331.92	
317.034	
812.326	
1399.28	
366.665	
1339.08	
367.935	
463.223	
1556.44	
865.681	
1840.77	
1388.68	
1410.97	
469.513	
786.206	
594.403	
1415.51	
-543.879	
3292.75	
804.672	
2483.84	
2907	
837.567	
368.675	
1918.44	
732.248	
794.735	
1104.43	
387.286	
1122.87	
1499.38	
2124.74	
3004.25	
1605.97	
1272.74	
1008.46	
29.378	
348.533	
1613.92	
1682.33	
1507.69	
1170.39	
2125.2	
971.909	
2189.19	
1681.24	
956.924	
4727.55	
1789.82	
331.061	
1007.31	
868.54	
1316.13	
694.258	
606.377	
1524.17	
-1294.18	
561.83	
1739.32	
-8.29659	
1086.03	
227.732	
1466.29	
1614.52	
2248.91	
3359.59	
345.448	
3037.15	
-164.181	
-587.226	
2133.83	
355.089	
373.53	
535.23	
2349.22	
547.266	
2766.3	
3873.02	
1019.33	
210.934	
555.245	
97.866	
552.879	
550.981	
1186.65	
2351.08	
73.5369	
490.946	
3767.68	
4408.52	
962.531	
675.837	
2195.31	
397.265	
55.6244	
195.958	
849.958	
453.189	
1001.37	
2198.34	
954.472	
-128.352	
665.159	
905.786	
278.084	
654.284	
1022.83	
168.469	
1844.98	
624.252	
-547.823	
1728.04	
645.408	
462.178	
1639.89	
1219.51	
352.161	
1990.46	
245.661	
-618.539	
1354.61	
946.763	
390.93	
505.297	
1498.66	
641.313	
1162.51	
2381.43	
1210.85	
658.274	
372.418	
-347.225	
1241.94	
1037.37	
68.0449	
1157.28	
2195.05	
-504.567	
430.485	
569.366	
-362.499	
1315.53	
3880.5	
1630.86	
799.654	
1120.7	
1196.45	
99.5719	
740.581	
2823.73	
58.564	
123.253	
581.002	
1748.07	
1239.59	
1673.96	
211.92	
40.1678	
431.533	
859.3	
861.552	
1738.13	
-590.495	
136.158	
-674.101	
3104.72	
1529.71	
1197.6	
1143.13	
675.08	
687.219	
551.206	
587.227	
2021.7	
2061.34	
1111.65	
4281.42	
1524.56	
1508.93	
450.171	
1607.77	
1003.81	
106.695	
0.465131	
-56.5247	
926.966	
941.253	
755.787	
1113.79	
1690.74	
1680.41	
1562.9	
766.53	
1023.31	
1926.18	
1069.99	
1208.74	
-277.533	
438.692	
822.832	
2164.3	
1092.36	
1075.87	
499.835	
2145.69	
1290.55	
318.116	
648.257	
585.886	
1279.04	
1209.29	
246.809	
-468.864	
905.591	
121.236	
1340.71	
941.709	
1654.76	
3046.18	
1274.94	
1306.64	
120.23	
5615.92	
1287.52	
611.187	
283.048	
2201.3	
604.962	
1118.15	
3203.66	
-235.27	
240.99	
2815.13	
2182.09	
1429.96	
2962.3	
696.606	
1080.06	
937	
2637.47	
1261.74	
414.407	
2196.59	
1050.87	
544.668	
740.685	
1806.53	
832.346	
333.289	
626.325	
2570.11	
888.294	
3300.35	
542.434	
1577.05	
604.165	
1551.96	
166.439	
-68.6031	
1738.73	
1657.79	
195.002	
732.513	
1718.08	
1719.81	
1258.7	
430.831	
2854.32	
653.31	
92.1981	
440.869	
1901.77	
1231.74	
-4.32302	
1414.29	
2173.24	
2023.16	
-200.83	
3219.96	
912.307	
-0.555115	
215.663	
-52.056	
1250.11	
44.2781	
1212.63	
715.559	
298.126	
-93.4083	
362.598	
741.747	
1071.08	
774.97	
167.055	
1142.7	
-202.908	
1516.3	
1298.81	
1309.46	
2254.02	
860.956	
954.601	
582.224	
1970.5	
209.278	
327.583	
3120.48	
958.031	
695.274	
144.302	
1350.67	
1267.62	
1327.93	
280.026	
-159.051	
570.453	
43.4382	
907.422	
-375.588	
1924.74	
1337.88	
2543.36	
3089.97	
1303.53	
401.187	
505.544	
1400.59	
851.098	
524.757	
814.402	
377.777	
2164.34	
1138.04	
1080.78	
1698.34	
1159.03	
747.862	
830.921	
-264.979	
-157.548	
891.77	
1570.37	
755.447	
1716.42	
703.114	
1231.16	
1283.35	
1373.56	
206.568	
2404.5	
5161.34	
-133.495	
353.726	
1331.15	
-500.379	
546.667	
701.919	
1373.24	
264.681	
337.017	
1015.34	
406.496	
873.672	
655.515	
1377.3	
1937.33	
1340.48	
2211.45	
1146.93	
1162.75	
1409.36	
2227.1	
314.601	
621.826	
503.155	
690.604	
548.263	
802.044	
2950.32	
309.982	
-48.4119	
68.5533	
820.537	
1524.52	
2054.59	
216.431	
679.377	
1188.99	
2408.05	
1524.82	
1539.12	
1211.06	
325.791	
1046.28	
1544.28	
1886.89	
2589.29	
1982.45	
768.849	
-369.907	
2723.75	
508.52	
427.701	
-510.749	
1158.43	
898.663	
2599.96	
1458.18	
3191.35	
274.236	
1504.58	
397.329	
767.473	
-534.675	
700.872	
-112.656	
3207.02	
924.282	
885.946	
1137.53	
1335.73	
1617.41	
314.832	
2314.38	
1391.89	
1686.35	
2400.4	
2786.07	
1484.81	
-333.27	
-631.666	
968.544	
1135.76	
623.05	
620.989	
1007.72	
479.919	
2701.98	
1966.82	
2031.47	
1374.56	
2546.09	
993.286	
711.608	
1360.29	
1179.42	
1429.81	
140.59	
121.689	
-49.2467	
1185.25	
904.01	
54.5336	
1423.89	
803.623	
858.313	
354.288	
803.942	
-147.724	
163.461	
1494.05	
2055.74	
921.807	
1102.38	
-220.423	
2467.08	
944.691	
498.247	
1207.84	
1166.68	
714.679	
14.2589	
2742.4	
1014.7	
2443.59	
629.916	
3841.06	
1961.95	
1363.59	
1104.88	
714.229	
2005.18	
-76.1541	
1737.52	
836.336	
-730.425	
497.173	
422.091	
274.315	
1094.56	
-301.295	
808.149	
1159.45	
1979.5	
872.397	
1320.61	
1830.5	
1906.74	
-660.943	
546.14	
2607.43	
3317.64	
3188.05	
456.865	
2091.44	
680.174	
1650.78	
-17.243	
2590.94	
1523.52	
1188.36	
928.231	
1595.16	
1150.41	
1323.87	
-208.242	
4031.86	
1587.48	
-20.0988	
-283.194	
1137.48	
599.608	
1185.72	
2768.34	
107.624	
2574.02	
1549.07	
1593.61	
3337.66	
1370.76	
348.311	
1209.41	
797.94	
4382.32	
1541.08	
1545.24	
582.816	
192.834	
197.788	
562.401	
140.587	
-628.354	
1316.35	
-141.187	
1079.07	
822.716	
-358.524	
1540.45	
507.555	
-91.1845	
2380.33	
1050.43	
244.573	
915.269	
2448.4	
441.28	
565.12	
1103.31	
-37.8418	
270.525	
1986.22	
1511.31	
1495.75	
264.354	
549.918	
972.025	
1303.4	
460.995	
576.437	
321.675	
666.951	
2091.42	
1179.45	
500.622	
-335.059	
688.367	
854.046	
746.055	
283.377	
858.062	
1392.91	
51.1257	
-264.803	
276.771	
229.124	
642.216	
1016.53	
3087.51	
391.792	
945.004	
1484.25	
1327.5	
-102.289	
-121.374	
-221.885	
1043.81	
1761.79	
-75.7031	
675.115	
2204.61	
-445.669	
1482.47	
3845	
1204.65	
-17.4142	
502.499	
1641.38	
228.716	
64.8346	
730.059	
2616.66	
283.219	
2220.93	
105.312	
2078.74	
137.109	
2605.87	
669.581	
934.148	
-633.667	
2016.67	
2287.16	
1737.38	
2247.68	
1235.69	
549.284	
187.367	
2306.28	
1202.04	
503.86	
1468.51	
1550.28	
-154.214	
947.687	
943.339	
1258.47	
1684.38	
511.458	
1338.29	
2345.11	
1799.29	
2778.6	
1228.03	
2050.2	
-126.178	
321.202	
1107.86	
2451.65	
1156.92	
202.205	
3765.17	
826.289	
1923.92	
4218.86	
1831.85	
767.669	
1204.46	
3959.97	
216.142	
2079.73	
1049.27	
883.201	
2839.32	
199.432	
1155.44	
2140.87	
2046.5	
1066.34	
3348.21	
1845.51	
1336.98	
1004.85	
744.736	
677.356	
1912.84	
1049.74	
1839.57	
241.18	
1218.9	
1690.71	
544.829	
1404.86	
1583.78	
1417.66	
1548.21	
1403.51	
1080.86	
1680.98	
751.656	
1465.2	
516.505	
1110.99	
-22.6892	
1734.63	
3128.71	
1154.49	
1953.57	
240.651	
2013.6	
1149.21	
856.12	
432.036	
407.134	
3135.09	
672.113	
3976.9	
1483.28	
596.064	
1422.48	
751.099	
-134.4	
237.249	
245.784	
171.274	
1340.16	
1727.6	
1190.45	
2039.27	
2644.63	
233.121	
773.723	
1950.03	
2093.23	
257.624	
715.791	
2598.54	
893.471	
623.723	
344.781	
881.786	
2308.87	
236.937	
74.46	
1729.9	
2461.66	
991.184	
2339.77	
709.301	
2199.93	
2263.52	
3759.82	
1685.58	
2109.6	
4503.84	
1630.63	
3469.7	
768.581	
1257.73	
621.529	
-8.90299	
432.068	
0	
62.1418	
1681.06	
525.896	
1486.95	
267.807	
809.467	
-509.54	
900.662	
264.114	
1892.87	
1086.64	
467.594	
1457.53	
1476.2	
1543.13	
2707.87	
2299.29	
2829.33	
1561.2	
2260.23	
212.235	
1600.32	
406.458	
1293.8	
988.827	
-469.338	
1314.47	
206.506	
891.547	
659.401	
663.337	
1198.75	
4123.37	
222.241	
1729.71	
844.196	
828.466	
1640.56	
254.812	
2052.46	
1298.31	
1052.34	
280.692	
0	
2007.85	
2539.88	
2028.43	
-1284.88	
3521.58	
700.464	
680.491	
836.328	
854.813	
1728.6	
1029.59	
105.821	
874.042	
495.039	
1222.05	
-216.725	
3017.95	
1413.66	
1861.59	
639.901	
885.822	
3055.34	
851.541	
2414.13	
908.927	
983.056	
1945.86	
1119.6	
1509.31	
1104.83	
1610.65	
306.833	
-145.79	
2191.74	
1830.22	
6336.27	
304.062	
259.504	
779.692	
0	
971.352	
1544.22	
934.72	
1624.14	
2294.95	
947.811	
2170.76	
1120.91	
2658.83	
378.967	
1103.11	
331.213	
1542.42	
1082.77	
954.783	
496.318	
969.702	
1237.91	
0	
1271.23	
1590.64	
1015.27	
1308.13	
1436.63	
2129.4	
0	
1948.57	
760.584	
1418.54	
-216.743	
1626.31	
518.811	
3126.47	
1892.49	
1272.2	
-31.2544	
1497.2	
1376.69	
584.644	
1398.62	
1543.52	
1600.89	
2959.15	
213.517	
889.041	
257.814	
234.71	
-429.163	
2158.88	
1202.58	
2208.97	
-6.34488	
714.479	
160.9	
539.777	
937.879	
1473.29	
165.07	
1135.55	
433.205	
476.538	
784.128	
1809.61	
219.378	
1573.76	
1567.24	
2503.76	
991.696	
2088.47	
325.499	
297.165	
2482.37	
927.239	
2140.02	
2593.01	
202.8	
1752.86	
0	
-610.735	
22.2989	
1279.79	
1823.9	
490.341	
1690.45	
402.004	
840.303	
-139.471	
1586.01	
-163.676	
1240.16	
783.886	
1673.26	
-956.337	
200.831	
741.481	
869.822	
1333.75	
2427.02	
2671.64	
2352.41	
1094.68	
1490.04	
1005.36	
2051.37	
952.95	
3327.31	
1302.22	
2503.94	
1556.88	
1571.73	
906.596	
4.6162	
1463.29	
1091.56	
75.9809	
1268.43	
1896.9	
396.163	
366.529	
91.1314	
369.874	
-202.247	
673.31	
420.896	
67.0364	
1025.76	
-147.238	
932.667	
1478.87	
2333.16	
1539.05	
1372.66	
705.358	
-82.7585	
1384.26	
1722.88	
840.704	
2242.54	
2034.22	
1106.83	
3661.44	
692.204	
1038.69	
1835.41	
1973.38	
1391.4	
449.71	
1119.55	
538.901	
972.833	
-221.387	
1627.28	
-165.331	
1966.05	
1029.87	
-274.912	
585.954	
4143.31	
3167.02	
1115.39	
3707.73	
-517.161	
2867.16	
676.421	
119.904	
170.726	
1399.74	
1787.14	
342.828	
898.407	
-148.235	
454.614	
988.916	
901.154	
977.898	
-52.9981	
112.686	
1106.26	
1312.87	
-60.2559	
1428.92	
588.955	
697.152	
403.368	
265.542	
1972.84	
541.141	
3050.36	
898.418	
1421.21	
961.593	
348.537	
2684.48	
35.8143	
2920.67	
1469.47	
1691.8	
2498.81	
729.591	
1875.12	
1560.33	
376.741	
-400.608	
1480.52	
1216.86	
3010.08	
1908.19	
1078.24	
523.416	
2291.89	
2323.76	
823.768	
2563.45	
1096.53	
1418.39	
613.085	
-295.908	
3095.81	
2113.03	
-178.71	
1701.28	
1775.11	
3127.19	
2523.38	
4708.23	
1631.23	
1512.32	
1795.13	
1291.51	
1432.78	
1068.01	
416.263	
508.305	
-145.831	
-239.925	
3717.67	
692.799	
-138.191	
329.12	
-374.62	
392.161	
-406.467	
2200.21	
608.224	
981.928	
12.2742	
1670.71	
1375.62	
1040.12	
-232.885	
120.676	
-53.7233	
1090.9	
1146.72	
1809.46	
646.802	
196.291	
2548.89	
-241.015	
183.566	
72.4142	
919.309	
920.436	
988.061	
791.94	
2038.72	
850.637	
2154.61	
586.554	
602.161	
437.006	
161.717	
344.06	
724.29	
1131.21	
696.076	
589.441	
306.21	
223.11	
2102.33	
2372.65	
1377.78	
396.723	
-183.338	
-187.302	
-417.315	
274.455	
3.32676	
742.439	
811.299	
862.679	
416.044	
1567.52	
2062.88	
236.776	
434.866	
697.612	
485.514	
767.793	
1283.04	
673.334	
-34.0344	
-581.74	
912.134	
1550.42	
-1071.66	
768.118	
115.169	
80.0208	
194.814	
168.652	
1056.43	
363.975	
-167.696	
691.682	
473.555	
725.604	
-677.986	
616.055	
479.174	
798.376	
1219.84	
773.62	
1014.66	
890.007	
1206.15	
2423.05	
1998.3	
1253.7	
2708.57	
1685.48	
1164.51	
598.061	
2168.52	
2785.64	
2949.12	
609.65	
1093.39	
-269.502	
1423.57	
433.621	
629.297	
-7.84459	
61.783	
228.059	
1045.06	
657.374	
1930.94	
476.599	
189.396	
845.695	
791.777	
525.473	
262.006	
1435.31	
1337.02	
1550.22	
776.898	
2081.82	
-568.721	
-598.986	
-178.524	
961.107	
591.862	
466.463	
660.083	
321.055	
250.004	
932.551	
242.424	
1547.3	
340.516	
371.32	
1348.03	
1309.5	
-350.98	
193.645	
633.519	
167.516	
1002.15	
337.102	
1238.44	
58.8542	
-44.9229	
1018.07	
578.062	
700.017	
-645.766	
1824.97	
1065.81	
2288.52	
3330.06	
1620.78	
2037.06	
3163.84	
2333.04	
939.875	
328.612	
1910.57	
1026.78	
-112.641	
1495.46	
1085.07	
189.202	
1147.82	
1634.15	
443.215	
1715.82	
610.804	
-424.338	
404.047	
1622.1	
853.093	
1754.61	
1024.17	
2191.69	
3114.06	
1816.01	
3803.94	
3571.98	
2871.7	
1037.59	
1557.21	
957.535	
1346.4	
-1045.02	
3258.32	
1448.93	
1975.83	
640.216	
1912.17	
4056.7	
2206.23	
1036.95	
2282.84	
4126.72	
909.585	
2750.03	
