9533.74	
7903.35	
7237.2	
5828.61	
4141.29	
14127.8	
3986.57	
2745.62	
6213.81	
7471.02	
6473.17	
9187.63	
18491.8	
6155.82	
7446.79	
21005.2	
7233.76	
6623.62	
3612.6	
12671.9	
-797.943	
11845.6	
11893.6	
11402.4	
7854.72	
12373.1	
13415.3	
5116.09	
9318.94	
12767.7	
3655.93	
2714.24	
2320.76	
4062.32	
10485.3	
14226	
17263.2	
4133.92	
986.699	
6521.49	
3931.06	
13835.9	
13332.1	
3750.89	
1271.56	
9286.49	
7383.62	
17438.5	
13008.8	
26442.5	
7874.8	
8299.21	
16686.2	
10726.1	
6255.93	
15819.3	
5471.84	
8449.09	
8729.06	
5658.98	
12163.7	
13472.8	
8331.79	
10840.4	
12707.4	
70.5456	
2882.69	
6552.9	
6930.83	
2303.12	
1539.96	
11026.6	
17479.7	
8965.86	
8711.56	
9629.72	
6500.61	
10078	
17640.2	
7259.04	
9380.12	
10299.5	
8365.3	
7887.35	
17030.5	
5361.88	
17574.8	
7476.98	
20243.4	
-135.351	
8263.87	
15281.2	
26249.1	
7077.8	
6759.12	
4485.99	
10297.3	
9408.14	
15924.3	
18144.3	
2924.19	
3310.4	
8427.5	
9657.18	
1507.5	
8492.91	
4723.33	
8081.61	
2201.76	
4400.16	
4024.62	
3690.75	
9716.04	
19453.2	
6657.2	
0	
12812.6	
7949.97	
10692.4	
15836.6	
7856.77	
8162.81	
16024.1	
5858.51	
2855.74	
9875.47	
11576.7	
9699.29	
13512.7	
2552.55	
6759.68	
13431.6	
16817.9	
1633.76	
12880.1	
5701.87	
8836.75	
14694.5	
4946.62	
4905.05	
375.899	
4154.94	
1493.06	
18226.3	
12217.1	
13713.6	
11377.1	
5563.74	
8770.83	
829.824	
5251.19	
15666.5	
6182.5	
21935.1	
17828.8	
12577.4	
8774.75	
6094.01	
6804.1	
4149.37	
10600.8	
11888.2	
5501.26	
4371.35	
5709.1	
5289.73	
5571.7	
9716.21	
11492.3	
8997.45	
4915.96	
8235.17	
3318.59	
7119.75	
1421.88	
6991.18	
7992.87	
12693.1	
3464.82	
12301.8	
3428.1	
6533.58	
11950.1	
18211.4	
17244	
11000.3	
9853.75	
487.246	
6051	
12859.8	
10941.4	
3096.54	
-808.148	
6155.82	
14455	
3972.86	
10704.8	
1457.97	
5013.24	
3172.03	
5550.42	
6706.33	
3978.99	
9825.44	
16683.6	
6287.22	
18857.1	
5650.23	
2210.96	
8495.12	
9963.47	
7198.16	
12392	
5712.97	
3953.28	
5237.36	
7161.36	
-488.566	
4047.99	
10625.7	
7453.81	
15109.9	
1141.68	
2161.71	
2806.85	
5253.36	
5686.95	
9286.49	
5861.45	
4769.69	
16686.2	
2244.15	
5635.21	
9188.48	
9888.11	
7313.22	
13497.7	
3193.1	
14929.2	
10445.8	
7369.4	
21274.4	
1767.63	
15640.4	
17746.8	
3033.64	
4847.77	
6842	
2971.29	
4211.72	
2607.98	
15281.2	
10332.5	
7802.16	
12305.3	
6741.7	
8989.82	
4565.27	
3755.61	
4219.16	
6762.29	
8833.52	
15026.1	
8609.54	
22344.3	
14597.3	
5738.27	
17407.1	
1587.64	
10299.5	
3272.77	
890.24	
12796.4	
1971.53	
7322.32	
16252.6	
13008.8	
5028.23	
8626.89	
4141.29	
14544.6	
7856.77	
7118.51	
14127.8	
6473.17	
922.326	
7385.22	
1603.89	
17886.1	
13765.3	
2662.67	
5761.32	
6371.08	
8025.82	
9782.71	
9790.97	
8878.11	
17170.4	
5204.92	
7681.17	
15053.8	
14752.9	
10692.4	
14282.4	
6255.93	
3648.84	
10697.3	
3530.45	
5987.68	
4077.13	
3958.43	
4445.59	
4397.41	
7237.2	
3986.57	
3994.16	
18324.6	
8774.75	
5081.17	
3912.57	
4457.72	
14226	
6227.75	
12086.3	
8604.76	
14761	
13461.9	
17574.8	
-797.943	
14111.7	
7784.93	
15836.5	
6621.71	
8449.09	
986.699	
15819.3	
8299.21	
8474.61	
12577.4	
1856.37	
4150.26	
13415.3	
14662.4	
6287.22	
7005.14	
6107.1	
2745.62	
13835.9	
5090.67	
9014.79	
9629.72	
9120.46	
9896.06	
9003.01	
5607.25	
5318.15	
8021.6	
4759.57	
5739.61	
4314.39	
15836.6	
6759.12	
6213.81	
6606.16	
5013.67	
3813.5	
10790.8	
6606.78	
5650.23	
71.4883	
2607.98	
5663.52	
12386.5	
6521.49	
11842.5	
70.5456	
15266.9	
11857.7	
4241.38	
6623.62	
4945.28	
20691.7	
8604.54	
3219	
2762.99	
10275	
4024.62	
15119.6	
9657.18	
8609.54	
3205.41	
5022.3	
5007.34	
9427.85	
3527.54	
7077.8	
9408.14	
17640.2	
21935.1	
5701.87	
10381.3	
2594.45	
6942.6	
6804.1	
8729.06	
8904.66	
1539.96	
631.095	
3017.15	
7385.22	
18491.8	
4133.92	
9127.83	
10433.5	
13457.9	
17625.2	
2973.89	
10084.8	
8427.5	
7168.19	
3428.1	
18857.1	
9533.74	
6910.49	
10697.3	
3143	
12241.3	
3310.4	
12767.7	
1491.86	
4697.1	
15924.3	
4068.03	
4087.05	
3535	
5005.73	
6182.5	
5116.09	
8604.76	
3065.63	
4718.49	
13491.6	
9270.63	
7837.43	
11888.2	
8492.91	
1763.02	
7682.96	
4915.96	
8113.63	
4148.03	
3953.28	
7495.68	
17407.1	
1507.5	
9187.63	
6094.01	
12671.9	
12707.4	
12750.9	
11853.5	
4905.05	
13461.9	
13032.3	
5781.24	
4729.87	
7453.86	
8263.27	
3096.54	
11377.1	
12386.5	
2210.96	
7903.35	
5571.7	
5437.85	
5340.44	
9850.47	
17438.5	
11492.3	
1493.06	
8997.45	
8235.17	
6876.78	
8015.92	
1141.68	
17189	
8739.94	
5658.98	
9318.94	
7259.04	
15266.9	
7480.75	
1300.7	
5900.54	
6473.17	
2895.6	
18211.4	
4291.73	
18324.6	
6342.4	
2161.71	
17045.4	
-808.148	
8144.13	
10433.5	
3033.64	
5738.27	
10972.2	
5828.61	
12163.7	
7383.62	
7471.02	
7949.97	
7198.16	
9963.47	
8495.12	
12392	
2806.85	
5686.95	
15664.5	
17625.2	
6741.7	
7262.82	
8711.56	
10827.2	
2244.15	
3082.84	
4727.2	
11664.4	
13613.2	
5459.66	
12240.7	
7806.89	
14761	
5204.92	
4280.33	
13491.6	
9405.88	
4512.32	
1587.64	
3612.6	
6842	
6321.3	
5969.45	
8604.65	
5563.74	
5635.21	
8497.38	
6806.81	
3755.61	
4766.73	
4023.32	
4847.77	
7734.06	
9270.63	
6621.71	
8357.1	
3464.82	
5340.44	
11893.6	
8331.79	
5761.32	
1603.89	
3958.43	
14249.3	
17189	
12812.6	
8751.98	
5712.97	
983.713	
4822.09	
13472.8	
4565.27	
18144.3	
5078.38	
12092.5	
8021.6	
6107.1	
15640.4	
4219.16	
4291.73	
10973.9	
6993.99	
11842.5	
17746.8	
14421.6	
13615.8	
3530.45	
19323.6	
9979.66	
10379.5	
9204.07	
2971.29	
7802.16	
5090.67	
4485.99	
10840.4	
13713.6	
10747.3	
2662.67	
15664.5	
10275	
7262.82	
1856.37	
4241.38	
10793.1	
6133.99	
1971.53	
6533.58	
6397.41	
10297.3	
14358.2	
13457.9	
2924.19	
16817.9	
8025.82	
9405.88	
9796.35	
19202.9	
3527.54	
8989.82	
5739.61	
12305.3	
6657.2	
6371.08	
0	
71.4883	
10381.3	
14249.3	
1570.87	
6452.95	
3219	
4445.59	
4718.49	
3017.15	
13431.6	
13527.1	
2855.74	
5987.68	
375.899	
6806.81	
5022.3	
5858.51	
1491.86	
10625.7	
7168.19	
2973.89	
8474.61	
5005.73	
6876.78	
1763.02	
9014.79	
4150.26	
16738.8	
3065.63	
13765.3	
12693.1	
7495.68	
5251.19	
7992.87	
4154.94	
8751.98	
8015.92	
6606.78	
7837.43	
5663.52	
6342.4	
4729.87	
4807.87	
15026.1	
3205.41	
8144.13	
829.824	
17886.1	
2101.03	
7005.14	
7453.86	
9979.66	
10704.8	
9825.44	
4697.1	
8904.66	
16683.6	
3972.86	
12750.9	
7806.89	
4609.73	
19323.6	
6473.17	
5781.24	
10827.2	
9003.01	
9127.83	
2895.6	
5253.36	
9427.85	
9782.71	
12241.3	
14358.2	
5861.45	
3535	
5900.54	
4087.05	
4727.2	
4457.72	
7734.06	
5007.34	
10445.8	
6762.29	
19202.9	
7369.4	
3082.84	
8739.94	
4759.57	
12240.7	
11853.5	
8833.52	
4068.03	
8604.65	
9790.97	
5969.45	
4945.28	
13032.3	
10972.2	
16738.8	
14597.3	
4512.32	
8263.27	
10973.9	
8357.1	
22344.3	
631.095	
7480.75	
6227.75	
8878.11	
9850.47	
4766.73	
4807.87	
12092.5	
1300.7	
5459.66	
3143	
2101.03	
5013.67	
6993.99	
10747.3	
4822.09	
14752.9	
4280.33	
12086.3	
4148.03	
15053.8	
4609.73	
11664.4	
9204.07	
6321.3	
10379.5	
17045.4	
13613.2	
6133.99	
9796.35	
4023.32	
10790.8	
983.713	
6397.41	
14111.7	
7784.93	
6452.95	
8497.38	
13527.1	
9896.06	
14421.6	
9120.46	
5078.38	
11857.7	
13615.8	
15119.6	
10793.1	
1570.87	
10084.8	
