-23162.6	
-22073.8	
-16755.8	
-18916.8	
-12974.3	
-28234.5	
-8073.09	
-10406.4	
-16128.1	
-27514.2	
-23113.8	
-20960.4	
-48280.9	
-12600.8	
-23339.8	
-53235	
-16520.4	
-16312.1	
-13766.7	
-35974	
-5343.31	
-32577	
-24254.7	
-33449.4	
-19440.5	
-39113.9	
-32301.7	
-5454.06	
-27419.7	
-41779.6	
-11384.4	
-14946.8	
-13415.1	
-21674.8	
-21370.6	
-34083.6	
-45354.4	
-17360.6	
-3336.72	
-22919.2	
-13349.5	
-42233.6	
-23480.1	
-17275.4	
-14034.1	
-18589.4	
-32235.1	
-42360.7	
-34800.2	
-61476.4	
-27456.9	
-41115.3	
-39742.2	
-26762.6	
-18661.3	
-26716.7	
-13731.4	
-26104.5	
-18418.9	
-10764.9	
-42587.9	
-30480.7	
-17881.1	
-24149.4	
-32600	
-4659.63	
-13009.9	
-22104.7	
-14081.1	
-13507.8	
-4894.35	
-31830.5	
-57864.5	
-27513.2	
-35563	
-28506.7	
-25246.5	
-42233	
-37702.5	
-22126	
-22880.2	
-25848.8	
-21592.9	
-13846.9	
-36883.1	
-15894.6	
-40107.1	
-28542.6	
-42616	
-5402.59	
-19030.9	
-35574.6	
-53999.7	
-19924.7	
-18998	
-18839.7	
-32993.7	
-31129	
-32100.6	
-43579.3	
-9041.91	
-13048.8	
-33896.9	
-34858.6	
-3222.51	
-24086.1	
-13095.9	
-14859.1	
-13851.7	
-19285.1	
-17181	
-11501.8	
-28030	
-58019.6	
-17242.8	
0	
-32595.5	
-12612.9	
-34735.3	
-44381.6	
-26982.2	
-36328.9	
-40912.6	
-14946.3	
-7967.99	
-20711.4	
-32505	
-35706.6	
-45044.6	
-12198.7	
-14777.2	
-34512.1	
-38563.3	
-13275.9	
-37298.1	
-17565.5	
-26605.6	
-35727.8	
-14628.9	
-19164.8	
-639.446	
-16397.8	
-3083.93	
-29376.6	
-28975.3	
-31296.9	
-31283.6	
-14289.1	
-21219.4	
-12688.8	
-17399.8	
-32120	
-23036.6	
-49595.6	
-44527	
-32378.3	
-34626.4	
-35434.6	
-31776.3	
-18803.9	
-22729.7	
-37989.5	
-17193.2	
-17022.7	
-11293.8	
-13417.3	
-21822.7	
-24143.7	
-21899.7	
-29420.2	
-19042.4	
-29733.2	
-14051.5	
-22999.5	
-3796.77	
-12125.9	
-22201.6	
-34569.8	
-14699.2	
-37711.9	
-15550.1	
-27970.2	
-30249.1	
-28330.7	
-33361	
-28849.6	
-35876	
-4933.07	
-21437.7	
-37510.5	
-30128.9	
-18474.2	
-4266.52	
-12600.8	
-29571.9	
-8877.8	
-27252.8	
-3469.44	
-14850.5	
-20933.4	
-17628.7	
-36507.6	
-12572.4	
-28927.2	
-33579.3	
-11437.8	
-46521.8	
-16437.9	
-17010.5	
-22786.1	
-19811.4	
-39129.6	
-20471.4	
-14407	
-12284.2	
-18829.3	
-23584.5	
-4695.64	
-23266.9	
-20838.8	
-29445.2	
-33625.3	
-9364.06	
-15030.2	
-14207.7	
-10939.6	
-18268.7	
-18589.4	
-32325	
-13967.7	
-39742.2	
-10542.1	
-18010.9	
-30146.3	
-20453	
-25222.7	
-37723.5	
-11718.1	
-31414.3	
-35883.4	
-36403.3	
-37143.6	
-14399.9	
-29197.5	
-41483.4	
-10267.1	
-16140.7	
-17919.3	
-6314.75	
-16348.7	
-12248.1	
-35574.6	
-35040.3	
-23790.8	
-30401	
-11467.5	
-45326.6	
-10610.6	
-8940	
-15304.4	
-18247.4	
-27368.9	
-30940.3	
-28459.5	
-36917.8	
-32451.2	
-15592.8	
-44931.6	
-12770	
-25848.8	
-13669	
-3206.75	
-34341.7	
-11051.3	
-32181.6	
-44124.9	
-34800.2	
-12375.8	
-27357.3	
-12974.3	
-39983.4	
-26982.2	
-20159.4	
-28234.5	
-23113.8	
-2250.84	
-15688.2	
-10751	
-59192.3	
-26349.1	
-15950.8	
-25085.6	
-12745	
-23157.4	
-29569.6	
-17617.9	
-30571.4	
-39894.2	
-14576.9	
-12101.2	
-36653.2	
-34550.3	
-34735.3	
-30958	
-18661.3	
-12695.4	
-26296.1	
-10512.9	
-19368.6	
-17496.1	
-11047.7	
-8176.2	
-19484.7	
-16755.8	
-8073.09	
-11600.7	
-41016.2	
-34626.4	
-12800.5	
-13388.5	
-13427.7	
-34083.6	
-22332.8	
-25733	
-28080.9	
-43280	
-38218.4	
-40107.1	
-5343.31	
-34434.8	
-42103.1	
-40760.8	
-15261	
-26104.5	
-41115.3	
-3336.72	
-26716.7	
-15078.1	
-32378.3	
-9526.97	
-15311.2	
-32301.7	
-43145.7	
-11437.8	
-31557	
-13931.3	
-10406.4	
-42233.6	
-22524.6	
-24672.7	
-28506.7	
-31353.1	
-26657.1	
-19682.3	
-11138.7	
-15492.3	
-21218.4	
-13104.6	
-17384.4	
-10216.2	
-44381.6	
-18998	
-16128.1	
-17300.7	
-15863.4	
-14215.8	
-26207.5	
-23439	
-16437.9	
-13654.8	
-12248.1	
-10065.2	
-39245.3	
-22919.2	
-35405.3	
-4659.63	
-37851.2	
-31918.6	
-12996.6	
-16312.1	
-9282.67	
-41236	
-18294.4	
-18572.4	
-12251.1	
-18138.7	
-17181	
-29414	
-34858.6	
-28459.5	
-18371.6	
-20424.1	
-27369.5	
-21854.6	
-20501.2	
-19924.7	
-31129	
-37702.5	
-49595.6	
-17565.5	
-24428.8	
-15394.8	
-31776.3	
-18667	
-18418.9	
-23758	
-4894.35	
-9544.69	
-8195.18	
-15688.2	
-48280.9	
-17360.6	
-34390.3	
-36196.8	
-24698.4	
-31062.1	
-11520.3	
-36246.9	
-33896.9	
-21832.5	
-15550.1	
-46521.8	
-23162.6	
-22091.4	
-26296.1	
-11808.2	
-26798.4	
-13048.8	
-41779.6	
-8155.02	
-17904.6	
-32100.6	
-15062.7	
-11964.1	
-14782.3	
-12990.1	
-23036.6	
-5454.06	
-28080.9	
-15639.2	
-14949.7	
-35238.2	
-20750.8	
-20250.4	
-37989.5	
-24086.1	
-6355.68	
-18811.7	
-19042.4	
-22946.2	
-11346.4	
-12284.2	
-17315.1	
-44931.6	
-3222.51	
-20960.4	
-35434.6	
-35974	
-25741.3	
-32600	
-32081.4	
-19164.8	
-43280	
-45155.6	
-11461.6	
-24919.9	
-17976.2	
-26145.4	
-18474.2	
-31283.6	
-39245.3	
-17010.5	
-22073.8	
-17358.5	
-21822.7	
-12906.5	
-30519.6	
-42360.7	
-21899.7	
-3083.93	
-29420.2	
-29733.2	
-13128	
-10067.8	
-9364.06	
-45445.2	
-32540.9	
-10764.9	
-27419.7	
-22126	
-37851.2	
-14972.3	
-19425	
-24141.6	
-23426.7	
-13991.1	
-28330.7	
-16412.6	
-41016.2	
-18597.3	
-15030.2	
-45056.3	
-4266.52	
-17883.1	
-36196.8	
-10267.1	
-15592.8	
-27275.7	
-18916.8	
-42587.9	
-32235.1	
-27514.2	
-12612.9	
-20471.4	
-19811.4	
-22786.1	
-39129.6	
-14207.7	
-18268.7	
-44665.2	
-31062.1	
-10610.6	
-15326.7	
-35563	
-25631.4	
-10542.1	
-12514.3	
-22367.4	
-28963.8	
-32566	
-14554.6	
-29623.8	
-21908	
-38218.4	
-14576.9	
-13342.7	
-35238.2	
-15467	
-22399.2	
-12770	
-13766.7	
-16140.7	
-14185.8	
-18534.8	
-37708.6	
-14289.1	
-18010.9	
-35297.8	
-16459.6	
-8940	
-13572.2	
-14721.7	
-17919.3	
-27323.9	
-20750.8	
-15261	
-20245.1	
-14699.2	
-12906.5	
-24254.7	
-17881.1	
-15950.8	
-10751	
-11047.7	
-28228.2	
-45445.2	
-32595.5	
-26824.6	
-14407	
-4886.78	
-13055	
-30480.7	
-11467.5	
-43579.3	
-35627.9	
-29624.2	
-21218.4	
-13931.3	
-29197.5	
-15304.4	
-16412.6	
-29571.4	
-19543	
-35405.3	
-41483.4	
-45376.5	
-38860.4	
-10512.9	
-47173.3	
-27988	
-27993.3	
-14743.3	
-6314.75	
-22524.6	
-18839.7	
-23790.8	
-24149.4	
-31296.9	
-30138.4	
-12745	
-44665.2	
-18138.7	
-15326.7	
-9526.97	
-12996.6	
-23937.3	
-14625.4	
-27970.2	
-11051.3	
-21167.9	
-32993.7	
-34538.7	
-24698.4	
-9041.91	
-38563.3	
-23157.4	
-15467	
-39579.9	
-42382.9	
-21854.6	
-45326.6	
-17384.4	
-30401	
-17242.8	
-25085.6	
0	
-13654.8	
-24428.8	
-28228.2	
-10812.3	
-14098	
-18572.4	
-8176.2	
-14949.7	
-8195.18	
-34512.1	
-43058.8	
-7967.99	
-19368.6	
-639.446	
-16459.6	
-18371.6	
-14946.3	
-8155.02	
-20838.8	
-21832.5	
-11520.3	
-15078.1	
-12990.1	
-13128	
-6355.68	
-24672.7	
-15311.2	
-37502	
-15639.2	
-26349.1	
-34569.8	
-17315.1	
-17399.8	
-22201.6	
-16397.8	
-26824.6	
-10067.8	
-23439	
-20250.4	
-10065.2	
-18597.3	
-17976.2	
-20822.5	
-30940.3	
-20424.1	
-17883.1	
-12688.8	
-59192.3	
-12033.2	
-31557	
-24919.9	
-27988	
-27252.8	
-28927.2	
-17904.6	
-23758	
-33579.3	
-8877.8	
-25741.3	
-21908	
-19819.5	
-47173.3	
-23426.7	
-11461.6	
-25631.4	
-19682.3	
-34390.3	
-24141.6	
-10939.6	
-20501.2	
-29569.6	
-26798.4	
-34538.7	
-32325	
-14782.3	
-13991.1	
-11964.1	
-22367.4	
-13427.7	
-27323.9	
-27369.5	
-35883.4	
-18247.4	
-42382.9	
-36403.3	
-12514.3	
-32540.9	
-13104.6	
-29623.8	
-32081.4	
-27368.9	
-15062.7	
-37708.6	
-17617.9	
-18534.8	
-9282.67	
-45155.6	
-27275.7	
-37502	
-32451.2	
-22399.2	
-26145.4	
-29571.4	
-20245.1	
-36917.8	
-9544.69	
-14972.3	
-22332.8	
-30571.4	
-30519.6	
-13572.2	
-20822.5	
-29624.2	
-19425	
-14554.6	
-11808.2	
-12033.2	
-15863.4	
-19543	
-30138.4	
-13055	
-34550.3	
-13342.7	
-25733	
-11346.4	
-36653.2	
-19819.5	
-28963.8	
-14743.3	
-14185.8	
-27993.3	
-45056.3	
-32566	
-14625.4	
-39579.9	
-14721.7	
-26207.5	
-4886.78	
-21167.9	
-34434.8	
-42103.1	
-14098	
-35297.8	
-43058.8	
-26657.1	
-45376.5	
-31353.1	
-35627.9	
-31918.6	
-38860.4	
-29414	
-23937.3	
-10812.3	
-36246.9	
