ibin	itheta	r0	V	sigma2	chi	Vn Errors
0	0	0.2021	0.0551	593.0701	0.4885	0.0048
0	1	0.2233	0.0499	593.0701	0.4422	0.0044
0	2	0.2103	0.0529	593.0701	0.4695	0.0047
0	3	0.2126	0.0524	593.0701	0.4644	0.0046
0	4	0.1918	0.0580	593.0701	0.5147	0.0051
					458.7631	0.5411

1	0	0.2324	0.0495	563.4781	0.4358	0.0069
1	1	0.2195	0.0524	563.4781	0.4615	0.0074
1	2	0.2092	0.0550	563.4781	0.4843	0.0077
1	3	0.2314	0.0497	563.4781	0.4378	0.0070
1	4	0.2217	0.0519	563.4781	0.4569	0.0073
					446.6784	0.5114

2	0	0.2185	0.0545	534.6617	0.4761	0.0068
2	1	0.2384	0.0500	534.6617	0.4362	0.0062
2	2	0.2350	0.0507	534.6617	0.4425	0.0063
2	3	0.2300	0.0518	534.6617	0.4522	0.0064
2	4	0.2212	0.0538	534.6617	0.4701	0.0067
					423.7658	0.5116

3	0	0.2129	0.0580	506.7900	0.5018	0.0034
3	1	0.2296	0.0538	506.7900	0.4653	0.0031
3	2	0.2215	0.0557	506.7900	0.4823	0.0033
3	3	0.2280	0.0541	506.7900	0.4686	0.0032
3	4	0.2269	0.0544	506.7900	0.4708	0.0032
					391.1137	0.5438

4	0	0.2300	0.0557	479.3466	0.4776	0.0066
4	1	0.2328	0.0550	479.3466	0.4719	0.0066
4	2	0.2504	0.0511	479.3466	0.4386	0.0061
4	3	0.2330	0.0550	479.3466	0.4715	0.0065
4	4	0.2827	0.0453	479.3466	0.3885	0.0054
					382.4410	0.5034

5	0	0.2458	0.0541	453.3579	0.4595	0.0065
5	1	0.2437	0.0546	453.3579	0.4635	0.0065
5	2	0.2874	0.0463	453.3579	0.3929	0.0055
5	3	0.2380	0.0559	453.3579	0.4746	0.0067
5	4	0.2549	0.0522	453.3579	0.4431	0.0063
					362.8827	0.4993

ibin	avgmult	avgpt	avgeta	Vn mean	Vn mean Error
0	216.0147	0.9296	0.0465	0.0536	0.0023

1	208.9688	0.9280	0.0460	0.0517	0.0034

2	201.8671	0.9260	0.0452	0.0522	0.0031

3	194.8284	0.9243	0.0443	0.0552	0.0016

4	187.7948	0.9224	0.0441	0.0524	0.0030

5	180.8874	0.9202	0.0437	0.0526	0.0030

ibin	Nevent	totmultall	avgmultall	avgtrk
0	807113.0000	174348303.0000	216.0147	146.8996

1	1035621.0000	216412470.0000	208.9688	141.9049

2	1316230.0000	265703494.0000	201.8671	136.9052

3	1656994.0000	322829444.0000	194.8284	131.9135

4	2044469.0000	383940730.0000	187.7948	126.9232

5	2427006.0000	439014896.0000	180.8874	121.9451

