25375
55.2647	0.401213	93.967	0.716388	40.4452	1.2152	17.7331	1.71658	8.10853	2.21818	3.8242	2.71948	2.86644	3.39352	0.833892	4.40908	0.292374	5.42362	4.99025e+06

5.66714e+06

12098
55.4842	0.401163	94.0399	0.716263	40.4536	1.21581	17.7473	1.71722	8.02356	2.21833	3.80774	2.7197	2.827	3.39583	0.820879	4.40718	0.298396	5.41952	2.37972e+06

2.70394e+06

11454
55.4843	0.401131	93.8674	0.716236	40.4611	1.21546	17.7526	1.71712	8.06688	2.21793	3.81919	2.7196	2.82486	3.39227	0.842937	4.41011	0.294308	5.41612	2.2515e+06

2.55898e+06

11402
55.4369	0.401233	93.8213	0.716406	40.449	1.21565	17.8021	1.71686	8.09148	2.21816	3.83634	2.72056	2.8802	3.39172	0.856955	4.41074	0.297404	5.41645	2.2426e+06

2.54802e+06

10289
55.3235	0.401154	93.8747	0.716208	40.3953	1.21532	17.752	1.71656	8.0414	2.21834	3.8375	2.71929	2.86549	3.39416	0.844105	4.4046	0.298183	5.41768	2.02176e+06

2.29684e+06

11057
55.322	0.401239	93.8757	0.716344	40.3398	1.21558	17.7904	1.71653	8.07651	2.21842	3.82608	2.72075	2.84652	3.39413	0.845799	4.4086	0.288867	5.42207	2.17274e+06

2.46805e+06

16684
55.3342	0.40127	93.9784	0.716135	40.4598	1.21531	17.7355	1.71739	8.09075	2.2183	3.80538	2.72012	2.85621	3.39383	0.830496	4.40837	0.296392	5.42543	3.28166e+06

3.72699e+06

20609
55.3648	0.40118	93.9025	0.716319	40.4599	1.21567	17.7575	1.71693	8.09496	2.21823	3.81707	2.72011	2.86433	3.39227	0.836867	4.40644	0.297103	5.42122	4.05257e+06

4.60395e+06

19814
55.4004	0.401257	93.9529	0.716287	40.4555	1.2157	17.7411	1.71671	8.07419	2.21835	3.81861	2.72033	2.86469	3.3933	0.835369	4.40798	0.293782	5.4237	3.89731e+06

4.42717e+06

24375
55.3397	0.401155	94.0581	0.716322	40.5048	1.21537	17.7719	1.71651	8.08016	2.21874	3.78913	2.71958	2.8633	3.39469	0.840862	4.41065	0.296205	5.417	4.79682e+06

5.44889e+06

8819
55.4372	0.401129	94.0336	0.71633	40.4706	1.21539	17.7258	1.71647	8.08811	2.2185	3.78433	2.71964	2.85939	3.39547	0.814945	4.40841	0.302755	5.42235	1.73441e+06

1.97119e+06

23972
55.2659	0.401139	93.8554	0.716268	40.4887	1.21556	17.8232	1.71686	8.0876	2.21798	3.80999	2.72056	2.86881	3.39209	0.845737	4.40589	0.297389	5.41999	4.71418e+06

5.35397e+06

23647
55.2988	0.401177	93.9057	0.716279	40.4147	1.2153	17.7885	1.71638	8.09058	2.2185	3.82641	2.71977	2.87622	3.39324	0.842052	4.40636	0.305493	5.42257	4.65028e+06

5.28152e+06

31854
55.3034	0.401256	93.9411	0.716363	40.4702	1.21528	17.7603	1.71688	8.07305	2.21821	3.82404	2.72042	2.8646	3.39503	0.84429	4.40854	0.296227	5.42328	6.26516e+06

7.11546e+06

30258
55.2567	0.401176	93.9874	0.716322	40.4495	1.21558	17.7722	1.71728	8.09872	2.21825	3.81697	2.71998	2.87141	3.39461	0.833829	4.40815	0.298632	5.42477	5.95142e+06

6.75919e+06

28350
55.2981	0.401296	93.8256	0.716423	40.4359	1.21542	17.7836	1.71666	8.09937	2.21846	3.81795	2.72041	2.86042	3.3932	0.829383	4.40935	0.295802	5.42253	5.57321e+06

6.32903e+06

27614
55.2534	0.401232	93.8438	0.716267	40.4283	1.2154	17.7329	1.717	8.10002	2.21769	3.84421	2.71958	2.87007	3.3959	0.839538	4.40772	0.29648	5.42198	5.42814e+06

6.16368e+06

26172
55.3563	0.401196	93.9563	0.716279	40.4726	1.21544	17.7209	1.71681	8.06484	2.21842	3.79467	2.72055	2.86379	3.39328	0.842733	4.40901	0.296309	5.42293	5.14618e+06

5.846e+06

24786
55.4047	0.40119	93.855	0.716211	40.4497	1.21547	17.7993	1.71731	8.08828	2.21835	3.82409	2.72004	2.87904	3.39425	0.833414	4.40875	0.284717	5.41812	4.87488e+06

5.53765e+06

15284
55.3784	0.401208	93.8733	0.716252	40.3699	1.21559	17.737	1.7169	8.08924	2.2179	3.81196	2.71975	2.88661	3.39586	0.831981	4.4079	0.297501	5.41917	3.00437e+06

3.41255e+06

11563
55.4121	0.401082	93.9797	0.716252	40.5365	1.21515	17.7247	1.7164	8.0518	2.2195	3.80818	2.71958	2.86232	3.39184	0.840612	4.41009	0.291101	5.42228	2.27444e+06

2.58441e+06

10140
55.2937	0.401301	93.9299	0.716498	40.3988	1.21543	17.8183	1.71632	8.12051	2.218	3.8286	2.71997	2.86469	3.39321	0.832544	4.41506	0.301085	5.42703	1.9946e+06

2.26516e+06

9074
55.4029	0.401224	93.8087	0.716187	40.46	1.21543	17.8009	1.71702	8.08838	2.21874	3.86081	2.71924	2.87944	3.39369	0.849791	4.40948	0.308464	5.43585	1.78508e+06

2.02767e+06

11614
55.3293	0.401231	93.9055	0.7165	40.496	1.21521	17.7455	1.7165	8.04365	2.21837	3.8197	2.72038	2.86267	3.39546	0.830808	4.40922	0.280954	5.42671	2.28295e+06

2.59357e+06

15043
55.4592	0.401162	93.9343	0.716244	40.4404	1.21553	17.7491	1.71695	8.07977	2.2184	3.81353	2.72013	2.88028	3.39404	0.842319	4.40797	0.30918	5.42437	2.95942e+06

3.36223e+06

