-207.654	-766.182	-31.5149	-112.027	20.237	-63.7029	83.4115	-8.96434	-73.7246	
-1337.45	-1170.96	-632.338	-622.308	-470.856	-320.417	146.246	-31.6492	12.5117	
-151.326	-141.865	563.961	-11.4746	-334.803	-71.1721	79.286	-54.5583	60.7178	
212.612	1207.57	163.383	273.623	13.7634	132.034	96.1773	56.5875	11.2049	
-89.2831	416.803	-454.987	70.4491	18.542	-50.8169	105.554	10.6573	41.3393	
73.8034	340.534	-641.466	-74.1267	-22.3802	-17.0052	136.476	-54.6433	-15.9287	
59.1986	-437.272	-267.804	-73.3345	28.3019	-3.39773	79.6513	-25.2052	9.8458	
847.274	823.209	867.807	357.407	186.863	190.74	58.6092	32.058	31.4767	
842.303	798.521	1071.79	281.857	348.979	152.557	73.2202	12.6033	-24.7461	
-16.4051	110.753	176.457	122.297	9.54763	-63.3452	65.6857	-75.5965	-52.2191	

450.66	-6033.64	686.917	3054.76	-82.8311	41.3778	-811.77	-344.461	-40.4863	
-885.522	9211.26	5976.3	5902.3	972.849	630.02	317.184	107.855	425.997	
2380.22	3552.74	1642.02	-329.07	822.742	551.885	-250.641	283.725	293.556	
4114.95	8551.95	6701.77	-768.253	877.523	24.5184	-145.738	394.37	128.107	
1947.18	10140.3	5123.91	568.156	-74.0254	71.1784	348.784	743.654	58.5962	
-9090.19	-9309.67	-5399.7	-2116.27	-2450.05	-49.5734	-529.556	256.237	-240.064	
-8118.25	-8546.33	-8041.58	-2898.37	-2306.64	-629.064	262.5	158.843	-226.267	
-4589.29	-89.1645	-6526.92	-2222.45	-221.169	-619.484	-51.4657	-37.9234	-19.8605	
1637.75	-1018.05	-289.695	-1371.15	-852.62	-155.4	-326.083	-267.121	170.619	
4602.58	-2396.95	3529.77	1471.05	133.481	761.055	248.667	-341.613	285.701	

3137	6946.49	9355.48	999.498	2607.54	-3.39104	-65.4129	663.157	114.843	
9428.71	7885.05	6995.53	-3529.34	1686.04	-2345.76	-1805.65	120.86	33.6271	
3555.96	-7978.25	-2743.98	-7272.74	-979.061	-975.481	-2727.45	-419.487	-201.8	
4483.94	4479.1	-1415.93	-5277.86	-1134	317.827	-1535.23	-593.137	-181.669	
6818.5	2864.79	4960.61	1734.97	1051.2	1463.5	-17.5571	19.4882	18.9502	
2896.6	1858.4	4449.95	3865.54	3790.82	2470.61	767.819	702.124	-208.865	
-639.325	-14117.2	-6906.25	-973.276	655.523	1480.82	241.239	169.758	-32.7868	
-4086.64	387.037	-7745.75	438.608	2308.7	2660.03	-1213.67	-237.193	-22.9687	
-7389.15	-225.589	-1696.35	936.339	281.394	2178.04	-374.016	242.837	-444.932	
-3594.29	-2150.67	-3077.58	-957.578	782.286	-114.355	-138.996	783.309	-346.396	

4862.35	-2665.33	-2424.25	-174.786	-301.91	-943.641	753.653	-556.917	-218.093	
6948.61	11282.6	3982.98	1698.95	-609.897	1176.82	208.83	437.721	-154.482	
8332.72	11353.5	2356.12	4341.99	440.796	694.432	170.822	888.134	-306.864	
-2115.94	8381.76	361.308	-165.585	1148.81	37.6175	879.703	341.338	-131.2	
-3708.16	-3096.73	-1844.11	-2987.27	-269.417	-839.976	130.442	-260.519	-91.8637	
-2516.22	-2804.73	-1247.26	-1677.18	-1330.81	216.675	351.467	-363.463	143.674	
-1543.06	-1653.22	-1247.57	-1229.29	-1176.07	798.427	43.22	-74.5109	16.0013	
-5020.29	-2049.02	-1195.89	-1088.55	-2370.17	-354.576	-115.718	-273.475	-335.748	
5431.91	8134.45	3791.86	2623.52	118.345	-200.568	828.802	-78.3549	-263.463	
5359.83	3742.51	334.398	1754.38	775.979	-1069.87	583.389	-230.891	-43.1473	

-464.085	-1407.31	495.12	-328.985	-10.2235	-39.525	95.433	-69.0569	37.6126	
-363.57	-1352.01	301.891	366.572	-101.151	-96.7504	188.17	-69.2514	7.13239	
287.136	-473.104	-45.8217	-357.595	-307.338	49.2323	-63.509	-9.74782	5.00615	
332.562	341.643	-314.335	-158.039	-274.462	-34.6802	-69.8382	-21.611	39.994	
98.994	-404.207	-137.416	-80.108	-247.361	-36.8099	-70.2383	-52.6088	19.9241	
-310.551	-426.513	209.36	142.024	-96.9727	-36.3392	10.7371	-54.9162	-14.697	
-11.8562	-270.106	160.074	145.84	-125.111	-0.268716	4.31455	-10.2584	-43.1955	
165.583	331.879	354.737	148.46	-110.247	53.3215	-7.52024	6.68209	-29.1664	
-958.035	-582.829	267.562	-348.1	-68.6019	27.4403	41.0531	-62.2464	-37.9663	
-326.342	-336.25	226.317	-265.229	34.6848	9.19911	103.739	-84.2953	-7.16197	

-196.065	-346.375	852.945	-143.238	70.6503	-160.194	-113.81	-23.4252	-34.988	
-942.037	925.48	1196.94	-85.3839	137.669	-319.608	-285.032	-40.987	-71.8603	
-374.226	-1694.13	-489.904	-619.037	-241.611	-174.535	-251.688	-109.062	-88.6151	
1111.3	830.714	698.584	-54.2629	8.75332	-86.702	-42.5837	-5.02248	-10.254	
787.103	542.01	567.35	155.482	278.616	-93.1333	7.13733	29.4701	14.442	
442.819	-928.832	-487.079	-162.871	36.588	-173.979	-58.2665	6.52415	-25.5794	
32.0123	-350.184	-366.001	-177.303	-203.737	-90.7606	-38.3652	-32.7082	11.5338	
1307.17	929.004	231.711	324.59	-19.0055	84.9747	-11.2685	9.66269	-10.6008	
858.353	974.048	369.633	-38.7629	164.656	172.276	-27.481	-41.1549	-23.7135	
310.61	-687.267	20.6817	-20.7676	103.218	-43.1847	31.9803	-9.17395	-35.038	

424.062	1019.8	118.86	104.607	64.7139	226.909	4.13082	39.5865	-3.32328	
1057.46	-174.332	122.13	203.961	-126.754	271.768	68.5623	65.3608	-7.81284	
146.434	-819.302	-339.026	111.465	-87.127	90.4539	-49.357	11.2198	17.8177	
341.104	1148.3	210.911	211.47	-121.658	195.388	36.9342	27.0455	1.74815	
536.363	850.993	71.5798	88.7453	27.4289	162.974	-22.8649	-11.88	13.9758	
424.848	758.184	173.59	60.5559	262.297	170.088	41.529	-58.7341	-3.00728	
-63.6621	491.531	148.507	77.0239	78.6401	220.295	137.545	-47.2493	-2.48466	
-259.86	-632.319	-345.247	14.9914	-162.871	-18.6679	194.448	-104.39	9.50797	
-1.04083	190.148	-448.37	233.879	69.5099	-2.28855	36.0896	-78.828	-35.9594	
-337.157	-525.717	-624.483	128.91	30.2682	9.35971	-135.395	-47.9482	1.53746	

24.3245	489.626	321.19	194.307	27.3197	-100.539	-92.3768	27.1752	-8.86232	
985.021	1385.23	334.344	17.1327	-123.75	47.4581	32.5255	-46.3482	-13.3278	
-7.54364	-51.0247	-90.9535	-293.565	39.3303	92.9392	61.4418	94.8763	26.2474	
-764.94	-1071.76	-910.758	-311.649	-138.1	-117.302	31.752	73.2096	-31.0284	
-643.402	-571.376	-491.691	-209.141	-57.5592	-108.639	105.302	-9.94704	-32.2209	
85.5297	-296.354	-34.2716	-193.728	-25.5279	-4.94192	61.6061	-7.75608	-4.34069	
43.1109	-25.4339	-37.2741	-126.966	-34.487	17.3275	3.06292	44.1701	6.1688	
-323.539	-701.661	3.95247	-9.25233	43.5632	-23.0948	5.8347	35.4708	41.3425	
-343.762	-38.7738	-164.157	245.897	109.052	-46.4851	-27.371	-42.3807	-4.74484	
-969.709	-117.509	-375.174	135.341	5.44216	-53.3525	-25.4939	-17.9197	-12.8424	

-254.823	-1213.51	-802.4	-78.9224	-235.41	29.917	-74.9748	16.8546	-34.628	
194.093	-17.4567	332.339	184	-45.5773	-192.871	153.837	29.854	-32.4059	
453.355	281.878	261.867	-147.833	-12.0324	-138.954	136.685	-18.5383	-13.426	
820.579	230.065	-11.4217	-7.02595	-60.7076	-73.2478	25.3976	-10.8032	-14.4966	
648.942	566.462	408.257	184.038	15.7183	-1.04594	22.1579	20.256	-8.92487	
116.765	852.073	466.154	25.9597	112.698	13.4283	44.487	-5.48814	-20.8713	
-30.5107	753.264	287.324	63.5787	-25.964	33.0447	60.4215	15.4916	-12.8994	
435.52	1306.6	1025.96	187.29	1.85021	97.6662	216.325	76.9949	6.0035	
458.378	1674.89	1153.36	133.454	160.943	89.1236	141.25	44.596	-13.7676	
-419.857	-358.109	-89.1748	-84.2258	-49.1447	4.545	-73.4611	11.2265	-10.9351	

-701.28	-1279.05	-463.794	-142.334	-117.75	-61.6611	-40.4672	-52.577	-39.7327	
-289.018	274.681	-230.79	-109.77	133.4	226.551	-111.597	-18.2078	-16.669	
412.792	1520.03	70.8342	192.84	-132.433	112.068	2.72015	84.2673	-13.0969	
-911.197	-290.853	-459.251	48.0499	-74.1552	-197.051	-109.884	37.1304	-38.4218	
-444.552	-540.041	-80.5612	231.693	-215.044	-206.81	-139.094	57.3946	-65.5972	
-449.772	-552.14	141.674	-38.9643	-190.256	-205.405	-79.4935	-28.4448	-41.994	
2.60437	-311.288	246.603	63.2546	-114.83	-176.811	-85.0535	-52.7877	-20.4268	
238.027	-268.954	350.426	-5.15758	-26.2153	-104.03	26.843	38.6439	18.0076	
573.148	1252.24	1080.85	86.6001	174.135	81.3169	149.483	75.7894	33.683	
29.8357	815.277	804.578	277.456	76.1257	75.6135	44.2273	8.20085	-6.25793	

-1186.09	-10764.1	-3093.45	-989.695	-1018.72	-2100.46	365.377	489.691	184.79	
-6554.3	-5402.08	-7501.8	-3932.53	-405.255	-2741.12	-1363.12	-832.342	272.895	
2988.22	971.891	-4213.77	-2787.33	718.381	-1889.39	-303.17	-760.454	658.026	
6289.88	-5870.25	918.755	-1843.9	872.527	62.4144	1646.26	-474.432	328.189	
8913.94	-5810.29	4116.07	1295.91	950.313	692.577	995.255	5.49141	411.026	
4836.62	-5775.48	616.739	3819.33	1112.7	16.2333	222.719	433.38	128.601	
-1671.78	-4646.85	-4173.9	441.553	-595.51	-319.211	-130.079	257.024	-60.0712	
-2000.49	1186.38	-166.083	-2450.81	313.065	415.577	5.84096	-275.226	159.768	
3866.05	-830.114	3605.92	-2440.96	3170.29	1319.04	-233.354	-38.5608	124.297	
452.012	-3676.12	6293.73	1404.44	1784.7	76.0712	769.252	653.194	73.8321	

3321.48	-8177.73	5242.41	1332.87	893.828	-808.801	-3.33035	261.916	15.5964	
1892.05	-8462.61	276.129	3602.81	2423.39	-813.066	1698.75	1104.87	-183.796	
-2006.51	-1756.39	2411.46	-405.132	1622.91	-1442.49	18.8427	711.613	-357.944	
-927.329	806.005	-1300.08	-1220.01	1613.35	476.658	-261.619	225.585	244.965	
4006.39	8907.82	2727.19	1408.81	1980.76	608.74	433.481	252.846	108.486	
1447.19	9887.65	2521.84	-44.1098	-334.198	1061.88	-35.9364	-264.589	0.691301	
-1912.78	-976.281	-1205.42	-2379.93	-527.365	-623.978	373.752	-146.346	206.39	
-759.013	-8482.51	-3905.3	-2859.17	-1020.45	-1981.14	292.701	-186.747	74.9438	
28.7348	-1461.05	-1941.93	-3337	-474.215	-648.2	-306.953	-65.5201	285.452	
6553.62	6144.96	4986.38	-1041.21	336.416	17.7996	-92.2771	201.846	310.674	

3054.63	9872.95	-1313.65	-192.904	-841.779	688.485	-1182.98	-229.692	45.164	
-12502.2	-11621.1	-13800	-4760.32	-801.402	-526.249	61.2016	-501.932	-171.228	
-10295.5	-939.671	-352.373	-2580.94	-1375.48	-1540.25	-78.2279	-240.807	-521.798	
-1956.21	9286.2	7287.4	-1759.7	-781.43	753.898	-112.892	991.806	8.07898	
2115.96	11707	3218.81	1265.12	1499.77	1165.49	607.106	-115.96	45.3263	
-4737.22	8307.97	-1997.17	-3007.39	-823.989	-875.316	-463.416	-456.778	25.9749	
1373.51	13642.8	4401.82	2618.26	1921.61	-572.143	-18.5181	-161.639	111.029	
5053.32	9893.26	6832.55	5169.3	2032.66	-902.611	866.231	-362.564	278.071	
11882.3	14903.5	15401.5	2048.57	874.763	1816.41	347.059	161.404	48.7705	
2236.13	10635.5	4319.26	21.5408	-1732.74	730.977	-519.986	257.64	-124.27	

6583.9	1527.4	4486.21	3281.13	4389.66	-713.85	265.227	-180.776	-12.4967	
3984.05	-212.08	-1672.05	6066.24	2658.76	-169.567	-663.904	339.606	-366.74	
1294.12	19778.4	3964.44	3682	-993.083	756.208	-1414.59	176.314	-125.766	
4339.75	6217.75	-272.82	-1472.54	-2119.72	-882.651	169.181	597.643	152.589	
5393.89	7721.31	2871.91	1640.08	-2313.13	-1616.08	1140.45	156.651	501.599	
2412.77	5760.78	4889.27	2653.34	-1273.47	273.549	1037.82	153.87	573.911	
-2483.78	-2581.03	3030.68	-2610.32	539.348	-186.344	1020.23	23.1933	168.26	
-1468.83	6463.04	2935	-830.673	1777.89	-389.311	833.247	95.5371	-103.536	
6132.53	10945.9	5695.77	2106.2	227.824	1445.55	582.224	711.465	-259.068	
6099.99	640.732	2884.68	1831.67	-513.513	-487.897	18.7335	176.022	-8.48307	

482.292	-11840.6	-7038.69	-1789.63	-639.326	330.235	1718.14	245.034	-216.151	
9711.03	15467.1	4856.45	4256.62	1565.9	1922.28	3065.57	295.746	-77.9632	
-6135.28	1763.77	5065.38	3093.7	579.633	1330.82	229.48	35.4098	-79.0758	
-2777.73	17912.6	299.086	5094.62	1575.47	1369.49	516.307	103.189	164.451	
8426.55	20113	4228.77	5849.29	1907.61	-374.243	299.627	506.551	431.128	
5500.25	9007.63	8159.82	2034.02	2677.07	-810.177	570.927	-457.143	354.908	
-5205.46	-6649.02	4325.21	345.679	352.253	647.067	347.202	-461.961	383.237	
4935.66	7832.7	4598.49	3536.15	1747.98	182.819	1008.77	362.008	106.788	
311.524	-8811.3	-7011.81	-3118.1	958.418	631.908	-432.535	751.845	86.518	
-1662.81	-20476.1	-6742.94	-5569.93	-459.297	-448.028	-339.084	305.53	56.8546	

921.582	542.197	384.099	-42.5225	145.047	121.259	72.8157	64.2059	9.53054	
866.832	51.0101	-228.999	4.97983	-199.597	-145.86	39.5954	39.2237	-18.2323	
377.453	469.259	233.629	222.903	27.3202	4.76843	14.0027	78.6824	15.8927	
-104.702	-295.109	6.09278	112.364	213.391	31.6886	-1.96422	62.565	-12.4892	
-522.584	-750.528	-273.018	-233.008	-53.9574	89.6995	8.50909	-4.92587	-50.6424	
-187.713	-18.0171	309.7	-64.7705	-61.4956	94.9954	83.3554	37.4583	-41.1469	
319.958	336.223	64.0329	101.01	34.102	-43.0783	-37.387	45.2327	-21.902	
-37.7427	-206.838	-340.455	20.7026	-147.137	-140.375	-59.5384	-44.9666	-15.4009	
-398.549	-205.537	-422.59	-152.036	-24.2861	-183.339	-22.5528	-54.2774	7.53128	
-351.567	-481.362	-427.363	-114.731	-51.5219	-23.0317	56.6466	-31.4452	15.1096	

-394.662	-438.808	-301.937	-126.282	-276.376	151.317	62.2246	10.1108	3.05153	
-37.0627	1113.82	238.279	23.0923	2.9474	-35.4829	48.6677	-5.34846	-62.845	
177.342	1112.29	522.595	330.243	140.986	-83.4423	-44.6215	23.0213	-32.0877	
89.2948	470.076	323.877	53.4324	184.398	-2.00527	-8.0348	28.2852	-9.51841	
151.59	-333.286	-74.3395	-186.166	-7.724	-7.07855	33.643	6.59722	14.278	
710.766	44.3632	290.125	-41.4289	-103.316	-18.3507	62.4997	19.3722	15.9695	
1183.84	1537.69	1186.1	294.169	290.907	77.7261	52.9609	25.1403	10.7174	
361.096	1176.08	1211.32	150.36	170.269	-23.0966	-37.0868	-32.9835	-2.62052	
-406.514	-30.2522	531.49	26.8412	-145.874	-92.5414	-95.4408	-33.0867	-15.3271	
-146.519	-436.004	105.833	-107.328	-48.2251	62.3807	31.0987	-24.0309	15.6228	

-125.701	-698.79	-167.039	-418.16	-133.63	-44.6375	-24.5438	28.6286	-14.4388	
-92.3528	-792.992	-956.162	-62.0291	-315.501	80.5856	-147.178	-10.6105	-43.1524	
-363.815	-568.535	-931.38	72.507	-92.167	21.3019	-119.428	-36.2621	-18.1696	
-266.454	219.065	-648.902	-52.0037	101.852	-100.691	-78.0456	6.31057	-5.15984	
-43.9521	502.867	-20.1375	11.9421	123.096	-29.4673	-56.7067	34.0916	5.47537	
-205.299	-125.082	-292.942	213.546	63.4223	59.113	-42.5113	14.2146	0.828156	
303.347	269.017	-124.905	353.935	126.242	7.18522	27.7651	-4.69124	8.64287	
564.134	384.517	251.922	196.067	81.3408	-54.8962	55.9629	2.29188	13.9587	
-65.4458	597.746	415	61.1448	-100.871	-46.7128	-30.7705	65.1331	13.2762	
25.4509	46.6311	357.318	-79.2723	-29.9868	-31.1758	11.9049	52.4128	6.12232	

-1039.49	-1709.25	102.692	-86.3631	-68.5489	87.6906	-24.6036	96.7432	-11.4886	
-1691.88	-2421.15	-856.523	-243.229	-183.382	-166.551	-149.518	-2.65136	-36.9013	
-337.619	-615.534	-37.9416	186.031	22.6521	-31.4209	-88.2265	31.722	-16.0058	
187.926	810.69	370.013	446.312	85.6946	4.70919	75.5733	4.12365	22.0819	
-187.087	96.7685	-153.148	262.279	5.94641	-27.956	151.674	28.1819	30.2078	
122.465	-238.511	-499.155	-150.329	-73.2311	-46.1527	95.2096	-17.3862	36.0499	
-28.8461	-835.135	-488.966	-461.1	-201.741	3.53243	8.00766	-39.6943	16.7998	
-415.469	-1336.23	-564.071	-559.835	-112.966	39.9155	-99.5974	-51.3948	15.019	
-156.357	-664.605	-222.984	-273.906	-19.6196	-93.9665	-91.6769	42.9896	36.0889	
-331.858	-904.897	370.123	94.9118	15.096	34.4511	-13.1359	76.0231	30.986	

-137.362	1083.94	616.608	409.996	120.57	100.742	159.583	22.3604	53.5946	
499.336	247.41	126.48	488.028	9.63137	88.1385	127.548	21.902	79.0856	
942.006	308.444	263.757	56.6502	167.412	110.901	-10.0412	32.6172	28.7426	
38.4383	-640.403	-50.1751	-128.776	-137.265	32.7986	-97.8805	-22.4103	-9.96645	
-323.107	-410.131	95.8497	36.4299	-216.775	17.9513	-79.7265	-36.7099	-6.00511	
262.779	810.318	325.741	286.969	115.571	110.567	49.3614	12.8968	-1.7554	
732.321	1663.81	341.953	338.126	167.43	89.2157	122.16	12.1157	-9.15507	
159.781	826.003	219.704	252.613	64.5725	145.893	109.446	32.7506	-4.95468	
-179.267	-547.393	-387.807	-179.766	12.0966	117.23	-49.0639	14.352	20.4239	
-205.892	-735.304	-37.2657	-53.5732	4.96155	71.5379	-79.364	1.7137	38.045	

-680.845	-9798.19	-3588.91	386.609	-1049.42	560.267	2051.03	792.512	-18.2117	
-4846.3	-8004.75	-4449.28	-757.025	-1369.65	2194.86	-286.014	436.095	129.083	
-2580.65	-6546.78	-8102.88	-1418.56	-309.446	747.508	-808.665	-80.6735	96.0466	
6573.58	14958.5	-412.154	2511.04	-1069.31	277.064	-518.866	-442.058	477.23	
6319.24	11002.5	1837.32	211.344	-579.958	365.356	-84.518	-312.358	262.376	
8798.53	12618.6	2763.32	-967.516	1121.3	853.101	338.783	-55.1184	8.85089	
7182.51	8142.14	3714.19	-1637.6	1104.87	-631.64	1031.04	-364.491	-162.72	
1174.59	2151.19	3770.67	-2718.99	-374.01	-1670.55	277.777	264.84	-95.485	
-2276.09	-8461.51	1648.98	-3460.09	-2480.86	-1926.47	-1153.56	-42.5257	-31.0993	
899.718	1622.37	1917.65	1044.3	-1834.67	-1248.54	688.08	-260.321	115.174	

846.443	-779.255	-1305.53	-732.712	-78.7278	33.5926	45.7449	100.515	-82.4278	
2126.37	-24.0095	-673.393	-372.678	-755.294	-65.7753	84.3387	-113.877	3.61155	
-593.942	-1384.65	-2256.81	-639.268	-110.602	239.507	-286.274	-121.968	12.6246	
-1596.23	-1964.72	-1190.39	27.8549	176.823	-114.872	-426.221	-148.89	-0.42953	
-2993.42	-5446.42	-913.255	-830.419	-559.615	-426.762	-362.587	-283.897	-20.6779	
-2178.07	-4413.29	-763.174	-777.546	-401.633	-83.8809	-107.173	-123.948	-24.9255	
-793.406	-1658.17	-621.714	-68.9462	49.8112	30.632	115.969	24.0888	-44.8109	
244.715	-1798.7	-1636.01	531.048	-7.23407	7.3571	60.2541	41.3106	54.7548	
936.541	-1131.78	-563.265	239.752	56.3137	-165.431	53.7283	-49.528	99.0551	
975.776	-642.14	-362.551	-281.134	240.439	-87.4414	66.5241	-17.5005	-43.7059	

5306.52	7466.9	-2018.26	705.286	2131.88	-341.886	-166.306	-93.3138	87.3475	
-8319.68	-3234.18	-3548.48	-4871.86	236.918	765.279	-1652.98	50.2951	122.428	
-2061.77	-3572.75	-3984.73	-1140.49	2117.77	1047.6	-1713.11	-203.508	165.277	
2392.66	4617.76	2171.07	1823	-623.664	-939.415	-230.928	-25.9872	503.784	
1109.12	999.376	4395.08	1349.59	409.367	-822.015	971.07	556.494	182.836	
2113.54	-3833.97	8439.34	1034.66	-1078.66	26.7873	749.124	709.146	330.833	
-698.186	-8487.53	4798.32	-1269.19	-1611.86	175.214	-930.174	-471.073	386.306	
5768.56	6537.01	3297.39	242.766	1062.83	459.203	-48.9035	-273.642	238.917	
6298.47	8771.05	845.423	5055.76	1381.9	777.537	431.192	128.2	59.9742	
9332.41	2544.1	-1535.55	3871.02	726.824	-594.169	483.316	440.177	91.3479	

-505.902	-456.022	38.0304	-117.334	718.377	-57.3548	329.132	-37.0173	-44.3373	
2702.88	1126.95	280.922	-4.32441	65.5572	65.7832	256.368	207.748	96.976	
960.385	-377.471	487.165	262.12	-232.877	327.565	110.696	75.6767	131.24	
-1856.12	-2697.75	-1249.32	-226.045	-364.243	222.102	-8.23172	50.6012	114.545	
-365.6	560.731	-564.641	215.057	-59.2554	-44.0063	-32.2144	-89.6185	28.0831	
1942.52	2728.91	632.578	733.651	495.665	124.462	285.947	-126.213	-16.0454	
1012.52	2426.05	289.804	-2.26589	352.605	184.152	279.917	-132.14	-14.1285	
-1149.01	-1145.34	-421.686	-441.105	-59.2399	-154.638	0.443982	-169.914	-13.2818	
-1427.74	-3109.01	-817.75	-232.193	-308.297	-465.333	21.5367	-111.052	-26.5904	
-980.625	-2163.92	-500.123	-10.885	300.992	-298.353	252.844	-39.8332	-70.7185	

419.033	8283.15	7115.48	3611.47	1278.49	-381.543	1229.44	-87.6069	31.1264	
3073.26	-7930.82	-633.994	-912.293	-1485.5	-664.899	1400.32	-606.749	-37.8406	
2872.54	-4042.5	2167.52	1690.79	-704.876	1407.74	1017.53	-1063.5	16.9913	
-2080.88	3401.02	9345.62	541.585	356.009	218.12	354.988	-558.995	-52.8705	
-852.993	-5543.28	1679.43	-1789.52	2051.89	-1874.31	184.324	-498.233	-384.042	
3537.6	1013.98	2932.96	284.237	2224.36	-1006.96	-3.12467	249.668	17.8762	
-827.252	2684.36	6245.63	57.6395	1047.92	-258.794	-579.201	720.962	125.165	
-3080.15	-1754.89	5246.16	-968.298	-956.903	573.764	137.594	296.388	19.3447	
4731.67	10174.3	6287.82	3654.41	916.867	2153.34	649.888	93.3577	113.97	
-1969.91	7740.82	3145.44	3049.08	1231.47	-343.945	-964.973	-172.118	-9.26342	

1605.59	10275.3	-1517.45	332.219	-730.862	-965.375	1562.74	-25.605	941.859	
-4380.04	-6445.48	-9039.2	-1719.05	110.201	-4131.85	4102.31	277.118	858.036	
-4121.16	-10849	65.2597	-753.022	1286.54	-2996.88	1209.2	-569.626	787.648	
-3816.44	-5042.61	2977.01	1839.27	4256.32	-1026.9	-937.716	-798.737	662.517	
-9911.11	-22283.7	-4284.99	-4336.15	-107.607	-1567.03	-950.565	321.469	65.7982	
-10523.1	-7451.72	104.606	-3134.3	-514.207	-508.802	-489.743	504.185	-63.0359	
-2574.52	4815.2	1734.12	582.119	-176.81	2038.18	1174.14	553.934	-266.275	
-7446.49	391.42	2362.69	-398.93	1761.24	1495.04	1495.71	608.905	178.9	
-8863.89	-10943.5	-203.025	-858.312	1029.25	1240.32	2957.27	229.894	613.737	
3735.75	-2190.24	-2292.69	-2861.4	-984.351	-206.653	644.045	-873.439	368.558	

237.475	2603.16	2826.86	-1775.33	1128.04	410.466	-294.382	-87.2412	62.329	
-10425.5	-20932.4	-4619.03	-5013.19	-5314.69	-1180.36	38.9924	-835.651	-80.3497	
-3168.08	-15187.7	-2829.69	-439.758	-2424.99	103.234	-456.29	-362.791	-395.385	
-4529.95	-4278.35	-6178.2	-635.982	-1219.12	-1728.03	-488.927	513.577	-474.223	
1042.62	9346.77	2250.43	1888.41	979.867	-1020.87	437.81	289.81	68.6348	
8169.5	12247	6581	5867.59	4085.9	682.171	635.405	-112.4	18.3444	
3506.91	-3235.93	-1169.94	2795.23	1043.92	813.095	1054.9	-343.586	-35.2871	
-196.864	7002.69	-1289.84	-1156.77	-1029.39	143.64	-109.583	-617.078	374.393	
1726.95	6414.58	644.081	-2191.59	2395.01	783.604	-160.837	-471.229	-208.309	
4173.03	3043.09	-1907.11	-1526.77	3363.47	539.311	-541.139	-39.6147	-66.8361	

-2703.48	-5659.13	747.578	-1000.35	-71.0744	-1109.25	-1378.33	513.794	-462.508	
1078.2	-7896.46	-3521.87	-4215.55	2279.91	1421.08	-821.041	892.249	-60.5282	
-420.556	6993.02	-3063.26	904.848	3599.19	1617.5	648.732	323.839	-68.5122	
12294.2	39096.3	12354.9	10350.4	4636.99	2459.28	1835.88	868.529	259.841	
4897.33	11514.3	11253.3	1715.22	1710.27	1258.36	-511.491	385.413	368.197	
2886.69	12630.6	4668.6	-982.47	2171.36	967.14	801.845	603.978	588.589	
2945.58	912.774	-1282.44	868.017	-97.3237	-176.668	-177.012	170.583	64.395	
1970.01	-4213.59	-4609.19	-41.7388	286.906	-340.026	-640.153	-149.037	213.751	
-5044.78	-11720.3	-5527.68	-1773.61	-589.218	360.036	1430.08	282.798	-74.0396	
2868.43	3369.32	2752.2	1681.95	1368.3	-1064.99	857.214	224.565	-474.56	

3272.51	2144.07	-1621.56	-4275.18	-883.194	-2021.14	-755.66	231.55	115.553	
13738.2	1373.5	362.285	-3668.69	-1712.39	-329.035	-237.905	289.17	443.17	
3658.01	-11600.8	-6542.67	-4043.88	-1352.8	-1059.3	243.185	-395.117	-243.685	
7033.69	1274.53	-4291.17	-764.043	288.825	-1076.51	-229.245	-54.264	187.621	
4860.28	8350.14	-2625.4	3857.05	588.165	-1151.9	-881.473	137.302	351.885	
4841.25	11270.7	848.607	1511.64	-356.632	-650.424	607.877	490.84	235.554	
-7418.54	-3880.1	-3983.7	-3515.81	80.1308	-1702.61	403.825	528.218	305.169	
-15783.2	-25339.8	-11235	-7625.75	407.738	-3832.6	-753.182	-782.754	51.7969	
-5807.58	-15060.1	-477.023	-3341.27	689.268	-2903.83	-647.99	-706.412	-119.412	
-873.121	6925.49	2516.68	-91.3721	327.665	-1052.27	-1110.95	-272.386	-325.601	

-8671.75	-8621.95	-4765.07	704.927	-3573.79	-267.795	-808.954	-228.768	-239.546	
-16684.3	-15305.1	-7051.7	-2193.2	-3586.01	961.556	-2641.4	-87.8132	-157.944	
-8300.54	-31.3256	-1829.59	-2527.4	-2554.6	-1268.31	-691.549	267.881	-457.375	
2139.92	-5865.51	187.391	-1618.44	-692.198	-213.43	-738.285	460.083	-521.969	
2998.6	-4585.47	932.157	-577.426	327.956	817.641	-226.982	77.7702	-72.4906	
6768.91	2822.8	1988.23	2778.69	657.664	742.522	127.863	-290.391	60.3669	
5702.21	4475.96	1066.35	4141.69	1320.93	537.918	-90.0947	-194.33	-126.075	
513.906	-9965.5	4347.59	2674.88	2418.69	-204.466	-342.219	256.71	79.8813	
205.842	1274.16	6855.42	-686.325	2662.9	88.2308	622.756	126.419	-144.06	
2777.09	5989.35	3093.43	1312.63	-406.625	-679.475	818.447	-174.691	-335.61	

148.326	-2700.37	1193.31	-4217.11	710.461	1157.86	501.808	220.41	-110.305	
-303.199	-1600.62	2183.16	2612.16	3933.74	780.063	653.863	340.297	234.054	
-201	-2223.62	-1929.48	-1292.69	2608.46	483.878	111.118	-430.31	523.244	
356.104	-1244.92	-1001.23	-2590.89	2986.56	-687.976	71.593	-451.653	317.507	
5711.44	8676.82	3207.56	914.675	1732.49	631.855	238.961	9.63247	-300.633	
1292.31	4984.74	-765.131	3023.19	1103.93	745.817	159.137	372.615	-95.0291	
-9088.79	-1378.21	191.846	431.171	764.934	-993.318	808.384	222.274	167.821	
-11470	-8321.68	-792.87	751.503	-536.611	-2563.17	697.542	178.248	342.103	
-1401.56	-4070.48	1321.95	3421.15	-729.47	-1693.69	-424.653	-213.094	305.513	
-1694.92	-432.206	427.986	-656.796	-611.825	346.933	208.905	-41.9255	45.2382	

-1053.38	6545.08	1715.09	672.474	612.45	-481.99	-271.043	85.8762	82.4649	
-4666.73	-12924.8	-8979.7	-4705.82	-2155.31	-1129.5	991.787	-261.241	-262.15	
-6120.07	-1747.72	-11422.9	-4296.67	-1301.85	-1643.5	53.2213	-536.774	-371.342	
-2188.17	-2536.28	-3087.81	-1699.03	-109.045	41.1217	-127.952	-67.5205	-298.473	
-56.3785	-2457.19	4740.83	-2050.48	454.491	-756.075	-835.389	89.0718	-55.455	
3040.33	-2462.67	1304.4	-4424.92	-2348.93	-1262.5	-1411.58	535.94	-140.843	
1615.19	-6165.23	-4259.02	-2085.41	-1954.52	-1543.44	-659.579	439.801	-264.002	
266.701	-12330	-7350.81	-2160.47	-2576.54	-340.038	-409.03	214.938	-52.9236	
-1576.36	-580.396	-844.042	-140.245	-443.458	-177.158	599.71	-203.597	-110.488	
1453.39	5894.1	6720.61	2353.29	-244.784	-871.46	29.7405	-378.94	-141.165	

-5413.03	-6708.9	-172.669	-1452.43	-3514.11	-947.362	-1068.83	126.079	-123.551	
5254.23	-11217	-2095.87	-2442.11	-2040.51	-1292.77	-828.417	-248.407	-722.109	
-10081.7	-24544.3	-10798	-292.584	-4708.95	-1653.36	-235.879	165.538	-125.401	
-8466	-16652.5	-9205.73	-938.448	-2584.19	-1269.92	-95.4517	-161.123	-119.586	
-1304.74	-2423.5	-1982.95	-53.4548	-490.929	337.58	1051.5	-358.815	-143.071	
5063.39	7666.4	3168.79	1100.97	73.8737	1145.28	1425.76	214.505	10.3673	
858.549	7215.61	2197.98	167.277	569.109	-581.1	230.536	282.574	51.0345	
-970.517	1775.88	2542.5	-295.4	233.626	-1069.08	-8.71211	-52.5521	-186.318	
-1780.53	4101.62	-161.746	1719.62	-957.384	-1288.32	-563.825	-9.32049	-318.906	
-7053.9	1681.57	-367.192	800.517	-1995.45	-500.307	-13.7825	6.00711	-26.0286	

2507.32	-7348.83	-2891.39	1047.23	-1188.27	-139.766	1320.92	240.943	-310.087	
5262.01	-12754	-8613.85	-4984.22	-4306.49	-1301.4	767.226	1845.89	-161.572	
-2103.84	-19592.6	-8556.13	-6804.8	-7383.67	-3094.06	978.575	-53.708	-365.609	
-7553.16	-5451.08	-2635.75	961.47	-714.052	325.895	1333.73	-733.125	-141.325	
659.385	1619.25	4763.17	3664.56	91.8319	505.029	-68.4567	-123.15	235.157	
-2259.04	-1612.39	3868	1333.18	1486.24	-1859.64	694.323	-112.547	-77.1236	
-4040.94	-16508.6	-3279.14	-283.906	1056.67	-238.238	-56.0384	-100.299	-199.439	
4434.35	-8064.33	-3781.08	2170.78	1469.54	943.875	35.7913	-31.7768	-423.245	
933.71	2020.85	2951	3790.86	1525.16	374.871	-690.949	327.728	-316.278	
802.59	7063.15	3503.35	1730.45	-1383.04	-146.268	541.45	-382.736	-525.645	

2050.84	17862.2	7066.39	3765.37	1523	1226.24	950.001	-88.794	113.545	
3381.14	21488.2	5808.85	-837.883	930.344	221.842	382.758	-590.189	93.3063	
8553.18	13064.7	5954.45	872.804	1946.9	-434.888	615.452	472.916	96.1223	
8471.19	8546.39	7088.62	1180.2	1045.1	-489.46	365.464	427.755	178.597	
-198.072	-6617.43	-2136.41	160.829	578.851	-546.824	180.912	-498.385	325.714	
-2406.77	-9739.89	-5998.87	-1385.77	-641.868	-1371.97	1065.6	-593.802	326.505	
4740.91	11100.2	3074.78	2813.92	903.755	-707.358	1164.58	-284.171	196.884	
7568.35	2626.39	820.635	-133.374	-431.449	245.521	304.184	-267.275	232.218	
3984.84	687.669	854.372	-1876.42	-235.496	861.389	232.556	-2.66233	84.8536	
3921.4	12381.7	3400.89	4995.17	1013.69	1044.52	1492.46	288.778	112.276	

1746.52	-6558.11	-4796.98	-7014.04	-2811.34	-475.577	-1864.94	-303.509	-94.6636	
-7540.54	535.985	-12373	-8902.6	-6598.72	488.01	-2188.58	-599.696	-271.699	
-11238.7	-6028.95	-6386.64	-3356.25	-2208.05	1270.44	-339.644	160.788	-605.524	
-8768.3	2028.33	178.474	-273.857	358.599	-163.514	-123.434	918.55	-883.183	
15504.5	27942.4	16602.4	5500.92	1955.13	732.863	1019.65	1021.9	-622.756	
5331.14	8473.35	10000	3436.12	-695.5	74.4169	-206.17	-0.406103	-107.951	
-6084.63	-15747	893.507	-5061.44	-3471.69	0.0568605	-1179.29	-1020.28	-471.745	
-4123.68	-21846.8	-1228.89	-1813.46	-4407.94	265.611	-1284.78	-1422.07	-410.449	
6139.87	-976.324	2386.98	2671.81	-466.916	901.725	-1075.63	-734.364	-150.527	
1592.17	-2276.72	965.479	-2054.15	-877.095	-51.4154	-1090.87	-430.172	-102.746	

-1744.43	3113.02	-2470.73	791.828	-1195.58	1610.7	-354.065	-129.688	158.697	
-1147.12	10342.4	-601.588	-333.568	545.947	1445.57	-506.043	811.893	651.413	
-7747.94	2680.03	223.973	-1775.39	-1297.21	-695.316	187.363	269.951	291.193	
-5149.44	864.261	-3917.59	1418.47	-1999.95	-1055.22	-291.372	-563.962	172	
-2724.31	9455.67	1677.44	3882.78	1261.58	876.052	552.425	312.823	-131.062	
-10815.1	-6852.78	-1256.43	-703.179	2466.87	762.508	877.146	486.968	-140.687	
2091.94	11078.4	3385.72	3686.75	3932.55	519.676	1379.85	561.445	-149.857	
2223.49	13174.3	6105.68	3521.08	3722.11	319.188	363.072	616.173	-48.9243	
2863.73	7251.11	4961.96	2177.53	973.455	543.296	85.6334	386.679	79.1937	
-3036.14	1867.05	-6039.55	-2553.21	-1143.89	-231.95	-1061.04	-505.858	-69.0644	

5474.26	2550.42	3460.71	326.171	1538.5	213.123	805.72	-155.648	47.4933	
2208.45	-10064	2736.46	-2773.77	-378.42	178.317	-417.604	330.968	-340.96	
-4722.37	-15191.9	-3206.37	-2238.55	-1259.85	-465.104	-1223.85	62.0794	-453.407	
-1667.96	-9265.05	-3516.02	-244.174	-1603.66	-1223.22	-613.978	-304.737	-309.963	
4054.49	-636.661	249.269	1918.8	-947.941	-848.101	170.338	-10.3453	-94.8548	
1856.85	2725.14	-1285.11	-2036.85	148.651	377.942	-465.97	-114.196	8.14698	
3697.87	2078.46	2603.78	-2880.58	588.224	699.076	-720.665	92.1857	-12.9406	
3334.08	2216.08	2965.27	-79.0477	1387.54	-377.084	27.284	64.1278	-271.752	
5131.28	2957.15	1800.95	-817.347	-70.0088	407.982	203.095	-121.375	-136.601	
6488.93	8319.38	4095.77	456.012	718.431	489.132	356.873	-2.73776	46.1666	

-3695.32	-2204.7	-1411.2	1322.42	1837.06	-395.451	-870.229	568.667	-187.051	
1312.66	12583.5	5066.39	4630.2	3090.41	1437.29	-997.972	-187.765	-500.016	
-3202.06	3981.76	-4193.95	470.625	1884.5	1298.47	104.998	46.8144	-128.247	
-1908.46	5422.13	-686.822	125.052	2468.86	582.008	313.609	438.545	-22.1816	
-1480.03	9793.07	3241.19	1187.5	2434.8	-14.5137	294.447	41.7348	93.1272	
-1674.17	10321.4	5013.59	127.965	150.873	348.408	98.668	61.8896	-27.8979	
111.293	3383.02	5065.78	2214.43	-1138.59	-1214.47	1236.55	451.974	-116.836	
-2396.18	-3746.8	-1903.28	2672.12	-1132.98	-1065.34	1019.39	-630.263	133.51	
-6240.19	-6171.02	-1904.24	884.14	-608.297	-880.371	1247.38	-425.225	-2.16218	
-5195.18	-3236.51	1356.58	410.435	590.443	-1039.49	196.873	458.863	-42.0543	

944.35	15069.5	2620.92	-627.368	-1952.15	-615.515	-1285.22	-91.2478	-8.11686	
6991.97	4389.18	-2692.01	-2394.3	-2053.99	-2284.64	285.072	127.468	706.017	
-4585.29	5891.6	-802.132	297.365	-505.488	-1239.07	623.066	787.537	724.646	
4066.47	18943.2	6664.29	-482.166	5732.43	647.211	677.398	198.627	351.061	
8641.82	14767.1	7420.36	3656.48	2674.71	1826.39	892.335	-147.834	-148.751	
13975.5	12351.7	4287.12	4789.51	681.388	1417.08	678.893	79.6132	50.8076	
9679.49	-688.133	-400.897	-798.891	1040.85	-491.763	974.4	-282.257	-247.032	
8449.26	-1923.21	6077.64	-258.558	1349.31	-1638.72	1001.6	-365.486	-411.415	
2776.2	288.568	3197.01	722.428	1402.53	-2075.43	523.966	-464.568	-305.883	
794.072	15665.2	7122.12	1912.33	843.555	651.041	-537.007	-764.466	152.43	

-9570.21	13433	-26.1034	3033.86	-4011.3	-317.007	1197.02	-758.382	410.817	
13853.4	33629.6	6.7458	-3212.23	448.052	888.353	1889.1	-678.046	129.576	
16093.6	32709.2	4681.72	7653.75	816.149	1750.75	1101.71	917.59	455.687	
-5479.34	-7389.51	-4249.06	3974.85	-11.5351	-2349.76	490.115	-203.878	-353.558	
-10753.2	-7239.02	-3408.9	4254.38	-374.466	-2194.43	-924.894	-75.8703	-577.138	
1271.34	15379.2	12616.4	3693.96	1648.33	-928.493	441.217	333.136	-509.784	
27.9409	1334.14	5802.41	-328.291	753.415	-74.5048	381.976	-378.698	-252.844	
-5437.94	-20205	3437.1	2509.38	3770.65	1496.59	-1181.45	111.702	760.421	
-6098.8	-6104.01	661.133	4285.95	2086.56	518.585	-1176.92	-227.922	477.186	
-7048.28	4238.7	2042.7	3992.67	-1851.06	1392.83	-1154.47	-742.646	237.302	

2016.64	-7567.39	-3478.98	2946.81	1386.73	-792.505	-406.56	142.997	526.884	
5445.85	-7771.61	-4271.17	-1739.22	733.682	-197.845	-1487.59	-202.306	641.646	
1004.62	10848.5	3426.13	3360.11	1024.67	1219.12	-331.89	-373.572	281.178	
5955.82	11065.8	1387.79	2410.07	-785.912	873.487	-268.18	-282.087	105.654	
6480.07	10619.8	-1994.94	-52.0625	-436.208	34.8341	319.296	-91.6668	219.994	
-615.308	-3108.25	-2491.28	631.471	-304.302	-880.442	-47.935	281.452	184.508	
2739.55	524.098	2333.28	1144.73	2171.29	-584.496	1393.54	621.161	-173.375	
3678.54	5707.66	4550.85	3010.48	2099.71	-815.519	-304.358	563.83	-278.402	
954.288	9167.91	5703.86	1315.83	128.292	-623.709	-2156.09	947.726	-401.06	
-4210.29	2104.79	-3993.32	436.781	-199.611	-332.816	-838.457	169.681	-283.484	

3299.46	7209.17	930.163	1315.46	4354.33	427.323	350.708	-147.012	47.9024	
-5298.95	4342.39	-3079.55	-1319.99	1438.24	670.509	490.459	-89.5976	89.557	
-6722.79	-4523.42	-2386.31	-1547.58	-90.687	753.552	155.939	276.141	61.7806	
-2100.53	-1296.03	1750.15	522.108	640.316	-402.709	351.797	132.839	190.675	
2450.06	2121.85	1277.02	160.711	695.677	-403.914	225.296	42.4895	34.5847	
-2552.83	4752.16	2670.12	464.123	-239.043	898.12	-194.153	299.194	104.755	
-1148.56	3988.85	3360.29	1806.23	80.5292	1308.83	125.987	-5.98425	-165.021	
853.349	3674.12	4509.71	2734.18	455.257	378.897	-379.469	315.159	-343.787	
513.602	-836.095	1144.37	3001	-1018.8	-308.507	-94.2338	244.732	-205.585	
-1232.12	-1064.6	-1885.98	-252.686	550.285	-313.546	425.371	-277.093	-22.4639	

10025.2	2283.14	-2936.71	3018.56	-103.559	3389.98	-2301.69	-133.171	-675.304	
13212.5	-8330.35	-5299.43	727.963	-1841.03	2862.82	-2709.74	397.594	-234.149	
4774.54	-3507.39	6347.68	3154.08	-1861.39	2164.9	-1150.13	-996.117	279.71	
16111.4	29202.6	9770.81	6520.19	1948.65	1160.22	-607.923	-422.009	433.756	
11650.1	40753.5	15858.8	7739.45	6539.07	1073.72	385.3	84.7651	232.018	
-5297.64	5241.74	6628.62	6561.8	4143.57	727.218	1048.28	477.245	-358.381	
-15765.8	-17523.7	-10370.4	-2590.62	-1909.57	-212.294	-247.926	312.926	-256.049	
-10802.3	-9962.02	-3977.35	-4043.6	833.646	-236.765	-470.989	246.085	241.724	
-755.01	-1633.46	4556.21	-3202.55	2476.61	410.346	831.921	442.812	340.911	
-4980.72	-5180.69	-5508.17	-1780.24	341.069	769.97	-1207.42	-909.986	-288.113	

9752.69	20938.2	6551.77	1829.89	1458.62	1714.11	1163.75	762.539	5.41878	
-1560	6384.46	2760.26	-4184.86	-919.984	-330.091	1755.34	337.119	-298.989	
-3510.84	-17174.3	-5866.3	-5999.74	-4067.51	-1682.26	-279.394	-368.379	-100.802	
-23.1185	-12650	-6539.11	-1718.22	-2487.63	288.794	42.9672	74.2879	80.8869	
1120.76	-940.891	-1920.85	740.833	-204.447	603.997	-692.248	43.3139	-261.754	
4358.91	3670.68	-32.3889	2242.79	1650	-1075.95	-695.248	-333.102	-41.8718	
854.568	-2858.37	-3964.99	-582.751	802.668	-1624.23	-155.998	-11.8236	-8.18683	
3947.69	-60.3629	1725.69	433.885	2117.18	-619.93	771.481	269.056	156.05	
8703.76	9318.49	6205.5	1640.32	1769.73	-495.43	962.86	-85.5076	237.104	
7059.09	10504.5	3469.17	1018.83	-252.342	284.196	310	-71.8414	-176.305	

7247.39	10564.9	5212.89	3012.19	-876.773	-649.187	452.741	532.533	190.13	
-2596.54	-4099.29	-3713.87	-2655.72	-3520.76	-1762.71	-889.931	905.029	376.199	
-12520.5	-13100.3	-4192	-2569.96	-3069.01	1434.58	-1452.68	627.292	449.837	
-4983.33	-14810.3	-5428.21	-953.689	-1254.66	-659.808	292.186	244.122	118.93	
-4367.76	-6849.73	-932.573	-716.499	2218.88	-335.733	340.833	-118.41	-19.3998	
-2877.94	-1212.36	1513.22	-522.16	2639.54	-227.476	620.706	-423.978	233.331	
-5314.51	-10859.2	-3233.84	-3449.75	-1462.59	-1201.07	-608.253	-174.606	-18.155	
-10051.3	-16331	-7239.77	-4177.8	-456.117	-793.753	-1676.58	-136.678	209.386	
-317.258	6000.2	-2160.5	-230.554	-730.014	-506.014	480.13	-281.368	502.396	
-865.079	5330.13	1587.67	-713.266	-449.841	-49.454	591.596	-151.879	178.868	

-1277.35	12500.2	1988.73	2063.86	392.95	148.752	-73.063	-411.985	-2.09241	
-8651.74	3815.98	438.185	639.445	-2755.76	-255.769	636.963	-872.545	-80.9944	
-544.242	193.976	1728.06	-2802.48	-3258.33	-102.563	-965.335	-751.298	-250.16	
3558.55	5011.2	1839.82	-626.089	-1322.57	-202.382	-528.186	-86.7939	165.143	
829.783	3508.88	-3497.85	971.167	-2387.34	-206.738	-893.618	293.106	35.9383	
1183.87	8915.88	1850	3924.29	-1618.85	-30.5198	-543.419	-116.63	403.346	
2265.61	2840.42	2327.05	583.432	-786.079	-1066.03	37.6327	-155.367	192.656	
6782.87	9805.94	4217.01	-867.106	-1111.45	-342.646	-394.279	168.233	122.982	
3021.01	16744.1	4665.61	569.998	1475.79	1695.96	479.041	-534.543	175.321	
2424.75	16590.8	4019.32	2971.27	3389.94	119.824	-57.8498	-270.925	-28.1042	

-1273.15	-3955.64	5577.38	3316.76	2673.56	930.821	578.532	-106.188	-333.61	
-1229.55	1525.25	-1887.35	8266.64	5087.7	2535.19	-654.467	358.35	-393.436	
-3391.21	-9055.89	-3609.16	1889.75	-430.945	-2386.36	-1716.12	-150.956	224.612	
12569.7	18218.1	18162.6	4361.44	1799.95	-1122.2	1065.03	-508.136	-276.068	
-1881.63	-2101.82	8086.38	-4267.3	1062.25	796.272	-955.852	-832.31	-6.46195	
-2760.91	3378.87	8852.65	-469.942	-1229.32	1944.73	1062.17	139.764	326.287	
4530.72	13196	10047.6	3069.88	-815.19	1189.54	1117.12	-28.2869	45.9959	
7941.58	6521.47	2694.4	1266.49	-2416.29	934.998	518.535	336.527	137.7	
-4168.47	3807.16	2047.06	-3802.8	-2311.59	57.0504	264.466	734.45	328.644	
-1521.99	-278.923	4044.19	223.354	635.836	80.4074	-490.257	-93.0442	-49.6934	

-543.262	826.737	3323.98	471.403	1104.13	58.8346	-138.973	281.914	-266.08	
7529.29	8843.59	6903.91	5775.11	1860.39	2405.98	-373.172	-95.9845	210.662	
5946.44	4668.9	3127.12	-648.773	-191.248	645.085	446.08	-138.187	407.515	
5702.15	-283.23	2751.69	-3006.14	-429.355	-593.622	458.103	188.474	182.984	
950.515	-1584.36	1493.94	-1290.35	164.44	-290.72	927.103	636.421	167.441	
-6275.08	-4628.32	-4791.47	-1762.25	-365.503	375.872	181.724	526.302	103.173	
3.88274	-2300.41	1391.95	1034.9	-421.425	1186.94	-27.7446	118.57	-32.6886	
4690.6	3968.98	5702.05	1200.81	481.804	1541.36	698.981	154.858	-230.721	
-292.99	-112.499	466.937	-1446.92	480.057	1031.07	635.968	11.6391	-281.199	
1631.64	8845.81	5247.03	1353.81	1990.87	595.656	307.961	8.28095	-160.793	

6101.73	6809.24	-2515.41	-2062.72	-1364.78	-672.481	-808.124	-489.032	113.593	
-6711.82	1562.48	-6658.05	-4038.76	-4879.09	1915.77	-680.493	405.086	509.481	
-1446.09	-1904.05	-3761.63	-3388.68	-1505.95	2189.96	-931.295	802.393	419.167	
6215.56	9390.48	3042.68	1007.64	2642.25	-13.1423	548.381	107.522	223.261	
3248.12	9657.88	3257.98	528.04	2046.87	721.382	1150.1	-6.4959	154.51	
1108.41	6955.84	-32.0479	3413.37	1256.87	850.564	207.957	-279.759	-19.9201	
-5647.38	-5115.55	-4279.53	3594.43	-564.847	439.316	-957.397	-391.737	3.51818	
5267.08	14.7221	5626.5	4897.97	1164.74	185.283	-141.663	228.198	61.0081	
9012.42	8910.64	6229.87	2736.88	2631.39	-732.927	1253	215.809	197.926	
-3178.03	-8300.03	-7758.16	-1905.76	-1392.34	-2262.26	-547.415	-235.598	98.1818	

9.5663	-13882.3	-9888.33	-7411.38	-3349.23	-1719.95	-413.455	-865.176	-633.623	
983.982	13840.2	358.918	4002.13	1628.89	1302.16	1246.72	-956.295	824.024	
-5152.69	-14565.5	-15916.9	-3265.52	-519.202	-9.93001	817.046	-806.07	1080.41	
-5173.12	-6380.18	-8828.53	-4482.78	-1668.71	802.882	-962.133	-24.6647	-54.9884	
-645.085	2166.64	929.09	-4330.99	722.72	212.444	-317	970.62	227.066	
-1952.8	7705.62	1481.07	-729.874	1139.62	1486.94	55.6176	67.6446	-267.217	
-6015.34	2834.08	-1041.03	1114.67	1239.02	274.821	-51.0844	-592.973	-545.118	
-4870.25	969.697	-1824.35	716.372	1593.38	-1009.93	-162.793	473.577	-281.627	
-9889.15	-10051.6	141.881	-880.204	2094.88	-596.44	-353.954	898.843	-139.079	
-3166.27	-14561.7	-4719.75	-4180.66	-752.897	-483.479	-957.33	214.491	-72.7353	

-716.953	14956.4	5138.83	-1353.49	233.256	-1737.45	134.42	-623.992	-528.008	
-2004.85	11857.7	12569.6	1893.72	497.143	-884.285	-1590.04	-1337.05	257.361	
-1634.46	-6363.24	2281.52	-2228.83	-1885.99	-1540.47	1268.41	-1885.24	856.5	
-5483.22	-9894.92	-4582.37	-7395.5	-823.431	-1175.29	1308.42	-977.733	318.767	
646.296	4435.76	6735.59	-1349.43	1072.31	-414.175	915.308	-111.19	123.195	
5719.73	1653.91	3187.89	1560.44	397.561	1206.74	791.235	-480.18	61.7296	
2797.3	-786.914	3887.93	185.554	-2476.71	1299.31	246.567	-1228.69	-44.2989	
-5199.69	-941.253	-4180.7	-2325.14	-372.993	941.78	-1812.23	-1121.18	-287.179	
-6149.71	3170.01	2792.87	-222.541	4385.95	217.231	-919.08	-473.227	-97.7618	
5686.89	16139.4	8339.7	1414.12	1589.78	-104.997	1770.81	-318.522	261.951	

3535.17	1616.1	-5832.33	-3590.82	-200.424	1214.36	397.829	320.675	319.044	
430.832	-2420.04	-10339.4	-8179	-4324.73	-755.127	-1043	-415.875	-160.38	
8344.32	6378.93	2109.64	-1123.63	-2367.71	644.974	98.0011	-449.716	-150.802	
1344.12	-325.088	-1885.95	-1569.79	-910.916	-97.4421	-190.69	-565.3	66.9554	
-4481.43	-10378.3	-1141.55	-1770.46	-307.331	-403.451	-816.437	-334.263	174.691	
-13001.4	-11739.6	-2146.74	-1773.81	321.23	-833.279	209.98	-229.215	-156.734	
-6355.04	-289.714	182.768	1729.62	-197.782	-901.72	543.333	556.814	46.4181	
5681.64	11729.2	4464.23	4937.32	889.041	-613.799	501.44	1205.93	-204.112	
-2316.31	-7476.5	-8187.91	1744.42	-231.649	-449.188	-1615.86	245.905	-121.383	
3678.55	5242.38	-2108.09	45.9671	830.773	1327.07	-759.138	137.025	299.495	

773.328	-1215.16	5200.41	-1390.37	1545.17	1140.77	-747.865	-68.6203	257.538	
7872.21	-591.278	6894.02	-1845.31	468.14	-1361.44	-1278.1	-133.076	-110.964	
8498.81	-2562.58	8973.5	280.75	52.1844	-1235.82	-743.76	38.3689	241.61	
-23.2945	-6117.16	-673.211	1210.22	-1091.53	-764.043	-834.921	205.346	-232.566	
-3071.84	-3713.03	-5721.11	871.986	-1310.17	-51.1755	-542.589	262.881	25.7252	
2141.54	1820.2	619.747	-102.455	35.7806	376.635	442.868	397.187	-182.355	
4145.81	7259.6	2386.26	899.185	1525.12	981.883	229.376	41.8266	-314.327	
-2086.01	-5709.91	-154.858	195.711	1035.34	160.945	-367.543	-136.19	-324.559	
-3011.68	-10450	-3036.08	115.139	-108.466	-510.128	-969.27	69.0281	27.0075	
306.983	2613.47	1177.76	92.7584	1138.58	632.675	-190.985	139.948	194.267	

10071.5	13928.7	2083.75	1729.08	296.738	1517.8	-486.752	-67.0814	-10.7962	
12075	14265.2	2727.59	514.363	1827.72	-1769.31	-474.476	-149.941	6.61851	
-1453.14	9204.11	1748.4	-962.266	148.382	-1019.75	-779.813	32.3217	-72.6634	
-4741.4	-3059.45	3176.52	-1579.66	388.203	-17.2139	-972.42	-326.254	109.161	
3412.56	9413.09	3018.38	172.315	-33.9882	1347.33	357.474	-489.608	308.628	
5653.42	-818.37	6080.6	-750.359	-1426.73	1388.49	915.516	-379.528	65.3252	
3144.54	2795.07	4583.09	1680.29	259.661	1075.79	1533.76	403.141	-229.45	
500.069	3457.57	5008.76	3303.03	-346.623	1337.85	1328.4	337.348	-179.049	
2057.77	-2003.44	1615.05	-1472.26	662.269	1094.13	-114.703	414.347	-108.197	
3156.18	5071.39	3786.28	916.55	1503.18	1243.37	246.882	332.802	-275.684	

1010.63	1254.11	646.17	307.427	447.767	299.434	-103.897	-15.3761	22.6015	
3028.31	4445.1	1992.72	1422.43	1111.16	754.598	265.789	104.584	27.0787	
-834.535	-1043.03	-523.514	244.767	-204.687	-181	215.82	45.2435	-48.2492	
1163.68	378.719	1240.57	124.469	41.7697	-23.7433	156.834	5.17626	-23.9007	
230.216	-472.662	-200.967	-303.842	1.72219	31.4838	-168.117	-82.619	-32.4517	
-965.999	-558.311	-1583.09	-722.83	-104.322	66.4345	-377.889	25.0384	-87.9632	
-172.685	-218.258	-1011.48	-276.148	-156.582	-105.806	-120.145	60.4204	-68.9401	
-609.761	-1849.1	-936.346	-178.566	265.241	-82.6498	231.481	38.8974	-48.9143	
781.264	444.004	398.324	61.3045	412.706	92.7572	25.7983	-29.662	-47.5584	
56.1662	-385.716	-214.809	-317.786	155.507	-223.889	-227.861	-61.0215	-2.90608	

-8102.28	2270.93	-7361.06	292.038	909.684	6.96401	89.4439	-80.4581	-595.138	
-910.672	6905.94	-5096.06	4119.3	326.143	-433.477	884.638	-866.431	-159.97	
5034.57	3044.19	1966.01	3689.47	164.138	-690.609	302.211	-90.0646	254.564	
56.1342	-2856.33	553.673	763.222	-3786.63	-686.585	-338.147	-37.3738	55.8489	
-2593.86	-1817.28	1651.17	-1975.09	-3205.45	-196.596	596.925	254.103	-236.575	
-172.568	378.7	1414.47	1130.67	-234.879	-101.869	513.866	142.616	-358.869	
-3924.31	3729.33	-515.95	1684.8	-557.562	252.9	-36.3876	-150.469	45.8501	
958.044	4003.07	481.677	1620.4	378.9	-522.002	-164.152	-503.209	504.115	
4386.23	292.582	-627.093	-1488.91	-1198.73	-589.753	689.695	-598.715	451.336	
-1518.81	-1153.93	-4696.38	-3736.95	-1878.78	357.529	-192.034	-622.303	-78.4969	

146.717	277.583	-1557.88	-327.316	-1837.96	1811.3	-659.498	-836.213	54.6496	
5787.37	13256	8738.9	-4912.34	-583.811	321.288	1299.75	-95.8899	653.264	
7845.34	16037.8	22525.9	1136.66	1728.22	1876.46	2011.97	70.2751	323.432	
4368.47	-5600.92	-1681.04	575.611	-1587.33	-653.899	571.498	110.304	8.76149	
7638.3	-11922.2	-8144.75	2556.98	-1562.21	-1961.63	-156.343	149.29	-183.791	
3120.5	3294.7	-3058.89	4917.68	-119.524	-193.163	37.9382	318.332	-367.355	
-1817.12	11464.2	-1478.51	1733.98	1630.44	609.082	-1184.32	169.429	-310.323	
5062.09	7920.65	-80.9218	3315.83	-576.269	-172.282	-46.0337	869.043	-330.643	
1072.51	734.607	478.978	5941.67	1034.96	-1379.92	-896.659	397.575	-142.861	
4403.65	456.298	3118.82	2050.12	505.382	64.8928	-1946.13	-492.443	314.491	

-2534.02	7656.03	-1364.65	1593.2	-959.701	1476.59	773.672	-48.5387	-73.5454	
9183.91	34069	10401.6	7204.16	2858.53	1221.6	2144.88	-205.971	12.0643	
-1380.78	-6068.1	1266.61	-2116.31	-152.062	-1345.84	1302.23	-136.054	-120.94	
-3509.41	4.21448	4953.97	-2850.6	-935.44	-547.712	1402.03	-42.6455	39.8509	
-3284.5	-1403.52	3050.98	-73.3042	-157.224	401.306	1200.97	-299.966	123.179	
-9123.46	-9231.5	-2634.02	-2933.05	-124.231	543.93	270.66	-721.485	-0.715205	
-5385.52	-13874.7	-4098.23	-841.875	57.6397	538.091	854.175	-720.051	141.339	
-562.416	-8138.23	-7255.19	-2891.88	-969.949	-476.026	653.261	235.015	112.913	
-2978.88	-586.33	-1238.04	-71.5381	116.724	-155.379	554.912	691.139	-112.671	
-492.743	6903.31	3459.44	1547.27	1836.16	1365.65	1523.3	832.333	116.68	

4765.29	17097.3	3273.56	-630.498	601.311	1876.6	-527.201	244.874	-120.626	
-6161.92	-1306.08	-3520.65	-2082.34	-1524.34	233.981	886.971	-193.096	198.527	
7257.62	1866.61	-577.986	-5075.06	-847.962	-1296.94	-289.41	750.455	266.756	
7667.8	5807.49	2125.44	-2349.66	-1328.64	-2027.37	-1030	-293.219	49.8948	
-1309.65	-7827.68	1360.78	-4174.1	-283.259	-1020.91	-95.5198	-142.612	-72.8587	
-632.237	-1956.83	3902.86	-2321.9	1360.39	-364.293	64.1551	101.553	-66.6624	
7925.57	12056.8	3499.42	1616.81	2523.65	892.436	199.177	-88.4945	162.903	
10415.1	23048.9	3342.89	4219.68	2738.65	1041.16	56.1622	72.8221	82.4147	
807.698	11492.8	3026.29	1319.22	1726.58	57.2355	61.036	151.916	-147.121	
3060.9	6855.16	2918.26	-1160.62	1615.99	1323.56	-371.924	259.911	-39.7115	

2310.63	1121.5	-5003.84	-829.28	-1683.84	-1803.53	-908.647	107.966	-88.525	
6928.11	18758.8	12128.9	7190.96	1863.72	-803.884	1262.73	-39.5623	-112.436	
1944.61	11972.8	5826.91	234.839	380.775	2093.42	780.602	51.288	123.632	
-903.616	3271.48	2139.15	196.133	442.107	2665.53	1369.05	218.653	222.612	
1599.51	9549	1701.39	364.201	694.139	1313.62	1380.3	357.388	210.249	
-1215.61	5095.37	1077.05	843.673	375.851	1073.1	1502.08	158.493	-312.003	
-3004.25	-704.092	-2302.19	-415.013	535.604	-21.856	635.76	-28.2586	-295.472	
-7048.06	-13709.9	-3038.11	-3071.33	412.49	-637.825	-71.9969	-559.401	-125.447	
-7453.53	-12031.5	-2046.24	59.5841	1984.46	-335.129	-439.014	-617.203	-14.257	
-3910.55	-1920.16	-2031.2	1296.89	493.505	-765.502	-362.617	-199.31	12.46	

3398.01	-59.3175	1660.17	303.879	168.353	-1056.6	-868.493	784.96	-170.722	
-6433.22	-13403	-7518.22	171.104	-571.192	346.494	-1243.26	858.825	-305.015	
-6684.4	-14505	-1648.31	-2380.59	-742.895	1393.39	-1061.13	-225.287	-116.765	
-2411.27	-9269.12	1836.76	519.542	-738.403	487.402	-8.88415	-102.258	-209.269	
-1806.36	1134.45	-125.908	1605.76	-1467.86	-224.676	427.288	196.845	-30.9458	
2566.76	4641.46	-2367.55	-929.504	-1747.49	171.75	86.815	-111.45	70.4811	
1744.36	-218.929	-711.503	-3044.16	-1227.65	253.94	152.63	258.623	-21.0495	
3199.35	691.851	-2976.45	-1708.99	-994.458	-1386.23	525.069	21.51	-157.284	
1109.42	6576.04	-1969.6	-1731.43	-1236.54	-1353.47	410.191	-777.008	-246.938	
2581.13	11742	3815.26	1246.05	-485.484	-449.318	849.968	-55.6407	-70.8067	

-3614.38	-5644.1	1478.44	-1291.93	1737.27	751.704	45.7325	-708.472	-18.7304	
-2918.17	1802.87	-1954.15	268.823	-1236.38	2807.11	294.976	-431.692	373.537	
-5068.57	-4881.29	-3195.63	371.205	-2780.75	1411.58	39.7656	-507.622	78.8292	
2537.11	861.609	264.372	-415.532	720.825	354.904	-365.669	-379.581	-82.3766	
2598.14	-4568.53	3650.59	-2352.21	842.105	-364.362	-347.9	-574.684	-106.412	
-8265.69	-9286.49	-1302.88	-1745.56	-1819.28	-1295.73	45.7554	-221.833	-395.134	
-5107.03	-6814.07	-2867.71	-2791.19	-1116.5	-976.052	1222.95	-228.816	-451.496	
-888.101	-7005.2	-4331.06	-845.831	-688.368	-388.145	353.199	103.017	-593.776	
-3296.98	-9543.16	-2621.85	655.608	-759.526	316.459	-2178.65	-263.091	-678.477	
-6741.84	-6864.68	162.374	1239.31	477.501	209.895	-732.205	-227.564	-341.708	

-4003.02	-2669.14	-61.3398	-40.2188	-1000.09	-1369.19	-582.251	-221.153	-169.732	
3718.83	13250.3	5040.65	3399.73	-1748.03	809.586	-934.888	-266.843	-443.429	
1921.09	16075	2794.65	4453	1543.53	170.174	63.6534	225.002	83.6512	
-4350.52	2242.26	-4323.65	-988.163	779.476	-151.438	137.433	-113.606	331.918	
3526.49	9561.69	6106.65	3603.24	1423.87	487.25	1213.74	328.035	558.043	
9414.69	10435.4	7439.54	1960.89	833.48	-485.277	311.221	474.913	259.14	
5066.21	3313.51	4526.18	-940.751	12.3025	-119.742	572.518	130.878	97.7546	
3730.64	478.507	4709.29	-74.4951	-19.6799	-157.092	-155.457	246.746	197.28	
-1733	-1053.66	2531.81	-465.574	463.178	1216.14	-218.79	435.183	226.298	
-3468.19	-6404.4	-2394.13	706.897	359.621	-375.273	344.639	416.928	325.666	

-10049	-494.409	-6570.41	2242.48	524.113	184.693	-1862.97	-175.072	-109.608	
9719.55	11646.4	5352.46	4319.21	882.873	-16.5768	-1294.74	389.146	-248.432	
6093.71	2080.86	9784.32	1528.04	-1141.72	-581.12	514.188	279.846	355.861	
-1086.64	-2539.71	5957.45	-485.663	-1422.46	-600.115	796.953	-129.535	704.057	
-4352.88	-7889.39	1606.11	-536.655	-958.78	-651.161	-14.7079	140.09	121.411	
-3461.23	-5221.03	-370.539	-1029.32	-302.036	23.9	-6.83783	342.411	22.6733	
-3867.46	-7618.09	-2824.1	-1500.93	620.367	-1398.36	574.556	382.585	238.966	
1361.79	5624.07	1066.48	2524.59	1882.95	-819.995	760.625	50.9072	94.7253	
2180.91	4374.51	2268.61	3191.17	1040.1	679.019	1712.57	-170.19	-266.153	
-4872.24	-6396.13	-4748.98	-953.974	-750.053	-175.149	-1056.63	-299.085	-236.894	

-2963.1	-10052.4	-7663.39	3190.15	253.121	-811.948	720.167	-13.4769	6.33001	
-9624.82	-22894.6	-10609.1	-757.897	567.619	-850.8	-583.284	-180.907	-90.8554	
-206.558	-4082.02	-4589.89	-2631.34	1456.03	95.3578	-505.836	-294.516	110.493	
5845.1	9979.38	1112.49	-31.7051	2642.98	328.033	-260.225	88.1424	-213.127	
2101.68	4286.81	-860.281	-1208.94	282.144	-391.179	782.391	375.964	-255.339	
-2909.12	-7273.35	-6178.64	-810.526	-2092.55	-1189.42	40.2343	-324.367	-203.795	
-2040.48	-8850.36	-4776.07	-1305.59	-1977.25	-1214.91	124.198	-138.894	-174.611	
-467.426	-2934.34	1923.15	-234.113	206.591	-871.781	348.61	102.266	-51.1635	
-3411.44	-4392.87	-3943.63	-90.4587	1370.81	-299.687	736.095	514.722	68.3915	
-4832.46	-6116.55	-7163.48	-331.117	916.388	-215.999	931.172	219.102	196.807	

4613.28	-7901.6	-1622.63	-405.217	-506.551	129.18	535.594	-1118.44	31.222	
6850.4	8871.02	-3588.36	1352.74	2474.62	1493.99	1859.85	-1233.03	65.2853	
4114.44	101.857	-3777.99	-1684.5	442.006	1055.21	-726.284	-332.207	94.8837	
-2356.72	-2275.29	-2246.52	-2781.68	-664.404	-238.92	-230.582	-234.449	56.6986	
-3347.52	5344.08	4071.95	1402.49	-1111.56	381.669	344.677	-132.377	-137.833	
5768.85	8686.97	5419.22	2830.02	-2187.68	698.466	-182.004	-275.379	-136.679	
944.339	3299.34	461.214	-171.125	-998.904	-1016.81	-686.297	-215.227	-226.921	
1617.73	4896.29	2672	280.972	1252.46	-212.52	154.675	195.679	-58.1233	
-3844.73	-4456.82	632.261	-603.362	275.066	-96.4475	-394.639	239.829	-76.8941	
-70.9943	-5813.32	1716.85	492.111	-288.72	583.185	-126.019	-361.211	-54.4253	

-4939.29	3174.58	-803.07	1132.37	1747.01	746.343	-1394.7	-316.554	-2.12664	
-13091.4	-9496.66	-2685	-1216.37	-1205.74	-1128.66	-180.237	-634.832	-195.149	
3800.18	5603.08	9848.15	252.173	-135.817	494.26	305.235	9.43604	179.718	
4815.59	-8505.74	-993.397	-2614.13	-1704.59	1043.14	-825.02	-151.095	187.753	
3856.35	-5669.94	-4042.46	-2563.96	-1668.19	617.238	-617.942	-580.623	37.5911	
-2819.7	-1769.44	-4697.49	-435.9	-316.227	459.265	-55.8423	437.337	140.021	
356.988	5435.87	901.866	248.553	202.972	730.071	1797.92	276.381	90.1907	
-4320.78	845.449	2596.81	-578.507	498.067	632.387	1174.76	-136.405	176.765	
4095.67	15116.7	5542.27	3302.13	2641.55	1263.36	1442.29	32.5679	272.716	
698.707	3400.79	3229.27	2218.08	2355.19	461.864	369.794	-322.651	259.036	

3680.3	5223.97	4557.92	283.753	-511.409	-35.8387	843.652	110.421	21.2884	
-7225.72	-10388.6	847.223	-55.7829	-578.076	-1341.19	574.571	-418.272	-138.341	
156.194	1560.08	1696.29	-1825.28	647.986	-976.913	625.631	-543.397	-81.457	
3227.37	3152.64	-901.234	-329.111	-445.216	-108.656	141.41	-473.787	25.3403	
3862.54	2572.73	-3761.14	-2453.67	-1110.28	-614.429	-696.81	-551.504	-297.849	
967.471	-1636.81	-258.908	-2612.28	-834.69	-536.63	152.919	165.591	-62.4541	
89.8872	-5146.18	1675.98	-1711.82	-20.9607	-329.502	400.174	-22.8895	-97.3006	
-1554.65	-11477.7	-2031.46	-739.834	-1051.2	-1003.6	-290.485	-193.57	-168.525	
1848.04	1706.04	2645.27	1535.41	396.87	132.54	-81.6149	-34.742	-63.4885	
2454.42	1269.15	2217.82	29.3707	421.697	499.493	375.435	279.323	-76.1276	

420.479	473.977	1523.5	-459.955	-301.62	-238.576	-387.725	-126.054	-387.963	
3751.26	-666.054	-627.795	49.8613	-446.621	206.121	-504.439	-80.1203	-309.336	
2552.39	-4053.08	-1849.67	1354.8	-620.672	334.192	-11.7644	-697.373	327.816	
5327	2969.17	1846.12	1059.38	-1286.52	-590.863	568.745	-456.635	240.751	
4419.82	5535.24	3215.82	452.812	-398.875	-124.758	79.7827	78.2732	85.25	
-1289.63	-4410.73	-288.425	-826.468	-951.441	-130.754	-831.244	-344.498	221.798	
701.491	-2419.87	-1350.17	-633.993	-1047.95	-804.925	-30.6696	-378.393	183.087	
-660.856	5053.61	1028.36	-201.374	-651.015	-635.234	66.4901	-733.986	-5.11364	
-8775.55	-1093.67	-2138.11	-2409.45	-1432.68	-493.229	-603.96	-438.962	-298.432	
-1860.42	5132.46	1403.55	-690.985	-265.436	200.299	-600.481	-44.7238	-293.265	

3334.76	-12634.1	1517.2	-1558.52	-503.258	-953.012	-67.3257	-299.521	-51.4031	
-3955.23	-963.238	1128.63	-488.294	-1485.78	-776.035	156.674	-121.072	-646.834	
-2271.63	-762.926	1703.18	401.45	1145.18	-1442.23	116.939	-511.84	-490.458	
3207.27	-1882.07	887.164	1495.69	1937.16	51.9264	569.768	-275.615	-526.826	
1982.18	-8679.76	4158.5	1776.36	967.313	776.55	1341.3	-359.687	-159.78	
-3633.84	-1189.51	4657.42	-840.151	118.295	713.381	816.047	-652.917	87.6724	
-4504.97	-509.684	-339.73	-2427	-1178.8	458.438	-296.39	-357.129	162.896	
-5585.61	-5004.46	-569.033	-2178.41	-1572.19	-62.6855	-780.014	123.905	168.33	
2473.2	5283.6	1348.05	-279.325	1274	-588.838	-340.914	737.121	136.535	
4074.76	-3018.74	1039.54	206.035	1480.46	-1299.09	-163.17	36.0003	89.918	

-7747.41	-4794.72	2386.71	929.124	2000.24	1544.06	611.639	57.0547	197.077	
-9034.44	-2858.29	2805.1	2732.45	26.3826	1625.24	-130.822	-219.537	384.965	
-425.74	223.01	-725.451	2414.63	-1550.17	-88.9962	-496.843	-725.67	-10.3414	
3116.45	7664.47	3471	1398.9	1398.3	1145.47	819.62	-362.305	186.039	
136.144	6781.67	2592.82	-645.46	-566.416	1250.41	-153.165	225.471	-24.0014	
-4035.49	-1577.11	-655.689	-717.141	-579.226	894.088	-578.017	-43.9878	-62.1299	
143.906	2793.04	-325.77	-66.6891	1303.91	626.898	-847.453	-639.019	-159.82	
412.167	-582.351	498.258	955.421	899.886	277.23	-740.314	-102.362	-103.168	
-3713.63	-2334.64	-2000.57	-111.31	873.542	-287.882	-989.546	-149.942	-98.0095	
382.157	145.308	3254.57	12.0822	1249.92	372.834	-782.604	-357.034	-138.95	

4558.5	967.395	3512.45	1544.18	-863.601	-1433.77	761.02	-591.461	-55.5477	
16.5898	5390.67	3107.11	-3236.75	-266.214	-555.664	173.468	151.685	170.246	
-4383.27	20.5747	-910.698	-271.635	2033.16	956.2	763.53	179.417	53.805	
-3472.49	-2431.31	1379.53	-1506.83	601.386	453.571	724.075	676.019	-120.272	
-5290.07	-2631.02	-1578.38	-3331.98	-648.109	-274.148	67.9737	-25.9097	-6.67318	
-133.3	7564.53	2048.79	-296.413	-352.369	560.686	-182.763	-291.391	-60.4076	
7393.27	9312.08	4245.81	1228.35	535.407	1186.17	-130.154	202.14	19.9581	
10003.4	8924.42	5158.87	2893.5	2304.51	639.489	41.5855	29.726	29.2604	
-3567.34	-8022.82	-227.64	-569.242	1626.8	-497.037	-215.562	44.9141	-287.055	
241.876	226.537	2625.75	1730.36	1180.87	290.162	1131.68	-311.039	24.3327	

-13061.9	-4969.85	-8509.11	700.212	-1737.16	293.647	62.6895	-212.373	-174.69	
-12840.6	-5382.33	-12510.8	2409.02	-223.173	-1259.26	-416.178	73.4996	-701.906	
-4367.93	-9926.89	-7813.66	-108.204	-1334.58	-500.075	-964.411	-653.318	-520.358	
1805.91	5892.89	1917.29	-4839.83	-1905.55	59.7016	-768.537	44.9553	-3.30035	
4180.11	15427.2	2806.91	-3136.95	-1062.94	188.177	1330	458.487	-74.5511	
6849.13	11792.6	3658.04	1331.98	1157.83	-156.482	1053.16	209.117	-152.048	
4953.97	1515.44	-376.115	131.02	715.553	-13.7001	316.399	-317.398	-48.6753	
6747.96	4768.18	1849.21	1165.48	-637.662	-1563.13	462.666	-712.139	3.53949	
10661.7	10178.9	4043.51	2709.68	538.812	-464.188	988.401	-188.155	-333.756	
-1585.27	5905.04	-2872.39	3174.83	409.775	338.19	-55.4742	369.635	-289.494	

-6874.8	-20257.3	-4404.22	-4819.24	-294.613	-66.4864	1620.04	-409.552	-244.561	
-7183.94	-12957	-18978.6	-6533.18	-1263.78	-2541.65	-369.211	19.5115	-324.093	
-7295.51	-3087.63	-14204.4	-4991.04	-1852.41	-2059.34	63.0917	965.087	-678.804	
-7628.98	9596.01	-2108.09	-173.703	629.382	225.624	-205.757	194.872	-535.961	
-11414.7	4915.34	-7380.19	-874.231	1946.49	-262.855	-1632.68	-237.127	-308.085	
-10315.8	-15776.9	-13123.2	-4927.85	-341.559	-1170.04	-2120.03	-1332.56	-24.9805	
-6125.58	-1365.16	-2027.24	3022.76	2056.86	140.777	642.773	-1042.63	-4.95681	
7473.96	16383.2	2986.92	6286.72	923.29	1913.29	2175.19	-407.076	-71.7042	
6773.98	17269.3	3306.68	5723.38	-2695.6	1640.74	1191.26	323.815	261.035	
-5710.55	-6547.89	286.23	399.637	-525.348	846.98	1572.81	-238.81	-105.991	

