377341	
341025	
377341	
349492	
341025	
246591	
5.63529e+06	
273876	
349492	
7.79092e+06	
292543	
246591	
273876	
292543	
7.54367e+06	
9.44514e+06	
1.19235e+07	
7.7606e+06	
6.42275e+06	
1.17678e+07	
7.32244e+06	
6.42275e+06	
7.84721e+06	
1.17678e+07	
1.55795e+07	
5.63529e+06	
1.10079e+07	
1.6834e+07	
1.20598e+07	
1.41258e+07	
6.99387e+06	
9.14178e+06	
1.8288e+07	
7.84721e+06	
2.21118e+07	
9.44514e+06	
7.79092e+06	
7.32244e+06	
7.14673e+06	
1.37166e+06	
9.15917e+06	
1.25409e+07	
2.86651e+07	
7.7606e+06	
7.14673e+06	
9.15917e+06	
1.16744e+07	
276237	
1.19235e+07	
1.25409e+07	
1.20598e+07	
1.92306e+07	
7.54367e+06	
1.29238e+07	
1.41258e+07	
1.46373e+07	
1.07621e+07	
2.14543e+07	
1.6834e+07	
7.37342e+06	
1.8288e+07	
1.37166e+06	
1.23534e+07	
1.02887e+07	
1.55795e+07	
9.62421e+06	
280687	
1.06421e+07	
276237	
1.16744e+07	
2.21118e+07	
6.99387e+06	
9.26188e+06	
1.23774e+07	
1.10079e+07	
1.23534e+07	
1.06421e+07	
6.39615e+06	
2.14891e+07	
1.53906e+07	
9.26188e+06	
1.49112e+07	
7.99951e+06	
2.86651e+07	
1.41742e+07	
1.88396e+07	
9.14178e+06	
2.73635e+07	
280687	
7.11131e+06	
277626	
8.3559e+06	
2.14891e+07	
1.29238e+07	
1.53906e+07	
6.70531e+06	
1.32325e+07	
1.41742e+07	
1.31383e+07	
1.53485e+07	
2.07089e+07	
1.16074e+07	
7.37342e+06	
1.07621e+07	
9.62421e+06	
1.1093e+07	
1.47426e+07	
2.5764e+07	
7.97473e+06	
8.3559e+06	
8.02378e+06	
9.51e+06	
7.17738e+06	
1.11918e+07	
261085	
6.39615e+06	
277626	
1.40321e+07	
7.00882e+06	
1.46373e+07	
1.80738e+07	
1.92306e+07	
2.14543e+07	
1.49112e+07	
1.1093e+07	
1.23774e+07	
8.97801e+06	
1.02887e+07	
1.71111e+07	
1.31383e+07	
1.39075e+07	
1.55454e+07	
9.51e+06	
1.07772e+07	
261085	
8.38046e+06	
1.23341e+07	
1.45122e+07	
8.77492e+06	
263392	
7.97473e+06	
7.99951e+06	
1.74157e+07	
263392	
2.00567e+07	
6.31207e+06	
1.21659e+07	
7.11131e+06	
7.17738e+06	
1.31687e+07	
6.96881e+06	
1.74576e+07	
1.47426e+07	
1.11918e+07	
6.70531e+06	
1.15292e+07	
1.0414e+07	
1.07772e+07	
8.02378e+06	
332314	
1.59322e+07	
1.14535e+07	
1.88396e+07	
2.07089e+07	
1.47737e+07	
1.22875e+07	
2.73635e+07	
1.43285e+07	
332314	
1.16074e+07	
6.84273e+06	
1.17134e+07	
6.9521e+06	
1.40321e+07	
1.45122e+07	
8.38046e+06	
1.0414e+07	
7.06089e+06	
1.07891e+06	
1.93832e+07	
1.31927e+07	
1.53485e+07	
1.39075e+07	
1.00638e+07	
1.37294e+07	
1.58811e+07	
7.00882e+06	
1.70405e+07	
8.23515e+06	
1.14535e+07	
1.32325e+07	
1.52621e+07	
1.22157e+07	
1.21659e+07	
1.4133e+07	
6.9521e+06	
1.93917e+07	
8.77492e+06	
1.32465e+07	
1.01596e+07	
8.97801e+06	
9.42109e+06	
1.00007e+07	
1.35548e+07	
8.23515e+06	
6.31207e+06	
1.31687e+07	
1.01128e+07	
1.42426e+07	
1.38326e+07	
9.12327e+06	
1.24432e+07	
1.8405e+07	
1.47233e+07	
7.7832e+06	
1.15292e+07	
1.07856e+07	
1.66286e+07	
1.85667e+07	
1.27159e+07	
1.00638e+07	
7.7832e+06	
1.80738e+07	
1.95627e+07	
1.47898e+07	
1.74157e+07	
9.42109e+06	
1.44638e+07	
1.27745e+07	
1.24499e+07	
2.00567e+07	
1.00007e+07	
1.37294e+07	
6.96881e+06	
1.96326e+07	
1.71111e+07	
1.28565e+07	
1.07891e+06	
1.14589e+07	
1.43285e+07	
6.84273e+06	
1.31927e+07	
9.07943e+06	
1.47226e+07	
1.63582e+07	
1.55454e+07	
1.01128e+07	
8.56288e+06	
7.07931e+06	
1.19353e+07	
2.5764e+07	
1.21272e+07	
1.58811e+07	
9.48157e+06	
1.40078e+07	
1.17654e+07	
1.75949e+07	
9.12327e+06	
1.87646e+07	
1.0337e+07	
1.44931e+07	
1.0337e+07	
2.22055e+07	
1.17134e+07	
1.24499e+07	
1.66286e+07	
1.86995e+07	
1.16071e+07	
1.55391e+07	
1.4133e+07	
1.21761e+07	
1.40069e+06	
1.32148e+07	
1.55783e+07	
1.59322e+07	
1.27745e+07	
1.59589e+07	
8.21506e+06	
1.20922e+07	
1.22875e+07	
1.78524e+07	
1.74576e+07	
1.09406e+07	
1.09802e+07	
1.13301e+07	
9.07943e+06	
8.83954e+06	
1.93832e+07	
1.14672e+07	
1.50849e+07	
1.24432e+07	
8.56288e+06	
1.01596e+07	
1.62066e+06	
1.75469e+07	
1.32465e+07	
1.70943e+07	
1.51541e+07	
1.47233e+07	
1.96507e+07	
1.09406e+07	
1.68321e+07	
5.46543e+06	
1.47737e+07	
1.52174e+07	
1.23341e+07	
1.18182e+07	
1.97793e+07	
1.35548e+07	
1.16071e+07	
8.28741e+06	
1.73286e+07	
1.95627e+07	
1.52621e+07	
1.55391e+07	
1.44156e+07	
1.70405e+07	
1.22157e+07	
1.17654e+07	
1.08215e+07	
1.65946e+06	
1.17711e+07	
1.44638e+07	
1.21761e+07	
7.06089e+06	
1.36986e+07	
9.76091e+06	
1.8405e+07	
7.07325e+06	
1.84421e+07	
2.24845e+07	
8.45073e+06	
1.1013e+07	
8.21506e+06	
7.55682e+06	
1.8838e+07	
1.20451e+07	
6.12317e+06	
9.76091e+06	
1.47522e+07	
1.58568e+07	
1.27159e+07	
1.19353e+07	
1.85667e+07	
7.41549e+06	
1.17539e+06	
1.40078e+07	
5.98429e+06	
8.60304e+06	
1.00903e+07	
2.09607e+07	
1.4135e+07	
7.56034e+06	
870370	
1.09802e+07	
1.17711e+07	
1.44156e+07	
1.75949e+07	
1.38326e+07	
1.74842e+07	
8.11813e+06	
1.41543e+07	
1.28565e+07	
1.45526e+07	
1.51806e+07	
1.02486e+07	
1.82165e+07	
1.42426e+07	
7.34263e+06	
1.08968e+07	
1.50849e+07	
1.68859e+07	
1.36306e+07	
2.03646e+07	
1.13301e+07	
1.00903e+07	
1.59589e+07	
7.31905e+06	
684261	
1.44543e+07	
7.07931e+06	
1.93917e+07	
1.07856e+07	
1.21272e+07	
1.14672e+07	
1.96507e+07	
8.12679e+06	
1.86995e+07	
1.34284e+07	
1.47898e+07	
7.88549e+06	
1.00736e+07	
1.82832e+07	
1.25743e+07	
1.93509e+07	
9.49374e+06	
1.69919e+07	
6.35549e+06	
8.07751e+06	
656937	
1.14589e+07	
1.94535e+07	
9.48157e+06	
1.70943e+07	
1.63582e+07	
1.08215e+07	
1.00798e+07	
1.58675e+07	
8.45073e+06	
1.08968e+07	
7.57337e+06	
1.20952e+06	
9.34826e+06	
1.25743e+07	
2.03646e+07	
8.26829e+06	
1.75469e+07	
1.8838e+07	
1.1013e+07	
1.51541e+07	
1.20451e+07	
724682	
8.60304e+06	
8.83954e+06	
2.24845e+07	
1.19501e+07	
1.22298e+07	
7.81827e+06	
1.58945e+07	
1.38186e+07	
660868	
8.19647e+06	
7.29168e+06	
1.44931e+07	
1.96326e+07	
1.24837e+07	
2.22055e+07	
1.8552e+07	
1.23561e+07	
7.55682e+06	
1.40069e+06	
7.35855e+06	
1.18582e+07	
1.31218e+07	
1.47226e+07	
1.55783e+07	
1.73286e+07	
7.56034e+06	
8.73892e+06	
727870	
1.19501e+07	
7.1817e+06	
8.28741e+06	
8.12679e+06	
9.0634e+06	
1.22298e+07	
3.09475e+07	
6.7236e+06	
1.18582e+07	
7.31905e+06	
2.22048e+07	
1.4135e+07	
1.62066e+06	
2.09607e+07	
5.46543e+06	
1.02486e+07	
1.68321e+07	
1.82165e+07	
9.36659e+06	
1.75447e+07	
1.36306e+07	
1.17358e+07	
1.01915e+07	
1.51621e+07	
1.96313e+07	
1.95336e+07	
1.86618e+07	
1.10292e+07	
1.54113e+07	
1.20922e+07	
1.87646e+07	
1.32148e+07	
1.68859e+07	
1.67708e+07	
1.21751e+07	
1.52174e+07	
1.02246e+07	
7.05626e+06	
7.24108e+06	
687089	
1.68297e+07	
1.65946e+06	
7.41549e+06	
8.26829e+06	
9.22955e+06	
8.77483e+06	
1.17358e+07	
1.02223e+07	
9.41914e+06	
8.53687e+06	
528897	
1.00736e+07	
1.47522e+07	
1.58568e+07	
1.82832e+07	
7.81827e+06	
1.10292e+07	
1.93509e+07	
1.34284e+07	
1.69313e+07	
1.17539e+06	
1.50337e+07	
6.12317e+06	
7.88549e+06	
7.91444e+06	
8.54668e+06	
1.21929e+07	
8.07346e+06	
1.68297e+07	
1.96313e+07	
1.20952e+06	
8.6993e+06	
8.11813e+06	
1.49853e+07	
380353	
8.73892e+06	
1.2578e+07	
1.72879e+07	
1.38556e+07	
1.88725e+07	
1.20374e+07	
2.93189e+07	
1.82654e+07	
870370	
1.36986e+07	
1.58945e+07	
1.78524e+07	
1.97793e+07	
1.3817e+07	
2.86051e+07	
1.3207e+06	
8.91085e+06	
1.18487e+07	
7.24835e+06	
1.62194e+07	
9.02294e+06	
1.79265e+07	
7.57337e+06	
9.36659e+06	
1.36726e+07	
1.62026e+07	
9.31326e+06	
1.09312e+07	
684261	
9.34826e+06	
9.49374e+06	
8.06259e+06	
2.75889e+07	
1.05214e+07	
1.41543e+07	
1.02246e+07	
1.2578e+07	
1.23561e+07	
1.51806e+07	
1.24837e+07	
1.45526e+07	
1.20374e+07	
1.43042e+07	
1.88725e+07	
1.15669e+07	
1.79198e+07	
1.23415e+07	
1.20285e+07	
8.5642e+06	
1.22627e+07	
9.6e+06	
2.35315e+07	
5.75668e+06	
8.04733e+06	
3.09475e+07	
656937	
1.53016e+07	
7.1817e+06	
1.3322e+07	
1.44543e+07	
8.19647e+06	
1.18182e+07	
1.15068e+07	
7.24108e+06	
1.33386e+07	
9.28158e+06	
1.84421e+07	
1.54113e+07	
724682	
7.24321e+06	
9.41914e+06	
1.26076e+07	
7.93491e+06	
1.35068e+07	
2.63117e+07	
8.37858e+06	
1.09312e+07	
1.23415e+07	
1.36405e+07	
1.86618e+07	
1.79198e+07	
6.35549e+06	
1.94535e+07	
9.0634e+06	
1.17113e+07	
1.95336e+07	
1.68302e+07	
8.61358e+06	
1.03713e+07	
1.51382e+07	
9.61292e+06	
8.79753e+06	
3.03962e+07	
1.02223e+07	
8.07346e+06	
660868	
9.58744e+06	
1.37528e+07	
7.03897e+06	
6.7274e+06	
2.22048e+07	
8.88067e+06	
1.22627e+07	
1.3817e+07	
7.29168e+06	
8.77483e+06	
1.38186e+07	
7.09782e+06	
7.07325e+06	
8.1266e+06	
2.57724e+07	
1.42833e+07	
727870	
1.74842e+07	
1.49853e+07	
0	
1.08137e+07	
1.40206e+07	
6.22149e+06	
1.61685e+07	
7.97359e+06	
1.51382e+07	
1.68302e+07	
9.31326e+06	
7.859e+06	
8.17437e+06	
1.5253e+07	
8.91085e+06	
1.10978e+07	
1.30482e+07	
7.61406e+06	
7.8044e+06	
507472	
1.72879e+07	
9.59386e+06	
7.79422e+06	
1.34976e+07	
2.89773e+07	
9.22955e+06	
5.98429e+06	
1.38556e+07	
9.61292e+06	
1.8552e+07	
1.21751e+07	
1.67708e+07	
1.69919e+07	
1.43042e+07	
7.08821e+06	
8.6993e+06	
6.7236e+06	
5.56774e+06	
1.67043e+07	
2.52116e+07	
7.17763e+06	
7.56369e+06	
687089	
528897	
380353	
7.34263e+06	
1.05214e+07	
2.93189e+07	
1.15735e+07	
8.94017e+06	
9.93253e+06	
7.1095e+06	
1.27129e+07	
1.3207e+06	
9.05911e+06	
7.28224e+06	
1.20285e+07	
8.16875e+06	
1.21929e+07	
1.29239e+07	
1.40206e+07	
7.662e+06	
1.29047e+07	
7.05626e+06	
1.5253e+07	
7.64664e+06	
2.79772e+07	
1.5948e+07	
1.35068e+07	
7.859e+06	
2.42979e+07	
9.14992e+06	
1.62026e+07	
1.36726e+07	
1.75447e+07	
7.46226e+06	
6.68808e+06	
1.36405e+07	
8.07751e+06	
1.58675e+07	
1.82654e+07	
8.06259e+06	
1.60178e+07	
6.51512e+06	
2.30078e+07	
2.86051e+07	
2.36014e+07	
9.38963e+06	
1.18487e+07	
1.15735e+07	
9.6e+06	
8.5642e+06	
933243	
8.91108e+06	
1.17113e+07	
8.94355e+06	
8.54668e+06	
6.47093e+06	
1.54452e+07	
7.79422e+06	
7.12453e+06	
1.34976e+07	
1.45095e+07	
1.79555e+07	
7.46226e+06	
8.79753e+06	
8.61358e+06	
8.15062e+06	
1.42833e+07	
1.15669e+07	
1.98714e+06	
7.09782e+06	
1.47952e+07	
2.2394e+07	
8.37858e+06	
1.69313e+07	
7.35855e+06	
1.00798e+07	
8.93809e+06	
2.05831e+07	
9.02294e+06	
1.08137e+07	
1.41753e+07	
7.662e+06	
8.17437e+06	
1.29047e+07	
8.15062e+06	
8.09188e+06	
2.68687e+07	
1.10978e+07	
1.66309e+07	
2.75889e+07	
8.1266e+06	
1.62194e+07	
8.04733e+06	
1.30482e+07	
8.94355e+06	
2.35315e+07	
1.31218e+07	
9.59386e+06	
1.01915e+07	
1.67043e+07	
1.4324e+07	
1.15068e+07	
7.53456e+06	
1.81944e+07	
1.66316e+07	
8.12751e+06	
8.40355e+06	
1.52434e+07	
7.61406e+06	
7.53456e+06	
7.52749e+06	
1.61511e+07	
7.8044e+06	
2.54596e+07	
9.45271e+06	
1.14515e+07	
1.72376e+07	
1.42425e+07	
9.21088e+06	
8.53687e+06	
9.93253e+06	
8.16875e+06	
1.09089e+07	
1.03713e+07	
7.52749e+06	
9.05911e+06	
9.37049e+06	
8.29729e+06	
1.33386e+07	
1.18223e+07	
1.72695e+07	
1.79555e+07	
1.41753e+07	
7.17763e+06	
9.08409e+06	
1.29239e+07	
1.62194e+07	
1.53016e+07	
1.5948e+07	
1.51621e+07	
1.16493e+07	
2.45629e+07	
7.91444e+06	
1.01406e+07	
8.18111e+06	
8.88067e+06	
7.52012e+06	
7.64664e+06	
6.7274e+06	
0	
507472	
9.21088e+06	
9.38963e+06	
7.28224e+06	
1.98714e+06	
8.91108e+06	
9.28158e+06	
7.24835e+06	
2.63117e+07	
7.97359e+06	
7.12453e+06	
8.29729e+06	
6.68808e+06	
8.94017e+06	
1.64794e+07	
5.75668e+06	
1.66309e+07	
1.66316e+07	
7.03897e+06	
1.69979e+07	
2.36014e+07	
8.93809e+06	
7.56369e+06	
1.60178e+07	
1.17306e+07	
6.51512e+06	
1.81944e+07	
8.54885e+06	
3.03962e+07	
3.04441e+07	
6.22149e+06	
1.50337e+07	
1.27129e+07	
8.09188e+06	
1.14515e+07	
8.12751e+06	
1.61511e+07	
7.24321e+06	
2.05831e+07	
2.57724e+07	
1.11017e+07	
6.47093e+06	
5.56774e+06	
1.29625e+07	
1.54452e+07	
8.40355e+06	
7.93491e+06	
2.94729e+07	
1.09089e+07	
7.1095e+06	
1.72376e+07	
1.52434e+07	
1.62194e+07	
1.79265e+07	
9.45271e+06	
9.58744e+06	
9.08409e+06	
1.47952e+07	
9.37049e+06	
9.14992e+06	
2.89773e+07	
2.52116e+07	
8.18111e+06	
1.18223e+07	
1.42425e+07	
1.3322e+07	
1.64794e+07	
1.4324e+07	
1.01406e+07	
1.26076e+07	
1.72695e+07	
2.42979e+07	
1.17306e+07	
1.37528e+07	
1.16493e+07	
3.04441e+07	
7.52012e+06	
2.79772e+07	
2.30078e+07	
933243	
1.45095e+07	
1.61685e+07	
7.08821e+06	
2.94729e+07	
2.2394e+07	
2.68687e+07	
2.54596e+07	
2.45629e+07	
1.69979e+07	
8.54885e+06	
1.11017e+07	
1.29625e+07	
