366.446	
-491.157	
-180	
296.994	
48.0872	
1745.4	
25.0167	
513.998	
-605.761	
-1535.12	
-395.489	
-82.4382	
236.332	
-1019.1	
904.662	
-804.498	
-474.367	
125.023	
344.664	
-1764.76	
1028.37	
-425.804	
502.768	
662.269	
-61.9334	
434.182	
879.944	
-180.286	
924.552	
-108.65	
30.0977	
801.207	
408.151	
48.826	
407.112	
348.78	
-148.389	
-215.73	
-752.032	
808.32	
-79.9699	
-22.5368	
-148.387	
-132.671	
-52.9573	
-257.86	
-510.481	
118.377	
128.654	
94.007	
-61.4529	
-815.972	
795.728	
352.309	
173.552	
404.783	
159.319	
-793.575	
-56.3013	
930.66	
1331.43	
219.23	
-1711.92	
558.706	
1.86811	
207.09	
527.995	
-684.586	
319.953	
-115.711	
17.6904	
746.231	
-112.111	
32.0486	
3.76766	
-1311.06	
59.0997	
247.743	
-675.097	
-159.458	
350.628	
973.737	
-43.385	
-149.388	
560.689	
49.3705	
-589.249	
94.2496	
831.263	
-681.615	
202.21	
-1148.96	
-572.908	
-166.933	
102.126	
730.75	
93.3887	
-221.959	
561.542	
-353.813	
593.326	
262.287	
-117.037	
-561.704	
555.834	
-145.721	
-1048.85	
1.38136	
-156.627	
141.802	
-853.912	
-41.679	
-1373.11	
-952.478	
57.1473	
-32.4515	
476.584	
-707.66	
11.7043	
-338.553	
-762.519	
43.8298	
105.771	
53.5872	
63.4742	
25.3609	
225.063	
-1842.89	
-68.1284	
-167.062	
-562.026	
385.921	
98.8531	
-253.778	
-278.095	
48.3257	
-241.072	
1016.73	
850.517	
690.662	
601.445	
1000.23	
870.11	
782.692	
-475.199	
-267.428	
-110.731	
241.472	
253.411	
-246.266	
933.27	
300.93	
618.069	
-101.645	
-886.071	
70.445	
-166.349	
7.24518	
27.0879	
-833.101	
-193.751	
-643.68	
-201.159	
-380.293	
-596.299	
1088.59	
-202.49	
621.461	
114.763	
-9.50794	
660.977	
-1134.99	
-146.389	
-576.19	
-761.073	
-189.376	
-127.382	
-1739.45	
-709.459	
293.575	
538.352	
448.377	
-154.303	
369.891	
314.511	
51.8689	
206.616	
138.885	
-602.046	
-394.235	
-215.612	
-970.684	
43.7943	
-45.551	
363.22	
483.232	
399.232	
216.6	
30.0678	
-1429.76	
-974.552	
1456.13	
1551.79	
537.317	
308.032	
-49.2662	
-233.023	
-69.6282	
387.87	
230.092	
-613.799	
503.683	
-164.424	
-0.992689	
199.34	
618.62	
10.7327	
417.357	
191.25	
149.755	
425.191	
835.119	
271.537	
165.678	
-249.669	
431.888	
268.91	
1325.24	
498.484	
-76.6762	
1020.61	
233.862	
-762.69	
105.216	
170.993	
423.373	
422.286	
9.35207	
71.2178	
536.21	
694.319	
-705.153	
-159.751	
195.428	
625.466	
263.605	
109.426	
-553.814	
-107.711	
-399.057	
-341.499	
1180.64	
-628.811	
444.643	
137.765	
412.591	
-85.0084	
-2.24935	
-371.781	
-180.002	
355.813	
192.408	
120.896	
242.047	
-610.096	
-92.1136	
167.517	
750.801	
-96.9391	
-31.3178	
-811.576	
608.404	
91.3632	
-386.112	
462.435	
509.091	
-75.1796	
-529.746	
998.364	
622.248	
-470.774	
-645.823	
427.631	
757.207	
-166.547	
355.822	
283.718	
488.826	
298.147	
-613.555	
-63.9752	
489.352	
-525.055	
166.555	
-165.456	
132.718	
176.038	
163.01	
-57.1886	
423.848	
-6.27203	
-60.6997	
374.87	
-65.639	
1411.09	
-378.989	
96.7983	
-760.664	
-739.726	
212.928	
-74.4277	
-347.875	
-596.677	
44.493	
228.089	
-1211.36	
-122.238	
662.047	
-437.737	
321.65	
-124.514	
642.569	
117.241	
-809.736	
164.063	
829.218	
297.094	
-577.19	
-617.145	
14.3962	
-112.414	
450.193	
637.38	
461.574	
-80.0056	
219.851	
-748.515	
-860.311	
263.067	
374.834	
328.045	
-20.2599	
390.898	
-653.711	
-476.951	
842.014	
-1371.57	
541.444	
312.168	
441.12	
108.202	
452.312	
39.5294	
172.789	
799.275	
-848.943	
-557.458	
-1175.45	
-186.376	
-214.038	
-340.654	
-109.721	
308.956	
-301.58	
-72.4351	
294.95	
735.178	
-43.3742	
568.383	
-273.316	
1171.82	
-512.23	
-317.822	
-66.7914	
453.791	
461.306	
-264.252	
-366.408	
-398.474	
-693.085	
205.169	
341.927	
1154.14	
594.213	
168.975	
221.76	
-1140.67	
794.923	
-327.952	
421.727	
-467.076	
147.23	
589.916	
195.496	
271.424	
-157.139	
683.471	
62.2186	
-374.808	
134.485	
515.782	
794.392	
-549.111	
-1099.99	
34.3668	
-397.306	
446.104	
-1288	
74.8477	
15.5329	
-653.87	
-362.693	
845.848	
95.0303	
4.392	
-29.7712	
-212.225	
-54.634	
261.709	
-113.408	
578.413	
-142.441	
782.96	
-1120.45	
-272.433	
434.144	
-1027.78	
420.836	
487.27	
209.162	
-98.432	
1093.4	
28.8615	
-323.64	
-903.61	
527.385	
212.327	
488.402	
-836.774	
-302.971	
-48.1741	
-629.618	
441.156	
165.702	
-565.604	
189.318	
693.122	
22.9193	
240.283	
-1150.89	
-78.4314	
-133.784	
714.66	
440.58	
166.339	
203.018	
141.622	
123.764	
254.236	
964.197	
-434.214	
-286.89	
-252.559	
-114.344	
227.996	
-588.402	
161.429	
1053.27	
-800.009	
-388.185	
360.559	
-25.9384	
87.7527	
-159.125	
661.006	
-458.698	
-513.823	
-22.4872	
7.29332	
-343.327	
-630.704	
133.406	
569.013	
-238.527	
554.028	
-649.848	
-329.325	
260.863	
-60.6533	
-356.475	
-602.118	
-1140.75	
587.415	
100.278	
769.108	
-516.746	
295.527	
209.712	
234.717	
-538.213	
-91.5068	
-559.416	
929.794	
193.696	
82.2349	
81.2502	
-710.66	
431.929	
-837.503	
-161.812	
352.28	
13.7448	
123.918	
-550.241	
1211.55	
93.3556	
1385.51	
834.519	
290.951	
64.5185	
390.478	
-261.792	
259.854	
138.777	
-922.018	
651.559	
-438.744	
-109.02	
-721.232	
-406.688	
878.544	
1100.88	
-338.751	
65.617	
-481.77	
1054.26	
294.373	
-340.906	
-425.809	
-425.402	
-438.12	
-67.3058	
676.411	
-154.577	
-99.3254	
113.484	
44.7995	
677.084	
487.147	
31.5105	
1633.27	
554.322	
1116.7	
398.746	
196.607	
-80.0402	
1197.98	
629.172	
-216.632	
327.03	
-1031.08	
9.31405	
35.7229	
-676.03	
78.6558	
-215.556	
-646.396	
1163.62	
-76.683	
958.139	
65.2685	
134.114	
-35.3966	
684.667	
651.077	
-198.638	
551.445	
598.38	
654.639	
-34.5744	
5.17362	
263.382	
1921.71	
669.261	
-195.931	
245.079	
-866.862	
381.179	
-1572.55	
182.578	
775.583	
-316.402	
1025.6	
237.863	
-263.028	
-69.511	
1083.02	
514.627	
666.133	
241.682	
-879.46	
1532.41	
1264.9	
282.211	
530.693	
652.428	
100.002	
614.597	
-29.6831	
1312.46	
137.161	
390.21	
337.683	
954.764	
198.275	
-420.878	
632.856	
-251.634	
-508.527	
560.697	
584.818	
-867.914	
-255.661	
613.213	
-595.7	
491.748	
-828.015	
-93.086	
-1116.63	
-460.619	
-628.107	
-506.414	
816.866	
887.213	
-436.33	
-4.46842	
508.353	
-286.792	
-160.117	
-976.723	
-414.106	
-96.0922	
-716.678	
555.538	
208.94	
-690.228	
584.61	
-1328.36	
-984.806	
-2590.54	
10.4636	
1181.25	
-1068.49	
89.22	
-1143.82	
107.955	
735.914	
931.934	
240.44	
208.625	
-477.087	
1118.39	
85.0354	
225.35	
191.849	
174.375	
-497.254	
-597.101	
636.66	
-950.462	
163.761	
502.997	
133.876	
-19.5081	
-546.167	
-224.794	
90.9292	
189.627	
366.212	
69.3628	
-134.099	
-23.5321	
782.712	
-200.203	
-43.1355	
-1072.16	
-938.965	
614.038	
398.497	
463.219	
-49.6392	
175.287	
-297.059	
206.643	
-1672.73	
-513.361	
-164.741	
603.934	
936.349	
102.688	
2004.72	
-38.4864	
-62.5269	
-393.525	
325.89	
857.401	
963.228	
788.125	
556.309	
-257.101	
800.692	
128.132	
428.918	
-319.893	
-587.225	
-854.329	
324.525	
619.42	
-437.24	
-624.686	
660.347	
-295.095	
-973.036	
604.465	
