-788.009	
-2057.67	
573.473	
2168.87	
411.851	
-464.751	
3707.36	
-2129.6	
3039.82	
933.883	
675.619	
2804.52	
-4486.71	
2785.27	
-5163.36	
-2205.3	
737.181	
-1318.29	
648.06	
5222.61	
5776.38	
-1723.17	
936.729	
2306.74	
-3219.21	
1785.67	
4817.27	
-2010.87	
4611.39	
-3458.73	
-258.715	
-2778.89	
2834.05	
-1549.23	
-4905.24	
1193.03	
-1444.3	
4671.31	
-3180.62	
-1580.72	
-726.248	
-2693.55	
-290.292	
4645.58	
-27.8544	
2717.96	
-4019.8	
-5417.27	
3935.56	
3324.25	
5044.31	
-2324.33	
-5737.02	
3622.08	
-327.17	
5265.06	
157.084	
-2719.83	
-5312.72	
6310.61	
44.3677	
-6467.92	
-367.739	
-4981.99	
-1783.26	
-1245.71	
4640.76	
-4208.51	
-324.696	
407.011	
-3610.25	
-581.359	
-2589.76	
-3799.29	
-8603.53	
1099.49	
-1589.99	
1177.17	
1253.92	
1497.21	
-7190.68	
3094.23	
-363.123	
-2257.91	
352.974	
-1411.74	
-337.095	
-3994.36	
214.701	
961.065	
2971.09	
-163.275	
2962.51	
-3399.04	
3479.2	
1439.44	
-2368.15	
-1239.43	
1146.2	
-1582.26	
-2389.02	
268.498	
-6691.08	
4343.01	
1861.37	
4082.58	
-1243.66	
6929.09	
4237.23	
2862.44	
-672.12	
-966.849	
-1903.38	
-1244.26	
-2422.17	
-3932.1	
2653.95	
2450.63	
-1182.69	
846.337	
1884.64	
-7.11333	
-4863.06	
3130.5	
-1553.4	
2389.06	
3409.63	
1793.49	
2187.02	
2393.67	
2830.88	
10194.4	
-5821.47	
182.154	
92.1277	
-1527.95	
671.694	
873.019	
6326.05	
-2010.96	
-2621.87	
7822.55	
-562.972	
2160.36	
-599.97	
2296.77	
2030.56	
3054.25	
600.969	
5159.5	
-3368.53	
-1080.45	
545.698	
-1117.66	
249.544	
-1105.1	
3011.56	
1135.72	
-2407.12	
-2594.63	
2954.19	
233.296	
-2494.05	
3717.06	
-669.541	
-3415.08	
1057.24	
-2309.13	
-4826.91	
2069.66	
675.028	
1743.69	
-3894.91	
-3199.59	
7476.61	
4681.69	
-992.266	
-1545.34	
-163.861	
-2924.05	
-1535.67	
1739.65	
-2195.31	
-3543.46	
5194.86	
2798.09	
5037.72	
-2902.97	
-2203.69	
-307.115	
-1605.69	
3514.82	
4551.87	
1443.31	
3928.74	
-4441.4	
13.2961	
-2523.03	
3971.98	
547.08	
429.332	
3413.7	
447.262	
-5574.55	
-1108.51	
1438.07	
-2979.39	
5278.31	
2485.17	
5101.01	
-328.519	
-4119.2	
-3680.51	
6930.3	
5232.98	
1059.31	
4331.17	
-2987.95	
926.989	
2598.08	
-608.552	
6309.22	
834.689	
5417.61	
1524.58	
2410.59	
-284.621	
5037.72	
2661.45	
-2008.84	
2562.99	
210.037	
-8594.43	
-5211.95	
-2630.31	
1198.64	
800.444	
-3075.6	
828.897	
1546.99	
377.545	
-2167.48	
594.035	
2745	
-6939.76	
1992.71	
-2671.07	
-3313.91	
457.961	
-2150.26	
-1070.97	
-3238.85	
-4684.41	
-2223.03	
-842.473	
-2526.78	
-319.266	
-2766.47	
1206.66	
-36.6298	
3263.52	
900.269	
-491.825	
-3268.4	
2042.18	
4507.4	
4603.99	
2438.45	
-3818.37	
430.601	
-1850.89	
-5965.13	
4542.93	
-1406.34	
4580.41	
274.044	
4752.71	
-273.122	
-3805.25	
985.164	
-2767.96	
-973.629	
-2876.46	
-1380.19	
5629.59	
-4518.59	
3165.91	
1980.49	
1329.85	
2566.16	
-11918.3	
2879.14	
-2729.35	
-2695.26	
612.301	
-3269.8	
-2673.97	
-4392.8	
-3335.56	
-679.27	
