-5691.2	
-7371.86	
-5962.36	
-8830.17	
-1797.73	
-9791.92	
-4070.32	
-5042.71	
-3544.77	
-5002.88	
-5537.52	
-399.955	
-7955.27	
-7058.3	
-2603.17	
-8783.66	
-9132.85	
-9344.48	
-5696.36	
-13417.7	
-10443.1	
-3691.71	
-11697.9	
-9155.93	
-9786.46	
-9945.03	
-2988.55	
-5588.42	
-6089.01	
-6035.84	
-4357.05	
-5353.15	
-4428.02	
-208.633	
-10496.2	
-15044.4	
-13104.4	
-5603.24	
-11666.3	
-11941.7	
-6089.53	
-9523.4	
-10846.6	
-11158.1	
-18463.3	
-6127.06	
-5175.68	
-5344.25	
-12468.7	
-4051.26	
-9997.43	
-9970.82	
-6389.85	
-10623.9	
-14270.6	
-1452.03	
-12879.2	
-14817.7	
-3716.45	
-8489.05	
-10767.9	
-13555.3	
-8838.44	
-15501.7	
-5197.05	
-12100.5	
-7733.59	
-20921.7	
-6361.79	
-6704.02	
-9725.6	
-5907.18	
-4665.43	
-11934.9	
-2983.03	
-5509.24	
-6232.83	
-16322.3	
-7247.05	
-5986.58	
-7566.94	
-9283.08	
-8464.5	
-13255.3	
-8514.97	
-9766.47	
-2465.12	
-10449.5	
-5299.44	
-5950.38	
-2640.34	
-8121.43	
-8729.83	
-5456.14	
-3373.31	
-9595.88	
-5531.37	
-6492.48	
-13876.6	
-8940.95	
-8483.76	
-15965.7	
-6793.67	
-11508.8	
-8779.72	
-15058.2	
-9493.68	
-13371.7	
-8350.86	
-6130.04	
-6815.93	
-10394.9	
-8511.32	
-9869.95	
-14807.5	
-5147.08	
-1955.45	
-2270.94	
-7789.91	
-4596.93	
-16683.9	
-14004	
-9309.66	
-6965.99	
-16172.5	
-13995.4	
-13538.7	
-4453.72	
-7548.64	
-7927.64	
-13554.8	
-8803.2	
-12082.2	
-10368.4	
-13217.4	
-13825.4	
-10078.2	
-8887.29	
-1681.39	
-7059.98	
-10011.7	
-10263.1	
-6508.31	
-6133.19	
-11946.1	
-19681	
-11407.3	
-4981.48	
-5035.44	
-5023.73	
-15936.7	
-14153	
-18462	
-5214.4	
-15367.4	
-9130.2	
-8380.74	
-10430.8	
-15156.8	
-7016.5	
-4372.95	
-5097.06	
-9482.16	
-11090.2	
-10038.7	
-7182.82	
-3492.58	
-7386.93	
-3198.45	
-15419.4	
-7534.69	
-9123.54	
-8949.2	
-7258.77	
-7352.1	
-13650.4	
-5319.76	
-9184.14	
-6218.27	
-8502.48	
-2544.94	
-3069.09	
-4463.96	
-9809.56	
-10649.6	
-1671.12	
-18112.9	
-14191.5	
-10247.5	
-4851.26	
-16616.9	
-4741.35	
-16014.2	
-13376.3	
-11093.5	
-5963.91	
-4197.91	
-6642.98	
-9975.28	
-7602.98	
-5910.88	
-12174.1	
-23236.2	
-9491.29	
-12903.9	
-17368.7	
-7998.94	
-5391.48	
-7756.27	
-6590.38	
-9795.84	
-14131.6	
-9030.9	
-11699.5	
-8608.97	
-13876.5	
-10442.9	
-7633.85	
-11611.1	
-7827.12	
-6602.02	
-14027.4	
-2699.75	
-6220.4	
-3772.58	
-3360.61	
-9217.37	
-23471.2	
-3502.42	
-8079.95	
-8028.83	
-9688.63	
-4852.26	
-6485.55	
-5947.86	
-5431.11	
110.354	
-11878.2	
-9322.3	
-10553.2	
-6188.38	
-4087.13	
-6761.54	
-9376.54	
-5155.98	
-6461.22	
-7566.49	
-8182.07	
-15614	
-16498.9	
-14549.5	
-5910.82	
-3832.29	
-9205.81	
-17644	
-10449.8	
-12627.1	
-5268.95	
-6262.92	
-12991.8	
-21829.9	
-18361.5	
-9199.8	
-14202.5	
-9052.99	
-15783.4	
-11507.6	
-8787.06	
-8231.86	
-4202.08	
-7413.38	
-8429.26	
-9334.02	
-11408	
-8277.62	
-1641.4	
-9202.07	
-5466.32	
-4680.33	
-7801.17	
-9375.54	
-8032.98	
-5253.97	
-11992.2	
-11770.3	
-15131.8	
-13022	
-11372.4	
-7910.68	
-12375.9	
-1319.11	
-8293.78	
-18756.1	
-8881.85	
-12123.1	
-20589.8	
-4951.29	
-6350.43	
-5855.78	
-8945.81	
-10437.6	
-13074.2	
-7147.97	
-13448.7	
-6545.12	
-3787.79	
-10736.8	
-2367.56	
-13122	
-21809.5	
-12310.3	
-10451	
-5082.42	
-10956.8	
-9340.73	
-16949.5	
-13699.2	
-8827.49	
-13735.7	
-9893.9	
-6913.98	
-8712.8	
-7695.39	
-10176.7	
-18070.8	
-6887.8	
-12130.1	
-10782.2	
-12453.6	
-8723.36	
-12055.5	
-4625.81	
-14182.8	
-5797.98	
-6851.59	
-10732.6	
-3369.3	
-15097.1	
-7698.91	
-4871.64	
-4078.06	
-8668.03	
-9331.11	
-11616	
-13629.5	
-4430.68	
-11705.6	
-7243.63	
-9495.84	
-9570.92	
-8060.62	
-12801	
-3789.94	
-5507.11	
-8253.53	
-7457.62	
-22374.6	
-18187.2	
-11738.2	
-22387.6	
-16458.3	
-4886.59	
-12287.7	
-7917.81	
-8557.87	
-8662.89	
-8274.89	
-5789.68	
-15687.1	
-17558.8	
-13514	
-10370.2	
-7460.47	
-10577.2	
-8019.39	
-14733.5	
-6728.36	
-13062.2	
-7657.96	
-10440.7	
-9398.66	
-7565.8	
-3605.55	
-10729.5	
-10838.8	
-9454.32	
-4705.04	
-13600.7	
-3975.5	
-7053.42	
-3734.84	
-13583.5	
-11716.3	
-6385.31	
-6879.5	
-10147.6	
-13777.6	
-5921.03	
-16843.8	
-12970.7	
-2690.69	
-4394.36	
-11378.6	
-13173	
-16575.6	
-14022.3	
-7292.99	
-13478.5	
-11767	
-6952.63	
-13757	
-4638.76	
-16837.1	
-9583.09	
-15259.8	
-5606.63	
-4693.82	
-20788.3	
-17509.2	
-4210.54	
-8584.69	
-7353.8	
-18511.2	
-697.11	
-5459.12	
-12034.3	
-13332.8	
-8481.06	
-11507.9	
-20438.9	
-7156.29	
-9328.46	
-10194	
-7188.59	
-5432.62	
-9763.26	
-10352.4	
-8727.74	
-10917	
-5465.64	
-10755.8	
-15331.4	
-7900.74	
-7246.45	
-10007.6	
-10756.6	
-5349.93	
-12562	
-8216.64	
-7615.8	
-10868.6	
-11026	
-21777.4	
-3796.64	
-11058.7	
-7462.93	
-11745	
-8225.88	
-9684.02	
-7653.86	
-10165.4	
-6780.86	
-14137.4	
-14525.1	
-3840.77	
-12537.9	
-8694.03	
-9475.48	
-19330.4	
-4030.01	
-7571.98	
-5476.79	
-14635.2	
-12802.8	
-19977.3	
-25686.1	
-3247.89	
-9547.23	
-5607.3	
-12805.3	
-4939.84	
-14253.3	
-8580.39	
-8137.46	
-7611.99	
-9055.36	
-4532.22	
-5200.22	
-12800.2	
-12080.7	
-12529	
-7989.78	
-11570.2	
-6154.79	
-7976.98	
-7127.78	
-5104.8	
-12982.1	
-7172.21	
-6138.95	
-10892.8	
-5590.21	
-3784.41	
-7399.68	
-6343.25	
-19677.5	
-7417.85	
-13184.4	
-11552.4	
-5501.04	
-9812.46	
-14548.2	
-16772.4	
-17054.7	
-14062.3	
-19613	
-8026.63	
-9548.48	
-4636.39	
-10878.4	
-8061.63	
-5846.15	
-9420.22	
-8375.25	
-4671.06	
-5411.87	
-10139	
-8075.14	
-9781.74	
-7548.85	
-17086.2	
-17142.1	
-18194.9	
-6053.67	
-12538	
-11276.2	
-10461.3	
-9993.98	
-10893.8	
-6493.94	
-9500.96	
-3173.17	
-10643.3	
-7503.12	
-5706.53	
-6615.01	
-11768.3	
-12151.1	
-4685.88	
-18533.1	
-10829.2	
-9953.95	
-13112.5	
-1238.59	
-8952.5	
-12010.4	
-16632.9	
-22171.1	
-12009.7	
-9223.21	
-18913.2	
-22598.2	
-12171.9	
-12293.9	
-15142.2	
-6687.8	
-8034.63	
-4377.77	
-6314.06	
-6492.45	
-9960.47	
-7997.38	
-8750.05	
-15281	
-12139.1	
-8251.33	
-10550	
-12571.1	
-1572.59	
-12839.1	
-6519.73	
-4307.17	
-16440.9	
-8797.81	
-5709.81	
-13428.6	
-5673.73	
-16741.3	
-13778.2	
-12277.4	
-15008.1	
-4194.5	
-7452.13	
-9849.46	
-4391.1	
-9115.73	
-9962.81	
-16297.2	
-8590.35	
-4098.23	
-19264	
-5385.39	
-11443.3	
-9587.94	
-16277.3	
-9301.5	
-8355.73	
-8034.42	
-5472.6	
-8598.45	
-10226.5	
-11996.2	
-16493	
-14171.9	
-10465.2	
-6508.5	
-12289.1	
-8143.83	
-19348.3	
-5668.65	
-13250.9	
-12584.3	
-9059.51	
-7024.57	
-5231.19	
-6870.56	
-16235	
-8826.59	
-25473.4	
-11325.4	
-8759.91	
-12007.2	
-12868.9	
-11945.2	
-11920.9	
-10765	
-19310.6	
-10945.4	
-15654.9	
-6232.51	
-20301.9	
-7756.05	
-16567.7	
-7881.5	
-12124	
-10622.8	
-27550.6	
-17621.5	
-15353.5	
-8645.95	
-17862.3	
-7226.09	
-9306.29	
-9091.41	
-11597.7	
-10176.8	
-4362.77	
-13197.3	
-11366.6	
-21584.7	
-12971.2	
-7330.77	
-15292.2	
-16136.3	
-6615.15	
-12295.4	
-10845	
-7526.01	
-7895.74	
-10810.4	
-11186.4	
-11433.6	
-12922.1	
-8298.88	
-12129.8	
-17542.8	
-8437.05	
-7034.18	
-8491.4	
-8928.79	
-11014.1	
-17022.5	
-15568.5	
-13594.6	
-8966.08	
-7363.68	
-14041.8	
-10637.3	
-12968.9	
-8116.02	
-3483.31	
-15009.9	
-13404.7	
-7761.93	
-23146.3	
-5647.48	
-9602.84	
-11916.5	
-13959.8	
-6624.47	
-15148.7	
-10035.3	
-27544.1	
-15389.2	
-15725.5	
-9784.89	
-15187	
-7483.41	
-4757.84	
-11603.7	
-17816.6	
-4602.44	
-17268.9	
-12798.2	
-12363.7	
-2906.65	
-11253.1	
-12223.6	
-8956.41	
-7608.94	
-10514.8	
-10929	
-18063.2	
-8339.3	
-10152.3	
-14085.8	
-9774.72	
-5131.78	
-4378.09	
-2126.98	
-6264.48	
-4514.72	
-18131.3	
-23278.1	
-19908.7	
-3768.66	
-13482.3	
-8049.22	
-11746	
-16390.8	
-9454.27	
-14126	
-14987.8	
-19353.9	
-13928.7	
-15041.1	
-23779	
-16700.1	
-20594.9	
-11267.1	
-17826	
-11139.5	
-13178.7	
-13750.6	
-12856.3	
-4937.04	
-10974.4	
-15241.9	
-8617.02	
-7920.97	
-3955.1	
-15237.1	
-9549.45	
-8677.47	
-14153.9	
-10310.3	
-9440.95	
-17693.9	
-15025.4	
-10638.2	
-19000.8	
-4890.99	
-16561.5	
-8554.44	
-12035.4	
-21503.1	
-10224.9	
-9685.28	
-11630.4	
-11246.8	
-22591.3	
-5623.41	
-11250.6	
-17380.5	
-6009.48	
-22982.9	
-16353.2	
-8334.08	
-16704.7	
-12309.7	
-16300.2	
-1208.17	
-9572.68	
-9322.81	
-13553.1	
-16822.4	
-17258.1	
-10289.7	
-3648.31	
-12580.1	
-12888.8	
-19372.2	
-9138.68	
-21439.5	
-8205.21	
-11753.5	
-11537.6	
-2080.01	
-13293.5	
-15648.2	
-16831.7	
-14019.5	
-14120.4	
-5317.33	
-10813.4	
-9765.57	
-9582.82	
-13283.9	
-12294.2	
-11885.6	
-14587.4	
-5562.87	
-8430.83	
-22029.6	
-5453.42	
-9345.53	
-10842	
-15532.4	
-8677.65	
-12887.1	
-13528.7	
-13532	
-6754.58	
-6710.25	
-8876.2	
-13160.5	
-20354.5	
-14156.8	
-6246.81	
-6631.1	
-3455.63	
-13148.3	
-11887.7	
-4257.92	
-8156.88	
-17595.4	
-8721.82	
-5338.99	
-23114.5	
-3893.93	
-9377.51	
-19614.1	
-6532.75	
-9504.92	
-13551.3	
-4159.5	
-4671.03	
-856.921	
-10296.6	
-7508.04	
-5004.54	
-15042	
-17996.5	
-6802.17	
-17041.7	
-9004.04	
-5977.72	
-4607.17	
-7716.73	
-9117.51	
-10499.8	
-12327.6	
-6338.88	
-11739.1	
-17230.5	
-6002.05	
-4887.94	
-9221.41	
-15824.3	
-5216.28	
-5742.12	
-24706.6	
-4817.47	
-10720.1	
-5693.45	
-6340.26	
-11722	
-17845.7	
-5880.47	
-3095.14	
