ibin	iptbin	itheta	r0	V	sigma2	chi	Vn Errors
0	0	0	0.1502	0.0527	1305.9229	0.4430	0.0050
0	0	1	0.1492	0.0530	1305.9229	0.4460	0.0051
0	0	2	0.1572	0.0503	1305.9229	0.4234	0.0048
0	0	3	0.1486	0.0532	1305.9229	0.4477	0.0051
0	0	4	0.1495	0.0529	1305.9229	0.4452	0.0050
0	0	5	0.1571	0.0504	1305.9229	0.4237	0.0048
0	0	6	0.1511	0.0524	1305.9229	0.4405	0.0050
0	0	7	0.1563	0.0506	1305.9229	0.4257	0.0048
0	0	8	0.1546	0.0512	1305.9229	0.4304	0.0049
0	0	9	0.1617	0.0489	1305.9229	0.4116	0.0047


ibin	iptbin	avgmult	avgpt	Vn mean	Vn mean Error
0	0	303.9648	0.8822	0.0516	0.0022

ibin	Nevent	totmultall	avgmultall	avgtrk
0	9287433.0000	2823052332.0000	303.9648	131.3339

