ibin	iptbin	itheta	r0	V	sigma2	chi	Vn Errors
0	0	0	0.1550	0.0535	673.7122	0.5980	0.0059
0	0	1	0.1710	0.0484	717.2721	0.5246	0.0179
0	0	2	0.2336	0.0354	808.8516	0.3617	4.3312
0	0	3	0.1436	0.0576	634.8588	0.6639	0.0030
0	0	4	0.1595	0.0520	686.5758	0.5764	0.0078


1	0	0	0.1631	0.0517	671.6682	0.5681	0.0073
1	0	1	0.2164	0.0390	764.8906	0.4019	0.4845
1	0	2	0.1805	0.0468	711.1005	0.4994	0.0248
1	0	3	0.1514	0.0557	636.7045	0.6288	0.0035
1	0	4	0.1749	0.0483	699.3302	0.5200	0.0163


2	0	0	0.2306	0.0374	750.9801	0.3813	1.0468
2	0	1	0.1974	0.0435	712.4535	0.4553	0.0624
2	0	2	0.1974	0.0436	712.0459	0.4561	0.0610
2	0	3	0.1753	0.0492	671.2410	0.5305	0.0112
2	0	4	0.1780	0.0484	677.2901	0.5196	0.0137


3	0	0	0.1803	0.0488	661.1292	0.5192	0.0117
3	0	1	0.2348	0.0375	734.3615	0.3782	1.0333
3	0	2	0.1822	0.0483	664.7700	0.5125	0.0133
3	0	3	0.1635	0.0537	623.5733	0.5883	0.0039
3	0	4	0.1650	0.0532	627.7465	0.5806	0.0043


4	0	0	0.1772	0.0505	624.8081	0.5418	0.0066
4	0	1	0.1799	0.0498	629.7118	0.5324	0.0077
4	0	2	0.1721	0.0520	613.7414	0.5629	0.0047
4	0	3	0.2013	0.0446	665.1534	0.4638	0.0349
4	0	4	0.1818	0.0493	633.8321	0.5245	0.0089


5	0	0	0.1729	0.0529	591.0245	0.5710	0.0035
5	0	1	0.1941	0.0471	630.7255	0.4925	0.0145
5	0	2	0.1862	0.0493	616.1402	0.5215	0.0080
5	0	3	0.2420	0.0378	685.0122	0.3796	0.6856
5	0	4	0.1984	0.0461	636.9669	0.4800	0.0195


6	0	0	0.2022	0.0463	615.8649	0.4800	0.0167
6	0	1	0.1989	0.0471	611.4140	0.4892	0.0134
6	0	2	0.1869	0.0500	592.9127	0.5273	0.0061
6	0	3	0.2055	0.0456	620.2367	0.4709	0.0210
6	0	4	0.1729	0.0541	564.0956	0.5859	0.0025


7	0	0	0.2232	0.0428	617.8559	0.4334	0.0552
7	0	1	0.1944	0.0492	580.5058	0.5141	0.0069
7	0	2	0.1965	0.0487	584.1109	0.5065	0.0080
7	0	3	0.2193	0.0435	614.3938	0.4411	0.0430
7	0	4	0.2584	0.0369	647.5469	0.3653	1.1019


ibin	iptbin	avgmult	avgpt	Vn mean	Vn mean Error
0	0	290.2375	0.9584	0.0494	0.0034

1	0	284.6867	0.9576	0.0483	0.0352

2	0	279.1588	0.9571	0.0444	0.5560

3	0	273.6309	0.9561	0.0483	0.0625

4	0	268.0710	0.9555	0.0493	0.0032

5	0	262.5382	0.9549	0.0467	0.0028

6	0	257.0362	0.9541	0.0486	0.0079

7	0	251.5723	0.9531	0.0442	0.0594

ibin	Nevent	totmultall	avgmultall	avgtrk
0	85325.0000	24764516.0000	290.2375	256.8562

1	123917.0000	35277518.0000	284.6867	251.8490

2	178441.0000	49813377.0000	279.1588	246.8653

3	255089.0000	69800230.0000	273.6309	241.8618

4	361659.0000	96950280.0000	268.0710	236.8612

5	507091.0000	133130767.0000	262.5382	231.8654

6	700798.0000	180130476.0000	257.0362	226.8764

7	933750.0000	234905608.0000	251.5723	221.8942

