2038.1	3112.41	2967.75	538.53	-1288.79	-805.726	-1208.41	-2533.66	914.312	1512.44	
6332.04	8000.94	5981.85	-308.217	-3319.63	-4665.44	416.124	-731.673	-2112.62	1951.06	
-5985.14	-2300.5	-5880.71	-7281.82	-29.6497	2189.07	-2162.82	-2871.92	-6381.2	-9098.61	
4298.15	-2666.35	-3180.36	-1013.9	3759.86	-5772.89	-5128.35	-2671.29	-5701.2	6308.72	
2315.34	-1207.32	1755.65	1405.85	2376.48	1989.75	-509.223	1434.39	2345.44	2226.63	
2601.33	-614.145	3623.9	991.822	1993.46	3314.94	-262.897	6683.39	4358.66	-1365.64	
-481.691	487.331	-2341.41	2406.51	8830.76	5879.5	5385.2	1272.34	4606.73	6610.89	
692.372	765.838	1941.45	2359.17	3072.87	-376.829	1103.63	1806.83	1369.65	-35.4672	
-612.926	5278.17	2672.6	-5473.36	-3993.69	2255.85	-1045.86	-1151.14	-6921.89	-5217.18	
-2139.7	-551.278	2125.83	720.226	-2672.28	-7997.97	-3688.6	8758.67	5107.88	1910.24	
-1668.48	-1438.49	3181.81	4831.26	1689.92	-974.527	-3332.08	-641.182	3046.22	2924.27	
-4537.31	-27.9876	11084.3	9103.35	-1473.56	684.102	6187.57	4692.98	-1025.08	-398.913	
-6149.33	1083.25	7481.86	5163.46	7691.32	8844.09	-4540.63	-2074.91	3865.6	-420.847	
-2222.55	2370.83	-794.512	-4487.63	-7648.07	-326.015	2090.44	-2689.08	1235.96	-5702.98	
148.709	1640.66	-3918.77	-1743.86	-1155.42	-3962.23	-314.298	1377.57	4381.17	-1655.81	
-1005.97	2823.46	7888.9	4560.19	-3097.19	640.772	3703.73	-2014.48	-1824.37	-1374.76	
1685.78	-4262.44	2534.81	-1367.82	-2499.45	-4370.76	-2124.3	1113.99	-6374.18	2378.27	
859.178	638.915	2308.88	-750.513	2375.62	-606.661	1408.66	3281.84	114.492	122.4	
3837.18	-1564.42	-3264.33	2200.69	-3966.08	-2555.47	-266.238	-303.255	-4227.37	10543.5	
534.129	63.7179	-388.134	-3322.56	138.449	5193.25	5564.75	3940.79	949.856	-815.352	
2720.34	1664.88	-995.607	778.203	2871.93	-391.99	-2215.79	6918.13	6529.83	6458.26	
5219.35	4811.17	-1891.61	1183.63	-1907.27	-4711.41	1197.5	1320.59	-2740.44	47.3945	
-1600.89	-1628.4	-2425.79	-2709.79	-1919.72	-3608.97	-1056.16	-1589.74	-4176.57	-821.261	
1850.12	1426.43	-1902.16	-947.689	2364.39	-1558.85	-801.787	-5291.01	-5020.53	2355.11	
-7323.03	-3791.89	274.378	-470.23	-3729.72	361.628	-3669.12	-2238.87	-1835.15	-5528.4	
1143.2	2509	-1549.15	5132.79	3569.92	-2653.15	-1405.18	2326.13	1286.55	2968.86	
3529.59	4367.82	4052.2	883.637	1136.92	-1349.42	1192.32	-1399.72	-5471.21	-2475.22	
20.2434	-1551.26	2729.51	1607.7	-1734.65	785.011	246.012	1329.98	-2968.48	619.508	
157.017	2630.04	4990.89	2308.75	-988.424	1934.74	-835.481	-479.575	-3545.16	-5344	
-1728.79	-899.864	-457.921	-4343.33	1499.68	9077.3	3497.98	1803.46	6561.35	2718.33	
-1217.14	-2470.8	-541.537	431.936	373.414	30.9115	1992.68	4117.46	1444.89	4231.73	
-2916.4	1977.82	1451.78	2715.11	5122.89	1445.3	707.447	-1175.46	-1999.03	-5857.6	
-1865.39	704.076	-3223.41	-4964.45	-3390.59	-2415.48	-131.35	3289.31	4394.45	-395.34	
1790.15	690.598	2891.31	3092.37	-1149.86	5482.21	3860.04	1144.55	-3234.09	-32.0624	
-3582.77	-1737.2	-1826.81	-1553.6	495.705	5303.14	6205.6	2324.99	1309.15	2405.78	
-979.283	44.0973	3754.25	4757.28	5114.56	-3612.69	1280.02	1935.53	2718.05	912.406	
1042.11	1125.55	5489.88	3037.02	-2972.05	-1064.88	-1862.97	-1808.45	-382.371	-4971.14	
-2757.26	-572.685	-383.854	-818.999	-733.64	1778.22	-1366.62	-2411.87	-6178.33	-4756.03	
-2652.59	-6.2673	538.274	200.206	-53.9587	-509.012	172.137	2129.4	-429.506	-151.38	
175.672	-2523.66	-1042.9	-575.848	-678.18	-7823.84	-636.323	-2811.36	-5926.91	2714.32	
-1443.16	1613.83	3680.11	899.892	673.859	-957.336	1146.73	490.96	1586.51	794.699	
-1913.34	-4354.94	-3932.86	290.748	-1344.43	-456.44	-2734.75	-842.572	2711.99	-450.348	
-408.143	-1353.16	-1887.79	350.404	3977.07	3790.83	1093.09	7108.14	2224.65	216.969	
3519.97	2969.73	1619.24	4472.59	4808.41	2230.57	-1140.6	-1337.56	1439.96	2375.24	
342.031	-2926.1	-1945.99	-1133.13	-461.274	-5560.7	-2722.66	-3796.36	-4003.58	2717.47	
-1345	-3986.21	-674.669	2139.49	-1790.56	721.039	30.3995	113.305	6621.41	4886.55	
743.275	1939.18	885.372	993.778	-628.436	68.7994	-2407.75	-805.196	4685.63	-1922.83	
-533.997	-3180.4	-3511.12	-310.633	-1888.17	3571.01	7350.99	3159.66	-1993.29	-45.7762	
234.148	-175.586	-3217.91	3852.48	3532.23	2345.42	-2546.52	-3146.7	-5749.87	-3517.75	
1413.86	3497.3	4184.54	-1254.14	3557.49	5644.71	-2662.71	-649.382	2145.24	-5798.29	
-6082.06	-4664.71	-8084.87	-3679.05	4369.05	5330.61	938.337	-10106.4	-10254.8	-4991.73	
2475.52	321.166	1496.99	6861.76	1876.7	-3404.64	-3639.43	779.362	3974.16	728.647	
-1488.37	1199.19	5255.94	-2913.93	-2164.16	-4973.61	-200.233	2133.42	-2226.14	-8754.07	
661.728	2769.93	7775.26	4600.76	630.563	-3168.78	-281.666	307.073	-511.489	665.132	
4014.22	2436.7	777.458	906.696	-739.559	-1415.83	-2367.31	-512.897	1476.25	-1185.13	
-445.765	634.438	6792.05	4950.78	6414.89	5126.07	2616.13	968.985	69.5329	3824.02	
361.547	2367.03	-2823.19	-1845	547.82	2918.72	2683.01	4402.76	713.952	-129.199	
840.076	1624.96	-3872.15	-4856.23	-3155.18	2708.26	-875.25	-4426.5	-2722.94	-305.09	
-105.872	-844.832	2612.26	2205.24	-722.167	745.936	2333.72	212.566	1413.86	-835.13	
-1334.79	1813.33	2945.86	1554.39	-1912.8	-5124.31	1081.76	2440.03	1851.17	3663.82	
1643.46	-219.878	910.052	2087.49	-1554.05	-3436.84	3923.3	6003.67	2520.64	1415.66	
-2299.44	-2327.82	-1947.27	3859.7	-1429.74	-1247.52	1282.92	-794.29	-2719.63	-7628.84	
-6003.78	-3877.72	-9443.75	-3501.51	2755.78	663.05	5292.21	7415.34	-3349.84	-6382.77	
1336.82	-1032.34	-2047.14	-1458.44	-2708.14	97.6523	-829.968	386.217	3700.8	2526.03	
-5287.89	-5723.16	-3424.25	2892.46	1438.48	4494.87	4204.47	1413.79	-900.455	-10497.9	
2168.13	-3176.05	-3129.35	5237.09	-447.995	-1150.22	-393.627	-4976.35	-1737.85	654.103	
-3347.57	-2909.44	-144.67	7173.08	2583.41	2136.57	2021.75	255.479	-2150.45	-2626.38	
8005.54	9319.99	1489.73	-2877.44	3129.07	5074.85	-2403.64	390.237	6225.69	3345.04	
469.443	190.857	5425.08	2379.88	181.759	3441.54	2770.61	3257.18	8077.24	2544.46	
3531.14	3159.67	-1676.22	148.08	-2372.63	-4244.18	1204.22	2622.08	4034.83	5483.06	
1060	-371.824	-8965.92	-8874.47	-1854.36	-1158.34	2465.79	2732.01	-1607.46	3973.64	
329.676	-1964.42	846.937	7761.26	7270.02	4223.42	2397.68	-1848.07	-3080.11	3304.02	
-941.838	-4782.72	-2396.56	-4918.43	-6374.8	-4890.35	2288.65	2531.28	-1404.9	-3043.7	
2957.23	1336.16	5514.85	2530.32	-811.458	-880.603	2023.45	350.566	5061.79	8141.04	
-604.061	-1173.35	1248.46	66.4069	2112.12	1672.7	-2227.25	-614.528	172.695	4134.55	
-3147.04	-2415.79	-3630.03	-1496.7	715.011	-1071.85	837.334	-1228.22	-3088.36	-4182.96	
4033.02	4922.32	-3476.58	2733.23	1926.85	2848.11	-327.078	-7208.64	-9014.71	-4193.89	
-261.576	-263.04	-360.028	1481.6	-2290.04	949.533	4456.14	2598.7	1813.11	-2966.45	
-1528.27	1369.64	7629.61	5716.1	-1512.12	3159.54	3786.07	-419.27	-1917.41	-4624.97	
-390.587	267.618	521.307	2842	-750.756	-4249.53	-1317.01	-2456.47	-4446.05	1808.44	
-7226.34	-2437.29	1623.56	275.745	-492.63	-4477.79	-3112.88	192.551	2078.13	-2011.45	
-4331.25	2263.02	6425.08	1622.28	630.018	1959.74	-2866.91	1846.96	3500.1	-518.831	
-390.545	4846.22	3438.86	-932.389	-2196.74	-2190.62	-5753.78	-1977.3	-392.541	-1311.58	
1026.5	2726.26	3368.85	6443.85	5525.44	9326.18	5438.94	1662.67	-1192.74	1527.45	
5296.35	1627.19	774.796	-7527.42	-7081.12	6703.86	5113.73	641.377	2590.1	10072.1	
-4551.53	1915.53	3561.48	1342.75	488.836	1962.64	4248.19	708.844	-2600.67	-7355.72	
5.18593	1763.72	-5483.37	-2420.21	4119.34	2966.92	707.536	5330.69	-700.673	-401.024	
1034.01	122.787	-4145.34	-2074.92	-1548.86	-1327.75	-1211.94	4657.05	5103.61	1937.15	
-338.887	-8251.78	-1366.12	3182.1	3974.5	7776.57	5213.83	-5449.39	2142.27	4076.62	
-9084.84	-7139.26	1960.54	8818.31	3720.62	3004.74	-3135.81	-3513.07	-5295.33	-3459	
3849.3	867.728	-4129.27	-4883.88	-4626.37	-6520.07	-342.528	-5741.7	-5004.71	283.769	
1234.16	-1219.34	-3405.01	1508.99	-2844.75	161.516	418.857	1621.23	1895.73	7425.16	
-4363.41	-2431.07	-266.458	1436.52	4221.76	3036.14	3018.58	3143.97	683.48	-8565.6	
-1172.28	1391.99	-545.378	1339.98	201.816	998.114	4597.57	8718.56	6629.34	-9633.78	
-3135.74	-6661.76	-4018.35	4787.38	2327.82	803.031	1555.04	-3800.01	-5971.07	-938.382	
2432.45	2105.07	1775.32	5721.78	3990.11	812.019	3680.41	-1505.65	-7314.34	-5568.72	
-1287.97	-4272.12	1874.5	2434.67	-3341.6	399.698	-4009.62	2742.51	13822.7	-78.5301	
9.2828	-1143.07	-1215.95	-1063.42	-246.911	97.1496	4551.81	5317.49	-2001.87	-3198.54	
-6319.41	-5209.85	2892.48	3126.5	-2431.09	-5653.57	-3126.93	932.824	3787.97	-1538.78	
-5360.25	-2370.85	-2429.24	-4562.48	-1321.2	80.8874	1080.08	-1122.68	-714.164	-1965.25	
3855.42	1485.52	1086.9	-1033.67	-4447.11	2596.62	3521.68	325.249	6148.7	6842.58	
5159.96	1563.54	-6318.18	-6887.4	-3543.59	-3406.61	-791.279	270.145	1260.76	1273.38	
1090.09	-2004.56	2337.12	1132.41	-776.592	4366.08	3699.47	2101.82	1562.61	1407.5	
5614.28	6104.74	1212.92	3975.53	3639.53	6673.54	-820.619	-1690.73	-1143.94	506.067	
787.51	2862.12	3383.26	-1082.1	-1210	-2253.61	-1216.12	-2270.42	326.9	-800.174	
867.977	1881	1604.73	-1184.41	462.274	3386.55	2781.23	2073.29	-4282.09	-3253.78	
2638.92	591.24	4669.82	2968.05	1051.48	1485.11	1888.17	-496.378	-3773.99	3820.33	
-3360.21	249.516	1824.1	-3134.56	-1621.71	1992.14	978.661	-803.725	-2594.83	-517.184	
-1650.21	-2189.83	-4623.77	-1565.14	691.555	7614.27	6080.34	-1089.81	-4093.2	4470.54	
-295.308	494.182	-1443.18	-2029.28	-2781.66	3752.34	3899.36	1255.5	-1994.02	-1206.05	
1804.66	5223.35	-3052.43	3570.66	334.955	-6959	-2923.94	-897.012	680.582	-2631.81	
1609.7	-1850.48	-4639.73	-3460.87	3592.82	-486.61	-3477.49	197.137	90.394	-130.456	
