619.05	1552.87	123.955	-383.485	-78.145	195.118	74.1548	-31.4585	-33.9617	
1252.07	2591.39	1261.13	374.324	209.826	121.787	390.504	107.825	23.1878	
596.602	2095.61	414.997	-81.3057	-17.0593	127.279	3.91193	19.9589	-47.5848	
1672.78	3237.97	1977.67	584.847	123.954	76.217	196.84	127.252	3.4055	
-3.0202	2428.96	720.42	186.435	-238.432	5.72721	-97.9367	-22.4816	-11.9217	
-423.351	516.427	366.261	210.909	-318.589	91.0143	103.332	-60.8666	53.3924	
1070.72	3574.18	1330.09	38.1452	6.58907	-142.543	-33.2872	138.667	-0.705218	
-117.734	-1257.82	36.0048	-176.654	42.7905	79.4902	89.9737	-65.3714	80.5277	
-801.807	881.793	-156.972	-164.311	155.844	-133.957	-61.7766	-29.5185	2.48814	
-65.0073	-1013.53	-184.077	-131.608	404.904	87.1079	63.23	-5.11125	38.3647	
-926.684	-1109.26	-435.93	-351.638	-104.394	-164.572	-154.006	-71.5026	-1.63528	
-679.256	-1238.77	145.959	245.733	91.4131	182.903	-11.3943	46.1012	8.90246	
-894.259	-2233.23	-769.857	-295.796	197.898	-344.776	-300.364	-44.2239	19.1659	
-963.902	-1842.92	122.939	38.1436	54.9165	-33.0876	15.3093	56.3474	18.5905	
-92.0952	-105.225	183.985	-82.8458	641.123	-95.8978	-81.2985	41.5906	6.78736	
-490.74	511.564	436.588	667.758	1.79023	-159.531	24.3144	-84.6941	7.26138	
-518.423	-572.787	72.6035	56.1082	385.373	-172.778	5.79435	-27.51	39.9473	
19.7695	1227.43	417.945	62.9743	-201.191	-114.61	143.786	-50.8484	7.18394	
-1485.82	-1365.16	-7.81232	399.795	205.717	46.4693	-14.9519	-11.8588	121.003	

249.175	527.366	423.88	199.338	197.931	136.107	201.919	-70.7378	86.0781	

-1194.64	-3347.91	-925.707	-596.389	75.4714	-31.1768	-137.125	152.206	20.1393	
-271.584	-1305.17	-611.157	-549.821	447.406	-91.7665	-63.3136	85.1166	59.7835	
-564.23	-3044.66	-1528.09	-309.685	20.8454	-271.018	-86.4653	-122.335	24.9217	
-542.827	-3708.31	-1921.75	-140.775	-325.374	-145.167	-200.563	-243.094	-53.956	
1014.8	-304.24	-501.798	192.914	-83.0281	148.817	-333.505	-141.947	-21.6662	
1277.45	1160.44	-141.363	94.4094	189.707	-11.2557	-339.778	-13.8414	-26.7006	
-119.967	-159.966	-681.831	-576.958	-198.266	-217.453	-168.953	-30.3935	-9.03116	
-133.422	-793.307	-273.392	-568.874	-430.036	-344.5	-148.869	-197.842	18.3231	
-1265.41	-2632.99	-987.919	-1032.23	-231.039	-225.985	71.4454	-136.284	59.2186	
-1504.4	-4562.77	-1265.89	-1073.47	-529.206	-149.054	-56.4663	29.8894	12.7646	

1581.07	811.076	840.354	579.2	164.178	263.331	113.751	-34.2238	-20.5868	
-856.05	-1157.52	-916.174	50.964	106.185	92.14	63.3539	-15.8516	-33.3976	
-1749.7	-1105.02	-427.345	-344.483	266.575	137.273	113.983	-29.6369	-42.0036	
-574.837	-498.267	157.604	-121.687	191.389	170.256	-204.166	-23.4674	-110.725	
1092.81	1396.51	503.767	182.99	433.659	182.65	17.5247	48.9308	-98.9815	
-1326.39	-1512.71	-1001.55	-1101.63	-327.98	-120.221	-293.419	46.2343	-135.22	
-1570.8	-1452.94	-358.003	-634.286	-463.373	-279.382	-338.154	-7.42897	-23.9791	
-1351.2	-1662.22	818.747	-3.86534	-278.937	-98.9341	-14.0914	-61.4235	-19.3696	
-1471.32	-3809.54	-225.739	71.1328	-46.6028	13.3369	-141.328	-71.2249	-19.9207	
1479.82	1105.25	1525.34	1334.75	216.292	526.944	118.915	-68.412	69.8264	

976.442	818.077	230.527	-51.4802	161.358	146.891	-65.4667	99.8477	-0.854018	
245.141	-1217.15	-229.012	41.8552	-139.389	48.1498	-6.57354	21.5663	28.0943	
593.181	639.252	293.06	45.4115	-65.4556	-65.1687	242.305	-5.29275	78.359	
119.673	950.967	183.159	137.701	-180.516	-17.9966	142.34	41.0242	29.4971	
274.459	1087.86	398.929	532.227	-70.7905	99.725	36.8655	14.8774	2.32867	
720.855	838.921	408.266	324.851	-130.574	-47.4356	2.08027	-107.606	-19.6086	
228.364	-507.732	-25.9991	60.017	-180.591	-77.3462	-31.2854	12.5947	12.755	
819.965	237.421	215.837	-69.4368	64.4677	199.492	-56.7101	8.78441	14.5765	
704.011	766.645	153.288	53.5801	478.777	63.621	97.8811	17.6619	9.97667	
826.39	768.713	146.459	70.0685	227.605	105.862	61.1029	19.9955	0.438575	

1112.75	1418.99	338.043	-360.639	42.4584	65.6587	112.817	-148.898	20.1423	
1074.26	-48.8007	-655.904	-806.592	141.26	-65.1286	-168.624	-63.1754	-21.4388	
682.883	1685.49	1066.99	154.834	198.488	-118.751	-283.677	209.192	28.4549	
-72.4842	752.773	528.506	122.106	-170.07	-166.483	-212.714	181.724	28.4651	
530.298	1101.64	367.239	-72.557	111.71	-153.824	-39.7047	157.944	-9.29089	
1906.32	320.437	809.667	189.442	-10.0608	-140.414	-2.94741	188.885	53.6102	
502.121	165.437	-137.473	-435.878	35.3717	-384.169	-41.5656	-10.7906	44.0491	
1790.32	3576.1	1013.49	187.904	125.715	-179.38	213.66	-74.7819	30.3512	
781.388	2675.85	251.289	549.818	252.285	-323.833	257.471	-99.5788	13.9703	
-365.014	400.122	-1591.23	-113.46	339.623	-145.298	97.1177	-53.0597	65.5509	

61.183	1206.71	-283.38	-168.489	-707.735	-366.683	-240.039	-103.752	120.492	
-842.817	1479.76	711.134	34.3124	-723.082	96.2588	-214.389	-100.142	46.2994	
-974.603	-965.011	-92.2677	131.467	-686.104	243.381	9.71924	-47.4225	39.4273	
545.59	613.529	157.273	915.132	-362.76	123.948	403.982	25.8121	-15.9955	
1533.63	3776.19	1566.99	838.02	298.098	156.101	461.438	212.997	-12.7077	
1211.2	3804.87	843.649	-121.736	76.5079	-359.161	302.066	52.4892	69.6096	
1369.39	1990.09	1831.45	208.681	-154.845	-17.8396	65.0865	11.8536	81.3338	
415.338	1342.3	-289.299	-72.334	-101.519	-21.1987	13.0872	-38.3322	24.3012	
1086.82	3684	104.355	-288.556	-36.4697	222.396	-80.3289	-115.491	30.0032	
1176.49	4180.15	917.068	418.367	-17.5647	-14.3865	-64.0816	-158.595	173.439	

-116.769	73.9863	710.526	-32.2296	104.619	-13.4569	32.7943	-93.1647	26.0673	
-108.154	551.36	222.901	-89.0545	-26.5839	167.335	14.2294	10.8885	22.9164	
-397.744	1265.66	176.816	171.028	408.125	285.557	27.84	14.771	-10.6116	
297.726	1516.91	109.206	-174.832	307.507	326.071	54.9184	-82.2755	3.94594	
763.391	1433.46	284.344	-2.05422	99.23	313.259	130.356	8.10218	42.7836	
-373.136	-288.389	-137.427	105.845	8.58577	202.234	30.8765	18.1709	56.41	
-225.062	717.973	39.9465	512.424	77.243	54.3996	-59.7498	-48.4391	34.8931	
-191.247	638.639	568.617	633.624	34.0724	144.401	-101.813	55.4463	25.0882	
326.621	2.41682	316.488	357.807	165.716	89.5956	-65.6937	136.377	40.3191	
-277.064	-467.716	474.285	253.746	87.5425	-34.7447	-77.204	-37.3309	43.0193	

-685.251	260.804	-401.844	-147.269	365.383	83.7601	-195.752	40.4121	66.8305	
188.606	2614.45	657.665	292.354	995.301	359.5	-85.6128	178.527	77.378	
662.559	1032.77	634.513	-278.077	187.638	273.944	-89.8156	113.659	135.406	
-793.363	-1389.98	-1916.01	-942.578	-125.417	-155.324	61.9258	-242.466	29.8484	
-1961.82	-514.518	-1392.94	-238.752	247.396	-205.735	39.5682	-46.8985	80.0112	
-567.791	659.757	569.696	1156.95	193.674	-34.7034	192.234	11.1537	74.8847	
360.403	-1242.97	-541.952	149.329	71.3901	15.2637	279.493	-67.6123	-69.2101	
928.875	-2135.92	-81.997	-65.0227	122.738	10.9649	275.15	-141.181	-64.7428	
-1463.63	-4498.71	-1099.36	-365.761	414.057	-64.5567	253.509	-98.9146	1.46922	
-1761.18	-1871.63	-1608.93	-187.983	92.1016	-29.6755	35.95	65.3641	48.8063	
410.758	-1471.66	-124.727	-380.414	-52.4483	11.9394	-35.6587	-52.1835	25.9189	

428.545	-668.148	-576.166	-347.647	-168.935	-111.663	-11.6729	-4.30318	21.4969	
397.624	1649.76	485.273	452.561	82.8929	44.2042	72.6258	-10.5087	7.38199	
756.424	2032.93	740.403	594.761	346.31	239.328	160.579	-50.6076	11.1317	
458.283	172.759	268.605	470.351	195.594	110.851	67.5709	-33.9	-20.1983	
307.616	-1071.9	-338.694	172.57	-79.2382	57.4231	5.23227	-8.10785	-19.4255	
-232.156	-1507.75	-945.045	-404.904	-222.66	-30.0708	-33.3011	63.4644	-19.6563	
192.04	-330.848	-269.476	223.078	-287.265	-104.88	-23.7552	23.5454	-63.62	
934.012	1841.81	-214.783	707.402	-54.7974	-37.0448	-58.9732	-41.0437	-30.3628	
534	573.5	977.095	392.024	229.443	169.198	22.8123	-19.7418	45.9378	

-1199.46	-1476.42	389.716	-298.549	-177.305	344.584	232.806	4.24227	40.6892	
-1307.58	215.697	783.763	-52.0282	-293.213	30.2287	83.9518	13.8291	-25.9268	
-469.318	1051.34	1194.21	419.701	-282.93	231.457	34.4693	-2.35886	-50.7355	
120.61	-34.6999	547.41	-254.971	147.027	233.276	-199.537	141.762	19.3489	
-439.104	-1044.63	-161.7	-838.617	-303.823	-8.81381	58.595	9.93001	55.884	
-1658.86	-3995.33	-1139.31	-183.864	-722.546	-667.645	290.202	75.0187	4.36416	
-14.2067	-2563.39	-1095.79	380.32	-382.486	-304.801	333.957	35.4114	-77.6155	
2465.25	1445.36	1952.96	1635.83	461.816	452.57	438.95	-71.801	-22.2608	
922.992	569.653	1812.36	1225.83	40.528	364.039	259.777	-109.772	22.4691	
-196.541	954.458	1641.95	-724.885	-267.953	323.176	344.02	-221.756	57.7747	

8.11721	-2134.17	-1989.75	-550.829	169.297	253.849	-179.315	-102.853	-11.6628	
-143.678	-598.767	-348.082	316.887	420.842	167.143	43.0077	75.4748	39.1853	
2033.02	3480.67	2850.49	1420.56	829.387	122.036	105.665	117.734	124.778	
2380.26	3695.36	1851.22	698.021	335.014	145.901	-31.0919	-33.2971	61.9702	
2.45801	-32.0605	-1089.54	-226.162	-158.285	48.7311	-98.2005	-1.32055	80.8232	
1050.04	-396.425	-532.147	627.487	-28.9324	-22.3686	-136.267	40.7703	81.9469	
1593.64	1278.11	1533.46	1388.56	455.71	-175.263	77.669	-18.0085	53.6938	
1900.22	1223.04	1279.27	502.303	-41.5208	-169.668	-24.6475	0.416449	23.5641	
687.873	-2432.32	877.722	-312.105	-17.4757	227.213	-239.331	67.873	115.466	
575.102	-2036.93	-62.9467	12.2035	334.336	507.802	121.269	47.6267	102.625	

-1128.39	-3196.82	-1541.07	-542.442	-274.527	96.7452	279.322	158.341	-0.495442	
770.902	-130.534	-62.1758	266.814	81.2771	-238.214	197.261	213.395	-15.477	
2912.01	3236.07	1066.78	189.141	436.612	-600.239	216.354	76.5755	-51.4479	
1750.62	2248.08	777.236	-165.81	364.476	-153.443	330.961	102.564	-91.2296	
1560.46	3686.78	1136.12	355.529	624.177	255.177	112.959	-30.6411	-9.23806	
1287.84	4113.41	1644.13	644.157	741.056	112.86	312.164	-39.3897	27.8537	
-1053.96	-2572.15	-541.865	-236.544	18.0107	-421.868	180.909	45.977	40.858	
-287.407	-1152.17	-789.904	253.05	365.989	-463.613	4.42172	31.989	-37.2608	
1103	1632.81	451.514	470.159	708.245	-326.12	-114.234	1.02497	-60.8029	
169.779	-1017.87	175.39	-59.3531	232.487	-43.3255	195.935	-14.9963	-58.8977	

-1428.54	-9.94674	-544.344	-163.067	-434.081	195.404	81.6052	108.347	-27.9228	
752.533	974.27	738.802	148.453	-471.863	64.143	136.432	51.066	-23.0081	
792.969	-409.566	149.374	-299.256	-647.16	-166.289	-107.08	-13.1212	-94.3828	
-864.484	-1942.79	-793.822	-231.87	-399.791	-133.184	-45.3393	-44.3491	-31.998	
-1768.91	-3421.35	-1490.06	-706.983	-245.763	-36.2544	29.5468	25.5618	-33.8628	
415.626	-569.694	-404.922	-115.995	441.112	-31.5574	-34.2518	-1.44498	-24.8884	
855.652	410.321	468.914	306.349	95.3559	98.4784	-148.984	-13.1543	17.504	
-865.378	-473.281	-365.177	-538.362	-386.715	190.998	-262.603	2.13874	9.29685	
234.687	1890.04	-894.225	191.602	-452.92	373.717	-17.5843	-82.7828	-6.57343	
-1294.02	-1164.07	-2414.81	-217.365	-405.195	107.822	-212.396	25.5131	-128.467	

-267.233	-545.616	137.77	270.828	330.193	143.937	61.0198	55.9328	-38.1225	
466.342	289.755	-134.626	350.988	506.389	-33.1458	184.495	32.2593	-21.797	
-309.692	-1794.5	-1280.42	-255.621	-112.567	-210.207	19.7315	-0.95124	25.4478	
-128.767	-831.159	-716.665	-35.4423	-111.338	128.758	-43.605	0.312958	-5.95299	
-757.401	93.0645	-748.456	217.93	-151.74	175.999	6.53656	28.1694	-19.5264	
-1344.25	-2100.6	-695.948	-340.516	-0.40519	283.972	47.5464	136.272	51.6933	
-898.128	-554.252	196.402	252.523	346.132	207.469	-86.2953	198.496	23.356	
-175.364	935.345	180.824	268.484	63.0469	73.1626	-116.76	146.34	2.49368	
1140.41	2474.66	780.164	-184.542	-7.59681	252.752	-104.092	31.6885	-2.26152	
-733.034	-1356.84	327.265	-104.173	11.2136	288.074	-115.874	50.2497	-22.6967	

-572.993	-177.806	241.489	-393.888	23.0951	-301.097	116.078	77.2211	-18.0743	
1256.47	-121.763	1571.78	103.778	-48.5501	-197.757	242.966	25.0871	-8.55287	
2442.51	1882.16	2484.32	478.76	166.08	243.365	223.226	44.6118	-76.1303	
1796.97	749.979	1359.89	-63.9886	427.387	93.8404	150.111	68.4201	-22.4191	
-52.057	-1589.63	-671.52	-724.885	44.8533	-185.262	-57.7993	110.511	28.6025	
-462.956	1370.31	-424.817	-112.228	242.511	-85.0973	36.6428	23.5776	52.8306	
58.26	2278.86	358.498	480.276	439.8	115.668	34.8687	-106.05	43.5511	
-758.343	-356.652	-940.951	231.067	151.07	32.4992	-226.066	-125.135	-21.9738	
63.8306	-1206.42	-661.862	-104.735	175.124	-268.251	144.793	4.07397	29.074	
-566.515	515.027	-254.053	-1014.04	193.52	-279.313	-126.3	167.946	-11.0323	

459.559	285.686	71.9534	401.225	26.1722	216.979	146.605	-3.22749	80.8331	
-1163.87	-2100.18	-676.584	-175.137	-39.344	-26.1088	40.6007	-137.364	15.5461	
714.089	625.446	295.691	149.976	349.882	-42.7783	362.804	90.3846	-10.6872	
-531.053	-531.912	-84.1803	-362.989	262.827	-114.3	8.63696	32.5219	-47.37	
-1243.82	-1058.36	-104.728	-431.532	216.9	225.702	-65.5431	-29.1173	-8.9419	
-1454.27	-2415.29	-507.857	-465.24	328.71	292.453	-233.543	17.8115	66.4635	
120.188	-1809.94	31.9751	-438.835	-69.3427	185.02	-139.774	14.6192	-18.2122	
1006.97	-70.5302	-56.8212	435.533	-466.295	121.697	227.922	-23.1539	-61.331	
-1406.87	-2232.49	-1441.42	-380.375	-642.615	-317.438	327.549	-202.977	-77.5401	
428.552	993.288	41.0365	568.6	-24.5011	118.48	208.487	75.1664	-30.8351	

100.983	203.176	740.672	-197.032	13.8333	-230.654	51.5029	183.715	-7.01879	
276.196	163.859	166.362	107.518	70.0057	-127.338	-61.5269	54.6721	-10.8338	
-147.715	1569.99	92.3361	376.824	160.495	298.407	-56.037	85.6724	-71.0929	
-965.942	58.3406	-325.436	-133.813	36.7525	491.494	54.6286	133.433	-99.9705	
1361.85	296.382	-142.053	-70.7823	250.489	374.511	227.009	67.3357	10.8813	
1954.14	-1017.89	-1511.83	-165.574	144.184	-260.348	207.402	68.8568	-25.5973	
1262.53	564.11	-106.019	-163.353	-59.6793	-282.332	192.973	15.3294	-14.9021	
358.808	1818.2	593.954	174.779	122.458	196.577	-48.4883	52.0752	13.4846	
-201.947	-937.548	892.911	592.043	-169.329	44.8852	-57.9886	22.6987	-71.2348	
35.8056	-891.469	629.345	293.301	-60.4886	-39.2038	91.9621	85.6083	-22.4608	

660.238	1743.72	-101.723	927.546	346.962	-46.3237	248.535	49.938	8.29082	
466.513	-1215.76	-1078.14	89.6301	265.431	-27.7563	-45.2175	44.8719	-63.9989	
640.683	-1925.63	-1382.97	-443.745	131.491	46.1609	-174.667	-122.043	-33.6111	
716.86	780.931	270.318	-138.989	202.132	340.257	148.697	-82.9196	-36.5974	
-190.412	-1302.48	-1095.09	-983.511	-322.108	88.2185	-96.4619	-25.2315	-39.0009	
-899.798	-305.906	-671.083	-172.85	-337.604	-0.391359	-66.9414	-74.221	-26.6795	
-621.796	738.526	0.43182	-102.974	-216.266	-59.9337	-36.7077	38.4754	-5.99437	
-1187.69	801.16	306.334	-251.311	221.897	65.9651	-264.888	67.0592	-61.7824	
-2274.76	-1249.63	-871.281	-148.638	328.385	100.357	-39.4216	-78.9491	6.57537	
2094.48	4975.58	1282.12	1270.71	169.221	186.958	558.463	-110.905	116.896	

431.909	-853.67	464.378	372.588	85.3374	-149.195	144.781	14.8529	23.1466	
588.437	-605.141	373.48	-198.953	-47.3353	-206.447	-21.8869	103.992	77.5718	
153.933	-286.931	693.373	-658.728	-53.7747	-338.207	-87.9129	86.4318	103.681	
-96.8496	-1892.48	-185.336	-694.298	-226.439	-21.0397	-226.737	-62.1335	82.7559	
954.073	-408.055	138.001	-438.879	-144.669	124.806	-82.6114	-57.3406	53.1235	
1818.33	1903.72	1072.82	143.603	-44.906	57.6802	328.044	-86.9541	0.923786	
1985.85	2174.04	889.585	305.177	-149.399	52.8468	288.157	-0.354439	18.8411	
665.815	1135.36	635.872	972.293	158.999	34.1636	234.954	83.5941	19.7388	
-28.794	-619.43	449.795	650.019	303.732	-185.432	226.761	216.882	-63.6758	
903.461	-2542.65	420.601	214.386	-13.8949	-159.035	249.134	185.126	-72.4818	

347.868	863.065	173.512	533.671	312.449	266.684	55.4467	185.414	-17.7699	
612.322	550.479	-163.83	620.038	-109.06	105.873	-45.7414	66.1996	28.598	
-159.542	180.28	-188.12	-228.338	-521.746	-25.688	-120.126	-2.48375	70.1558	
10.8517	796.174	540.454	-232.75	-88.1155	-187.043	-96.6303	-31.5882	66.8509	
804.007	1507.78	731.06	-8.93188	-63.0143	-60.0708	-75.7122	-46.0869	82.9031	
190.411	-1001.17	815.739	-405.789	18.3631	33.4654	-171.001	54.1398	73.8509	
-935.137	-722.363	-326.732	203.574	-59.2861	-194.041	-162.32	-29.8186	10.3306	
1738.24	2638.09	1362.57	1274.15	89.6473	-89.5568	46.911	-147.92	6.00277	
1681.1	2561.57	1082.64	708.041	499.267	-100.227	231.239	-135.02	1.21353	
1278.31	2000.63	1920.39	365.855	398.352	136.647	163.059	159.444	35.5802	

1064.02	1874.39	1063.34	734.706	390.598	-164.377	73.0366	211.378	-27.7374	
108.201	2109.68	1534.26	478.65	351.794	145.222	72.5174	19.1138	-8.26648	
-1381.02	-653.181	-169.229	59.6769	206.699	323.2	-229.408	-76.2594	27.9146	
755.301	375.292	-100.894	158.198	195.603	67.148	-322.412	25.9322	29.457	
-370.682	-1178.85	-43.2321	109.612	-219.93	-17.0492	-224.337	6.42018	30.7825	
-711.415	-2777.5	49.6612	-561.697	-195.469	-23.033	-333.839	-76.2871	-81.8275	
932.249	-262.095	428.21	217.728	-8.56518	105.591	-129.454	-22.6844	-63.4766	
433.325	7.29929	502.47	13.0445	37.2011	-33.7162	211.748	114.892	34.3247	
-425.132	-976.291	-372.175	-790.141	-30.0953	-41.3156	-124.884	-7.98925	27.5856	
-785.873	1015.52	-333.705	331.161	56.5257	-165.141	-180.886	130.569	-20.7814	

-199.344	-1029.2	-102.645	-108.062	-197.435	312.846	-133.861	-74.4321	-68.7619	
-97.3316	-1160.69	-279.822	-120.562	71.756	64.7169	22.3775	-69.2058	-59.64	
-258.583	-1245.9	-339.187	-521.033	103.207	-277.294	121.076	5.62085	-13.69	
91.2648	-841.291	-771.117	-695.993	-351.379	-278.601	171.117	31.4934	-65.2889	
-199.112	-967.898	-937.657	574.395	-250.933	-89.628	68.6299	-7.51164	-110.005	
-730.15	-1618.09	-1877.54	774.305	299.122	-292.511	-69.8396	-6.00886	-88.2544	
-462.085	29.5296	-1238.02	543.464	-130.863	10.3311	144.966	50.116	-3.59732	
-128.203	-972.177	-742.799	483.758	-449.656	106.346	73.9242	21.6791	17.3859	
-326.039	-2459.12	-903.95	-386.479	-217.647	-22.2449	93.2144	6.81289	38.8846	
329.83	-1939.11	151.488	125.397	-47.6092	491.211	127.447	-19.5116	-40.4001	

1283.81	94.8849	274.56	280.918	-183.871	28.7089	-61.1692	119.851	12.427	
779.407	48.4954	1026.11	16.7883	-425.383	-49.9317	-27.725	45.2079	13.462	
-736.541	-830.124	180.62	-282.399	-443.704	-124.622	146.767	155.39	32.4517	
-39.568	-1438.53	-178.946	360.235	-16.8111	-32.6183	247.613	112.099	38.8331	
643.749	-82.5464	575.524	490.872	327.92	121.79	108.088	93.0319	85.9662	
-247.63	-540.703	-722.262	-116.881	148.796	-172.97	-165.598	138.45	119.945	
651.915	130.48	-1363.51	-230.794	229.762	-157.973	-265.966	145.728	58.5684	
-400.437	-2517.55	-1500.98	-330.755	-95.639	-216.162	-368.085	161.863	-23.262	
-1585.3	-2004.02	287.965	164.784	-906.563	-438.088	-501.669	3.00381	-40.6406	
261.899	1092.72	838.888	790.055	-482.594	22.8157	-278.118	96.1604	13.2835	

-1135.03	-3694.12	-1001.04	-632.154	-336.634	-133.715	-322.557	-38.5593	-29.2226	
-391.072	-2131.98	-409.719	-315.13	-147.162	-167.886	-292.321	23.3957	39.9911	
456.858	30.2207	-408.737	160.66	45.3128	-148.315	-8.22273	96.9516	49.6499	
1667.87	-1391.18	-767.263	-115.28	93.7442	25.3686	46.4106	4.89283	-34.7966	
281.131	-2541.98	-1096.7	-246.068	-131.885	-1.65484	151.276	-67.0106	-76.829	
494.843	-34.0579	198.685	-209.953	-548.248	156.85	304.167	41.9971	-42.6564	
-99.7838	-2209.12	-80.3721	-698.6	-546.88	16.5604	2.0533	-45.4211	-7.56186	
321.375	-2444.26	236.534	-503.409	164.971	-22.9039	22.9934	8.13801	-22.3043	
448.703	-1123.51	339.01	-1153.47	98.3881	-194.992	-253.412	9.90079	-5.76886	
84.3505	-2452.04	-752.999	-1148.91	-571.909	-175.54	-401.421	-16.747	-93.1832	

474.888	-16.3174	-36.0983	-182.665	421.566	244.31	179.305	26.0407	32.1665	
457.884	1044.8	955.926	-74.0483	0.669833	-29.7168	158.83	23.3534	-28.6996	
-57.5644	-385.866	403.78	-452.794	-635.946	-295.238	-136.408	51.213	-40.3299	
1566.06	1941.75	1151.06	309.532	122.555	86.532	-145.434	88.1051	12.6344	
1010.95	846.4	1023.03	176.573	307.932	134.836	-49.1024	100.78	18.5211	
-170.387	-667.117	-1137.07	-80.9402	-363.548	-119.52	-49.5356	-11.3621	-53.6654	
-427.233	339.124	-1111.9	-53.111	124.93	-159.015	-95.4129	-10.4474	-12.1091	
1324.82	1170.56	-419.8	5.26851	369.225	-107.486	3.46995	-8.95892	-10.969	
1939.52	103.864	-450.815	238.345	-294.504	-91.6731	-143.201	15.5492	-30.5308	
1748.48	-121.147	694.959	212.375	99.1999	80.3387	151.291	101.162	2.20642	

833.847	1788.97	888.964	268.807	-171.486	-54.8123	-31.1901	1.3487	5.13625	
684.002	2366.1	518.824	447.959	163.564	17.2357	40.6355	106.999	22.5014	
547.668	2681.98	351.105	-13.343	89.4378	-6.34594	218.374	181.891	1.42538	
310.481	65.996	384.463	-126.365	-16.0129	47.1438	143.867	109.916	-35.8519	
311.583	-343.107	719.378	130.819	188.314	21.0069	150.068	13.2712	-54.4086	
40.3488	-945.677	-62.5291	-212.514	-68.334	35.8212	16.223	-52.6033	-100.155	
407.768	979.386	354.918	-119.177	-234.061	118.684	-196.827	-59.4542	-58.9199	
-517.421	192.13	-145.82	-585.628	-0.507927	-113.071	-147.731	-113.814	32.147	
-912.231	-1635.09	-1412.18	-1170.23	-159.824	-217.581	60.753	-75.0116	50.1876	
-261.07	-407.472	-209.039	-832.281	-287.183	-363.283	-14.7162	-55.0471	-45.1302	

-104.125	854.003	-94.7357	10.1152	-86.9607	-400.845	81.0579	-166.425	-71.8404	
-272.669	-712.237	-217.98	377.496	-273.923	-275.852	57.1699	-168.797	-64.4661	
204.958	1114.44	873.541	564.158	280.166	-199.04	-21.4857	-90.6831	3.46163	
-304.68	730.336	575.529	194.754	318.713	15.1289	-21.3816	81.8001	17.5055	
-311.404	-1956.57	115.218	37.4743	101.822	172.679	46.937	74.2593	-15.0618	
1060.77	-1768.28	598.661	575.845	-230.483	193.996	231.38	97.4729	25.6479	
400.769	-405.756	-478.712	374.482	-92.6124	156.291	153.773	83.3232	54.4533	
-99.6656	502.563	-48.9546	554.56	184.397	226.744	12.632	-2.79031	0.498445	
-285.422	-1192.64	-818.816	-312.502	-285.1	-65.741	-90.2948	86.4273	-4.38987	
350.108	1362.56	-310.212	-498.977	194.639	-424.958	-46.1561	36.0596	-43.559	

-1320.83	-347.689	683.839	683.767	347.482	-47.2741	72.1226	3.17939	82.4205	
532.946	388.545	717.971	979.478	105.229	-18.9041	-50.6674	-32.2861	7.73226	
1506.67	1761.37	1124.14	494.922	-109.22	-24.8789	291.153	-42.3963	-10.8689	
274.296	898.81	337.167	135.98	26.4468	291.836	309.944	-11.6804	45.9524	
-728.468	-641.766	416.849	50.9788	-109.471	-50.2752	22.3705	23.8127	27.5446	
-424.692	-327.033	2410.34	132.85	-113.599	-168.717	340.319	72.5165	12.7537	
-484.738	-1664.54	982.541	-58.6007	39.2118	34.0871	257.396	35.4158	23.7496	
-521.392	-792.3	354.572	176.804	59.3056	20.7334	171.966	-8.74126	59.4774	
-1453.75	-1464.38	-178.981	-148.407	-415.423	-105.554	126.724	47.3963	47.2095	
-2189.9	-3206.61	284.815	-322.722	-0.931744	-217.373	199.729	69.6237	39.3684	

139.566	-643.381	-1200.16	-126.493	135.197	-163.954	115.46	61.5874	-46.6152	
-418.268	-513.941	-465.298	-170.515	361.811	-41.2989	196.668	119.701	31.2757	
329.181	-984.222	-164.519	17.0033	248.351	-50.6535	86.3144	-10.9676	71.5915	
-469.084	-2266.52	-1563.33	-116.588	32.2221	-79.1386	132.947	-27.8417	14.014	
612.496	532.077	-293.526	-74.0566	252.771	75.8184	323.603	57.4134	13.0788	
3146.17	3118.15	1680.13	538.574	242.289	95.6294	183.952	8.70899	63.696	
1593.34	664.891	738.399	724.711	33.4142	-61.2173	-145.151	-57.1036	6.69693	
1073.6	495.766	179.32	619.334	-132.294	-216.96	-135.153	-121.555	41.4051	
2749.61	3631.99	-1.21754	491.813	133.432	-176.694	-240.401	-35.6841	8.49825	
1828.08	2487.42	-727.21	-289.082	115.103	-152.034	-409.604	-49.195	-85.1391	

16.4787	-357.161	-29.8545	-452.43	-204.841	-77.278	-130.886	-52.73	71.5649	
-859.571	-519.093	-513.749	-745.804	85.0423	29.8818	25.9595	11.7596	14.7702	
-1139.85	1408.68	-222.354	-604.454	132.108	83.6121	-202.275	72.1204	-69.1203	
203.766	1063.91	-766.13	234.063	144.412	-61.9634	-457.034	74.6675	-3.75847	
267.948	-270.474	240.168	377.475	98.2018	-104.461	-249.089	7.70027	5.94496	
-230.65	-52.0594	1042.9	-358.261	-153.642	-15.5797	-134.697	-105.241	38.1383	
-89.6209	1466.67	448.173	303.115	-188.836	11.3013	-17.5474	6.57003	52.8535	
843.602	2074.05	109.81	1032.5	-133.922	11.2081	102.619	22.3572	55.2353	
-1177.33	968.024	736.859	666.567	76.2606	42.0237	134.275	-30.3229	28.5346	
-372.771	1552.89	2325.47	254.231	161.78	125.709	-74.8505	127.893	131.378	

-63.3247	-727.131	-1379.95	-20.7291	-570.83	-75.5195	-75.0913	-55.6716	51.8428	
230.316	1266.67	-87.1672	206.924	46.5444	111.098	187.874	43.1754	-27.6118	
289.625	1048.29	-128.541	-296.202	236.242	-14.8382	227.835	133.872	-44.5059	
1045.57	1355.71	387.205	-209.012	402.85	-349.321	-70.2741	163.581	-11.2017	
1901.58	1859.64	1124.24	-78.7689	429.997	-182.051	-142.316	205.402	5.16273	
929.136	1135.46	-45.6273	-536.163	-148.343	55.558	-47.9832	199.924	-96.6554	
593.989	317.761	14.0972	-285.093	-74.8372	64.0679	-40.2035	196.467	-78.8008	
199.519	-533.9	-55.766	-550.634	-207.301	48.5482	-48.7787	42.6597	-69.8043	
-149.208	17.8251	-584.903	-760.34	-357.243	-10.5656	-27.9147	-115.994	-10.6845	
-1499.88	-1024.76	-1338.22	-749.658	-905.464	-303.891	-42.7684	-53.0339	60.0783	

-278.59	-192.382	-673.646	-168.952	-181.98	-256.337	-94.9608	-35.4704	16.9278	
-22.7319	359.166	272.906	218.168	-116.608	31.9315	-66.6331	7.90534	19.9712	
-862.428	-1221.52	-456.666	-64.2196	-335.07	-72.8285	-190.895	-33.4606	13.6824	
-868.187	-2092.63	-911.291	-209.822	-460.333	-42.2882	-305.037	-60.0944	-14.7725	
-834.524	-1479.39	-390.566	-49.47	-445.343	98.7257	-222.971	-80.276	13.2304	
-911.852	-289.88	-482.389	179.845	-502.567	-42.3198	-221.83	-143.652	-0.833722	
-100.212	260.951	-279.694	337.246	5.65557	-319.09	5.73953	-11.0653	-30.8805	
800.889	854.338	879.337	310.506	231.03	-61.0508	315.863	-37.7721	-3.82526	
1102.06	646.073	1311.82	695.905	317.68	192.498	202.539	-82.2355	8.11606	
420.182	-637.982	-146.414	84.3813	-50.4896	-20.0285	6.83508	-50.6597	-1.16515	

-72.5902	1073.1	285.885	160.583	97.6889	168.815	-33.1347	87.9459	21.8647	
-196.129	660.072	182.02	265.048	-102.115	-95.7869	-129.21	70.8304	35.8688	
168.523	1532.3	1103.7	391.83	-47.5295	-152.457	-140.21	45.576	-10.4248	
851.892	1203.81	493.62	396.48	126.889	-31.2905	76.9857	9.34727	-35.3607	
-370.434	-837.583	-153.357	2.77184	83.3336	-49.2976	144.606	-12.246	42.3496	
537.136	2084.33	1252.95	646.56	468.794	176.698	223.184	42.3552	50.2024	
434.831	1707.38	375.602	805.361	293.24	94.9206	100.911	10.3093	37.4912	
239.262	127.827	12.5568	524.007	-96.1214	-31.3444	184.848	117.046	66.4736	
-747.119	-1975.81	-281.82	-320.696	-125.709	-143.457	209.691	116.389	34.4412	
-999.236	107.83	398.21	-75.6167	159.785	89.9928	139.073	142.866	5.03253	

-425.926	-1479.76	-602.801	-825.523	-326.141	-10.2479	102.654	-6.32112	-8.69754	
-87.3172	-313.681	-714.437	-407.621	-160.232	-68.1006	-22.7339	95.3502	-58.4307	
-739.593	-580.18	187.246	-554.862	-93.206	87.9003	-253.845	99.2676	20.4568	
-1029.97	-1009.65	546.578	-461.632	188.972	189.822	-186.304	108.873	99.7077	
-1041.18	614.776	223.737	227.406	338.027	40.2897	55.2684	6.53062	30.8522	
-642.236	3738.02	589.931	631.002	647.95	-103.949	395.814	38.5436	8.06423	
1501.24	3409.75	726.252	32.9301	685.019	-95.1494	95.1012	-112.212	-37.3352	
801.973	1476.04	-55.6341	61.6963	267.767	100.881	-156.982	-106.589	-64.1559	
-282.853	505.112	984.259	90.5608	32.9535	45.3326	-34.7538	-8.78579	-22.6744	
405.365	385.259	1803.89	-591.021	10.4963	131.965	266.617	-32.7565	25.9629	

-670.453	248.649	-356.27	-337.063	29.1209	59.2563	-48.5705	106.247	-10.2002	
-29.9388	178.521	7.46824	-112.669	-49.2843	-28.912	10.1832	56.2575	12.471	
1044.62	1992.66	86.6026	672.363	-39.4816	-74.6966	118.813	-23.2236	-23.4085	
1357.59	2279.05	62.6117	713.632	114.872	241.715	10.4153	-21.6217	-0.981465	
1566.87	1772.88	764.957	340.201	283.242	355.137	73.0736	-65.367	23.5709	
76.3656	-2050.65	-710.881	-781.337	-116.427	47.0582	-75.7664	-51.1859	50.1341	
670.315	739.808	242.481	-195.979	-101.254	77.9407	-98.9619	-72.7636	18.433	
468.976	836.922	179.196	391.543	59.1512	86.6363	-78.7513	0.924508	-9.06918	
502.377	1452.51	401.14	406.726	-22.4398	61.3454	-97.8286	31.4142	-17.1943	
1.75147	1037.81	-237.559	319.419	-239.235	85.8729	-140.81	90.8902	-5.72977	

-7.94886	363.198	256.884	386.721	-148.891	209.994	-17.6801	-13.1506	12.9836	
308.642	809.273	-176.572	74.3301	-56.7983	157.6	-2.79508	20.6921	-8.81846	
1128.01	3164.7	377.793	328.932	211.847	116.28	184.804	15.0042	-37.4865	
642.901	964.207	443.937	306.4	385.595	-18.9657	305.91	15.2658	-8.23246	
-726.908	-1522.17	-362.517	-421.489	118.079	-166.926	42.1037	33.4752	34.3029	
-802.08	-541.76	247.222	111.45	-94.2542	-94.8991	23.3848	28.2167	57.8405	
32.38	-836.953	-365.422	-188.985	-411.051	-71.753	-78.4611	34.6454	22.6319	
265.534	-762.571	-470.909	-304.716	-374.713	-48.4545	-178.806	39.6458	26.5427	
-113.516	85.1306	148.757	-185.917	-178.277	12.8386	-116.268	-33.6833	-1.43644	
-1066.52	-2602.26	-389.278	-459.373	-342.847	30.9268	-15.1778	-70.6593	-55.9608	

-666.759	-1018.59	-226.29	-292.888	-75.0951	-133.268	-221.655	-94.5849	-28.1294	
76.2988	-170.029	-204.805	250.074	-200.257	-119.124	-107.988	-71.7987	-25.0556	
605.479	-1043.54	-520.831	533.514	136.837	-196.883	57.359	24.7357	19.4769	
409.324	-974.905	-359.806	181.778	-52.6715	-87.5849	86.7176	13.8627	-35.7134	
-206.504	-533.575	-10.8155	97.4371	-150.383	27.4388	78.7112	-21.2373	-14.7105	
-298.703	677.498	432.314	509.739	38.4682	286.605	69.0392	54.4742	8.78298	
-922.588	-110.576	-667.093	321.839	153.869	15.264	-110.246	-36.4627	-10.6305	
-1292.91	-1346.1	-270.419	379.515	277.676	-30.7607	-86.8727	-21.3784	-20.6128	
-1706.87	-2960.82	-786.472	-89.2906	-70.9474	-405.531	-154.538	35.0999	-38.9659	
-1456.03	-1647.9	-691.3	-232.049	-170.004	-414.546	-100.991	-82.2357	39.0234	

-436.205	-710.796	-540.171	-343.316	-150.402	-295.059	-147.195	16.7514	-46.1952	
412.644	-404.473	98.5384	135.058	-62.7884	-63.3743	-80.3248	-11.1825	-30.3653	
528.692	-262.677	223.91	104.453	-83.1884	54.0437	38.1405	-50.8959	-14.2046	
-17.596	334.266	68.8959	-231.206	102.75	64.9277	-25.0936	-75.7861	-20.9511	
-193.205	84.7188	110.294	-20.8892	92.6571	-19.3813	-43.3357	-64.3167	-0.500883	
-262.198	-15.2945	-44.7193	81.2511	-144.477	-98.9427	-23.8104	-12.4871	11.6657	
28.3282	138.833	221.811	60.3971	-69.1596	-139.429	-42.9306	-3.57635	-22.1364	
417.345	997.141	786.942	138.531	-43.6769	-117.237	-27.9631	-2.87738	-18.8096	
-135.726	-6.46235	7.34829	-36.8917	19.5425	-187.413	-41.3279	-25.588	-22.9874	
50.023	347.721	-284.932	68.4942	-7.17819	-205.162	-68.0521	-27.1838	-25.1101	

-352.838	1285.66	-1084.34	359.136	-302.216	161.374	137.584	-42.2459	13.5561	
-697.412	-109.957	-1529.32	171.85	-341.038	-31.2166	-1.5778	-39.8301	54.8443	
134.204	459.704	-1482.02	285.85	-17.8569	-330.859	-150.458	12.7022	45.8389	
225.393	48.1503	-1029.75	208.886	58.1999	-5.29523	-79.5369	3.71391	-5.60639	
-302.439	675.989	-675.158	-491.095	17.4121	-24.9988	145.991	16.8595	-40.7408	
-2811.12	-2535.17	-1221.08	-781.079	-7.14252	-205.246	-179.072	-49.9798	-33.9618	
-436.992	-705.618	224.147	91.7303	186.687	70.6869	-48.1159	12.5352	-31.3837	
-59.0218	-1408.95	-598.81	-350.392	-214.504	-76.6291	-98.2142	68.2539	-73.0922	
-912.302	-3177.4	-1293.54	-434.658	27.4797	69.0069	-228.033	37.3327	-14.7923	
893.443	814.943	-119.026	548.549	86.5892	393.724	20.9471	41.7233	33.4276	

-555.517	-735.721	-96.2384	18.7601	10.9656	-50.8396	-30.179	19.1305	-23.5201	
517.946	754.015	260.833	383.56	-134.95	-81.0192	-10.3933	-39.6962	-36.4612	
795.641	1100.22	1108.74	762.26	-125.179	108.805	-37.2201	-29.9143	-3.23348	
-332.188	-210.828	692.293	390.622	104.034	199.134	31.8182	-21.6956	46.7019	
217.05	-486.909	499.165	149.645	132.854	171.765	-15.3963	5.97925	-0.292023	
440.853	-1539.69	445.743	-203.194	67.5882	63.3068	-218.386	20.6477	-34.2046	
373.388	311.846	467.002	-223.615	311.614	45.3128	-131.649	-3.04994	-4.11853	
-82.0287	-55.1182	304.001	-85.9593	312.885	128.562	-45.1882	0.441938	13.3648	
-203.25	1029.46	467.247	-116.847	298.978	143.413	11.7854	-36.7548	-7.52048	
82.0991	178.439	629.932	-98.7796	72.746	-103.116	-6.57246	23.5952	16.3551	

779.862	-2054.61	-312.96	-304.813	169.479	-140.744	12.7314	-11.6766	-50.6088	
-270.128	-3013.78	-787.463	-373.246	87.7306	-139.865	134.78	35.2467	-28.2156	
-637.398	-2845.12	-327.635	-245.676	-185.087	99.4953	83.5891	102.601	22.3679	
-618.004	-1178.33	1208.3	321.771	150.471	296.878	72.8021	4.0484	32.8045	
-424.092	-1703.53	818.768	-369.984	59.5905	222.049	104.929	-75.0732	22.9071	
617.865	-1831.78	918.09	-297.954	68.3271	107.613	79.6137	-110.27	-7.94231	
-544.879	-2171.86	-173.146	-25.896	385.161	-48.8144	-64.6548	-42.6923	-47.9676	
-708.137	-721.125	-186.672	422.859	290.885	69.6718	-49.59	62.1594	-22.624	
1027.68	1154.65	56.4421	188.491	223.648	60.2833	-33.2241	2.08781	31.9347	
1218.57	-300.317	-444.908	-711.686	-108.291	7.29193	-92.9978	-55.3378	37.3301	

-42.0993	-668.858	-218.278	432.012	-246.524	89.5473	-7.78053	137.961	115.877	
-185.594	-265.075	-1001.36	-195.105	304.28	8.25441	11.6903	-81.5191	51.2672	
-1498.45	1700.91	-1408.3	-515.966	242.253	-130.7	-147.341	-132.813	2.6228	
-535.757	1758.19	-398.196	-46.2148	-119.483	-148.773	-151.838	5.03622	-12.5577	
988.331	1985.19	462.202	462.499	132.925	8.09652	-33.2264	-58.1693	29.2201	
1239.52	944.606	782.96	281.592	166.376	160.988	338.368	-124.582	1.00364	
626.189	902.073	-49.8046	-481.05	-54.4799	-112.355	289.738	-24.7318	-2.49158	
1552.63	3284.47	1293.46	506.705	343.469	-77.4062	318.193	-71.6484	-41.7327	
512.929	530.877	22.381	863.399	98.3857	96.3569	228.037	-120.626	-7.0884	
-256.01	-677.981	-293.611	1001.95	-23.0875	176.091	163.855	24.113	101.652	

653.92	1540.08	588.075	329.026	288.781	136.481	46.7199	-15.4003	-47.7164	
318.751	1751.82	-139.542	309.086	424.011	155.169	150.947	27.0739	-27.5837	
-0.336161	1049.05	-273.094	115.452	170.283	398.764	153.709	-3.69173	9.10074	
751.408	1572.94	902.581	325.661	195.866	482.018	152.585	38.8419	50.6852	
613.439	2895.43	769.491	409.506	-39.0781	56.2959	44.8961	71.8768	-13.4413	
-619.036	1646.43	1332.54	-82.1017	-52.8235	-11.1677	22.917	101.028	-107.218	
-578.033	-483.035	143.71	-355.685	125.212	-32.6318	-79.5698	185.223	-65.7893	
-19.3076	-137.061	-413.53	-494.718	40.6274	-100.682	-264.045	83.4134	-32.258	
682.874	344.78	208.828	46.9151	8.48593	263.644	-163.754	56.8562	-8.66933	
835.523	419.566	464.614	235.253	147.557	265.418	24.8647	9.3694	-26.923	

-336.43	780.331	70.6724	2.21551	-306.656	19.4322	192.303	3.53615	-83.373	
-1095.56	-454.589	-946.978	-43.5182	-318.296	-43.3405	25.6808	19.3501	-68.8546	
-438.172	-285.57	-1184.44	-52.5886	186.141	-54.7804	58.0351	-107.504	-67.1076	
793.295	-345.925	-847.337	-425.487	-125.491	84.5501	-59.4521	-148.12	-59.1586	
431.294	-127.565	-511.466	-118.914	-121.124	203.234	-93.2266	-85.4629	-38.0452	
-902.255	-2533.06	-1765.37	38.4423	-265.979	260.181	-178.013	-182.202	-32.4448	
-1046.97	-1521.11	-882.671	436.999	165.012	285.518	-79.5843	-10.3541	-69.5073	
-1004.08	-2241.05	-718.77	255.352	128.688	56.7137	-228.851	-7.92858	-36.4382	
-425.429	-2012.84	-1123.35	107.75	-229.366	-56.7233	-165.65	-148.093	50.1171	
653.72	853.831	485.011	589.369	-131.637	173.77	223.433	-91.7125	-38.3209	

-335.514	-417.274	38.9587	-121.335	-115.34	-283.506	-9.30489	-78.8504	-22.8315	
-531.308	-1342.76	-621.069	-485.516	-234.367	-518.866	-113.793	-94.7053	-43.8238	
-305.057	403.459	-661.768	-134.586	529.458	-254.373	-36.7629	-139.716	-75.3229	
313.858	1135.05	-90.5931	391.719	457.276	37.2546	16.48	-106.38	-15.1741	
-810.164	-614.876	-276.065	-367.01	15.6392	107.24	102.4	26.4092	25.8668	
-218.685	838.487	165.664	-343.035	-50.9371	201.264	60.7199	38.6219	28.938	
-428.105	-62.3441	610.38	-455.542	12.2281	209.563	100.599	26.1849	17.4357	
48.5273	-1491.59	1192.81	97.76	76.8127	97.6895	61.9894	-9.18179	38.4938	
1788.09	1244.94	1477.26	1118.18	317.64	427.7	159.702	38.5503	49.36	
948.843	1789.99	465.445	803.544	373.466	62.6323	212.089	140.318	90.2223	

-306.408	-604.603	993.29	616.147	-83.0805	3.38973	165.766	-54.9869	13.7621	
215.384	440.805	634.268	472.469	91.9874	-124.468	173.834	0.950426	33.9508	
73.0423	591.919	-266.245	96.6746	79.5498	-6.43875	320.092	-18.3112	15.0893	
656.047	593.41	232.978	-144.962	-251.189	-40.5122	17.7955	-93.4181	23.6285	
320.219	-382.058	-326.08	-30.9619	12.0592	-137.38	-60.6195	-83.0934	59.4799	
913.956	-667.473	-948.179	442.95	375.487	162.607	-95.2885	-125.901	10.6408	
57.9373	-1516.68	-772.548	-363.624	151.253	177.036	-21.8645	-98.245	-21.019	
-276.384	-394.143	-173.457	-209.979	31.8335	107.456	207.34	-47.2202	-50.6409	
224.399	2134.68	1284.27	260.491	112.757	185.96	440.48	26.9409	15.6469	
-1483.78	-930.987	631.638	-48.5345	-221.114	-12.0299	268.197	-104.379	-21.8488	

321.163	276.52	-383.693	-206.561	73.0103	-271.966	-200.877	-70.2776	-71.3162	
255.874	-1090.71	-1112.99	-581.3	-91.7966	-336.254	-113.335	-56.4136	-53.4718	
-751.771	-618.752	-862.386	-185.519	-577.887	-399.501	-85.7811	18.3266	-47.8457	
-276.788	49.8084	176.652	207.817	-298.336	-275.917	1.12763	91.642	13.3602	
-542.948	-675.544	-349.155	-244.208	-213.852	3.42087	98.288	1.7591	34.0723	
636.286	1189.25	533.319	387.924	183.845	302.178	223.584	91.9391	22.6864	
1631.11	2537.53	1319	814.26	444.482	454.387	99.892	22.4947	27.8305	
632.323	1056.08	430.257	380.817	436.673	304.667	-49.0883	-10.4492	-21.6216	
-16.1407	-981.294	-1168.97	-93.6525	389.354	30.6416	-81.784	-43.8556	-27.5861	
216.959	525.042	-649.396	265.104	99.2617	-128.712	-186.48	-139.899	-47.6565	

614.774	-673.767	576.14	-563.532	91.8382	245.689	-136.252	50.3645	28.8933	
209.754	-641.976	217.485	127.611	-137.317	-31.9895	69.8944	-8.73478	19.6859	
-752.262	-1703.06	-411.839	23.3141	-246.697	-251.502	115.011	-9.85633	18.9838	
1205.92	1161.96	792.735	321.874	240.465	69.8444	-141.907	150.52	51.0633	
1247.96	1254.27	586.536	296.877	78.6287	117.659	-184.163	118.556	15.9143	
-186.93	1248.13	525.306	366.097	207.819	245.231	-53.0798	-8.9328	1.77947	
-1553.47	-426.599	-327.153	-210.651	-80.0332	163.713	-51.1027	-62.3603	1.13865	
-1124.5	-898.408	-514.916	-167.653	-566.364	102.129	46.6225	3.4427	-27.0558	
-929.187	-2059.74	-1323.37	-634.769	-521.921	-229.484	-113.704	-29.7697	92.079	
-449.268	-1262.73	-548.475	-913.014	-211.34	82.0782	-244.096	-51.0377	80.131	

1034.59	-508.44	888.758	133.618	-81.4297	24.0598	-55.6531	-68.6086	46.9665	
909.262	1483.22	344.296	503.661	113.573	86.6293	104.159	-86.1308	38.6271	
1398.3	2284.85	-340.36	675.057	-63.3277	90.6972	133.839	6.29839	-0.805567	
74.233	337.737	-1027.05	-35.539	-267.806	17.7015	-247.611	-47.036	-58.7721	
838.632	2341.18	758.407	-11.0298	-8.5627	55.2662	-206.9	-97.9823	-111.518	
390.992	2591.71	1564.44	767.978	229.726	221.979	57.9663	-101.134	-78.9556	
-1548.72	-1076.7	-3.17056	-363.077	105.57	200.538	26.3459	-22.0219	18.5287	
-1072.32	-507.612	-121.308	-118.602	510.071	505.18	98.8445	2.84341	53.5214	
268.143	-4.87846	592.546	-42.3115	460.744	559.333	159.475	28.8909	123.294	
-601.903	-2911.85	-554.357	-1129.8	-525.287	25.5015	-151.207	-23.0842	73.6936	

-320.73	-3142.16	-1529.54	192.235	-465.546	-625.544	36.9401	-151.48	-76.238	
-646.94	-2608.53	-1125.78	447.468	-185.847	-278.794	-127.41	-106.931	-31.9439	
-892.954	-3360.13	-2243.08	-739.603	-541.33	-126.449	-63.3954	-154.366	36.4319	
-682.333	-1071.59	-516.304	-659.824	-411.949	-80.4926	-76.1162	-148.35	-32.0892	
381.63	1179.8	1893.87	786.423	-11.4481	-118.683	276.448	-62.8588	43.8635	
-801.707	3942.72	929.403	537.535	489.502	-15.0375	387.374	-97.4954	-41.6833	
-601.242	1861.11	-82.0287	-687.558	290.946	99.662	258.868	-98.1441	-103.271	
-2387.91	-4268.85	-1226.63	-1379.58	-321.699	-328.714	-46.837	-120.108	-26.0311	
-1389.39	-4015.87	-1696.86	-1908.31	-449.852	-384.688	-245.054	-264.008	99.2608	
1163.17	-1803.93	-1517.82	-1679.32	-509.622	-393.052	40.476	-319.78	28.1588	

1030.66	1348.35	-499.243	182.747	191.912	211.709	-10.2927	10.9339	8.74141	
348.137	1138.67	-531.221	-31.8225	-318.645	-119.05	-224.138	69.224	-9.9892	
315.306	435.124	301.956	492.558	-18.8304	-165.468	-81.1611	151.282	66.2257	
1453.14	2448.1	1395.3	711.946	476.696	115.731	132.726	74.4234	53.6976	
636.271	465.395	164.808	394.355	61.2831	-49.4182	170.106	46.9238	-13.0243	
-496.875	-2032.31	-615.865	-140.526	-195.389	-265.365	211.474	155.214	-24.9986	
-534.538	-1638.57	-889.133	-312.656	-189.199	-210.853	23.2129	111.797	0.509553	
166.2	113.826	339.785	48.2761	15.1381	66.5601	-5.88257	13.1294	22.3294	
1350.49	882.372	785.185	254.304	266.142	272.447	52.18	28.1476	82.8928	
-49.9656	160.422	-164.089	37.8468	384.511	191.244	97.612	9.43379	61.6323	

625.158	-1517.58	-1003.43	1182.31	-212.75	-280.196	-86.5371	-133.357	-61.9809	
-87.0124	-304.526	274.823	1475.37	31.0602	-111.961	-94.8078	3.73933	12.5098	
93.5564	1843.62	1112.6	640.341	1125.57	320.823	32.9945	53.9697	32.459	
-2610.62	-752.762	158.395	-68.0202	180.732	48.2254	18.8895	119.457	-8.22691	
-2188.88	-464.263	-265.654	152.9	248.505	197.308	-15.4848	123.841	47.5729	
-786.179	-1554.76	-1906.43	-566.48	-14.2052	136.937	-193.649	-55.9935	-32.8442	
641.978	114.906	-919.534	150.552	38.9899	166.757	-291.277	-49.199	-53.4055	
506.111	661.621	457.273	606.294	-97.165	31.0164	43.5157	-49.1189	-26.1249	
-684.307	-531.278	-481.375	48.2638	-389.884	-218.957	158.758	-108.621	-18.7386	
-876.417	-4465.87	-2375.82	-313.355	-348.934	-251.086	58.1814	-128.511	-52.2585	

-562.26	470.948	516.155	158.385	134.773	17.3066	-75.2113	-33.2377	34.8687	
298.966	1812.91	345.033	194.284	64.4348	65.7135	38.4701	-52.48	2.6005	
2285.83	3529.28	583.891	1008.87	521.082	-126.531	-9.07423	-78.2083	60.1184	
1382.68	2078.72	175.65	919.219	333.491	-248.517	75.9152	-171.267	54.8702	
240.708	478.485	-536.936	399.266	-126.937	258.642	61.602	-157.557	13.2903	
-902.391	268.169	-1863.81	-228.821	-415.879	166.703	-150.696	-20.1207	-21.9295	
-239.659	-135.112	652.048	-227.676	-223.071	-122.195	-46.0697	63.0764	-3.00828	
320.834	-3.03783	677.428	-735.161	-159.647	60.1009	145.29	29.5064	-28.2402	
-89.4619	417.67	43.4912	-867.071	-81.3774	228.393	-47.1869	-68.1393	-47.8066	
-312.077	-574.622	1266.56	366.338	39.812	90.335	-119.933	-116.386	25.1081	

540.354	1310.22	971.828	539.534	360.184	89.0942	192.769	-25.0497	35.2815	
656.405	383.193	847.146	111.656	279.325	232.302	-80.3692	-28.9644	36.0027	
317.581	-639.983	359.308	-144.903	526.181	307.134	50.9327	-5.64246	6.84907	
126.634	503.527	-116.061	28.4369	231.847	116.81	-53.2613	51.5656	17.1971	
209.443	-784.276	-26.2262	122.882	-183.657	11.5751	-83.9861	-32.7437	27.43	
-659.486	-1748.73	407.422	485.64	-90.802	83.477	172.814	-34.2456	-31.9247	
-799.429	-1365.74	-812.072	392.909	-36.3604	185.073	19.7706	38.6407	9.89936	
370.858	-824.251	-625.464	327.008	-198.165	287.861	79.7277	59.8026	9.7263	
945.832	389.471	897.263	-643.501	-71.3233	15.9272	30.6086	-97.7132	9.68208	
-467.799	-423.893	159.201	-237.644	5.98606	-299.013	155.567	-115.625	38.086	

-339.555	-839.368	168.273	389.034	111.244	146.743	-1.80791	-65.7332	-14.5957	
-1.63405	-1057.18	626.465	623.612	166.352	277.412	10.8239	-37.2627	25.8467	
2150.66	2296.65	1440.3	299.523	171.572	310.316	98.4458	-35.4004	59.9898	
1475.32	2702.17	420.265	45.1443	152.673	148.271	-58.4352	25.0393	40.3331	
844.315	3267.67	1183.57	547.767	344.386	142.107	43.4547	28.9965	12.6149	
619.172	2696.1	1412.37	451.465	99.808	81.8856	-119.459	-56.6335	-58.6328	
630.159	1423.4	358.75	407.043	-232.796	186.87	-129.15	-32.4955	4.35335	
258.785	765.426	78.133	121.77	-235.61	111.596	-38.475	-112.96	20.3193	
-185.406	-268.501	305.365	206.642	-141.415	20.5331	74.1937	32.6676	25.4533	
-191.483	1074.36	1436.24	932.754	32.5543	380.554	173.751	-3.26382	-11.4439	

777.465	176.552	-529.887	-370.8	274.431	-44.8171	2.8808	87.9004	-12.1784	
1084.41	512.779	172.533	266.166	-29.9969	193.075	70.8398	71.1217	26.0973	
-244.024	-1831.64	-123.319	-427.386	-173.522	-187.794	100.308	21.9266	42.2602	
-0.465796	-1526.27	137.114	-203.125	-46.8369	-182.323	-71.4732	32.1485	16.2254	
217.816	235.912	212.517	-153.207	60.4039	174.795	-197.239	-58.1265	54.9492	
1.27587	2092.8	-9.47663	314.589	324.007	206.918	-115.946	45.7993	58.7591	
264.702	1804.79	-41.7	237.524	403.643	44.8829	11.3177	-74.1547	32.0058	
1061.03	2311.22	682.273	-214.567	413.067	7.93489	121.197	-15.9912	36.5936	
737.849	571.404	-236.326	-568.673	247.501	-110.847	-16.0013	129.638	-40.5935	
287.494	273.912	-459.711	-547.928	457.355	-250.82	-33.0127	184.289	-40.7771	

-726.17	869.803	-28.3836	-218.522	-124.379	223.349	-139.316	50.0138	-12.2669	
607.45	557.438	116.336	-596.444	482.748	-230.861	-156.151	-13.4574	73.0167	
-197.782	-478.9	-572.999	418.605	-186.79	49.6985	104.101	21.3276	-2.0937	
1022.9	903.415	-156.447	-323.261	332.119	-91.7704	-33.2524	-39.2135	10.4738	
-129.892	-2170.29	-1176.62	-154.196	-55.8941	-203.309	-10.1206	69.016	-40.8436	
865.821	825.973	46.8394	697.413	144.932	6.12241	27.9831	10.9361	-13.7555	
-1176.72	-2632	-638.735	-179.982	19.1161	-249.728	-50.3055	44.5852	7.53722	
-274.958	1701.96	497.823	327.804	104.419	-150.053	16.1765	30.6234	-48.559	
-1661.55	-1404.71	593.362	-249.973	-238.161	-176.454	-53.1395	51.5285	-16.0798	
-1550.04	1417.58	1799.99	995.514	-206.707	230.715	126.62	-33.5376	-71.8758	
-521.518	12.7613	-23.1333	-106.485	-19.1599	-133.524	131.067	-0.131213	-62.0444	
-2370.46	180.013	744.072	188.14	-29.533	429.057	43.0182	-38.7231	-20.8338	
-2648.21	-627.229	-292.959	-555.15	-221.58	22.7894	-66.1268	10.1046	-48.1467	
605.601	128.597	-411.38	435.06	-214.952	40.5246	109.859	61.8297	-9.20369	
-1179.19	-792.812	1211.78	-1420.93	-31.4402	-424.83	254.59	-270.48	-69.6272	
721.049	822.954	24.1922	589.739	-68.6173	235.234	13.6781	-7.43739	2.92802	
-229.167	-672.205	1542.34	-1104.25	480.159	-576.723	280.895	-110.526	84.3823	

304.255	547.085	-418.543	205.124	-161.296	-35.8581	-221.12	7.42912	-14.5101	
-825.801	1965.67	964.443	-460.233	27.3806	-50.2047	-243.834	113.225	-76.7838	
-1435.44	414.61	1279.88	-1061.72	-214.569	262.477	-44.8816	33.9856	-69.4835	

-278.047	-927.69	232.891	-359.087	-47.7445	-46.8549	13.8222	47.3613	30.5552	
145.198	376.707	946.601	217.182	153.574	64.4821	-103.943	-19.5995	33.1288	
497.374	1259.4	742.802	535.137	92.477	112.115	-199.522	-112.317	18.3961	
793.213	-2.88149	802.17	-262.23	356.747	-37.3976	-48.3255	-39.0346	-7.86867	
-236.222	-1594.06	-316.938	-109.009	305.975	-54.613	69.2541	67.1219	-44.3004	
-1207.35	-2162.71	-1453.75	-364.703	153.2	-178.02	186.494	16.7104	-114.181	
981.772	101.583	-228.743	137.467	278.667	-199.68	143.81	-56.0058	-77.116	
797.061	765.751	657.647	208.917	241.401	-128.876	35.9255	-52.8229	-84.9712	
175.142	698.879	797.105	-17.4508	179.586	178.951	-63.5963	-35.3836	-62.0616	
613.868	1683.04	1208.23	-104.457	92.1231	79.1026	55.8088	39.7416	-3.63581	

143.261	648.692	686.123	13.6411	-54.9033	145.279	-13.9383	59.7016	15.6031	
-252.23	-174.719	93.7867	87.5531	-8.60316	-45.1472	104.425	-24.3447	-0.598581	
-459.175	230.552	285.326	411.601	428.842	-90.4781	271.192	-134.116	-33.6918	
-536.85	659.909	711.393	470.42	427.341	207.464	233.409	-54.4878	-31.1022	
-366.771	-668.259	-255.127	-337.29	30.422	209.781	-29.9944	-102.621	-34.193	
41.4779	-1456.03	-491.931	-801.688	-299.613	-128.885	-139.891	-49.4661	-110.822	
1157.26	890.172	1159.11	530.866	-21.1504	145.017	59.6546	-1.306	3.67875	
842.064	2182.93	1597.66	924.98	187.041	216.838	14.6575	-2.61535	40.1163	
-323.585	1250.39	1003.55	414.364	14.9286	147.47	-20.3934	18.055	15.8626	
496.268	768.761	508.415	-149.362	-268.056	112.706	-148.276	82.3835	12.8158	

-549.627	-147.884	-890.795	-528.759	100.549	103.916	-249.938	-98.4574	-38.4473	
-623.83	-526.286	-576.709	-439.142	217.891	-122.102	-112.467	-124.306	-20.8692	
-338.825	-1211.23	-156.645	-4.59903	-32.7835	-188.871	-27.9655	-14.73	28.376	
736.342	1239.53	990.697	765.665	16.3794	32.9281	-6.62392	11.4957	73.2828	
-183.638	-225.48	-383.949	-106.996	-245.892	-92.2662	-167.072	-64.3694	39.9176	
-309.96	-150.463	-494.226	-249.681	-82.953	-141.563	97.763	52.8195	30.7442	
246.517	818.22	38.6459	50.1383	98.9766	-14.694	-74.2223	64.7196	54.6232	
-493.494	91.8468	-102.334	-472.562	118.35	-71.1739	58.0289	54.115	22.9332	
-969.071	-671.186	-425.191	-425.12	-197.563	-194.535	82.7673	-2.31333	82.5798	
-1642.35	-2025.91	-1566.64	-1253.94	-504.355	-178.798	-263.059	-131.145	-62.6394	

-1432.75	-1928.49	-1557.02	-204.146	-663.917	-185.297	-87.2689	35.6282	19.4699	
-111.986	-1642.67	-1102.85	-165.504	-469.139	-192.02	-82.3435	-70.7699	-40.4437	
-2421.84	-3548.25	-2503.04	-148.182	-395.144	-131.866	-79.7981	-223.778	8.15372	
-1992.15	-1399.71	-877.024	307.178	8.41576	3.73313	481.612	-39.4514	5.8862	
-114.728	1209.5	673.577	878.919	132.377	-59.0676	166.835	-56.8951	-74.7359	
482.149	396.846	-331.396	913.434	-235.653	-55.337	-317.374	-184.777	-4.8432	
975.763	2354.36	737.124	1106.99	-110.76	45.0494	114.627	16.3795	52.6763	
136.316	3537.33	1812.07	1171.8	351.235	234.119	158.928	21.0799	-7.5321	
-2165.84	-1463.91	563.172	-234.601	-52.0426	249.477	-134.098	-77.8738	-34.1226	
-2287.22	-2071.4	-1104.54	-130.376	-601.443	77.8332	-121.843	-147.435	3.65515	

124.639	133.468	558.951	-101.216	254.495	273.692	103.086	-41.2514	30.9574	
-714.016	70.4742	-131.026	-300.149	-97.5914	132.371	-26.9298	13.3947	21.1298	
-926.717	-188.659	-562.564	-202.872	-124.298	32.9938	-64.46	-6.65735	-3.90972	
-162.797	-531.637	-631.18	-174.153	-144.555	170.976	5.6516	22.9008	-13.6456	
-242.398	-1112.16	-726.861	-521.197	-262.772	80.4957	61.0011	18.6752	-2.92175	
387.422	-140.301	395.672	-459.68	-162.376	61.1572	65.9328	-52.0527	1.87771	
242.683	102.001	-325.53	-296.03	-342.137	-71.8168	-120.756	-53.423	35.0408	
526.013	419.635	-473.267	227.02	-128.423	-95.7704	-76.2404	-33.0648	20.3153	
713.264	1618.47	327.978	601.247	269.804	37.8922	76.4046	7.56304	48.1704	
417.59	910.4	569.855	22.5259	407.923	191.262	0.225603	-20.3827	26.6282	

357.851	-1494.54	-3027.73	-647.945	-186.356	-204.462	-113.306	69.0725	-40.4737	
-1164.94	-981.477	-2020.06	-978.007	-235.924	-268.194	-126.153	-15.6203	67.2189	
-1450.28	-551.893	-333.321	-1843.38	19.2596	163.006	217.483	157.83	197.043	
-497.196	1720	379.248	192.669	449.184	114.453	227.299	208.521	98.2796	
-434.357	916.115	196.22	353.904	545.727	-51.8949	-179.942	41.7538	50.9579	
779.085	1761.38	1276.23	162.171	442.304	303.317	-231.537	-79.6138	81.5291	
382.724	2288.78	968.484	358.578	153.502	209.437	-166.06	-96.3052	105.326	
-299.9	1411.92	124.835	508.259	73.2687	-172.703	-121.043	-139.778	28.9345	
-453.472	920.085	-1335.23	507.099	-77.9296	-375.752	-32.4816	-30.4511	-22.3273	
-1397.9	-3301.75	-3773.29	-799.969	-695.216	-131.701	-371.33	29.1532	-55.9109	

403.417	952.87	346.996	222.595	136.516	44.9786	83.2764	-36.8175	14.3022	
-891.363	-639.714	-773.436	-482.076	-44.2282	-95.7317	-158.556	-103.208	12.2664	
-1233.17	-886.035	-352.943	-167.597	-32.3721	-223.197	-258.91	-4.85149	29.7279	
859.225	2327.01	1859.84	382.91	85.4827	-122.835	-244.463	46.142	43.7758	
128.803	-379.287	714.994	-262.686	-193.585	-251.428	-187.415	-41.1349	23.7442	
-963.172	-353.18	699.207	-134.756	-93.5403	-173.926	-67.6028	-5.73653	-57.511	
-636.487	360.944	-195.529	-157.746	-151.192	226.983	95.9098	87.358	-23.8675	
-1781.4	-1783.52	-493.991	-761.269	-266.815	13.401	167.462	6.05914	-76.2834	
-431.204	-801.192	-90.5788	-140.452	-36.6893	-322.547	198.019	-22.5534	-90.6508	
-549.344	548.577	-54.8613	257.441	243.515	36.2151	232.55	-99.9997	40.0115	

-339.658	-2064.78	-784.637	-428.781	-111.334	128.838	218.303	-3.15367	37.6279	
-1216.61	-1018.19	-379.634	-309.55	-102.706	-22.8764	64.5835	6.57118	68.9789	
-1599.56	1398.42	-234.64	105.544	-91.8089	143.236	30.0173	-39.1472	143.268	
1768.08	3523.23	906.877	489.791	298.366	37.5885	188.549	-73.7753	34.363	
1414.21	1139.08	238.175	172.286	131.964	-367.358	-20.5678	-9.06295	-115.316	
688.076	1238.37	-108.979	555.586	-0.621138	-321.553	314.526	-106.894	-121.944	
512.212	571.677	30.7106	728.843	9.52979	-31.9598	219.739	-37.2652	18.2651	
-259.95	463.517	-369.349	599.187	-268.885	11.5471	-26.9973	61.6105	44.7989	
-800.88	-561.507	-611.534	258.877	-495.864	-33.1011	-55.1721	117.909	30.8201	
-871.03	-871.925	-1052.81	356.85	-292.546	90.0141	-60.5792	38.4434	37.1945	

1425.35	3438.51	1967.05	542.686	429.31	-131.885	308.12	-38.8431	65.246	
1325.67	3228.75	2780.57	1119.76	384.935	149.563	270.103	23.9102	36.7364	
-393.715	-1376	1855	537.374	471.835	180.502	188.767	41.2446	-15.2828	
-573.088	-2205.67	-15.4427	-498.252	132.141	218.442	22.7278	-42.2026	83.9025	
932.812	1408.18	705.994	-269.382	-133.922	320.064	101.803	38.7894	24.7351	
2317.87	1101.32	1278.39	-680.202	437.213	112.116	397.984	140.559	-30.4092	
-316.268	-1819.05	497.864	-1011.59	-55.4399	129.506	177.882	39.0082	-45.5531	
-962.131	964.633	1148.23	-400.165	-109.931	-136.572	-35.356	29.1552	-107.624	
603.214	3597.43	983.417	730.383	313.239	-132.758	152.825	69.9084	-91.9656	
802.115	2289.73	850.207	29.8525	7.04851	-577.329	86.7895	-139.84	-3.53713	

13.6105	253.099	107.152	49.6739	37.9453	-11.9853	-2.40398	59.6241	-37.2728	
127.088	50.2116	215.147	-95.9694	31.3718	-79.9124	3.29699	-12.036	-48.3397	
1154.09	2001.52	1649.3	155.18	345.826	14.6458	108.054	32.4158	-35.9459	
809.56	379.929	432.978	289.953	173.38	277.612	68.0881	-18.4862	-33.139	
734.198	-173.287	12.3923	-302.721	-35.0844	36.296	48.7071	-88.1999	-50.5418	
980.926	1128.89	531.265	332.036	154.098	179.607	74.8588	28.3078	31.5501	
599.571	1479.4	-42.7358	575.07	-145.012	66.6031	128.457	80.2497	29.0114	
893.255	1401.79	440.359	280.523	30.7288	14.1545	138.855	45.1948	12.3166	
2747.32	4006.32	1121.51	232.905	54.785	-25.8061	-26.7234	14.3366	-47.4161	
848.3	1547.53	326.46	-135.657	-220.629	32.1775	140.226	44.1576	-38.1085	

918.412	1046.8	1083.29	93.2176	-20.9191	189.966	175.839	25.1833	19.3444	
1044.64	742.471	953.432	-12.0719	15.1578	151.649	260.533	-0.643485	4.49966	
-150.688	-154.621	-1356.36	-261.575	-164.721	171.16	98.5342	42.4133	99.6444	
37.4226	-218.725	-282.231	-92.6774	73.6563	190.205	196.082	181.307	63.0404	
-432.702	-629.826	-566.085	-593.61	-105.097	-83.2429	-29.8711	84.7069	-16.9078	
-1305.56	-848.974	-996.051	-675.682	-369.97	80.8148	-204.496	103.124	-27.3798	
-152.618	1087.61	18.6913	102.298	-86.4066	207.819	-31.5226	62.9679	-4.61709	
754.043	820.951	558.285	-76.3777	197.322	263.793	130.216	-10.3124	-15.8401	
1310.95	745.516	1054.16	-103.14	433.664	382.286	234.289	-57.8686	34.977	
1844.94	706.339	1642.94	566.195	288.59	317.611	125.857	-56.1611	46.7413	

1070.3	452.847	-44.9194	110.472	-207.45	-192.621	23.7175	-125.696	-26.6454	
666.598	-1028.24	-187.455	72.1	-202.145	191.365	242.154	-113.615	-12.5811	
-1480.23	-4615.47	-1713.56	-447.512	-666.606	60.4527	-15.6316	-58.5848	-28.7787	
-1777.37	-3040.8	-2081.65	-1067.24	-385.393	-258.49	-168.112	-66.8047	-28.6046	
-117.58	-493.627	-866.059	-688.431	389.999	-100.113	97.0958	-53.9381	-21.7064	
509.794	-1761.72	190.923	-245.375	306.613	41.2217	-20.1989	-104.237	-75.3656	
-559.229	728.066	1475.47	243.824	449.553	12.714	121.372	-43.7431	37.7588	
752.382	370.766	1167.75	426.018	187.7	-34.3609	-146.017	-39.0446	46.8103	
360.233	-1272.15	-332.096	23.6935	-366.441	-70.4216	-31.459	57.6377	23.5462	
328.856	2231.44	1384.01	191.763	6.88328	-193.986	-92.3513	76.4443	40.5863	

-351.824	470.771	119.833	118.315	-79.7145	-136.87	149.796	65.8879	-26.5171	
-942.668	-465.195	-89.9558	-330.906	-157.993	-75.5468	121.631	4.135	-27.92	
-968.554	914.094	666.903	267.809	-75.178	72.6865	-73.2522	-2.23738	44.6663	
1597.7	3514.74	1261.6	934.04	143.733	202.762	6.20451	3.69176	96.7846	
1692.3	2585.79	1991.66	604.811	56.5593	124.985	77.7349	63.5903	72.5934	
816.058	1911.55	1462.82	139.747	-235.296	82.1517	-23.8782	38.2206	32.0475	
636.957	829.442	702.815	28.7251	13.3039	136.61	30.5245	8.94335	10.3616	
-275.679	-542.671	-273.088	-421.32	-262.448	-30.3593	7.37579	-35.5129	-14.368	
-599.479	-610.057	-1057.26	-660.649	-176.033	-80.8801	133.009	-30.6302	1.86864	
775.931	1854.53	258.789	216.804	60.0398	66.2192	-13.0916	61.8407	22.9594	

-222.566	-384.721	-82.7999	-194.181	-32.5548	-39.4324	125.678	-99.9874	-11.2737	
-752.297	-1938.54	-856.888	-798.541	-163.131	-185.895	-66.8106	-102.187	81.5645	
-519.692	-239.088	-1119.71	-297.518	58.5352	-238.024	-62.9785	-62.5494	84.4639	
-1484.8	-806.947	-2045.92	-114.545	46.306	-324.936	-130.283	-110.871	53.5713	
-1206.95	-1551.76	-2121.71	-742.965	-232.439	-278.831	-137.29	-100.833	-2.03103	
-1021.44	-1137.04	-1866.03	-252.669	-587.917	80.1908	17.8608	-103.905	-19.4004	
-317.998	2259.82	-144.156	383.085	-97.0995	31.8418	182.68	-14.4827	4.95989	
-835.51	2564.98	479.662	-73.4811	255.358	4.56349	139.39	-56.692	53.0039	
-999.091	-437	-21.1445	158.716	-181.963	58.1399	16.5361	-44.8339	45.7444	
-431.309	-1101.09	-1248.76	417.48	-278.466	-91.2551	-180.388	-125.605	-4.30552	

515.118	736.6	1342.52	513.128	-119.677	66.9787	-104.861	31.2642	-23.8421	
-1169.33	1451.58	1540.81	-226.755	-269.486	18.2996	39.9999	-13.5299	-35.4242	
845.749	2915.3	1445.52	256.146	-16.2892	-154.104	106.952	96.8834	18.6826	
645.075	826.016	648.557	-26.2582	187.976	99.4339	11.1785	117.806	20.5373	
-117.394	-562.509	-84.4036	119.319	-441.145	255.356	-117.216	222.231	-85.6969	
-1540.08	-966.825	1114.45	620.616	-578.274	369.677	11.8283	125.642	-37.6399	
-376.222	632.833	1456.95	-437.55	-135.969	207.786	635.576	11.268	28.7795	
-1019.93	-331.673	732.172	98.5139	15.1914	331.319	490.893	3.38146	30.6974	
352.773	489.673	1616.87	1701.71	354.258	540.667	-50.1642	53.5075	2.49082	
2518.58	3460.85	966.443	1100.22	14.6686	163.367	-149.648	11.8937	54.6576	

-254.785	-1139.49	-530.074	-637.072	108.438	-317.134	-288.913	-72.6644	-15.3407	
-379.222	17.7601	48.5855	-109.354	-14.3626	-60.2166	-61.8202	-39.4759	-5.95529	
-335.514	-740.318	-423.935	-426.984	98.1533	-209.502	-234.006	-127.693	-15.9958	
-374.269	-229.421	-172.64	94.4833	-155.818	-118.517	-154.414	-35.064	-27.6887	
-553.848	-1415.71	-532.094	-443.217	-121.321	-320.151	-158.825	-108.405	23.5368	
168.629	587.015	351.054	265.691	-122.203	-58.7431	56.5755	17.3882	-16.9466	
-75.7449	-59.2394	-313.563	-752.095	145.577	-192.415	-164.837	-58.481	-25.9048	
68.8264	-402.921	71.0219	148.706	35.6294	69.9532	111.267	-25.7757	-10.2996	
252.373	150.718	143.652	-89.8428	348.163	-65.9228	21.9737	-52.3805	6.27775	
585.853	299.287	484.065	465.2	116.925	40.1192	94.5162	31.3625	-5.2076	
-224.99	-887.729	-322.147	288.89	-12.7166	-87.3478	55.7463	74.4067	44.0397	
642.265	299.373	187.174	407.706	104.187	-46.2625	64.9162	7.81735	5.52263	
-54.8777	413.666	255.185	336.189	-192.666	9.17468	-1.85821	28.618	43.9035	
-394.226	-634.186	-987.734	-158.204	-72.633	19.581	-8.5315	-3.47545	12.1629	
-519.69	-196.78	-296.157	-331.845	15.5925	191.42	-70.186	-57.1269	36.5503	
-375.241	249.291	-527.3	2.50959	-15.94	38.4482	-33.8988	30.4045	17.1981	
-646.434	-1309.9	-1020.82	-362.864	67.1574	256.822	-47.3372	26.267	-51.246	
98.9596	426.412	-443.016	54.337	155.865	-107.654	-14.9015	11.8653	-9.17175	
-78.9382	-1246.72	-1353.27	-1225.71	24.3191	-107.791	-213.413	23.2021	-4.64386	
581.517	2091.32	608.253	347.05	265.901	149.317	94.1681	7.53094	-10.507	


869.519	2059.65	911.993	-68.3526	-89.4348	65.9679	242.928	82.7113	-41.9629	
2297.87	848.83	856.157	589.458	324.757	-48.996	-16.2278	83.4244	-12.9507	
790.933	-1860.83	-1410.3	-123.358	-588.381	-23.0218	-136.323	-39.8903	-85.4028	
16.6263	1866.85	364.605	467.511	-340.851	236.371	170.463	16.3329	-64.6758	
-532.516	1442.53	634.878	344.248	-46.9019	-57.8632	166.086	69.0336	-92.6385	
-702.578	2029.36	1554.54	460.366	-135.678	-254.926	-4.7668	54.7795	-152.988	
-233.405	375.083	253.979	-61.3159	-175.717	-340.237	-159.287	69.1499	-55.3285	
-2175.06	-2290.77	-933.297	-465.778	-554.202	-218.678	-350.278	-89.2319	-131.344	
-1969.72	-3379.12	-2229.07	-537.501	-535.43	98.3878	-61.864	-211.085	-189.304	
-1324.54	-538.54	-1651.52	-899.778	-153.647	367.773	189.626	-53.0702	-130.195	

-125.409	-316.81	-179.424	128.883	228.139	-61.304	-29.1356	108.081	-14.5963	
-418.154	-672.314	212.947	290.362	296.339	5.01282	35.4588	-8.07721	-4.61566	
23.2253	-1442.97	259.318	456.952	172.897	29.5688	147.426	-1.30489	-5.143	
420.557	159.211	-120.448	645.745	302.126	142.938	79.161	-122.632	-25.0579	
-94.5099	-479.332	-705.962	-434.609	-186.591	-107.247	-102.733	-145.928	-33.1244	
462.671	579.839	-27.6573	-170.771	366.748	64.0773	-140.028	-163.882	-21.4652	
725.323	1969.07	1027.34	551.534	589.833	23.5657	-254.306	-129.975	-46.2495	
-386.704	1417.25	1268.02	88.255	589.624	2.24054	-234.077	-94.6598	-51.2545	
-217.556	1351.68	1015.77	-294	491.075	-349.613	-36.8119	-120.287	-27.1551	
-820.949	-636.723	-314.972	-655.08	80.5425	-335.567	-384.091	58.9828	41.4079	

-728.25	12.8498	-363.017	-133.398	-296.603	89.3336	-92.5253	-25.1744	8.51332	
628.132	0.255249	287.773	241.097	-14.3457	139.071	120.443	-5.36908	-27.4129	
1903.48	2298.07	1606.43	870.616	425.194	231.1	324.225	5.77506	-35.2682	
1430.39	2170.06	1046.12	537.779	208.019	184.673	200.787	-70.1221	8.39209	
-289.215	-270.353	-342.331	-431.187	-253.709	104.007	68.1634	-48.4825	-49.0113	
242.244	1185.11	171.22	250.213	254.415	552.272	426.104	82.8731	-4.91557	
693.31	1370.43	499.408	863.569	37.7928	33.1467	252.503	27.2644	8.64706	
351.975	-1037.53	245.645	274.95	-213.384	-55.6063	33.1202	-17.4267	-1.00995	
-156.588	-948.614	34.7587	-412.674	-405.069	125.284	-16.7844	-103.935	-33.7922	
-1182.44	-1167.64	-811.386	-850.675	-560.319	58.0756	-77.6963	-55.1598	22.2739	

72.9387	-154.779	-120.101	14.7611	-218.946	23.6721	-39.2662	4.62204	26.5111	
-407.675	516.743	-151.705	25.0885	-13.5202	112.546	119.538	23.9855	42.617	
-297.388	659.89	-137.489	-48.0701	160.245	43.652	108.11	25.295	7.06308	
319.359	1829.84	705.592	29.3881	-66.3874	11.8757	73.867	-24.5364	-36.9976	
-215.807	172.504	-237.026	-170.215	-175.587	-85.1347	-19.5061	6.8379	-26.8229	
-1072.65	-1428.3	-641.522	-362.635	-473.834	-158.257	-78.3559	-39.753	5.76962	
-359.053	-74.8147	-72.461	-328.327	-316.968	-63.0264	-30.3896	-61.5999	-10.3728	
37.654	-773.777	-643.186	-407.398	-299.76	-204.105	-87.5485	-45.5355	-32.8114	
-231.712	-2075.96	-1173.43	-405.637	-248.299	-211.775	-52.8509	-53.6525	7.25862	
877.184	587.251	93.1007	298.779	-85.8385	46.3981	-23.701	-27.387	42.6567	

-805.712	-2867.26	-1979.42	-1093.83	-450.875	38.5383	-31.157	-25.6466	-10.9671	
338.699	-1163.11	-826.836	-724.959	-72.7079	-39.4622	114.831	-46.8434	-16.8924	
878.594	145.639	494.278	16.5304	161.614	70.065	-87.8062	-50.2872	-5.06969	
317.589	-154.574	384.838	170.066	-221.862	-229.33	-74.7202	41.3912	42.3482	
475.591	-174.567	-207.06	-234.291	-214.049	-316.558	124.237	14.4514	39.6154	
-1338.44	-1034.01	-1228.17	-263.766	-250.05	-291.788	9.14354	0.153532	-80.8557	
-1949	-607.003	-777.849	267.462	46.6903	-147.423	66.1896	61.5535	-73.5013	
-53.7181	160.296	-308.891	196.329	129.346	-166.917	199.98	29.1087	7.01703	
1318.61	375.776	-737.268	609.019	392.414	-210.639	262.972	69.5001	-2.25568	
98.6675	-467.307	-1318.03	-331.465	-55.0701	25.6784	42.1645	3.89835	-9.99419	

-352.271	-1191.95	-720.061	-925.224	-635.211	-182.087	-148.084	-125.942	-50.4224	
1459.71	869.571	208.215	-224.039	-24.4435	81.3887	-51.7351	-35.0219	-20.6273	
2750.56	1542.83	1086.09	437.086	318.048	215.678	4.11078	72.0824	-1.40322	
783.274	288.196	697.951	-200.227	-65.9949	6.41301	71.9054	75.0013	-34.2407	
-653.536	802.868	559.548	245.63	-270.503	-5.22455	-35.8542	47.1849	-60.0941	
97.861	677.511	909.766	630.44	-195.081	133.403	-321.132	54.7969	-27.8298	
-648.143	-213.707	-614.154	-757.478	-356.024	-99.4408	-186.223	13.2324	-4.97623	
-165.974	2078.24	271.034	-201.997	-82.7554	-4.40373	-30.1241	7.44812	-24.5049	
187.002	2428.5	1042.76	316.039	-210.21	-132.675	-59.0922	-35.5981	-36.624	
378.57	-411.293	173.16	158.92	-676.241	-17.4502	-49.0767	-30.8581	-44.562	

-509.268	267.645	-312.499	460.516	-298.826	-24.9648	38.2153	-51.6632	40.3009	
-831.876	2517.95	1609.02	1054.38	463.689	-78.9403	68.8322	72.978	-29.8082	
-1059.04	2265.69	1200.21	392.191	372.735	12.6223	97.0614	185.387	-27.9926	
-880.484	806.882	-365.174	-525.504	-16.9718	139.879	-272	219.692	-38.7081	
-1857.03	-373.325	579.654	-367.675	32.1058	50.2206	-263.798	100.456	-97.3518	
-1982.95	-878.7	1084.31	-211.091	115.311	52.1051	-153.937	-201.697	-13.9742	
-2223.11	-1612.26	-615.857	-751.164	-330.404	-41.6082	-198.512	-6.86028	25.9955	
-777.203	-106.752	-952.523	-125.875	34.7483	-40.8842	-170.23	112.68	48.7414	
-207.166	1343.46	-1504.33	-332.598	92.7376	91.6717	-34.119	53.9048	103.899	
-256.079	1102.37	-1748.52	-296.443	-378.198	215.382	58.6209	-34.3675	25.6531	

-765.828	1644.75	-190.106	252.706	-52.0836	-204.44	250.238	46.9861	44.2846	
-1536.02	2853.29	992.629	262.03	-45.7728	-23.3145	161.512	32.9097	29.0028	
-1148.42	3329.79	970.061	-358.445	304.989	96.6634	120.459	39.0537	14.6959	
1375.78	3281.86	1012.15	326.522	183.064	9.53045	80.9389	142.358	31.644	
1355.43	1538.81	1597.91	911.902	224.93	-185.483	-169.636	257.649	-6.07513	
1350.93	4302.42	2400.38	1474.22	53.4642	-111.817	-354.633	237.288	-26.0655	
662.648	3641.45	750.996	821.451	-217.562	16.1347	-142.647	19.603	-113.137	
349.595	2477.02	-584.701	-9.44101	-358.134	37.2738	-68.7257	-76.4227	-103.792	
712.172	214.846	-938.761	-216.953	-348.756	-288.523	-271.951	34.8124	-89.6302	
-374.675	2080.57	250.242	-101.075	-182.29	-161.342	-25.2975	119.06	-77.7399	

1717.15	1346.75	886.491	1002.14	101.361	257.703	12.0475	-34.8445	7.55643	
1426.47	929.6	-996.885	205.109	183.824	55.779	-150.456	-75.4248	49.1646	
387.717	1562.95	-1212.9	-153.199	427.548	-91.0653	-130.988	43.4502	-58.7116	
-1503.11	-3216.44	-1334.1	-1117.77	-13.0438	-125.615	-158.714	22.8813	-81.5102	
-2175.29	-3028.79	-813.829	-449.612	-311.262	-180.578	-73.4215	-34.4522	-13.8769	
305.38	2636.53	1814.99	1193.61	560.655	-43.8473	127.01	100.901	8.64293	
479.621	1402.83	866.368	1468.34	302.405	299.466	210.041	110.646	-25.9783	
567.177	156.502	-895.416	308.953	-1.58988	218.098	104.481	180.389	2.78278	
1566.51	1155.86	584.506	-108.772	-752.51	-4.52962	-54.5767	136.485	67.121	
3657.39	2782.7	2044.13	884.454	128.987	404.384	36.338	113.611	20.1236	

847.245	-3056.73	-1023.59	-306.031	-423.927	-71.563	-375.341	-64.1565	-77.4365	
595.642	428.13	1112.2	491.248	-121.143	-38.5665	-371.982	-122.592	-57.4039	
-153.197	2162.79	1138.53	1005.23	-46.64	25.9894	-428.564	-42.9545	-99.7029	
-579.566	784.94	-208.905	796.805	504.115	227.21	-156.246	77.6516	-103.255	
-621.547	343.634	-12.9129	593.982	338.254	63.2326	-65.6695	-59.259	-90.8789	
181.51	405.312	1241.91	-17.7781	276.964	186.582	-178.402	-120.441	-13.0178	
665.76	1347.32	1432.9	-27.464	409.907	538.045	-186.263	-17.3168	85.3029	
191.288	-19.7661	-254.839	175.761	115.649	526.142	-20.4086	-43.851	38.8691	
-353.584	-1180.88	-725.431	-295.844	-503.911	359.061	132.854	33.9248	-66.8512	
-97.89	-3688.12	-1636.99	-913.755	-995.714	74.1894	-139.465	71.865	-29.8452	

27.1664	318.51	117.308	78.3619	-198.41	-68.933	-285.26	-3.17093	19.6137	
649.729	708.814	-32.891	59.0651	165.478	132.137	35.7031	33.5519	12.1345	
-1885.8	-1879.47	-1295.86	-176.968	-202.928	144.85	-129.164	-41.7596	-16.2643	
-1237.41	-1215.75	-280.863	423.179	-75.8434	431.483	-286.483	-147.871	-30.6457	
455.501	1301.09	956.542	603.231	437.524	413.11	-1.86817	-100.304	54.5097	
-239.516	1399.84	509.997	600.326	251.629	258.553	108.644	-25.1958	102.649	
-20.6319	477.457	245.118	-37.3038	-27.5082	101.571	-148.904	36.7553	80.9828	
1639.84	1328.02	1764.69	508.786	5.44136	203.392	-133.693	-36.2184	50.4268	
-36.4325	830.958	-6.5474	-552.73	-932.398	93.7426	-122.019	-29.192	53.9452	
-132.357	819.576	-615.126	-67.7964	-622.577	408.039	-237.583	28.2174	18.5821	

312.457	700.652	-16.4074	234.897	54.2862	-249.981	-101.895	32.1862	67.8186	
588.357	-566.402	-118.495	315.4	-84.2037	-4.03089	-34.7815	4.31013	22.6324	
-891.374	-2625.9	-443.999	123.224	-225.794	-188.844	27.3575	-11.6256	91.6175	
314.578	-2015.19	-737.063	216.245	14.9176	31.4612	-21.4392	119.483	2.08806	
208.894	-1331.82	-427.361	-211.101	305.079	-7.6354	-164.955	93.4566	-13.4111	
-248.855	-126.011	-571.729	-582.632	270.268	-31.5857	-56.1556	-6.57105	25.517	
-382.237	-788.731	-655.728	83.9104	173.31	212.207	187.903	-42.5294	-0.0473185	
798.053	1495.83	916.474	680.068	268.578	405.271	59.9906	51.1675	-18.3855	
1220.36	2059.98	672.511	301.039	243.576	458.018	78.539	86.5152	-16.9208	
-61.0036	666.929	522.389	696.447	6.96688	-60.022	-14.4548	184.948	-5.05018	

-104.61	-10.2117	-453.375	55.9884	179.017	-245.403	178.188	183.913	-122.394	
-1240.9	-3437.07	-1394.13	-1209.33	-275.957	-378.512	-189.9	-20.9406	-105.044	
803.964	-449.294	-248.885	-994.417	65.9719	-197.622	-255.511	-82.1442	-8.1839	
1839.81	1267.83	52.3474	-268.652	476.762	-169.671	16.8355	-29.6942	-3.46848	
1720.19	2182.81	-268.118	156.305	225.276	-149.619	-9.06935	73.7203	43.0049	
1912.81	2648.46	1250.45	816.907	647.107	-33.1343	204.881	192.489	136.605	
710	1825.03	1146.86	902.737	430.867	61.3176	6.01894	111.68	19.321	
-1644.83	-1808.12	-1208.4	-230.503	-181.752	-165.422	-110.168	-23.6118	-76.5749	
-491.568	1158.98	1082.49	270.098	-173.457	199.665	154.872	-56.6261	-2.1764	
-504.915	2836.05	1463.56	463.436	-10.5084	-313.585	226.517	-24.9557	-58.977	

-1869.83	-3667.35	-1840.92	-812.986	-983.216	55.3124	94.5859	-79.1938	18.7581	
-656.114	-3118.71	-1733.17	-1092.2	-536.003	1.88223	32.7533	-94.4907	56.8008	
354.584	966.115	382.007	267.781	-94.948	339.18	-156.015	-80.8234	-17.3409	
1375.5	3052.63	2524.51	1249.3	-53.1092	560.916	126.394	65.0653	-82.9034	
-237.563	1835.02	1133.44	498.664	-38.5088	288.759	206.781	111.952	-77.9192	
947.915	1726.32	31.8242	122.576	-141.518	336.725	-145.83	165.273	-38.5427	
442.011	-1342.78	-1023.47	-371.15	-542.759	-238.71	-234.412	199.026	-23.5629	
-72.0989	-1536.78	-1541.98	229.135	-288.785	-332.546	-273.598	269.284	34.2966	
-263.381	-2202.34	-2216.02	-109.409	-480.509	-59.3281	-91.0694	194.053	-67.3309	
-425.713	-399.34	-2016.37	-117.859	-508.544	63.594	-54.3884	28.4223	-28.7979	

1635.05	1894.04	-178.096	663.646	-83.0107	132.701	-79.9476	-75.8824	-59.1988	
462.475	397.26	-408.836	786.556	-243.375	15.9003	-15.6507	-64.0656	-62.5359	
-1645.43	-942.492	-1201.97	-164.474	-331.521	258.771	0.858977	-29.4214	-73.5837	
-1982.45	-481.609	-1401.15	-622.431	-355.507	8.22742	-93.5704	30.252	14.3551	
-814.98	-1534.2	-1707.73	-401.339	142.276	-168.945	-236.349	21.146	73.7535	
-1444.14	-2738.65	-1842.37	-443.363	407.773	-188.414	-241.203	8.76908	-38.4717	
-794.897	411.842	-61.4724	-336.783	227.129	4.45447	198.583	1.7551	6.85936	
-1760.07	-2174.69	-1655.21	-748.473	38.752	157.178	247.345	28.0695	125.401	
-2402.47	-1933.68	-643.098	-23.1941	-183.786	-204.709	304.931	-0.725134	82.0209	
-223.241	261.766	-1.91582	440.667	-189.748	99.1658	-126.709	38.0739	-14.289	

209.163	-218.559	733.333	495.68	-105.397	320.221	-144.998	12.3657	-67.6518	
-1013.5	-663.959	366.706	336.307	-137.272	67.3051	-148.853	41.7229	-67.7964	
-1309.33	-1365.18	-700.046	650.263	-322.428	-114.213	-180.474	-37.7286	-25.8754	
723.61	543.404	-1145.03	908.36	118.126	195.178	116.382	37.2315	11.7287	
27.6938	-1344.84	-1840.27	-76.4456	200.565	229.718	-96.4566	60.5515	-5.26692	
-456.594	463.828	-185.535	48.8767	-19.3081	405.047	25.8065	-41.2248	-79.3815	
-451.079	320.115	276.98	126.24	-37.9094	240.96	-10.7148	-17.0412	-28.6945	
-601.954	941.729	519.807	481.004	14.3205	68.0136	100.228	98.2654	-0.184759	
383.08	1077.43	-78.2535	152.098	93.1502	58.4493	14.4065	180.245	15.121	
2243.04	2128.89	1166.01	911.444	255.572	513.844	5.35269	212.53	-11.5144	

-1005.8	-1512.29	-493.594	-804.468	-301.713	-237.279	68.3111	-43.6986	-32.8731	
163.292	-1586.37	-331.118	-399.899	-20.6933	-352.798	114.454	-15.6415	-2.30003	
1074.55	-650.144	239.064	-690.385	13.3319	-204.374	73.6721	-87.7942	-34.3761	
-167.495	921.236	953.421	-148.956	177.431	-132.72	-92.2778	-13.7998	-60.3209	
819.446	1777.14	1413.11	-65.6837	133.087	237.813	-11.4092	-21.81	-59.936	
-128.93	987.505	2179.32	-9.49985	271.226	-225.929	-8.91905	5.7747	-34.4075	
685.316	381.215	1279.9	626.578	214.487	-272.473	35.5018	53.0002	15.0568	
1072.25	638.855	603.728	400.963	360.254	77.638	32.147	-34.9596	-6.90267	
895.894	-99.0391	105.118	-468.49	61.9696	346.71	-6.63503	-159.884	7.83727	
-2365.32	-2895.47	-914.883	-1341.28	-791.672	61.2938	-171.784	-156.087	9.59791	

-1306.6	-1080	1050.1	100.269	16.4699	9.02732	-104.338	156.651	-13.8595	
-742.763	330.26	918.469	619.348	240.353	161.953	-130.332	17.0951	-22.3949	
-815.244	-430.578	496.109	424.514	26.6297	131.665	-307.215	-59.3776	-11.8805	
407.772	-1043.96	1172.59	581.638	-119.707	175.538	23.1616	144.414	-1.46366	
596.112	-969.317	-11.6442	682.977	-80.6367	-113.69	32.7106	53.6776	11.6259	
353.01	49.7588	188.435	673.259	96.3388	-402.012	5.10093	-11.3138	45.5377	
1101.44	2252.78	294.358	644.613	127.119	-137.375	226.448	37.8686	50.3228	
1865.94	3401.44	1288.1	1097.98	349.838	233.337	415.731	-13.4371	79.6191	
1046.1	1651.02	2100.32	807.897	557.696	246.582	204.398	-69.5678	84.9028	
-2074.39	-5416.02	-240.908	-958.286	-408.9	-353.248	-231.085	45.4518	3.59345	

-182.192	-1206.04	-956.162	-516.52	-293.35	43.2707	27.1243	-84.2144	32.3428	
-2074.16	-2447.96	-1350.79	-116.641	-468.512	-90.7733	-18.932	-101.576	7.57217	
-1501.48	-1232.32	-794.8	47.7681	-318.228	-251.002	92.6126	-41.1273	-19.7691	
1116.75	2207.5	784.913	665.564	-34.4944	-44.4367	94.9926	-28.1243	24.7186	
515.85	761.034	795.472	470.894	-53.3063	-12.5466	-88.7988	-23.3942	-37.3871	
-557.158	1341.49	-182.255	338.747	75.3178	35.657	-144.109	-23.5355	-81.1282	
-139.534	2024.3	-40.7861	-28.9008	-182.023	45.0277	-56.5945	-43.6998	-22.7466	
-1408.7	-720.881	-670.697	-392.314	-402.484	22.8911	-86.9894	-105.482	-35.3512	
-1139.67	-2304.64	-1426.44	-553.13	-306.115	-75.9286	-39.7714	-47.7645	-77.6183	
166.465	235.36	-214.055	-580.207	-579.694	43.9279	-10.1904	11.1643	-11.1533	

337.958	264.86	887.057	-179.742	480.294	309.418	150.858	144.457	37.2928	
229.837	579.612	1111.81	-504.41	71.1572	298.973	127.074	147.68	43.3366	
367.69	896.618	570.726	-222.428	-158.49	150.155	-27.4803	180.699	17.8315	
958.216	2581.73	892.37	708.785	-20.9262	349.922	171.416	69.1156	11.1528	
262.018	1689.98	798.705	443.182	285.172	282.754	195.159	1.01602	32.1258	
-805.529	200.915	998.026	185.091	89.6919	65.3671	131.574	-11.0981	-42.0198	
891.875	385.826	1723.77	127.322	386.011	-40.8488	244.839	-4.81335	-33.5663	
697.83	-1815.13	206.585	-584.706	95.3573	-100.837	23.3111	-30.6223	2.5553	
-721.931	-4103.92	-1902.86	-486.296	-52.8095	-96.3737	-25.3387	40.7371	34.4444	
-622.265	-3809.24	-727.151	-996.244	354.035	214.603	-19.6959	41.5128	-4.27986	

-492.829	-1271.67	239.792	341.453	-251.105	123.394	49.6929	-25.9145	-0.781198	
-1316.91	-1592.23	-355.19	-319.82	-531.975	-5.47124	-90.5436	-108.469	48.4917	
1034.38	-626.59	1379.68	279.516	-462.412	216.243	85.1897	-25.3945	-6.11978	
810.246	-422.488	1492.2	597.882	-355.381	131.57	22.8863	191.771	-34.0209	
-413.526	-1637.56	-561.489	-450.768	-251.566	-0.384592	-170.902	152.546	-7.95821	
1716.95	-541.27	-120.295	-635.046	-160.647	225.789	-26.72	-51.1769	-7.89161	
153.71	-2228.4	-632.272	-626.615	-527.039	92.0962	-74.7712	-96.4011	-69.9233	
210.939	2077.41	-243.547	372.472	91.9482	174.093	121.074	-25.5614	-36.3229	
2148.52	5332.46	2505.5	1563.89	816.309	500.524	681.466	186.174	87.8384	
-417.504	-2209.73	886.783	461.446	74.3571	464.11	519.96	151.2	-9.14906	

827.786	-125.063	-102.702	-389.894	-123.976	-121.399	-59.5094	69.5275	34.5125	
438.7	-733.216	65.6782	-924.655	-141.148	7.33726	31.1667	45.9678	67.1024	
-164.511	-854.228	-125.144	-624.244	77.9052	122.741	182.86	123.954	44.7159	
-584.472	-304.29	-286.979	-234.188	-105.497	273.142	100.112	51.9515	26.7971	
87.1506	-279.63	-302.628	133.895	-135.198	166.16	36.2457	57.1535	-10.0599	
778.746	-308.585	-786.394	298.895	-232.532	139.412	212.863	-46.5655	41.3102	
1620.09	1611.59	453.842	588.388	20.3121	51.2959	218.25	-24.5785	12.6218	
1430.39	2246.86	966.965	355.787	188.372	-9.72074	87.4593	3.42596	47.957	
-273.297	-595.539	-690.832	-272.32	-113.961	-27.2825	10.9313	-19.6074	-19.9606	
-31.5331	-1396.83	-952.593	-422.405	-259.095	0.075817	-20.5953	-66.635	-48.9329	

-162.867	-3834.74	-703.66	-875.84	-830.374	168.077	-110.669	-12.4874	43.1552	
-1076.89	-2984.01	574.393	-319.023	-679.659	-295.373	-351.415	-14.7396	-63.1372	
641.834	1207.07	1631.62	274.538	-303.565	-151.499	-388.88	13.8403	-32.482	
-543.343	2908.82	1070.42	14.1788	-193.804	-160.85	-18.5814	34.406	15.2442	
-1295.29	481.596	-1158.15	-281.096	-254.655	-40.0782	24.4075	93.3004	-1.11514	
-1530.11	-1890.31	-1693.21	-350.944	-336.466	-109.727	-26.2873	287.311	-3.83534	
-230.759	-2092.4	-80.8478	10.76	-271.255	-287.614	-141.504	34.6606	-67.9716	
-420.958	369.057	316.327	511.213	-76.5486	193.312	95.7916	-29.2864	-26.0844	
1158.27	32.6146	931.309	785.46	281.516	540.909	-77.5439	51.0155	84.4177	
1513.52	-2410.67	-165.766	-929.709	-44.0488	455.606	-104.893	-18.4608	165.636	

-1193.57	-2556.4	-573.669	-853.117	45.1446	-138.435	-145.36	10.7282	44.4215	
501.486	-1477.68	-798.528	-507.23	138.101	-77.5013	-266.837	57.2405	60.0995	
175.882	-638.047	-836.826	-590.942	-170.28	-80.1584	-359.699	69.3797	1.44773	
-1748.5	-1606.06	-208.669	-443.572	-172.627	-182.092	-176.042	-1.0327	-23.8804	
-1067.14	-1147.45	428.171	500.914	-16.0002	117.145	-137.313	-13.919	14.389	
-1097.56	-1234.44	821.305	991.589	349.106	244.295	-84.8438	99.4435	-8.002	
-315.888	-177.299	678.806	469.163	-362.383	300.725	277.24	179.362	30.3525	
-1094.13	-517.034	322.514	259.214	-311.491	-66.076	235.193	65.8442	-16.7149	
-227.733	-652.573	-129.12	126.42	152.542	10.4533	184.188	-102.481	-75.8584	
-445.848	-2582.88	536.073	-256.909	398.772	-29.4043	504.622	-50.2995	-39.3744	

1207.04	616.537	961.187	776.399	109.949	309.87	-112	4.72007	-18.2751	
84.3687	28.1955	436.811	541.496	115.668	228.075	-0.843745	-2.38402	54.1292	
378.907	-640.321	966.464	259.691	-317.761	222.488	144.361	56.5018	16.5701	
191.711	-1606.11	712.563	-324.592	-123.237	-126.416	234.345	51.1698	-43.1047	
232.86	-3393.21	197.414	-1081.8	-215.763	-236.057	41.357	61.6287	-53.5324	
372.545	2.25177	1731.49	183.58	258.079	-47.5077	178.95	86.7645	-169.53	
-250.015	1589.92	750.202	942.393	113.384	9.44184	392.598	45.3773	-71.614	
556.296	-147.434	188.38	-184.52	-238.074	-93.5123	253.351	61.9307	-71.1676	
2627	1652.82	1325.27	199.199	434.686	-191.704	73.0354	98.8891	-70.4871	
2608.15	2754.46	1172.89	82.9726	283.332	44.9097	-23.0473	-24.9366	-56.155	

1081.04	3134.85	362.875	600.16	207.573	-297.595	0.461567	24.3381	46.2621	
242.333	965.713	187.379	294.285	-26.324	-94.7086	-8.14206	-35.5894	38.5956	
-825.184	-3774.22	-690.788	-565.073	-265.442	-63.6024	-2.51857	-114.465	-16.8863	
-971.173	-3490.13	-322.671	-984.806	-308.326	-387.272	-255.698	-125.245	-42.079	
-413.596	-1151.04	-423.056	-827.327	-359.811	-245.626	-46.8307	-61.6033	-14.6946	
154.807	-1513.2	-949.933	-843.177	-345.838	106.624	-21.4258	-30.3309	35.864	
-472.627	-458.882	-499.869	811.246	-258.512	225.862	-132.871	-3.99116	-1.63539	
-1041.42	1181.02	73.975	274.913	-343.521	102.361	40.9032	-17.5018	-0.578218	
67.8383	2105.41	197.308	-171.931	-546.042	-338.079	-88.3031	-10.3431	44.9066	
1050.79	1245.21	-420.728	230.923	-392.415	-537.091	-22.7254	55.8779	63.5436	

579.329	1485.41	-204.204	-439.552	62.5106	20.865	-232.753	-78.7767	-102.742	
70.0553	99.9112	-881.67	-272.186	-400.519	-58.6781	-304.429	-243.024	-14.0241	
280.841	2454.61	-214.727	247.877	9.77264	-63.5669	-279.763	-105.858	7.93329	
460.656	1277.55	-247.775	-292.622	-211.702	137.102	80.1212	-30.4646	-40.4542	
374.755	-337.03	-210.941	-27.7972	-487.238	-139.62	68.4228	-37.2779	20.1341	
642.538	1802.19	1252.86	559.726	106.285	0.230813	55.5008	-137.524	84.27	
1644	499.356	952.107	192.675	333.6	38.6653	79.0819	-67.7026	27.681	
1941.27	-449.954	650.771	-238.017	165.808	135.554	-81.974	-44.0018	22.3609	
1353.07	-310.272	352.286	141.079	-65.6706	52.324	-50.1088	38.0342	51.8673	
378.542	1021.63	499.008	-261.6	-12.0702	-141.329	-100.623	51.2841	-27.3453	

1332.52	1065.32	1557.69	757.642	318.545	458.72	41.2821	93.1416	-10.5861	
1500.78	2631.1	1440.41	-124.492	253.709	294.256	-23.8597	132.323	0.512534	
521.308	1257.14	20.3728	-566.393	-201.655	34.8467	-103.899	160.344	90.8506	
1002.37	1458.43	1431.65	-301.327	111.743	56.8848	32.5052	127.754	55.53	
474.049	1252.24	1624.15	-207.278	397.673	-65.3119	68.4782	104.927	-9.39188	
1764.22	3216.04	1655.99	-23.9495	196.577	-98.7991	-31.3653	-18.2442	13.0609	
700.877	-312.487	-3.44895	-564.489	-284.501	-115.66	-206.01	-62.4242	27.5238	
-504.53	-1222.54	908.376	-430.747	-263.175	-278.449	-2.01639	49.6197	52.7305	
-1232.46	-952.732	1152.52	137.761	-448.713	-131.865	326.137	-72.4084	77.8174	
-28.7418	-1087.54	466.698	374.933	-119.867	402.478	344.572	108.907	44.6251	

900.048	380.013	-225.707	97.0044	-360.208	75.6234	17.6909	-31.322	-65.6337	
782.171	1179.97	510.065	470.979	-58.9055	44.7065	-8.11239	-33.1772	-25.5761	
225.695	1523.44	1140.93	590.909	62.9453	-41.9283	-14.9527	-29.8866	-73.8881	
-160.705	-836.476	424.435	-241.505	-34.5518	-29.5289	-31.9567	-98.0757	-73.7339	
303.689	-759.992	-327.888	37.6279	-52.6741	-276.241	-108.13	-14.1757	-12.2194	
-612.726	-831.818	-419.971	38.0804	-111.13	-416.363	12.2794	70.7288	17.3101	
-455.87	86.3753	-456.273	30.5647	-184.495	-229.474	-22.8514	7.2128	8.69213	
-277.348	-1227.39	-326.742	-15.8276	-240.634	-132.658	6.09517	-66.9231	11.0153	
811.617	-800.97	273.53	-104.153	69.0142	48.1088	-54.8196	38.3058	46.2655	
906.131	-994.575	-87.5122	-93.7161	-408.288	56.0834	-181.177	63.5697	-60.6903	

-130.174	805.623	303.82	-725.283	292.02	157.106	97.2555	82.3351	-14.7245	
139.761	792.7	500.202	53.9173	206.557	125.33	-15.4191	113.149	-35.1955	
740.883	520.815	211.481	148.932	-156.858	19.2998	86.064	83.9156	-49.8047	
-86.2553	-499.902	-693.693	2.81077	-155.389	178.726	17.4038	33.5662	18.3212	
-282.637	867.162	-690.62	-53.0354	177.251	247.173	215.551	-1.63279	-16.9374	
856.578	1564.47	722.771	-44.6753	-142.38	222.287	264.767	-27.2936	-29.9823	
176.675	377.652	1355.99	324.824	99.4869	321.828	210.871	-61.1308	-24.966	
71.5881	313.323	951.942	295.672	152.908	193.689	213.62	-98.6957	-20.7576	
-399.525	-2218.55	-782.663	-634.718	-494.787	79.6602	149.334	10.2663	8.88705	
152.295	-2110.23	-186.274	-950.125	93.8754	-56.4224	-254.877	82.8655	-24.887	

546.824	1036.97	447.799	-109.591	413.708	165.543	66.0287	32.4969	39.1395	
490.782	6.52245	81.2838	-157.402	167.096	-179.756	109.067	19.0032	54.6443	
1596.23	1883.11	529.908	440.885	374.532	-229.512	98.8268	-20.8744	-3.28264	
977.185	1444.45	-276.287	432.451	399.333	166.35	-87.5035	-61.6278	-26.2952	
603.791	987.799	-191.979	-199.683	87.4835	-27.8964	-144.479	-61.446	-2.11313	
1307.9	148.904	586.386	-16.5507	-338.299	-213.118	5.76723	-5.71526	9.83809	
1073.78	371.48	92.2261	272.448	-84.3958	-61.8362	205.644	24.8619	-6.03714	
-194.479	47.2213	-454.376	58.9062	59.4936	-105.793	137.533	38.9477	-83.8308	
-1183.86	-1023.32	-511.488	-698.937	49.2872	-242.351	-92.614	-10.0114	-60.6884	
1525.83	1956.24	614.399	-837.33	618.166	236.58	-211.769	-43.1798	-38.5955	

-298.032	-1183.33	-435.674	-864.372	-488.743	43.3171	-160.74	90.7868	-63.4167	
-239.971	387.958	92.7996	92.7556	-176.645	-30.8929	96.0198	60.2233	-32.7318	
630.189	151.882	598.406	227.551	28.2726	15.2741	155.3	38.2919	-21.0708	
-354.852	-1658.41	-587.053	-27.7411	-141.585	-96.3621	-223.559	10.3785	-55.3805	
-396.979	-382.351	-209.021	-96.5956	-173.188	-50.9684	-193.662	-51.2026	-67.7378	
-120.176	2460.06	142.613	-21.4404	-350.669	-11.4147	55.3367	-93.3117	-68.8578	
153.149	649.222	272.923	-88.8979	-139.401	150.253	103.11	-102.292	-19.4044	
410.367	-1359.86	650.483	-524.472	-18.6877	56.6946	128.255	-115.534	-30.9747	
-24.4123	-691.346	-69.2811	-1065.2	-258.539	-179.842	-242.979	9.45814	-72.6816	
177.424	624.815	-40.3691	-474.52	-416.02	-51.8273	-306.098	36.852	-67.4409	

-500.738	-1129.66	34.0485	-243.436	113.727	-18.6632	168.267	-34.7722	-38.9847	
-311.65	-1352.99	-212.288	-100.412	36.8865	-22.9213	-162.115	-20.6632	-43.674	
-205.196	-2545.7	-882.432	-414.298	-64.4739	-138.296	-239.016	-74.5783	-59.7739	
370.15	-974.021	-47.108	-598.519	186.053	-505.242	23.3162	8.40679	-28.1795	
731.839	-691.03	446.008	-371.364	325.597	-219.626	339.148	136.613	-5.63104	
2703.29	992.06	1765.2	905.276	490.059	203.726	374.012	160.532	20.1095	
1922.08	1036.95	1261.93	1063.57	310.235	267.891	157.969	56.0282	3.68488	
-307.71	-810.661	-129.293	142.182	-220.968	166.061	163.806	-59.3875	-33.8387	
-1376.19	-625.779	-1122.59	-464.316	-391.307	150.656	-70.3909	-113.148	-80.1348	
1015.62	2865.48	144.865	156.393	-171.061	138.391	303.738	45.3321	-28.2196	

-486.904	-65.6489	482.58	-21.4664	-190.131	5.10157	40.4125	-49.339	-9.91198	
-745.497	679.201	630.103	39.6782	-8.62497	45.719	-150.787	-19.5758	23.9658	
-223.115	-79.3675	-355.091	-400.568	-46.4432	-75.9666	-228.1	-12.0947	-22.4298	
600.144	-750.199	-1090.29	-506.42	-354.128	56.7707	33.3254	11.5287	-30.0121	
337.612	-2017.76	-657.393	-747.531	-16.0755	292.299	26.1722	48.93	-47.915	
1265.86	488.274	880.095	-138.31	428.742	504.498	229.327	104.255	-10.404	
1008.07	1190.61	833.638	27.9998	236.807	383.986	170.817	66.8885	-19.4529	
548.864	788.506	154.821	-332.622	-80.7158	125.077	197.356	-87.8668	-57.9206	
605.288	-860.454	-607.831	-753.635	-356.854	42.8234	170.419	-166.578	-67.199	
254.902	-1413.39	475.35	-461.402	-162.17	220.538	79.7685	-126.796	-72.8537	

-0.395156	104.359	964.207	-40.4504	549.257	142.458	50.66	3.60989	30.9549	
485.05	1780.4	1624.94	410.761	544.07	189.646	159.853	21.3076	7.33343	
-1371.22	-868.987	-568.742	-619.757	241.104	59.3235	127.742	-26.5182	-25.3722	
917.835	1893.69	246.388	101.55	425.443	-108.2	25.1886	22.8355	45.9298	
742.153	56.8825	-258.983	-11.2312	292.386	-313.963	-98.1945	-92.6895	18.596	
-986.692	-2896.55	-987.864	-1049.91	-354.901	-366.397	-254.043	-39.8849	-22.7558	
-651.941	-1340.26	-220.011	-582.06	-328.333	18.5974	60.3907	64.8805	54.8006	
-212.475	136.685	-419.727	-441.028	-102.887	46.0841	-38.2714	70.8934	63.7131	
-573.931	1749.1	81.6131	-444.096	313.831	-123.27	-304.914	-19.1529	1.39741	
-1699.42	-668.849	384.517	-822.821	375.671	-81.2012	-172.39	11.4757	41.2007	

580.072	209.854	364.287	104.906	-30.4146	176.317	302.776	-85.2145	-12.8822	
-548.406	-690.535	-81.0048	-285.176	-86.4738	-182.635	76.3804	35.6367	-88.264	
-2776.74	-117.147	-852.626	-693.252	93.3268	-113.468	-96.1746	-49.6587	-33.984	
-1128.64	-353.037	-1383.42	-246.974	-180.491	-117.608	-14.8321	-56.1482	20.2696	
380.787	2284.12	306.985	237.085	247.026	16.362	92.3066	10.9176	17.2266	
-1147.1	363.107	266.339	-319.396	290.765	3.48625	146.081	-90.4582	0.564718	
-1092.07	-1543.22	523.863	-644.71	-286.488	-65.2218	-165.576	-174.485	-29.577	
685.675	-862.3	985.459	-365.971	31.6155	29.8005	-243.796	-16.9684	-46.377	
-587.778	-85.4174	302.1	182.524	160.203	169.303	-0.394976	13.4802	-63.6261	
-365.244	-601.403	-199.953	187.857	75.1318	625.983	312.684	-106.815	-58.6988	

