330754	
2533.1	
147211	
197493	
260802	
386456	
476467	
382217	
468401	
434716	
459009	
576954	
565414	
531908	
643652	
648279	
411390	
351676	
451006	
8791.73	
194786	
394871	
395821	
407815	
375724	
186608	
561647	
607738	
136219	
245885	
207671	
462536	
493193	
576110	
162045	
355985	
448039	
284467	
1364.38	
697726	
366028	
172689	
397408	
6760.06	
545034	
283393	
255129	
429752	
186664	
444924	
238912	
439829	
7101.78	
571913	
297396	
376962	
317214	
5915.23	
184191	
514374	
520841	
414062	
517622	
398634	
264262	
511700	
290062	
578949	
450717	
236649	
508496	
370609	
413765	
293410	
384709	
495426	
492658	
371507	
211958	
233481	
327448	
384148	
437556	
524821	
410346	
104923	
214871	
353383	
310796	
333592	
405909	
347605	
246962	
377704	
203978	
419477	
572692	
638800	
306466	
335835	
295752	
198830	
391308	
303271	
460456	
329796	
527029	
159113	
449491	
313731	
461358	
325136	
291351	
267387	
375709	
180359	
446653	
130520	
408953	
305730	
228538	
282122	
320500	
524427	
149208	
354027	
286664	
94813	
255608	
451036	
266751	
501335	
120385	
273789	
374475	
396527	
316425	
262188	
470578	
673723	
439221	
365511	
314932	
239421	
324568	
174058	
301347	
17423.8	
244594	
275033	
757787	
329616	
293892	
335604	
14920.9	
287965	
638146	
619086	
269822	
252094	
398693	
290317	
356264	
702084	
225739	
506340	
212251	
265987	
324109	
376935	
622560	
407117	
67778.1	
299389	
328573	
274398	
558513	
260010	
607111	
355410	
360416	
261442	
469863	
223883	
930.615	
0	
491022	
431350	
429677	
446907	
264294	
338187	
578157	
331687	
238382	
180250	
274627	
213675	
641347	
272689	
422007	
535172	
403451	
566745	
229428	
507221	
3617.54	
422583	
608157	
383133	
5011.77	
339723	
386.099	
402452	
2020.17	
445739	
453651	
4433.42	
459459	
11592.5	
232081	
301489	
426055	
384063	
451388	
532951	
394518	
363880	
400323	
492353	
534361	
365410	
384080	
460478	
479155	
400297	
633464	
390086	
326495	
498793	
374421	
277287	
281215	
368354	
353319	
521557	
366536	
325504	
501878	
279308	
297997	
357354	
379964	
379877	
315838	
341578	
315637	
234621	
349216	
470628	
389030	
311288	
221635	
267864	
598754	
407753	
244803	
174130	
384106	
285903	
452097	
212808	
340950	
310887	
558046	
183273	
21890.8	
253175	
601779	
413434	
438245	
708713	
611122	
215073	
323773	
349634	
291548	
255686	
266592	
418230	
448350	
710066	
391967	
25238.6	
362521	
230846	
275093	
265168	
345052	
470953	
431989	
510971	
727554	
227777	
378550	
482136	
13797.3	
275553	
469603	
684065	
11741.4	
235176	
237605	
288024	
345379	
337483	
363810	
400482	
6370.32	
250979	
195236	
282308	
345763	
218060	
472370	
207496	
665034	
575119	
352232	
12068.3	
687128	
282500	
292198	
295624	
331224	
486508	
738172	
718829	
688508	
170638	
525773	
14993.4	
702397	
3186.15	
338183	
692894	
353822	
265275	
499353	
195769	
677742	
280628	
450556	
600454	
327401	
425098	
131163	
5693.9	
705668	
522281	
281199	
7429.14	
297083	
465575	
626450	
3447.74	
121604	
262760	
435057	
583075	
150082	
570156	
272347	
489799	
413229	
437295	
360385	
166856	
608390	
369872	
4477.58	
429309	
558887	
461738	
159701	
588136	
113931	
243670	
339167	
316831	
598494	
360494	
678736	
745515	
536855	
208067	
6190.17	
61128.8	
259036	
394344	
361646	
189803	
488516	
432861	
196801	
254084	
683803	
367058	
154383	
605613	
322857	
0	
336339	
6041.1	
585001	
416218	
485155	
320709	
449345	
8568.79	
875839	
2317.46	
523477	
501322	
475859	
360744	
465043	
699803	
375393	
406818	
425236	
703965	
480309	
713624	
679429	
460500	
157948	
305562	
636617	
180806	
422779	
584116	
447483	
173900	
539057	
543289	
162873	
373700	
70218.2	
472537	
362146	
153509	
318989	
166672	
165775	
292457	
337481	
739663	
699449	
