159.749	
-147.265	
-241.078	
7145.45	
2004.59	
2783.77	
7136.71	
11590.9	
4282.05	
5520.04	
655.14	
53.6351	
499.766	
6818.38	
8167.74	
4304.4	
-321.87	
9935	
6631.7	
8955.26	
7640.79	
9904.43	
18985.8	
10048.1	
7238.43	
12940.4	
3512.1	
8703.77	
91.14	
11118.4	
-177.967	
-289.777	
16939.2	
6441.3	
593.598	
7471.11	
12095.8	
8048.55	
1991.35	
7615.74	
12347	
10917.9	
12842.1	
5345.18	
13897.9	
6607.69	
8164.7	
2711.85	
8329.7	
15369	
25118.6	
5536.18	
5292.63	
12036.8	
5591.95	
10190.1	
10746.1	
17398.4	
9840	
16859.7	
5937.67	
7792.47	
10006.1	
5269.24	
6097.22	
8889.79	
5605.06	
18073.2	
6359.17	
3075.04	
9703.33	
1787.88	
17016.1	
11863.8	
9363.13	
14267.9	
5493.73	
7112.23	
10063	
7414.09	
4895.6	
12310.6	
10989.7	
11131.2	
7798.3	
9234.46	
14727.9	
4401.04	
8216.45	
5118.86	
5027.38	
5638.17	
2990.51	
11331.8	
5116.51	
9304.72	
9192.54	
10821.7	
17442.8	
5926.49	
7849.5	
1159.09	
8599.69	
8101.95	
7272.86	
6541.34	
10953.5	
8312.47	
5377.67	
24745.1	
6515.83	
14031.4	
9126.77	
10197.7	
9758.97	
9423.26	
11660.3	
8457.52	
8615.06	
11100.2	
6095.04	
12786.2	
19398.5	
8365.7	
-22.9576	
10278.1	
1431.13	
8896.94	
9679.03	
356.511	
6635.24	
11004.5	
613.367	
7225.74	
563.336	
-96.2917	
169.687	
10666.5	
-73.6402	
9391.86	
356.709	
12099.2	
41.3634	
13886.7	
4858.46	
13473.5	
16152.8	
8312.32	
9275.99	
9977.99	
12840.3	
7815.08	
538.87	
8054.06	
5048.39	
14999	
5171.02	
10053.1	
13118.5	
4793.37	
13479.8	
9134.64	
7698.43	
20885.9	
205.173	
5924.57	
7294.42	
-57.9773	
6818.57	
12730.3	
15066.9	
13910.9	
18487.5	
12902.3	
7168.97	
12358.8	
13363.5	
5788.13	
10396.4	
3860.19	
11642.8	
19665.4	
15986.6	
15422.1	
5002.65	
10754.6	
11324.9	
12392.7	
6069.94	
19473.6	
6729.12	
9259.15	
12921.7	
15022.8	
10958.7	
13154.8	
6205.52	
18108.8	
9272.97	
14393	
14872.1	
11809.7	
9763.05	
11470.3	
15374	
14743.2	
17145.4	
5196.2	
8568.53	
7054.54	
10815.8	
9142.15	
11369.7	
13046.8	
15069.2	
20617.4	
14320.7	
6916.11	
13148.1	
10462	
4533.58	
9593.93	
14829	
15091	
11987	
17163.2	
10588.6	
12162.5	
5521.27	
16767.9	
17081.8	
5072.51	
16818.2	
6469.52	
6246.48	
9361.95	
14967.7	
10557.3	
11955.1	
12065.9	
15108.1	
5578.59	
15437.4	
13079.5	
900.075	
4032.36	
15761.8	
13897.3	
16817.6	
14006.3	
189.039	
9987.4	
9778.91	
8621.31	
1318.92	
6756.94	
5142.13	
16805.9	
8164.85	
4641.86	
5338.39	
17215.6	
9713.73	
9864.79	
7122.32	
5645.74	
4312.06	
5687.15	
-2484.65	
5364.42	
16001.5	
5020.31	
5582.17	
8251.87	
6089.87	
2070.99	
9828.68	
11018.2	
14012.6	
5124.18	
8723.56	
15261.3	
16195	
9497.22	
11536.8	
7634.47	
6600.52	
4695.42	
10496.8	
14513	
15472.6	
7943.7	
12972.6	
8124.99	
10666	
4414.69	
11109.7	
8103.95	
11493	
4127.73	
15831.6	
9424.9	
8994.89	
4434.23	
5359.55	
9856.68	
4141.36	
5909.31	
8233.27	
13548.1	
14983	
11057.3	
10695.2	
1127.06	
12365.7	
5038.73	
9249.14	
6806.65	
6530.67	
4489.43	
5638.71	
5799.8	
10239.8	
6739.13	
6468.28	
3169.77	
6260.89	
14070.2	
7526.72	
7066.52	
4654.71	
5227.77	
6136.83	
6389.57	
7543.93	
4944.87	
12230.7	
11986.5	
3719.19	
11366.8	
20339.7	
10352.1	
11579	
5190.84	
0	
5787.73	
10117.7	
3702.03	
5381.85	
13277.7	
7636.31	
-619.904	
3097.72	
10783.3	
8940.28	
4334	
5987.04	
8951.07	
7026.26	
9324.22	
3646.92	
11720.7	
4666.33	
5406.82	
13884.9	
3408.67	
15898.3	
5745.34	
5300.48	
4001.49	
8659.55	
13153.7	
2780.46	
12419.1	
10175.8	
3730.32	
1401.38	
20411	
20415.6	
6395.35	
4956.67	
6370.18	
13374.8	
10818	
6297.66	
7380.4	
3382.95	
3343.39	
12693.7	
8760.25	
5691.12	
16351.2	
6343.82	
15006.8	
4423.07	
4570.09	
20116.8	
14666.4	
7728.78	
13507.3	
8384.32	
6638.54	
10500.5	
4380.48	
6467.05	
9424.21	
1993.96	
16279.7	
9819.54	
10637.9	
12191.5	
16178	
15297.9	
9420.28	
5474.42	
13043.9	
6325.31	
12350.1	
11975.2	
6915.41	
7847.67	
10309.3	
7759.76	
19367.2	
28726.6	
15577.6	
8049.77	
11384.7	
3213.38	
9647.82	
9388.9	
10216.4	
4629.22	
14097.7	
5100.59	
6657.64	
8920.02	
5463.86	
6955.01	
13193.2	
22195.8	
22084.1	
11302.1	
8339.29	
18988	
716.252	
21415	
13527	
10569.7	
21761.4	
19130.3	
28582.3	
21100.3	
18826.9	
15270.2	
4475.86	
7351.96	
5248.98	
