-0.4	0.4	135065
-0.4	0.41	123161
-0.4	0.42	111830
-0.4	0.43	101172
-0.4	0.44	91117.7
-0.4	0.45	81610.1
-0.4	0.46	72546.3
-0.4	0.47	64067.2
-0.4	0.48	56066.2
-0.4	0.49	48676.3
-0.4	0.5	41795.7
-0.4	0.51	35456.7
-0.4	0.52	29606.7
-0.4	0.53	24319.8
-0.4	0.54	19534.5
-0.4	0.55	15345.6
-0.4	0.56	11620.4
-0.4	0.57	8409.67
-0.4	0.58	5784.41
-0.4	0.59	3710.31
-0.4	0.6	2186.27
-0.4	0.61	1213.16
-0.4	0.62	803.856
-0.4	0.63	975.031
-0.4	0.64	1736.57
-0.39	0.4	129627
-0.39	0.41	117933
-0.39	0.42	106777
-0.39	0.43	96306.7
-0.39	0.44	86417.4
-0.39	0.45	77115.6
-0.39	0.46	68204.7
-0.39	0.47	59934.6
-0.39	0.48	52176.5
-0.39	0.49	44981.1
-0.39	0.5	38315
-0.39	0.51	32198.9
-0.39	0.52	26589
-0.39	0.53	21521.8
-0.39	0.54	17048.1
-0.39	0.55	13091.6
-0.39	0.56	9630.46
-0.39	0.57	6738.73
-0.39	0.58	4409.79
-0.39	0.59	2647.66
-0.39	0.6	1444.04
-0.39	0.61	824.435
-0.39	0.62	767.109
-0.39	0.63	1332.59
-0.39	0.64	2507.31
-0.38	0.4	124324
-0.38	0.41	112861
-0.38	0.42	101903
-0.38	0.43	91592.6
-0.38	0.44	81912.5
-0.38	0.45	72715.2
-0.38	0.46	64005.1
-0.38	0.47	55954.6
-0.38	0.48	48382.1
-0.38	0.49	41455.9
-0.38	0.5	35024.1
-0.38	0.51	29113.6
-0.38	0.52	23749.5
-0.38	0.53	18951
-0.38	0.54	14712.8
-0.38	0.55	11013.6
-0.38	0.56	7828.07
-0.38	0.57	5267.77
-0.38	0.58	3246.52
-0.38	0.59	1790.82
-0.38	0.6	935.702
-0.38	0.61	682.198
-0.38	0.62	1001.42
-0.38	0.63	1954.88
-0.38	0.64	3561.65
-0.37	0.4	119181
-0.37	0.41	107846
-0.37	0.42	97125.3
-0.37	0.43	86972.4
-0.37	0.44	77515.3
-0.37	0.45	68418.1
-0.37	0.46	59994.2
-0.37	0.47	52150.5
-0.37	0.48	44806.7
-0.37	0.49	38039.4
-0.37	0.5	31864.8
-0.37	0.51	26200.3
-0.37	0.52	21072
-0.37	0.53	16532.7
-0.37	0.54	12569.9
-0.37	0.55	9118.8
-0.37	0.56	6273.73
-0.37	0.57	3987.68
-0.37	0.58	2277.77
-0.37	0.59	1156.9
-0.37	0.6	672.595
-0.37	0.61	756.787
-0.37	0.62	1483.96
-0.37	0.63	2846.4
-0.37	0.64	4893.84
-0.36	0.4	114155
-0.36	0.41	102951
-0.36	0.42	92469.8
-0.36	0.43	82484.6
-0.36	0.44	73198.1
-0.36	0.45	64347.2
-0.36	0.46	56125.3
-0.36	0.47	48449.2
-0.36	0.48	41353.6
-0.36	0.49	34822.4
-0.36	0.5	28867.3
-0.36	0.51	23409.3
-0.36	0.52	18565.6
-0.36	0.53	14289.7
-0.36	0.54	10596.3
-0.36	0.55	7436.08
-0.36	0.56	4876.73
-0.36	0.57	2910.58
-0.36	0.58	1526.07
-0.36	0.59	777.977
-0.36	0.6	635.289
-0.36	0.61	1108.41
-0.36	0.62	2235
-0.36	0.63	4055.35
-0.36	0.64	6477.24
-0.35	0.4	109286
-0.35	0.41	98250.6
-0.35	0.42	87919.5
-0.35	0.43	78228.9
-0.35	0.44	69029.5
-0.35	0.45	60395
-0.35	0.46	52399.1
-0.35	0.47	44921.2
-0.35	0.48	38034.1
-0.35	0.49	31767.6
-0.35	0.5	25984.9
-0.35	0.51	20821
-0.35	0.52	16239.7
-0.35	0.53	12215.1
-0.35	0.54	8799.88
-0.35	0.55	5957.28
-0.35	0.56	3692.68
-0.35	0.57	2028.31
-0.35	0.58	1007.19
-0.35	0.59	609.281
-0.35	0.6	826.19
-0.35	0.61	1703.94
-0.35	0.62	3261.5
-0.35	0.63	5461.87
-0.35	0.64	8409.7
-0.34	0.4	104530
-0.34	0.41	93692.1
-0.34	0.42	83510.1
-0.34	0.43	74026.8
-0.34	0.44	65024.9
-0.34	0.45	56570.3
-0.34	0.46	48792.4
-0.34	0.47	41542.6
-0.34	0.48	34900.3
-0.34	0.49	28813.3
-0.34	0.5	23312.1
-0.34	0.51	18386.7
-0.34	0.52	14044.5
-0.34	0.53	10325.8
-0.34	0.54	7197.85
-0.34	0.55	4637.96
-0.34	0.56	2681.17
-0.34	0.57	1368.71
-0.34	0.58	700.661
-0.34	0.59	651.293
-0.34	0.6	1290.59
-0.34	0.61	2568.32
-0.34	0.62	4532.64
-0.34	0.63	7209.4
-0.34	0.64	10638.4
-0.33	0.4	99914.5
-0.33	0.41	89243.5
-0.33	0.42	79261.5
-0.33	0.43	69959.6
-0.33	0.44	61114.7
-0.33	0.45	52898.6
-0.33	0.46	45337
-0.33	0.47	38274
-0.33	0.48	31879
-0.33	0.49	26041
-0.33	0.5	20790.5
-0.33	0.51	16130.2
-0.33	0.52	12044.4
-0.33	0.53	8613.58
-0.33	0.54	5764.52
-0.33	0.55	3515.34
-0.33	0.56	1893.96
-0.33	0.57	942.428
-0.33	0.58	628.704
-0.33	0.59	967.964
-0.33	0.6	1983.47
-0.33	0.61	3681.32
-0.33	0.62	6077.86
-0.33	0.63	9257.28
-0.33	0.64	13144.4
-0.32	0.4	95385.6
-0.32	0.41	84931
-0.32	0.42	75138
-0.32	0.43	65981.4
-0.32	0.44	57326.2
-0.32	0.45	49368.8
-0.32	0.46	42024.2
-0.32	0.47	35177.7
-0.32	0.48	29008.2
-0.32	0.49	23416.7
-0.32	0.5	18430.6
-0.32	0.51	13996.9
-0.32	0.52	10232.9
-0.32	0.53	7086.13
-0.32	0.54	4521.85
-0.32	0.55	2573.47
-0.32	0.56	1329.12
-0.32	0.57	711.592
-0.32	0.58	750.577
-0.32	0.59	1513.32
-0.32	0.6	2933.77
-0.32	0.61	5045.75
-0.32	0.62	7927.53
-0.32	0.63	11560
-0.32	0.64	15911.6
-0.31	0.4	90936.7
-0.31	0.41	80688.1
-0.31	0.42	71122
-0.31	0.43	62144.9
-0.31	0.44	53757.4
-0.31	0.45	45998.5
-0.31	0.46	38795
-0.31	0.47	32216.6
-0.31	0.48	26279.9
-0.31	0.49	20940.9
-0.31	0.5	16193
-0.31	0.51	12054.4
-0.31	0.52	8568.39
-0.31	0.53	5720.53
-0.31	0.54	3455.58
-0.31	0.55	1855.74
-0.31	0.56	956.376
-0.31	0.57	697.282
-0.31	0.58	1140.18
-0.31	0.59	2292.04
-0.31	0.6	4105.63
-0.31	0.61	6703.01
-0.31	0.62	10072.3
-0.31	0.63	14151.4
-0.31	0.64	19041.5
-0.3	0.4	86617
-0.3	0.41	76609
-0.3	0.42	67253.5
-0.3	0.43	58454.9
-0.3	0.44	50267.7
-0.3	0.45	42735
-0.3	0.46	35717.7
-0.3	0.47	29457
-0.3	0.48	23728.6
-0.3	0.49	18612.9
-0.3	0.5	14115.2
-0.3	0.51	10289
-0.3	0.52	7100.73
-0.3	0.53	4515.06
-0.3	0.54	2584.44
-0.3	0.55	1355.86
-0.3	0.56	779.203
-0.3	0.57	914.704
-0.3	0.58	1737.99
-0.3	0.59	3276.7
-0.3	0.6	5573.66
-0.3	0.61	8634.2
-0.3	0.62	12435.1
-0.3	0.63	17064.9
-0.3	0.64	22466
-0.29	0.4	82492.8
-0.29	0.41	72632
-0.29	0.42	63488.8
-0.29	0.43	54891.5
-0.29	0.44	46930.1
-0.29	0.45	39579.5
-0.29	0.46	32818.2
-0.29	0.47	26764.5
-0.29	0.48	21288.8
-0.29	0.49	16466.1
-0.29	0.5	12230.5
-0.29	0.51	8668.82
-0.29	0.52	5776.13
-0.29	0.53	3512.77
-0.29	0.54	1933.35
-0.29	0.55	1036.01
-0.29	0.56	836.35
-0.29	0.57	1353.93
-0.29	0.58	2582.45
-0.29	0.59	4541.16
-0.29	0.6	7311.76
-0.29	0.61	10812.3
-0.29	0.62	15115.6
-0.29	0.63	20260.6
-0.29	0.64	26239.4
-0.28	0.4	78482.1
-0.28	0.41	68805.5
-0.28	0.42	59850.5
-0.28	0.43	51466.2
-0.28	0.44	43653.1
-0.28	0.45	36560.2
-0.28	0.46	30057.4
-0.28	0.47	24217.1
-0.28	0.48	19006.2
-0.28	0.49	14441
-0.28	0.5	10502.6
-0.28	0.51	7230.49
-0.28	0.52	4621.78
-0.28	0.53	2700.99
-0.28	0.54	1459.59
-0.28	0.55	922.767
-0.28	0.56	1098.25
-0.28	0.57	1999.5
-0.28	0.58	3646.36
-0.28	0.59	6075.26
-0.28	0.6	9295.07
-0.28	0.61	13252.7
-0.28	0.62	18085.1
-0.28	0.63	23777
-0.28	0.64	30326.5
-0.27	0.4	74582.3
-0.27	0.41	65119.2
-0.27	0.42	56306.9
-0.27	0.43	48129.8
-0.27	0.44	40571.5
-0.27	0.45	33693.6
-0.27	0.46	27425.9
-0.27	0.47	21823.5
-0.27	0.48	16894.6
-0.27	0.49	12582.7
-0.27	0.5	8915.66
-0.27	0.51	5949.89
-0.27	0.52	3672.11
-0.27	0.53	2069.81
-0.27	0.54	1158.42
-0.27	0.55	1029.75
-0.27	0.56	1583.31
-0.27	0.57	2875.91
-0.27	0.58	4962.26
-0.27	0.59	7874.07
-0.27	0.6	11503.6
-0.27	0.61	16015.5
-0.27	0.62	21379.9
-0.27	0.63	27589.8
-0.27	0.64	34759.9
-0.26	0.4	70734
-0.26	0.41	61489.4
-0.26	0.42	52913.4
-0.26	0.43	44908.6
-0.26	0.44	37624.2
-0.26	0.45	30953.6
-0.26	0.46	24917.4
-0.26	0.47	19592.7
-0.26	0.48	14916.2
-0.26	0.49	10868.1
-0.26	0.5	7483.61
-0.26	0.51	4831.92
-0.26	0.52	2897.63
-0.26	0.53	1633.57
-0.26	0.54	1113.01
-0.26	0.55	1315.54
-0.26	0.56	2261.37
-0.26	0.57	4012.63
-0.26	0.58	6543.78
-0.26	0.59	9857.5
-0.26	0.6	14004
-0.26	0.61	19044.1
-0.26	0.62	24936.5
-0.26	0.63	31776.2
-0.26	0.64	39458.6
-0.25	0.4	67054.2
-0.25	0.41	58018
-0.25	0.42	49639.5
-0.25	0.43	41842.8
-0.25	0.44	34801.7
-0.25	0.45	28311.1
-0.25	0.46	22576.7
-0.25	0.47	17509.7
-0.25	0.48	13061
-0.25	0.49	9295.58
-0.25	0.5	6231.55
-0.25	0.51	3910.34
-0.25	0.52	2293.54
-0.25	0.53	1361.41
-0.25	0.54	1237.96
-0.25	0.55	1814.95
-0.25	0.56	3174.23
-0.25	0.57	5366.32
-0.25	0.58	8350.81
-0.25	0.59	12151.9
-0.25	0.6	16805.5
-0.25	0.61	22373.8
-0.25	0.62	28800.5
-0.25	0.63	36168
-0.25	0.64	44470.6
-0.24	0.4	63488.4
-0.24	0.41	54651.2
-0.24	0.42	46464.7
-0.24	0.43	38908.1
-0.24	0.44	32074.6
-0.24	0.45	25828.5
-0.24	0.46	20370.7
-0.24	0.47	15537.5
-0.24	0.48	11391
-0.24	0.49	7892.54
-0.24	0.5	5154.58
-0.24	0.51	3163.02
-0.24	0.52	1861.97
-0.24	0.53	1332.38
-0.24	0.54	1564.53
-0.24	0.55	2523.64
-0.24	0.56	4328.29
-0.24	0.57	6956.14
-0.24	0.58	10381.1
-0.24	0.59	14688.9
-0.24	0.6	19907.8
-0.24	0.61	25943.8
-0.24	0.62	32992.9
-0.24	0.63	40932.5
-0.24	0.64	49760.3
-0.23	0.4	60005
-0.23	0.41	51417.3
-0.23	0.42	43405.2
-0.23	0.43	36081.5
-0.23	0.44	29468.9
-0.23	0.45	23481.9
-0.23	0.46	18296.7
-0.23	0.47	13729.6
-0.23	0.48	9831.6
-0.23	0.49	6665.08
-0.23	0.5	4243.54
-0.23	0.51	2576.49
-0.23	0.52	1620.67
-0.23	0.53	1484.95
-0.23	0.54	2072.55
-0.23	0.55	3458.9
-0.23	0.56	5718.48
-0.23	0.57	8735.96
-0.23	0.58	12678
-0.23	0.59	17481.1
-0.23	0.6	23186.7
-0.23	0.61	29872.4
-0.23	0.62	37529.1
-0.23	0.63	45908.9
-0.23	0.64	55335.9
-0.22	0.4	56672.9
-0.22	0.41	48291
-0.22	0.42	40455.6
-0.22	0.43	33407.1
-0.22	0.44	27013.4
-0.22	0.45	21304.8
-0.22	0.46	16335.9
-0.22	0.47	12037.3
-0.22	0.48	8432.91
-0.22	0.49	5598.32
-0.22	0.5	3506.05
-0.22	0.51	2157.52
-0.22	0.52	1594.68
-0.22	0.53	1793.98
-0.22	0.54	2778.17
-0.22	0.55	4618.42
-0.22	0.56	7296.61
-0.22	0.57	10819.1
-0.22	0.58	15236.4
-0.22	0.59	20575
-0.22	0.6	26860.1
-0.22	0.61	34078.2
-0.22	0.62	42175
-0.22	0.63	51206.4
-0.22	0.64	61226.1
-0.21	0.4	53424.2
-0.21	0.41	45215.3
-0.21	0.42	37658.3
-0.21	0.43	30830.6
-0.21	0.44	24659.9
-0.21	0.45	19235.5
-0.21	0.46	14528.4
-0.21	0.47	10500.4
-0.21	0.48	7211.48
-0.21	0.49	4672.36
-0.21	0.5	2933.66
-0.21	0.51	1931.29
-0.21	0.52	1752.99
-0.21	0.53	2331.29
-0.21	0.54	3716.21
-0.21	0.55	6016.96
-0.21	0.56	9109.98
-0.21	0.57	13110.8
-0.21	0.58	18089.2
-0.21	0.59	23904.5
-0.21	0.6	30700.9
-0.21	0.61	38508.4
-0.21	0.62	47129.5
-0.21	0.63	56819.2
-0.21	0.64	67329.4
-0.2	0.4	50301.3
-0.2	0.41	42321.2
-0.2	0.42	34986.6
-0.2	0.43	28386.5
-0.2	0.44	22461.9
-0.2	0.45	17329.2
-0.2	0.46	12839.2
-0.2	0.47	9105.24
-0.2	0.48	6126.67
-0.2	0.49	3921.63
-0.2	0.5	2510.8
-0.2	0.51	1896.52
-0.2	0.52	2050.23
-0.2	0.53	3053.69
-0.2	0.54	4889.64
-0.2	0.55	7577.35
-0.2	0.56	11175.1
-0.2	0.57	15691.6
-0.2	0.58	21090.7
-0.2	0.59	27492.6
-0.2	0.6	34964.2
-0.2	0.61	43162.1
-0.2	0.62	52369.1
-0.2	0.63	62594.6
-0.2	0.64	73730.7
-0.19	0.4	47307.5
-0.19	0.41	39506.5
-0.19	0.42	32409.2
-0.19	0.43	26062
-0.19	0.44	20392.7
-0.19	0.45	15494.9
-0.19	0.46	11307
-0.19	0.47	7882.87
-0.19	0.48	5217.4
-0.19	0.49	3351.83
-0.19	0.5	2291.97
-0.19	0.51	2033.3
-0.19	0.52	2576.33
-0.19	0.53	3964.21
-0.19	0.54	6228.57
-0.19	0.55	9399.05
-0.19	0.56	13460
-0.19	0.57	18500.3
-0.19	0.58	24488.8
-0.19	0.59	31493.6
-0.19	0.6	39329.6
-0.19	0.61	48071
-0.19	0.62	57825.2
-0.19	0.63	68695.8
-0.19	0.64	80521.2
-0.18	0.4	44414.9
-0.18	0.41	36833.1
-0.18	0.42	29965.8
-0.18	0.43	23861.8
-0.18	0.44	18445.6
-0.18	0.45	13816.5
-0.18	0.46	9917.21
-0.18	0.47	6801.94
-0.18	0.48	4458.79
-0.18	0.49	2933.44
-0.18	0.5	2229.83
-0.18	0.51	2348.42
-0.18	0.52	3268.84
-0.18	0.53	5103.61
-0.18	0.54	7810.18
-0.18	0.55	11411.1
-0.18	0.56	16006.9
-0.18	0.57	21564.2
-0.18	0.58	28061.9
-0.18	0.59	35569.1
-0.18	0.6	43905.6
-0.18	0.61	53361.5
-0.18	0.62	63735
-0.18	0.63	75025.9
-0.18	0.64	88053
-0.17	0.4	41642.2
-0.17	0.41	34254.1
-0.17	0.42	27633.1
-0.17	0.43	21784.3
-0.17	0.44	16617.8
-0.17	0.45	12266.7
-0.17	0.46	8687.83
-0.17	0.47	5858.83
-0.17	0.48	3853.38
-0.17	0.49	2687.23
-0.17	0.5	2343.16
-0.17	0.51	2828.35
-0.17	0.52	4186.47
-0.17	0.53	6414.3
-0.17	0.54	9597.66
-0.17	0.55	13752.4
-0.17	0.56	18769.4
-0.17	0.57	24814.8
-0.17	0.58	31947.4
-0.17	0.59	39909
-0.17	0.6	48798.3
-0.17	0.61	58791.9
-0.17	0.62	69699
-0.17	0.63	82180.8
-0.17	0.64	95473.9
-0.16	0.4	38932.4
-0.16	0.41	31788.5
-0.16	0.42	25423.9
-0.16	0.43	19818.6
-0.16	0.44	14918.8
-0.16	0.45	10877.2
-0.16	0.46	7586.8
-0.16	0.47	5080.51
-0.16	0.48	3415.76
-0.16	0.49	2602.74
-0.16	0.5	2636.84
-0.16	0.51	3513.26
-0.16	0.52	5283.14
-0.16	0.53	7964.92
-0.16	0.54	11602.6
-0.16	0.55	16187.1
-0.16	0.56	21809.8
-0.16	0.57	28449.1
-0.16	0.58	35940.8
-0.16	0.59	44437.7
-0.16	0.6	53840.7
-0.16	0.61	64510.1
-0.16	0.62	76102.1
-0.16	0.63	89226.5
-0.16	0.64	102908
-0.15	0.4	36345.7
-0.15	0.41	29469.6
-0.15	0.42	23361.7
-0.15	0.43	17936.6
-0.15	0.44	13387.4
-0.15	0.45	9603.74
-0.15	0.46	6598.65
-0.15	0.47	4448.18
-0.15	0.48	3128.76
-0.15	0.49	2690.89
-0.15	0.5	3111.13
-0.15	0.51	4400.34
-0.15	0.52	6597.03
-0.15	0.53	9692.84
-0.15	0.54	13888.9
-0.15	0.55	18934.7
-0.15	0.56	25071.5
-0.15	0.57	32189.4
-0.15	0.58	40197.6
-0.15	0.59	49278.7
-0.15	0.6	59273.4
-0.15	0.61	70445.5
-0.15	0.62	83132.2
-0.15	0.63	96445.8
-0.15	0.64	110974
-0.14	0.4	33911.7
-0.14	0.41	27236.4
-0.14	0.42	21382.3
-0.14	0.43	16228.5
-0.14	0.44	11990.7
-0.14	0.45	8482.3
-0.14	0.46	5799.26
-0.14	0.47	3989.16
-0.14	0.48	3011.26
-0.14	0.49	2938.7
-0.14	0.5	3748.47
-0.14	0.51	5448.07
-0.14	0.52	8053.14
-0.14	0.53	11706.7
-0.14	0.54	16280.9
-0.14	0.55	21918.5
-0.14	0.56	28633.8
-0.14	0.57	36185.7
-0.14	0.58	44748.9
-0.14	0.59	54331.4
-0.14	0.6	64949
-0.14	0.61	77030.6
-0.14	0.62	90014.7
-0.14	0.63	104016
-0.14	0.64	120025
-0.13	0.4	31558.3
-0.13	0.41	25136.8
-0.13	0.42	19508.9
-0.13	0.43	14653.6
-0.13	0.44	10684.1
-0.13	0.45	7466.41
-0.13	0.46	5148.12
-0.13	0.47	3667.58
-0.13	0.48	3059.91
-0.13	0.49	3375.79
-0.13	0.5	4561.25
-0.13	0.51	6701.41
-0.13	0.52	9753.41
-0.13	0.53	13871.8
-0.13	0.54	18970.1
-0.13	0.55	25165.6
-0.13	0.56	32230.9
-0.13	0.57	40335.6
-0.13	0.58	49376.4
-0.13	0.59	59651.5
-0.13	0.6	70949.8
-0.13	0.61	83741.2
-0.13	0.62	97056.2
-0.13	0.63	112212
-0.13	0.64	128440
-0.12	0.4	29298.7
-0.12	0.41	23104.1
-0.12	0.42	17749.4
-0.12	0.43	13212.1
-0.12	0.44	9517.38
-0.12	0.45	6637.53
-0.12	0.46	4650.29
-0.12	0.47	3497.81
-0.12	0.48	3263.22
-0.12	0.49	3955.72
-0.12	0.5	5574.53
-0.12	0.51	8102.6
-0.12	0.52	11725.2
-0.12	0.53	16264.3
-0.12	0.54	21877.8
-0.12	0.55	28566.7
-0.12	0.56	36082
-0.12	0.57	44767.2
-0.12	0.58	54349.6
-0.12	0.59	65238.9
-0.12	0.6	77404.1
-0.12	0.61	90415.3
-0.12	0.62	104653
-0.12	0.63	120862
-0.12	0.64	137864
-0.11	0.4	27155.2
-0.11	0.41	21236.1
-0.11	0.42	16155
-0.11	0.43	11892.6
-0.11	0.44	8459.21
-0.11	0.45	5936.99
-0.11	0.46	4263.45
-0.11	0.47	3478.84
-0.11	0.48	3644.32
-0.11	0.49	4730.85
-0.11	0.5	6769.52
-0.11	0.51	9749.91
-0.11	0.52	13802.5
-0.11	0.53	18844.7
-0.11	0.54	25070.3
-0.11	0.55	32108.1
-0.11	0.56	40277.6
-0.11	0.57	49303.1
-0.11	0.58	59647.2
-0.11	0.59	71178.4
-0.11	0.6	83901.2
-0.11	0.61	97518.8
-0.11	0.62	113152
-0.11	0.63	129412
-0.11	0.64	147348
{-0.35,0.59}
609.281	52
