ibin	itheta	r0	V	sigma2	chi	Vn Errors
0	0	0.3933	0.0690	170.9512	0.4676	0.0164
0	1	0.4036	0.0672	170.9512	0.4557	0.0160
0	2	0.3819	0.0710	170.9512	0.4816	0.0169
0	3	0.4543	0.0597	170.9512	0.4048	0.0142
0	4	0.4555	0.0596	170.9512	0.4038	0.0141
					137.4478	0.4937

1	0	0.4185	0.0670	163.9625	0.4488	0.0156
1	1	0.4507	0.0622	163.9625	0.4167	0.0145
1	2	0.4496	0.0624	163.9625	0.4178	0.0145
1	3	0.4351	0.0644	163.9625	0.4316	0.0150
1	4	0.3888	0.0721	163.9625	0.4830	0.0168
					132.2823	0.4894

2	0	0.4163	0.0697	156.6192	0.4616	0.0067
2	1	0.4282	0.0678	156.6192	0.4487	0.0065
2	2	0.4203	0.0691	156.6192	0.4572	0.0066
2	3	0.4195	0.0692	156.6192	0.4581	0.0067
2	4	0.3889	0.0747	156.6192	0.4942	0.0072
					122.9080	0.5237

3	0	0.4444	0.0676	149.4756	0.4426	0.0112
3	1	0.4383	0.0686	149.4756	0.4488	0.0114
3	2	0.4453	0.0675	149.4756	0.4417	0.0112
3	3	0.4587	0.0655	149.4756	0.4288	0.0109
3	4	0.4358	0.0690	149.4756	0.4513	0.0114
					120.1864	0.4937

4	0	0.4774	0.0653	142.4304	0.4221	0.0089
4	1	0.4367	0.0714	142.4304	0.4614	0.0097
4	2	0.4854	0.0643	142.4304	0.4152	0.0088
4	3	0.4167	0.0748	142.4304	0.4835	0.0102
4	4	0.4529	0.0689	142.4304	0.4449	0.0094
					114.1717	0.4975

5	0	0.4670	0.0693	135.8513	0.4418	0.0131
5	1	0.4879	0.0663	135.8513	0.4228	0.0126
5	2	0.4834	0.0669	135.8513	0.4268	0.0127
5	3	0.4641	0.0697	135.8513	0.4445	0.0132
5	4	0.4794	0.0675	135.8513	0.4304	0.0128
					110.3501	0.4807

ibin	avgmult	avgpt	avgeta	Vn mean	Vn mean Error
0	88.6507	0.6955	0.0580	0.0653	0.0073

1	85.7516	0.6937	0.0570	0.0656	0.0072

2	82.8435	0.6920	0.0547	0.0701	0.0032

3	79.9911	0.6902	0.0531	0.0677	0.0053

4	77.1080	0.6885	0.0516	0.0689	0.0044

5	74.3211	0.6870	0.0489	0.0679	0.0060

ibin	Nevent	totmultall	avgmultall	avgtrk
0	807113.0000	71551157.0000	88.6507	146.8996

1	1035621.0000	88806143.0000	85.7516	141.9049

2	1316230.0000	109041127.0000	82.8435	136.9052

3	1656994.0000	132544775.0000	79.9911	131.9135

4	2044469.0000	157644945.0000	77.1080	126.9232

5	2427006.0000	180377717.0000	74.3211	121.9451

