-165.673	
897.777	
4347.35	
1718.13	
-377.684	
-2320.4	
795.526	
4605.19	
-6075.38	
4918.71	
-1079.05	
6062.34	
1031.08	
2620.37	
1424.67	
-537.857	
-1886.67	
-1403.34	
4062.61	
-455.296	
-2354.97	
6074.3	
1884.64	
-2861.05	
1435.55	
-5682.9	
4164.7	
-3005.87	
-3248.2	
440.294	
-1175.69	
1037.71	
749.667	
626.004	
2598.64	
-3406.49	
-1896.85	
4174.55	
-4853.12	
-2545.18	
1826.89	
-214.393	
-1616.86	
-767.322	
92.2188	
2118.54	
-5105.24	
-952.416	
-1632.92	
1068.28	
115.594	
-561.5	
208.858	
1945.66	
16.1423	
-1581.76	
1902.07	
2598.92	
1586.12	
-4428.55	
2540.91	
1075.89	
4130.78	
-882.904	
-4122.92	
985.505	
-799.71	
-1717.12	
-1364.63	
-384.436	
-4287.85	
-1889.9	
-68.4069	
526.149	
1137.73	
1549.07	
-3737.46	
763.772	
1883.68	
-404.751	
2139.47	
-198.768	
77.258	
535.076	
1532.8	
-302.727	
-3669.06	
1445.06	
-318.611	
1830.47	
647.552	
-3762.59	
2949.99	
635.5	
3286.77	
-1113.23	
640.894	
-2745.65	
2175.39	
2335.55	
1084.47	
2156.35	
-4613.64	
-5173.44	
2211.48	
3906.92	
4005.27	
806.051	
595.642	
3612.18	
-1613.92	
-584.856	
5914.26	
2210.32	
-684.258	
612.242	
-6841.71	
1947.92	
3900.17	
1893.8	
-35.1612	
115.129	
3289.7	
-435.842	
756.156	
-1532.81	
251.618	
-780.516	
2950.3	
762.114	
4386.02	
2033.7	
699.394	
1361.28	
274.933	
291.741	
1907.43	
1001.42	
867.4	
3200.55	
-172.113	
-1201.35	
-3038.69	
-5752.77	
1854.55	
-807.335	
2270.08	
-1499.17	
5723.77	
646.908	
-3882.38	
5926.42	
1895.65	
562.503	
2263.56	
6475.74	
2638.57	
-2924.81	
1848.7	
-1711.42	
1261.3	
-2348.45	
-2261.32	
1839.56	
2920.93	
1332.77	
1329.9	
711.178	
-1489.94	
-904.886	
-855.142	
-1747.82	
-5444.16	
748.433	
2617.93	
2288.59	
2132.06	
-1389.38	
207.991	
-1783.12	
-146.26	
943.704	
-607.717	
3341.48	
3124.26	
1947.27	
227.433	
-3397.45	
-4424.12	
4803.83	
1310.02	
498.79	
-3955.32	
6095.47	
-3079.38	
-2917.7	
4654.77	
-1083.96	
237.69	
-2112.13	
-1484.54	
7338.32	
-2219.9	
-820.368	
4537.58	
-1806.17	
-258.949	
1701.02	
-1757.95	
4988.62	
170.852	
3075.72	
3769.24	
1142.42	
-1217.19	
1179.35	
-2171.57	
-171.866	
2786.57	
-2079.06	
-1960.42	
-1556.06	
-907.661	
-40.6239	
-1512.97	
-391.629	
4834.09	
6979.62	
-1517.14	
5344.2	
4750.16	
3361.83	
904.564	
1438.56	
2391.11	
2116.38	
-161.606	
-2781.76	
-743.335	
2395.48	
-1282.48	
-1083.98	
-5.13384	
5562.5	
-2877.16	
-2883.51	
2059.14	
2071.1	
7288.35	
2540.34	
-1155.78	
3617.53	
-433.367	
3703.37	
-581.417	
4907.11	
-737.06	
2317.84	
-1086.76	
415.732	
-1287.61	
2142.1	
250.881	
1201.73	
760.242	
3864.2	
-2863.95	
-47.6975	
2591.07	
-4029.79	
705.285	
-306.982	
-485.271	
2783.43	
2759.02	
282.746	
3961.78	
5745.74	
1136.18	
1973.28	
1619.44	
-2994.18	
1780.13	
-114.565	
422.099	
5046.2	
640.537	
-296.099	
999.478	
2409.45	
-205.23	
-166.272	
2878.11	
3554.57	
3093.23	
-236.464	
-2127.66	
-411.71	
2275.4	
-1938.75	
-903.698	
2292.13	
-372.891	
976.74	
3737.12	
-853.89	
296.746	
306.588	
854.491	
643.474	
3517.06	
-891.833	
-1652.18	
1508.49	
1763.64	
-790.794	
-843.947	
-535.9	
5078.59	
-303.133	
1684.38	
1559.95	
1217.54	
-1397.25	
-1608.92	
7500.52	
102.536	
1913.62	
121.299	
926.856	
2279.51	
1300.16	
5957.45	
2564.89	
-1957.48	
6555.54	
-254.486	
-2548.95	
308.965	
931.513	
2514.48	
5630.2	
3815.99	
-467.389	
-1390.48	
-980.223	
1016.61	
-214.374	
2677.07	
1689.84	
3745.81	
-2289.57	
2355.16	
-1066.66	
-867.804	
-2047.23	
2819.87	
-600.511	
-1019.88	
2802.63	
-4021.24	
892.42	
-6212.05	
-341.708	
2510.84	
4640.8	
1621.56	
3061.27	
453.043	
5187.31	
3694.09	
1687.64	
-1019.16	
5382.77	
4250.6	
3909.07	
2159.94	
3174.69	
4942.1	
767.569	
1607.67	
596.69	
-589.369	
-495.005	
2013.16	
3571.46	
2859.52	
-3533.41	
62.9006	
4405.87	
-1196.07	
6472.05	
301.876	
2129.68	
47.4795	
-408.773	
1470.64	
3127.18	
913.806	
-1058.71	
2989.81	
2766.03	
-2379.76	
3600	
-31.0285	
3900.39	
2716.45	
3324.72	
1074.39	
2262.07	
301.616	
162.365	
148.583	
357.274	
5351.47	
1906.79	
730.083	
6442.73	
1202.21	
1658.15	
628.495	
-2554.59	
2466.29	
690.093	
6625.59	
-2554.48	
-43.7187	
61.4686	
-574.21	
7180.14	
-2122.77	
-2501.17	
-5624.07	
-2194.65	
4166.05	
516.843	
-7104.39	
500.225	
3682.87	
-2821.05	
-1472.46	
1672.89	
-6937.29	
3499.81	
1399.25	
422.035	
943.403	
-1064.01	
4153.69	
2574.64	
-1300.48	
3687.36	
-1456.89	
1819.32	
-5039.8	
-4111.16	
-839.374	
1672.52	
-206.605	
2441.4	
5469.95	
365.709	
-1579.27	
1531.29	
3031.11	
7317.24	
-224.556	
-4238.32	
485.677	
-3694.89	
3.7908	
-301.813	
-1867.61	
-2615.29	
3198.93	
7034.9	
899.386	
809.489	
492.41	
1264.23	
3928.54	
-2488.41	
1914.7	
-871.477	
2711.81	
-1558.34	
-527.64	
2506.28	
973.722	
1149.09	
-2759.19	
474.042	
-2653.19	
-1667.34	
-772.677	
862.264	
-918.09	
-2584.31	
-348.196	
-998.654	
-231.791	
2519.89	
2170.83	
199.323	
2931.75	
-9013.96	
2812.24	
-3387.67	
-2107.36	
350.146	
1351.11	
916.743	
7877.55	
-2388.12	
4007.88	
4080.47	
1179.14	
-2860.58	
664.191	
-622.089	
-341.578	
-523.74	
2587.15	
-1478.18	
-437.478	
3510.99	
-3481.51	
4581.82	
1396.55	
-2256.52	
3014.69	
1175.48	
1595.64	
-2336.24	
-28.4579	
323.056	
-651.827	
815.694	
-281.341	
2844.73	
3249.57	
-4000.99	
-303.456	
-1281.52	
1346.43	
89.7903	
-445.325	
1045.37	
311.336	
-1161.53	
2147.55	
-1165.27	
-220.07	
1353.61	
443.81	
4160.63	
3285.95	
3123.4	
-1745.43	
2427.72	
-1086.45	
497.356	
428.476	
1780.28	
4268.01	
1834.22	
3580.91	
-2359.39	
-356.809	
376.66	
526.359	
1855.73	
-1851.18	
-424.376	
3986.5	
-1242.04	
-2625.77	
3370.22	
3351.6	
3721.38	
-344.063	
1199.21	
-376.163	
2246.25	
1385.51	
200.703	
-1186.95	
1316.63	
-902.299	
-1193.6	
2167.74	
-244.67	
2105.74	
10859.7	
4063.71	
813.773	
2067.75	
3215.76	
768.229	
-349.2	
1802.77	
-1064.01	
491.653	
3377.61	
-756.273	
5586.13	
1038.06	
-1073.96	
-492.848	
2998.55	
-1200.56	
290.06	
1114.17	
-298.205	
-230.744	
3616.8	
-211.152	
-3568.86	
4.44455	
-4235.65	
3596.49	
1896.27	
-1386.17	
-1314.38	
-1973.05	
3284.99	
2139.18	
-377.891	
-2431.18	
597.273	
778.907	
-2058.23	
61.2423	
2878.77	
-5793.4	
1602.94	
5147.67	
-1508.75	
1877.89	
2027.01	
-1131.1	
5041.04	
819.26	
165.288	
-2077.33	
-1838.16	
2174.89	
3171.98	
4119.99	
4300.3	
4627.91	
1174.35	
-1169.42	
-3046.1	
1496.61	
1891.27	
-853.02	
3034.52	
-1701.42	
-1665.51	
1205.86	
-706.931	
-2431.94	
1663.81	
-3661.76	
445.126	
3170.28	
-839.907	
-933.593	
3211.68	
-3200.12	
6291.89	
2069.71	
981.97	
1762.89	
-2438.95	
-11033.7	
308.289	
-276.763	
942.93	
2444.5	
-306.955	
4240.98	
1553.93	
3277.06	
-726.975	
3382.43	
1323.05	
-470.736	
-4452.84	
1124.15	
-2079.79	
1162.4	
-1207.89	
2293.43	
1212.68	
1424.03	
1958.22	
2710.87	
-1415.35	
3693.28	
-197.4	
1691.7	
-1022.58	
2642.63	
1016.05	
2315.78	
4786.3	
554.36	
2424.16	
1127.66	
519.698	
3211.82	
292.556	
-7784.28	
2296.79	
5329.64	
-991.734	
1758.96	
-2489	
3950.88	
471.893	
-1159.61	
-2807.85	
-1214.91	
-3842.76	
-1069.73	
5192.79	
2617.62	
-1236.69	
-3240	
4578.58	
4933.86	
3149.52	
-1010.72	
-1695.3	
209.987	
-3192.61	
1836.04	
205.035	
1737.65	
-6019.44	
-1599.93	
-2006.69	
-686.198	
857.072	
2560.21	
-989.45	
-176.538	
3259.03	
787.901	
475.896	
2998.79	
1408.25	
270.652	
2183.48	
-477.3	
-1704.93	
-1945.91	
2078.8	
-3227.96	
3401.18	
-4076.42	
-487.487	
-2212.53	
679.71	
2999.65	
2246.09	
5603.11	
-3237.94	
-7365.3	
-4394.37	
3650.17	
3806.97	
-5661.13	
493.375	
3096.59	
2842.22	
1418.57	
742.245	
821.051	
-135.292	
1965.89	
3369.94	
-1513.56	
-1554.43	
3436.64	
2005.89	
-299.731	
-676.139	
-2966.07	
1390.31	
-997.037	
3320.24	
-1042.37	
-4454.64	
-589.818	
1282.22	
-2701.15	
-774.039	
2078.17	
-1172.46	
1205.96	
1078.77	
4396.57	
-3206.14	
1629.15	
5020.92	
-2913.45	
-2328.88	
639.756	
-2882.23	
-4031.55	
-875.429	
1927.07	
1636.51	
469.503	
-1622.8	
1742.66	
-3200.96	
-608.711	
1836.45	
1322.65	
-1261.42	
-733.831	
-938.477	
118.276	
649.762	
2544.68	
-222.646	
-1535.02	
-941.742	
3967.26	
-259.856	
-2931.31	
-3424.26	
-2523.85	
1560.74	
2919.3	
1197.93	
3640.39	
-3369.74	
-2296.78	
2356.62	
-1810.39	
1321.52	
1952.9	
4356.46	
1000.68	
3118.79	
810.393	
1772.69	
1181.82	
-2950.24	
1714.98	
-213.025	
2321.55	
675.369	
2042.22	
-2605.87	
-1318.75	
1045.94	
-1880.16	
1727.01	
-1640.56	
353.997	
-4263.11	
1467.76	
3818.4	
1329.18	
769.43	
-2210.11	
1970.93	
4952.34	
-1355.12	
-1366.12	
841.032	
1553.5	
-3790.23	
-2272.55	
8484.38	
2528.11	
821.082	
262.855	
-7.04387	
1844.06	
2862.57	
2081.85	
-2122.37	
-968.788	
