ibin	itheta	r0	V	sigma2	chi	Vn Errors
0	0	0.1392	0.0550	1066.6395	0.5289	0.0028
0	1	0.1342	0.0570	1066.6395	0.5488	0.0030
0	2	0.1611	0.0475	1066.6395	0.4571	0.0025
0	3	0.1437	0.0533	1066.6395	0.5125	0.0028
0	4	0.1460	0.0524	1066.6395	0.5043	0.0027
					788.8736	0.5934

1	0	0.1393	0.0562	1026.2233	0.5389	0.0036
1	1	0.1656	0.0473	1026.2233	0.4534	0.0030
1	2	0.1627	0.0481	1026.2233	0.4615	0.0031
1	3	0.1427	0.0548	1026.2233	0.5261	0.0035
1	4	0.1528	0.0512	1026.2233	0.4912	0.0033
					775.5764	0.5685

2	0	0.1444	0.0554	991.4792	0.5288	0.0023
2	1	0.1552	0.0516	991.4792	0.4920	0.0021
2	2	0.1451	0.0552	991.4792	0.5265	0.0023
2	3	0.1491	0.0537	991.4792	0.5123	0.0022
2	4	0.1619	0.0494	991.4792	0.4717	0.0020
					737.3692	0.5870

3	0	0.1560	0.0525	955.5550	0.4987	0.0023
3	1	0.1494	0.0549	955.5550	0.5208	0.0024
3	2	0.1587	0.0516	955.5550	0.4903	0.0023
3	3	0.1512	0.0542	955.5550	0.5147	0.0024
3	4	0.1705	0.0481	955.5550	0.4563	0.0021
					720.3237	0.5715

4	0	0.1579	0.0531	921.0629	0.5018	0.0016
4	1	0.1584	0.0530	921.0629	0.5001	0.0016
4	2	0.1504	0.0558	921.0629	0.5267	0.0017
4	3	0.1585	0.0530	921.0629	0.5001	0.0016
4	4	0.1567	0.0536	921.0629	0.5057	0.0016
					684.4085	0.5880

5	0	0.1643	0.0523	885.9689	0.4916	0.0014
5	1	0.1532	0.0561	885.9689	0.5274	0.0015
5	2	0.1688	0.0509	885.9689	0.4786	0.0014
5	3	0.1560	0.0551	885.9689	0.5179	0.0015
5	4	0.1563	0.0550	885.9689	0.5169	0.0015
					658.7025	0.5874

6	0	0.1781	0.0494	853.8549	0.4621	0.0015
6	1	0.1583	0.0556	853.8549	0.5199	0.0017
6	2	0.1655	0.0532	853.8549	0.4973	0.0016
6	3	0.1639	0.0537	853.8549	0.5021	0.0017
6	4	0.1657	0.0531	853.8549	0.4966	0.0016
					644.1366	0.5706

ibin	avgmult	avgpt	avgeta	Vn mean	Vn mean Error
0	314.2915	0.9485	0.0612	0.0530	0.0014

1	307.3069	0.9481	0.0604	0.0515	0.0016

2	300.4018	0.9476	0.0609	0.0531	0.0011

3	293.5059	0.9470	0.0596	0.0523	0.0011

4	286.6040	0.9464	0.0592	0.0537	0.0008

5	279.7932	0.9459	0.0595	0.0539	0.0007

6	273.1139	0.9453	0.0595	0.0530	0.0008

ibin	Nevent	totmultall	avgmultall	avgtrk
0	440766.0000	138529016.0000	314.2915	216.8639

1	609408.0000	187275290.0000	307.3069	211.8723

2	837755.0000	251663077.0000	300.4018	206.8768

3	1136263.0000	333499949.0000	293.5059	201.8808

4	1517550.0000	434935885.0000	286.6040	196.8875

5	1972912.0000	552007267.0000	279.7932	191.9033

6	2445786.0000	667978203.0000	273.1139	186.9282

