-6886.07	48996	120474	106998	40775.5	-21409	-15992.7	-20398.3	-13725.4	32583.1	62625	54633.4	68599.2	59983.1	14136.9	
299222	164976	118721	53931.4	46808	104215	48728.4	-11030.7	-39580.5	-10732.3	22718.6	37209.7	14253.6	-68103.2	-181913	
-57580.1	-73772.6	-21714.1	15999.2	-28170.7	-28238.8	2380.14	-2052.54	1162.96	49119.9	28271.1	16.9938	2056.07	8261.17	12425.1	
47419	51873.5	-10144.5	-45380.8	-1675.24	66637.6	65700.4	43247.9	68529.1	48070.5	-46589.6	-36696.8	-73360.4	-53919.2	-7648.11	
-7780.65	23003.4	-13952.6	-36748.6	860.96	31170.2	30226.1	-10019.8	-22119.5	1734.8	-8318.6	-25460.9	-12943.7	16308.6	32749.2	
72259.6	45263.4	12544.2	44014	21123.2	-12091.5	-2103.99	4075.27	-36430.4	-20968.9	60678.3	74336.8	27280.4	8249.94	-10780.5	
12804.7	11862.4	7536.91	-36493.5	-37526.2	25721.5	139797	58589.6	11124.9	-21389.7	-39620.8	409.706	6787.68	6093.2	-12636.5	
-37000.9	-33198.1	13983.4	-6400.38	-19756.2	-4334.97	-55157.3	15361	56188.8	25038.8	-18678.1	-11101	26527.6	36892.7	23521	
40356.3	73081.7	114703	15198.7	-14265.6	-38191.4	-4873	29438.1	63380.5	63242.7	37258.5	-7386.47	-20435.7	-10770.7	-19171.3	
-62062	-43712.2	-26281.6	16482	24156.8	-27585.5	-91717.5	-54691.6	-27540.5	-17561.8	2356.88	10642.2	4420.62	19804.4	50901.3	
-25797.3	-11035.6	-60693.6	-87585.8	-32110.7	45715.7	57492.3	16965.4	47503.4	20921.7	46722	67186.7	54305.4	40546	33813.7	
28886.4	24370.1	74970.5	47108.6	40379.6	32449	5972.58	1622.14	-8444.75	61859.2	58209.7	18526.9	19509.4	5268.39	-23129.5	
10137.5	72412.8	44089.6	44939.1	104388	103024	67728.5	47510.7	4047.82	-21730.5	14250.6	5506.52	-52252.9	-43539.1	17593	
8527.78	-8507.55	-40153.8	-34720.2	14516.2	73796.9	77689.1	3739.3	-12398.2	-16081.8	7452.01	24602.4	15566.1	20006.3	10991.3	
3304.67	-11958.7	-40020.5	-52701.3	-35684.7	20089.9	43104.2	-33780.5	-16281.2	49281.4	53314.5	22728.4	-15773.1	-28594	-17146.1	
-72694.4	-71683.2	-51727.8	-66996.3	-60234.3	25113.5	111451	19926.1	12768.2	67151.2	35596.4	-24931.7	722.963	31363.2	44354.8	
37640.8	32466.1	-116321	-97355.1	-57593.9	-102477	-95072.6	-5870.23	17074.9	27134	75238.9	71238.7	30620.3	-6495.19	-1800.58	
-13052.5	453.275	-14111	-5657.03	10504.1	29202.8	10303.8	-51939.9	-116585	-177779	-80915	-2640.15	5904.8	-17967.6	-15468.6	
32377.9	12105.1	36650.4	13755.9	11568	29113.6	-14535.4	-33410.7	-55632.5	-59196.7	-26848.1	762.533	24696.3	53261	11691.3	
-28175	-13326.9	32838.4	46058.9	34280.7	9708.65	-12376.2	-17978.4	-5613.25	11642.5	54321.9	38891.2	-14145.9	-13829.7	5221.01	
37631.8	1134.56	2288.88	8180.94	37619.4	56139.3	46199.4	8287.72	-60538.2	-90543.7	43291.4	147080	168677	124958	47018.8	
-27663.8	-114580	-226281	-164609	-38262.4	-10578.3	-39701.7	8101.41	36519.1	73616.8	128806	94379.6	11955.5	-61349.2	-83853.7	
-31469.6	-73999	-136349	-101248	-62246.7	-61316.7	-66060.3	7017.29	48438	23792.4	35403.9	40897.7	-3416.2	-27244.6	-10340	
9925.96	42663	149128	104932	41861.6	-26367.9	-79560.5	1945.66	71681.7	42988.6	-25156.4	-44268.9	-28781.3	-325.043	4682.39	
70983.7	96163.2	39170.8	-40629.8	-105501	-155492	-144029	-69831.1	29416.8	16891.2	-34778.4	14611.1	72197.1	49842.4	8403.53	
-27697.5	43665.1	85371.3	92003.7	98927.8	90263.1	111223	48366.3	-19635.3	3586.22	10326.9	-19655.5	-12366.1	31865.2	79687.8	
8793.84	54704.3	99715	50790.7	9724.87	3310.14	84.4412	24495	27192.1	39249.5	46581.8	56478.4	46395.4	22591.9	6945.32	
-81551.4	-57400.4	-79341.2	-78879.4	-51850.5	-26843.9	-14913.2	5070.31	17920.4	-5152.08	-23638.7	-24815.4	-30669.1	-37220.9	14504.6	
-5097.08	1225.18	10818	13056.6	-1231.51	-8164.17	-3251.37	-39273.8	-33594.9	2794.28	14110.3	7808.18	17946.3	8600.82	-7191.14	
-75080	-77347.7	-96868.3	-54229.7	50330.7	90512.6	71418.2	-24223.3	-99465.3	-63144.4	25567	58395.9	55669.6	46876.1	48274.1	
40550.7	54219.4	75280.7	16807.9	-21242.6	28087.6	96749.2	29522.2	1223.59	563.27	17310.4	-14184.3	-45597.9	-22543.6	-14730.4	
-75567	-63779.4	51278.6	27113.4	-37894.6	-32930	-5885.12	-28967.8	-47187.4	-20376.7	8349.58	23522.5	12770.9	-22985.9	-13183.4	
-11934.5	-56586.6	-15846.2	-14089	-43019.5	-34271.5	18566.2	84840.6	51395	-41835.2	-58693.3	-3653.59	8654.26	5171.28	6785.34	
-87095	-58772.3	-64613.7	-33687.1	-32277.3	-58636.7	-22649.8	-14457.1	-34534.9	899.252	32363.2	-20211.7	-50119.3	-26007.7	20655.5	
81772.3	65935.9	24409.9	34529.7	85955.8	36772.2	-11174.5	22008.9	76130.4	20926.4	-84314	-96085.1	-23732.3	19469.3	-21811.5	
-10368.1	-24186.6	-40102.8	-46634	-42699.2	-10921.6	63767	40199.3	-47652.2	-106839	-73805.2	-44242.3	-6995.08	4945.81	16558.6	
19086.7	-1464.35	-4591.48	42158.4	48923.3	7908.36	56253.4	6226.54	-38421.2	-63423.1	-51288.1	-23361.5	-33281	-44123.5	-29054.3	
8288.35	40773.6	71617.2	40828	-1185.52	-438.077	15371.6	-9646.17	14709.3	32359	5429.79	-15878.4	-24295.5	-14509.5	2576.23	
-43168.5	-54663.9	-63298.3	39280.5	32773.7	6345.3	-83412.3	-79250.3	9928.23	-57894.6	-77245.8	-24039.1	-518.156	17338.2	34943.9	
-144317	-182409	-250856	-181806	-100157	-18525.7	-83039.9	-100766	-30674.3	-83788.9	-140018	-89943.1	27025.4	88467.1	115934	
-21864	-62075.1	-140184	-81998.3	-103707	-32878.7	-5489.48	-13209.6	1856.5	59696.3	98808.2	98368.3	73736.8	27641.1	27398.3	
74642.9	70589.7	76025.9	-67.3765	-34012.4	19588	41129	-36052.8	-88001.8	-95076.1	-44606.1	-38916.1	-16683.4	49946.6	-11771.3	
-10630.5	-91517.3	-161732	-132397	-43616.9	53716.7	66192.5	-68722.6	-58772.3	-23488.7	-17767	-17769	-23734.1	-40215.6	-51391.6	
119406	29555.4	86787.5	71249.9	20390.7	17771.1	-8250.77	5550.74	15612.1	-28316.5	-54551.1	-38726.7	-27373	-61465.9	-103666	
-73854.7	-50951.7	-2547.07	-40320	-46991.5	48238.6	115329	27673.5	-63157.2	-38378.3	41106.9	113981	100819	17414.6	21779.9	
13023.9	-26346.6	-20166.9	23694.8	52134.4	12920.3	-94457.1	-123167	-53638	3902.26	-19902.3	-49321.4	-40029.3	-20129.1	-32323	
105774	77873.9	71885.2	-156.131	54227	53561.7	-44967.9	-131242	-116728	-80135.1	-64090.9	-37028.7	-41437	-92448.4	-119603	
4511.47	-80250.1	-58190.8	41418.7	5625.55	-22967.3	131321	109374	64815	35598.6	25540.9	77266.7	64297.7	4779.44	-13435.6	
74633.9	76135.8	57825.3	71674.2	133179	162747	123863	74662.5	49390	-36241.4	19456.8	133351	129973	75949.2	16849.2	
16101.3	13276.9	25058.6	-12131.9	-59198.3	-12603.3	2227.24	28490	37542.2	34689.2	55508.9	55443.8	46691.8	22730.6	-15369.6	
-16632.2	4012.42	-34463.3	-49539.1	-9779.03	22591.7	-41468.7	-62110.6	-4018.52	13008.8	9965.46	-54323	-148280	-138196	-47497.4	
-39814.3	-49971.9	-94856.3	-22699.2	-11732.1	-32160.4	-15986.7	14049.5	16318.4	42548.8	-1337.84	-60594.7	-33172.2	20372	41182.8	
-25151.4	-2034.85	21056.4	11424.6	-8395.27	-5965.73	-13763.6	-26868.3	-11266.7	11950.5	1016.4	8436.64	17662	11630.9	17906.9	
-73497.4	35094.5	122979	36363.9	6004.35	15903.4	29580.6	24066.1	-5007.84	12602.6	29617.2	18630.3	22094.1	36334.2	72219.3	
-54936.2	-28268.9	-12437	-7808.35	-47387.6	-38981.2	15454	29690	62546.7	111824	73557.2	62027.2	46727.8	46823.6	65214	
-52182.6	-41946.6	-61764.3	-3101.79	7504.88	23314.3	14711.4	-5766.62	15853.6	-14935.9	-34501.1	-39350.9	-14930.9	-4805.08	11815.1	
79077.8	63151.5	39358.1	9521.93	-10678.3	2962.37	6801.96	-81193.1	-88759.7	-64850.2	7128.13	54946.2	45735.4	15711.2	-22340.6	
7241.78	-10115.4	1911.23	15215.3	8173.58	-56.5779	1110.89	20701.2	3022.78	-34082.7	24108.2	104985	90035.9	-10163.9	-53376.9	
-15523.6	32758.3	28498	35788.1	44189.5	5834.18	-58137.1	-50217.5	-63802.2	-40420.4	18288.3	-12900.5	-19145.5	14525.6	29871.2	
50042.4	56598.3	48476.9	-10913.6	48317	56673.7	-89297	-110098	-39377	4073.56	-18204.7	28894.6	77760	60564.3	23212.9	
-47665.8	13874.5	56055.6	30760.5	50920.8	54553.4	-57305.5	15731	52521.9	84327.3	71473.2	35503.5	-8528.41	-40450.1	17491.7	
30580.1	5758.39	-50554.8	-58819.4	-66841.2	-48113.7	9025.9	38851.9	19623.9	30381.3	76710.8	61182.6	29281.5	17044	4734.28	
-30992.2	-35513.7	-86591.2	-52408.1	81486.1	76902	33440.2	94376.5	107069	2491.27	-62518	-27934.7	38167.4	57757.7	33543.6	
57897.4	4135.36	-63360.1	-70028.7	-37945.1	779.636	-6629.14	-26056.3	-50509	-59317.6	20841.7	57693.1	7608.69	-30986.8	-56058.5	
-2016.48	-36348.7	-35741.5	-33400.5	740.481	87041.5	125312	61919.8	53715.6	148598	137701	10883.3	-4827.28	47100.9	20015.1	
26147.3	77204.9	164111	119663	41133.7	-58450.4	-132732	-70924.6	-87411	-69861.4	-44288.5	-54638.3	-48774.5	-40645.8	-27265.4	
8560.39	18369.8	22938.6	6480.59	4897.19	37422.6	68654.3	34005.5	10322.8	-11166.9	-30837.9	-20953.7	1907.64	35228	34037.7	
24757.6	-51038.9	-110921	-46627	-472.022	-27870.1	-66964.2	-9338.49	62865.8	61983.3	-15324	-62151.6	-29981.7	-8067.89	1679.54	
7730.37	-16883.6	27718.7	86242.1	32811.4	-50274.2	-118745	-54765.6	53321.9	87283.2	92450.9	68271.3	78364.2	73855.3	29649.2	
-44240.3	-47994.5	-97688.4	-32128.2	46862.9	37714.5	24671.1	349.734	-18620.8	-22475.6	-931.136	27430.4	-11703	-23678	11917.3	
-42294.8	8774.78	-4460.54	-28834.6	-26026.7	6898.24	54028.3	56579.4	68429.8	76436.2	59690.6	58169.8	74704.9	69297.8	63329	
42989.1	42400.5	28117.1	-23376.8	3451.07	37869	44481.7	-15736.3	-28604.2	-35604.7	-19702.1	2137.43	6577.76	19446.9	11005.5	
-20767.5	-4790.19	-43737.3	-46629.7	-20352.9	-23616.6	-28524.1	26569.2	63479.2	55767.2	32975.8	23169.1	17126.2	48932.1	65276.6	
29344.7	40974.3	70737.2	16209.3	-42185.2	67662.8	119770	-29521.7	-13072.9	19653.6	9783.37	-7792.58	-26116	-42906.8	-41176.1	
-65836.6	-41360.1	19710.9	40626.8	16545.8	-2289.78	4957.73	-68017.5	-58568.5	4663.16	46886.6	41587.9	15514.4	-3055.84	8145.26	
7843.32	-1997.25	-38792.2	-116181	-74907.1	8546.29	16388.4	15240	54416.6	40641.4	-24434.8	-40310.9	-40623.1	-26060.2	-27066.2	
13733.3	70714	87551.3	93255.4	83794.2	26159.4	89076.1	115081	65513.2	25896.6	-13523.6	-5289.77	45780.2	39888.4	15136.1	
13254.8	87343.6	53782.5	12008.4	33368.3	29590.1	1463.9	-44044	-40690.1	-40557.7	-67391.6	-149577	-113904	-21686.9	16695.1	
-49054.4	-43228	-54738.7	-40891.1	-48031.5	-55495.1	3220.57	68462.2	90995.4	111975	87358.6	19845.1	-29153	397.118	21032.1	
37162.8	-25339.6	-29086.7	57661.5	70254.9	65914.2	102450	54010.1	-5964.66	-69662.2	-28597.1	32432.9	72397.9	78446.2	-4110.68	
-982.826	20943.9	26718	18183.7	16573.3	33621.7	56986.2	45908.1	10447	-31620.5	-16741.6	-10997.5	-12869.1	-1107.13	10083.5	
-7796.73	13553.8	-22940.2	75.9209	50044.1	20524.1	-51259.8	-37121	-18138.2	-45080.6	-69284.6	-93785.1	-77512.7	-14528	31377.2	
-39701.4	11684.8	100660	-21425.9	-98579.1	-57342.4	-68391.8	-20627.9	170.659	-6290.11	-8092.04	10610	50248.4	36045	12573.9	
19258.3	35565.9	6977.97	-7472.38	-4896.43	-14881.8	21731.8	78832.1	75839.2	28621.4	13127.2	6626.03	-7688.19	-6106.49	12520.6	
85083.5	48136.9	-19948.8	-75865.4	-70171.1	-50417.1	-53047.1	-54124.1	-98292.6	-69082.5	-65709.7	-65181.1	-39607.8	-37505.9	-51280.9	
-74870.7	-983.687	77882	115900	108791	-7026.92	-111880	28647.2	35334.6	-21714.2	10948.2	-29616.1	-119144	-42554.6	63604.2	
46543.8	-16655.5	-64197.1	-106026	-77010	-97328.3	-40767.2	4672.9	-33332.1	-56791.3	4028.46	43786	66089.4	15695.7	-47964.2	
-52191.6	-40235	28428.2	22250.8	-55689.4	-54306.1	-11475.7	-5908.9	46139.2	33256.1	1220	-9926.04	-41875.8	-47049.3	6082.66	
26206.8	-22833.5	-5694.76	29238.2	25083.6	43823	58814.3	-43283.7	-106275	-119896	-35850.2	52402.2	26423.4	-43543.5	-59886	
55243.4	41217.3	16030.2	-17714.8	-905.313	59960.7	30222.3	-53526.4	4164.5	56028	12711.5	63335.4	73264.8	15022.8	-32947.5	
46942.2	-32035.1	-77920.1	4917.94	60322.7	52117.1	18438.9	-20720.3	-6399.32	27499.3	3783	-60605.8	-66275.4	-14737.2	-16534.5	
-68694.6	-39236.2	87438.4	107383	52973	-47564.2	-71143.9	5358.68	43339.5	-48080.1	-70381.7	-13133.1	-10163.3	-64911.7	-54793.9	
124960	109361	137656	62043.4	22611.6	10564.6	-27168.9	-17940	-11596.6	384.562	-8269.68	19954.9	18148.9	-3389.85	-58678.1	
-80279.8	8814.96	110540	107117	52480.4	-81659.8	-219017	-106026	-83677.9	39809	32415.1	-20568.8	10369.3	-1193.49	3703.47	
27419.6	48885.8	48942.2	-51081.8	-108347	6337.09	81523.6	14051.6	25172.3	68759.2	29542.5	2074.51	-856.025	-5463.17	3072.53	
53704.3	21451.8	-27994.6	6151.25	21643.9	44917.7	90612.5	113753	25018.9	-19313.6	11249.6	37067.4	40400.7	12363.7	-23492	
63598.2	64435.1	50301.6	57363.6	58104.2	54934.8	45286.5	-11720.9	-55422.4	-50465.6	14560.6	57809.4	89371.5	80143.7	23587.3	
-18290	-11267.9	-7598.76	-14128.4	-31946.3	-48506.6	-44222.6	-38086.8	-34771	-17734.6	-16980.6	-18110.5	-14989.7	5943.54	27051	
71978.2	7421.3	-46078.6	-124431	-20839	61481.8	-29343.2	1616.62	41180.7	-31073.8	-97795.3	-99312.4	-97657.8	-113660	-121426	
88109.1	38979.2	5179.42	14460.6	-4881.76	-5460.65	11927.3	-46508	-62026.4	-63468.8	-27246.1	-7758.63	-24635.9	-968.107	-18524.7	
-10441	-25288.7	-63024.3	-48693	-84206	-132596	-244199	-133287	-15989	3401.86	-31879.8	-29020	-14818.4	-34267.1	-39945.6	
-4663.55	-17644.6	-24247.9	7128.54	43080.2	47434.8	24713.8	-18738.3	4186.47	39064.8	-19576.3	-46600.3	-40612.6	-28955.8	-17424	
-6590.53	73495.5	188994	101866	91048.5	68200.2	21331.2	9560.23	12877	-43790.7	-24530.1	25369.1	35223.6	33512.1	24151.6	
64710.7	-37491.9	49834.4	108545	143504	170206	164461	148324	57257.9	25789.5	92917.9	51640.8	-31718.2	-100521	-127348	
33567.9	-4349.16	-108236	-160734	-119717	-71672.2	-437.553	74876.4	105740	123832	7607.21	-73012.7	-87699.8	-20614.8	4571.97	
-22818.6	-17013.8	-450.169	18255.1	29087	40564.6	-3297.51	-59754.7	-41295.6	8715.92	33753.9	24695.8	25600.9	30714.3	36810.7	
-12403	21372	-5577.58	-56399.8	-89101.5	-20315.9	19864.9	-52271.8	2855.64	92341	61644.2	5618.52	-35174	-13487.3	10062.1	
-63490	43959.2	83024.6	60578.8	32591.2	-2126.18	103311	118725	137399	86206.2	-44337.8	-58653.7	-26464	-101.833	67121.7	
19350.6	22.2044	-54046.2	-157539	-129230	-44931.3	-3161.13	52908.5	45290.9	80123.1	48506.4	-4747.34	-25677	-48490.7	-54413.4	
-10449.2	-3673.31	6165.3	10692.3	-10067.5	-23408.3	-29822.5	-41300.6	-31056.1	15039.3	51034.7	57554.6	50644.1	40785.8	28328.5	
-22378.4	5709.54	1112.01	-842.349	4093.63	9093.84	8908.86	29316.2	-41429.4	-55701.2	-6032.08	-26497.4	3518.02	12546.8	-6146.25	
-73339.3	-142236	-80316	-33000.5	-56097.7	45245.4	143903	14966.4	20637.1	-10226.6	-1990.58	38014.6	11921.1	-27363.7	-8175.32	
41920.4	12185.6	2004.76	-590.953	19480.1	80236.8	119286	42781.1	-50429	-30073.5	8078.4	27207.9	36103.6	19741.3	-14870	
-17442.9	21504	69749.4	5745.55	22451	40340.9	-27011.8	-26346.7	30511	46537.1	28287.4	-4916.02	1236.03	60074.4	35750.3	
48208	97484.4	83434	-622.033	-41011.9	-37745.2	-33171.3	-23966.9	-5169.9	-40800.4	-61341.1	-35642.9	-4193.51	25976	13948.6	
-93787.4	36417.5	34421	-119124	-93786.9	63848.5	159490	100315	-16777.5	-102176	-115758	-51606.9	-1950.5	13092.2	76596.1	
-45409	-61032	-43309.3	11704.4	16124.9	2927.33	13075.8	-4374.79	-40440	-66659.2	-3828.05	1426.6	-15594	-9236.95	-703.875	
139116	125306	97963.8	59784.1	4076.88	-38822.2	-89242.8	-21457.8	23705.8	6720.11	-4568.11	6815.83	-23526.5	-66450.9	-82698.2	
14630.9	38336.4	87227.6	70258.2	33786.7	-91765.1	-187572	-23804.7	-4240.42	-100305	-72266.7	-60494.1	-35196.8	30172.5	57501.6	
-7305.01	8751.76	-26444.8	-32039.1	-53902.5	-63714.9	-63231	-8885.04	-32467	-33461.8	25783.2	11638.2	15319.4	47583.1	49711.9	
67312.8	85303.4	21165.3	-87706.9	-66466.7	-12980.9	-34438.7	-40143.5	-11842.7	-14704.4	863.862	4203.51	944.273	8050.53	362.744	
34489.1	20286.2	14933.3	15686.2	22340	19631.9	-2831.87	-37242.2	-31989.1	-10091.5	10815.6	4487.26	-16851.6	-25306.6	-21375.2	
57381.9	64673.6	133197	77816.1	37060.4	44622.9	69125.1	36688.6	-18857	-106441	-49782.2	-42653.4	-67457	-7328.94	4625.73	
-40530.9	-18193.9	-29333.6	-11107.8	-3652.91	-33996.1	-26228.4	-2186.57	4377.4	41114.7	26979	-47056.9	-73572	-40700.6	5991.56	
-28168	8454.78	-8336.3	2699.55	60557.9	26402	-26129	34530	47472.3	24824.6	-11494.5	-41117.9	-16540.1	21422.2	34359.7	
-42832.9	-44351.3	51727.1	136030	61496.3	11841.3	23836.3	4353.8	-19941	-40390.7	59724.2	72953.9	16712.1	34273.6	56204.8	
-43038.6	-90252.5	-116397	-53053.5	-72258.6	-85637.4	-29157.1	-10003.6	36842.4	-22047	-103789	-74236.3	-13940.9	15085.2	15055.9	
20524.6	-5755.72	-1078.41	46151.9	43872	27876.6	61037.5	91746.1	48445.2	20799.7	29712	24802.4	32419.7	41834.1	8020.26	
12409.7	-16642	-74976.8	11156.7	12947.4	-58414.4	-77465.5	-54694.2	-72403.8	5683.71	105680	120709	81344.5	63834.5	44437.1	
-15157.8	-58366.3	-69561.5	-27909.1	-38558	-66028.1	-24862	-3599.67	-9693.66	-5742.27	-16284.3	-30850.8	-70748.4	-56043.9	-21739.2	
32881.7	-8811.28	-106059	-158409	-4954.36	53181.5	8607.75	32213.7	51848.6	78153.6	57033.1	33083.1	-5514.53	-68476.8	-66249.9	
-15304.6	-3859.21	27471.2	-13795.9	-33371.2	2469.79	4118.39	12916.6	-39279.6	-93969.4	-41891.5	-16577.7	9372.85	28709.3	24341.9	
-5619.51	-3691.92	18518.3	11453.9	19034.3	10441.7	-4189.13	-10672.2	15.544	16668.3	30811.5	14351.5	-4380.74	-5690.55	-2099.34	
25873.3	-9286.94	-20716.8	24272.3	13440.5	4078.11	5158.74	-17506.9	3692.21	26003.7	18864	-28381.7	-40532.4	-13529.2	-10418.1	
11881.7	48796.1	60886.7	82904	48652.2	261.672	68071	23881.7	-47715.1	-68910.2	-17548.9	18434.1	36083.7	30828.5	1037.48	
39077.6	5931.45	-25873.1	7897.44	62066	36627.7	-31557.7	15185.3	81085.8	95344.3	76695.5	48539.6	33502.8	21520.3	-13044.9	
-45182	-69505.2	-60964.3	-46470.5	-72274.5	-98167.5	-26504.9	111175	116892	14860.2	-56772	-63704.7	-20366.4	17419.9	6749.83	
36682.9	-17441.9	-24976.3	-3331.86	369.259	20215.6	-27710.1	43083.7	92454.9	36254.4	-6572.43	-38112.3	-76108.3	-57570.2	-58361.4	
-8721.63	-3267.61	92858	34204.4	7642.93	5859.52	1007.3	43804.4	59138.3	62182.3	9996.75	-65037.4	-77419.1	-69244.8	-38576.1	
40672.1	9065.92	46797.9	39755	-3978.29	-10152.7	26406.2	63451.4	103952	62400.5	37350.9	-29460.9	-79306.9	-1739.71	20227.9	
16043.4	47684.5	96831.3	72837	22576.6	1989.69	7670.01	30920.2	25620.4	-28622.7	-74121.9	-78474.8	-24565.2	38175.3	29706.2	
-54363.2	-695.953	-5678.46	-64954.2	-97680.2	-82053.5	-86624.8	-82643.8	-72710.9	-67754	-45879.3	-605.969	14312.2	-8885.66	12448	
118764	82284.4	61126.5	44572.4	43797.1	22392.5	7033.79	-7415.1	-14904	-25842.5	20264.7	51282	9564.56	-27519.9	-61823	
-61595.1	-31018.3	24543.7	20427.3	26083.2	3338.09	33085.8	-4639.17	-98392.5	-90601.7	-30002.6	-67842.7	-30067	13806.2	14793.3	
228.988	-57861	-74057.2	-9200.61	87133.9	94563.7	70557.7	-77830	-37673.7	75116.3	12105.6	-1159.87	-10676.9	17456.8	31058.4	
36559	45476.9	-4766.9	6452.77	42582.1	-7431.77	-42953.8	-18002.2	7372.11	12948.4	30680.4	36400.6	48483.1	63210.3	41046.2	
-38141.6	-46864.6	-94775.1	-122266	-142917	-111478	-92265.1	10683.6	-10520.9	-21730.3	-56960	-74852	679.043	-13518.2	-59932.8	
12234.9	-9585	-67712	-54214.3	24009.9	48246.3	35209.5	26421.4	32778.5	-3802.48	-30592.8	-45205.8	-53526.5	-12195.9	6995.34	
5659.98	43041.6	-19712.8	-9240.53	118432	123720	-24113.8	-82251.1	-51912.5	-569.893	-38069.9	-86169.7	-26550.3	20028.1	34956.1	
-14655.9	6098.45	-24500.3	-58197.6	-74715.4	24515.8	113893	17421.5	23234.6	35042.7	-11260.2	-3353.46	35202.4	23842	6530.51	
96538.5	75867.1	-9216.76	-20996.1	-25034.8	-61560.2	-58089.7	-4550.64	-7904.76	-22551.8	19639.8	45578.6	-12151.5	-57079.9	-38361.1	
40744.2	61038.9	45922.4	-26424.6	423.73	15503	-64683.8	-51351.7	4502.89	37826.5	26223.6	-3921.8	-24604.1	-50348.2	-47118.5	
23639.6	72379.8	125345	40501.1	27995.1	43864.7	19341.5	13682.4	12833.3	-83544.6	-65528.6	-5881.6	27458.2	24326.1	4513.83	
-9493.81	55219.3	55734.9	36675.4	6897.31	-19163.2	-35001.4	9857.94	41923.7	-30340.3	-76302.1	-44670.2	-39102	-41583.8	-2423.77	
-56258.4	-55644.8	1732.23	-26883.1	-32240.8	58623.4	174527	119637	23196.8	1139.99	18173.4	-43117.3	-57163.9	-32675.3	356.53	
17782.4	24459.7	850.274	-3277.64	72194.9	70135.4	-25645.1	-52445.2	23183.5	51055.6	1717.45	-26267	19689.3	41189.5	47268.8	
23416.1	-28945.5	-54057.8	8019.73	-8130.47	-9684.79	-44929.3	-88817.1	-53478.5	45426.3	104475	121638	70029.6	48566.9	28163.7	
28419.4	17223.4	25729.2	84022.3	98683.7	17737.8	-47392.4	-17835.9	-3217.54	39053.7	45842.3	76189.9	97834.4	49597.1	-1375.22	
2123.83	25011.4	121089	74860.6	29636.3	-552.157	38177.9	47020.4	18175.4	46814.9	687.129	-30172.8	9221.79	39575.4	13115.7	
8526.32	2369.15	-32711.2	-51858.1	-34148.9	-3252.49	-25645	-45224.7	-13377.7	30665.1	3023.44	17028.3	11626.1	-66154.6	-72274.1	
36118.5	71007.2	39594.9	-26435	-38446.8	-3366.97	-55257.4	-92418.6	-82169.5	-90881.6	-63634.9	-22861.7	612.717	-31005.6	-36603.5	
-20565.6	-23572.6	27159.7	30425.2	-16964.1	-44710.6	-800.653	9159.19	-33791.9	-42141.7	43296.2	49339.8	4200.45	-6062.41	3264.38	
20934.1	27985.5	58930.4	60253.8	42959.3	52561.9	53376.3	-5615.18	-5144.84	28734.7	1416.08	43257.7	79882	54781.3	6940.9	
129919	124078	160384	90639.3	57428.1	1350.84	-53462.4	-47123.1	-66693.6	-113548	-32929.9	18274.3	-14461	-29892.3	-62108.2	
-27229.4	10572.3	42147.3	18154.9	6292.79	9806.56	1615.2	-10027.1	2365.85	28664.2	46437.5	28107.2	8407.28	17807.1	33631.6	
-33345.5	-24561	-18641.9	43962.1	27129.1	-3920.93	23143.8	3434.82	-15957.7	-18694	21043.9	23354.8	-8141.11	-8562.66	27940.4	
122440	76955.2	50357.9	7112.86	-7624.49	51851.2	88137.4	6059.44	36615.1	104846	37076.4	-42047.8	-37374.7	-42419.7	-73531.3	
37616	50482.2	91449.1	67749.3	16002.9	52862.3	78256.4	-46657.9	-99819.6	19465.5	104287	7544.74	-47804.9	-4033.18	27042.8	
61569	22419.5	46945.7	-12475.8	33572	48017.1	-8920.67	-87377.4	-68373	30334.3	60692.6	10595.1	-17458.3	-44728	-99775.4	
-9551.65	6183.27	-42188.9	-54466.6	-8170.3	6162.24	24847.9	81649.4	74666.1	12055.3	-35882.5	-40952.3	12453.5	65108.7	60084.9	
79213.9	94721.9	49483.9	-11133.4	-28676.6	-35926.6	-40578.3	1641.98	19425.1	21319.9	-5203.23	-49777.5	-58644.3	-7038.12	-2778.43	
52408.8	55348.6	50165.4	19229.8	-17674.3	-59278.6	-72299	-16162.3	31443.3	-23745.5	-28130.9	-16122.3	6761.07	23406.6	-11038	
-1068.52	5905.27	329.481	-22656.4	-38999	-25531.9	-23050.4	859.875	13094.8	23208.7	25248.3	4083.69	-1087.54	13715	15663.7	
-61921	-5361.9	131616	145218	43496.9	-5925.87	6278.9	43918.9	46262.5	9219.45	-35224.3	-22315.5	1074.37	-679.826	21835	
17586	56886.4	57321.5	53732.9	65749.7	27332	-16878.7	-24524.2	-4618.38	-24089.9	-66431.9	-14008.3	48625.9	46887	32454.7	
-40911.3	-18387.3	69947.2	91143.9	87682.6	45938.7	-36760.9	-5625.97	44803.7	53397.9	3776.98	13909.5	58974.9	42866.5	10035.4	
71261.7	66030.3	13014.5	-11521.6	-19143.2	4397.48	19436.5	31070.1	9149.77	-22213.7	52251.4	31645.4	-27798.2	-23811.8	-22154.6	
47301.8	13538.3	-34891.6	-50514.8	-56157.3	-35550	-51357.6	-17103.4	-46065.5	-52301.9	-38519.4	-33603.3	-1011.31	8252.72	-25073	
22169.7	9219.2	31179.8	47473.8	77559.1	58257.7	5614.71	-89340.4	-65264.9	73058.8	42830.9	45907	23812.9	-23345.6	-36544.7	
-39558.2	-25254.4	55307.1	152786	150241	48150.5	13139	65436.7	49634.5	51612.5	43941.2	12795.2	-27234.9	-21542.3	11122.7	
4322.95	31480.2	4547.65	-74471	-40129.3	27814.8	48998.5	56413.3	66328.1	55126.8	-12758.8	-58275.2	-35147.5	-5672.38	-3272.08	
-11424	-20619.9	-25507.2	-50371.8	-57252.9	-47433.4	-82980.6	-49809.7	-22948.1	-46898.5	-31494.3	-7372.87	-7822.81	-25215.4	-32715.3	
-61313.3	-45192.9	2470.01	58641.9	91293.5	63227.8	43027.7	-15034.8	-6301.51	37822.6	20746	24299.4	8030.94	4118.21	25186.8	
-112529	-130987	-91719.8	-75234	-112363	-51612.9	97895.1	163984	77923.3	28544.5	61629.7	3754.61	-22063.8	15387.4	56868	
78169	-1817.1	-53981.5	-89994.1	-111982	-74647.3	1011.44	49435.3	31088.2	10743.3	24334.4	35252.3	25865.5	2366.54	-29353	
-10697.8	-9285.26	82140.7	64241.1	16782.8	-17378.7	-29688.6	-43852.6	-15693	24217.7	-31534.5	-25626.7	8322.63	-6540.77	-23334.5	
53099.7	-5603.48	-44995.6	-22494.8	18443	-13378.8	-11358.6	89884.9	133734	56617.9	-45280.7	-14344.9	47494.7	47996.3	-23952.9	
-21169.6	6228.78	22166.2	-10129.7	-22181.6	-18244.5	-84686.8	-68118.7	-54456.2	-85160.8	20621.8	85430.4	11563.3	-47683.7	-3283.87	
-10082.1	29407.4	31521.5	18960.7	-5119.98	13319.8	129351	127374	38744.6	32886.9	15476.5	-9531.18	-864.753	47313	56356.8	
-76973.8	-61151.2	5127.06	66985.7	42347.6	-26423.2	-59625.5	-66868.7	-45511.8	-39962.3	-46724.9	5538.97	75058.4	65007	49422.4	
-8278.62	-16054.1	-18599.9	-13652.4	-35370.9	-23836.6	32029.8	22461.4	-40950.5	-58089.2	28600.9	41110.5	33200.1	29372.8	34384.3	
49192.1	-9241.66	-60065.8	4303.69	64679.2	43860.8	-7211.69	-19026.7	-7580.09	15451.1	29470.8	-11685	-20803.1	-1007.28	-38291.4	
4988.42	-5302.63	-35035.6	-15274.8	23962	33736.2	16078.2	14340.6	32913.7	3724.13	-7285.49	-4067.37	9279.27	11777.9	16731.2	
61975.1	9736.17	81021.3	113533	28676.2	-12022	-72012.7	-11262.8	45443.1	36102	-24921.6	794.209	49505.6	16884.2	-45892.3	
15913.1	-38738.6	31014.9	23796	10705.5	31268.8	78198.7	12834.8	-19585.4	-6168.38	28934	44147.5	78345.5	95022.7	30373.5	
-82204.2	-89221.2	-62254.7	-33950.4	7082.86	24729.1	21392	32867.1	-1769.46	17255.5	14830.8	12337.7	31733.9	30759.4	44593.2	
-48371.3	-5586.09	14103	22152	34215.7	35015.5	-9929.19	-5310.2	22470.7	56242	-18841.1	-29325.7	5592.6	66427.3	101793	
17490.6	-71044.4	-101099	-19111.9	-16420.3	9615.32	114498	122378	79238.1	35022.9	1031.64	-18309.8	-30370.1	9705.78	-7143.2	
61452.9	32561.1	57563.5	13058.9	-9434.46	8621.98	19706	54874.8	42603.2	15880	-14932.4	-8313.24	10574.8	6736.22	-34975.7	
22808.8	65716	117395	18899.8	-53889.6	-21458.9	-14960.4	-11286.3	-13245.2	-23419.1	-21836	9609.95	73568	85159.8	54802.4	
6098.61	58467.2	43721	-6242.83	37537	82644.3	28868.8	-74405.6	-92071.5	-64581.1	-31288.6	-43160.9	-11807.8	30056.2	29138.4	
34369.7	54951.7	41167.3	-12205.6	-6168.89	13510.8	-10874.8	-33579.6	-28561.1	-7235.47	-357.523	-22383.9	-11988.4	17071.9	25326.6	
-66364.5	-34446.8	2416.67	-1316.39	35760.9	47936.4	82857.5	73371.6	88270.6	68410.4	40236.6	5348.4	-87542.2	-135491	-67426.5	
76136.7	-6006.5	-31722.1	-41687.1	-2804.26	27271.2	50356.3	112125	168093	115226	11955.5	-43617	-30534.6	-14914.2	-63249.9	
-79364.8	12295.1	110462	16741.2	-35977.7	-76078	-231477	-102278	29955.7	-26830.2	-33609.9	59475.4	47819.6	-6177.73	39206.7	
-10084.9	1252.11	28988.8	65302.9	2415.84	-59973.2	-26648.1	72075	83791.9	16574.9	-41172	48020.2	54315.9	37941.7	56357	
50920.6	-48699.8	-116094	-85644	-93800.5	-83199.2	24498.8	120872	74712.3	-25071.4	5533.32	31949.5	-13268.5	-43925.1	-91066.9	
67255.2	29835.8	63457.2	31844.3	25345.8	27350.2	64540.7	18338.3	-9903.67	7175.57	32371	43930.9	49059.1	35869.7	-33982.5	
30280.6	25260.2	3391.09	70780.1	119540	53914.6	-143488	-185176	-139778	-138624	-77447.6	-63791.2	-54498.7	-30852	-41525.9	
11136.6	-4042	-44859.7	19129	74928.5	31469.1	-36860.6	-44988	-10729.8	39070.2	3349.3	-9918.27	10730.6	-3708.77	-21441.4	
-1668.02	10730.6	18435.8	6550.45	-21479.7	-32281.5	-13104.1	-15012.9	-41513.7	-29052.9	31828.6	47325.8	17988	4837.07	17945.2	
16792.8	-19689.6	-39977.2	-31017.3	-5684.9	23626.4	33993.1	677.227	-39931	-57669.5	-36772.7	-16294	-17460.4	-8401.46	-4389.77	
20129.3	-43886	-67396.9	-35449	23350.7	-3172.97	-50951.9	14048.4	43750.1	-23475.5	-48077.1	-27527.6	-18582.8	-51530.5	-101391	
-40451	4407.93	-5671.22	25106.7	87629.1	62745.6	53072.9	74595.9	96582.6	135993	92125.7	43802.8	-6693.19	-691.797	39629.5	
-79823.9	-34148.4	18737.6	-6517.83	24300.4	52927.7	31655.4	-36785.2	-34863.2	-20535.4	2243.03	29789	21753.9	8614.92	18081.1	
64089.6	43186.1	104216	88968.7	49087.7	19596	14003.8	-55143.2	-80586.9	-66377.1	-52751.5	-66172	-37013.8	-7914.88	-16022.3	
-58800.2	7426.79	15007.4	36285.2	-2487.78	-2784.49	69780	53645.3	-6347.39	-79005	-118107	-58281.8	-1515.82	32905	62786.9	
-7924.36	37243.8	55828.3	27363.1	40440.7	76492.3	91738.5	68412.5	20331.3	508.754	-25896.2	-42085.3	-17560.1	6697.03	15061.4	
17212.2	27590.8	43053.3	818.933	-23365.3	-41017.9	-26116.6	16728.9	25457.7	23470.1	-30110.4	2965.56	65944.9	64381.9	31331.5	
67755.6	13023.8	-98768.9	-132822	-61497.9	-15438.5	-39504.9	-22641.8	11979.1	38397.2	-1765.98	-18669.6	-18936.8	-16116.5	-34486.1	
-70725.4	-47741.3	-55029.1	-57581.5	-71371.5	-78853.2	-25917.8	76300	64262.8	-5818.07	-13474.7	42920.6	51348.2	36073.1	53694.4	
-51686.6	10184.7	51087.8	2973.4	-39110.1	-10814.9	-15895.8	-56450.1	-4974.73	17670.9	-6766.44	-27658.4	-17529.7	12861.4	54235.9	
-11407.9	-45429.1	-170483	-136859	-73491.5	-83035.5	-22589.9	64678.6	-6443.56	-50648.9	-76812.6	-124834	-23544.8	7945.95	22617.7	
-62702.2	-69139.2	-12962.3	41088.4	31331.1	10824.8	37333.9	17997.5	12294.9	87560.2	87132.4	59496.6	37713.8	22545.6	28030.2	
22298.9	15699.8	60535.6	43569.5	22828.7	61350.7	60800.5	-73131.5	-92199.6	-20370.6	17551.6	-5467.32	-35668.4	-33558.9	-45012.5	
83399.4	33035	63463.2	149062	154127	83279.3	25860.8	19693.8	40783.2	108338	121782	119137	55174.7	-29875.1	-69894.8	
25557.6	51951.6	23365.3	-14649.1	-33805.5	-6921.88	9926.15	-55436.3	-48420.7	-23921	56088	80165.9	27882.9	-5187.88	-4491.1	
-30840.7	-33162	3114.27	-40143.2	-98541.7	-97423.2	-156126	-132369	-38826.9	6298.37	-29650.9	-86465.6	-78490.9	-28309.1	10776.7	
154342	112819	73411.2	-37897.2	-77091.4	-12311.9	-9075.95	-103989	-30435.4	93145	129119	72320.4	18921.4	11680.2	-59934.3	
47253.4	32315	-37554.7	-57779.8	-4810.1	-11481.6	-21310.8	-4032.02	-53186.8	-56166.9	-34237.8	-27867	4427.85	4664.82	-17764.7	
-23243	-42806.7	-41218.7	-35267	-63995.2	-34719.6	-82577.6	-81215.5	-28828.3	23561.5	31031.4	-11194.3	-17646.5	744.633	1215.95	
5792.08	-11459.6	-29767.4	-11013.2	-15470.9	-30274.4	-61930.2	-82324.4	-60073.2	-38485.7	-51375.2	-47397.3	-27719.4	-27375.9	-18644	
-38329.7	-36404.1	-14581.9	4905.09	-19412.7	-34376.8	-59504.7	-45410.1	-58374.7	-45018.7	-7089.82	-45914.1	-40685.6	8558.75	29644.4	
54707.3	27073.9	13596.4	1511.62	-37699.4	13596.1	-28467.9	-130113	-44923.9	69023.7	94893.6	32296.6	-8065.09	-19819	-29488.6	
10230.5	-642.404	37941.7	50968.3	47601	32123.8	-898.295	-32215.7	-31389.1	-8487.58	13781.8	17617.8	-3923.01	601.061	3555.32	
49855.9	12173.8	-45649.2	-7864.29	16278	-36659.2	-84558.7	9981.66	18338.6	31609.7	-4312.2	-58216.1	-20134.9	19905.9	2586.62	
-31673.8	-10822.3	-15888.2	-49596.1	-28038.6	71372.9	160129	100684	41474.1	6373.45	2851.49	22035.5	61865.3	86894.8	63536.4	
61333.7	26384.3	43112.3	29650.3	-33098.9	-58372.7	-22172.6	60655.4	61366.9	-6421.8	-68020.6	-53640.4	1100.65	36180.6	-1401.19	
20264.8	9110.7	31599.7	18903.3	2350.16	-26871.6	-99455.4	-69405	-58074.7	-79741.3	-40398.3	-51555.4	-59618.5	-45917	-56528.1	
17205	-4765.43	-26802.3	-27504.5	-68833.5	-41965.6	8825.06	14740.7	-12237.9	-34440.6	3042.65	1169.09	-12289.6	18315.1	22280.8	
-728.738	5436.36	-23112.7	-26111.8	22865.7	78246.4	16376.5	-89255.3	-7899.22	59744.7	-33319.3	-20566.1	30089.4	-1845.82	-6531.25	
-15317.4	43900.4	96191.8	42804.3	39210	69191.5	73738.1	-88630.7	-123642	-45425.6	25179.5	8962.59	-22229.6	-10670.6	31451.7	
3528.24	-29895	-23792.3	56749.1	83221.4	38063.9	15225.3	5435.02	-1099.19	21040.6	49826.9	5524.03	-45666.9	-66116.6	-54267.1	
-71498.6	-58802.2	-14173.8	-2549.5	-30294.4	-9253.68	6852.85	7342.04	11760	-12493.2	-36977.1	-41316.1	-36949.3	-22995.1	13301.6	
-81245.4	-82540.9	8357.57	30662	21496.1	24004.9	68907.4	80415.3	-63800.8	-136361	67040.7	103184	34462.9	-6638.44	6138.66	
-37614.5	1331.19	49455.7	58767.2	71704.4	45524.6	13093.2	74369.2	89120.6	65792.3	60949.2	68790.6	95098.6	73842.7	58644.1	
-99589.6	-54077.2	-13216.7	-33969.3	-87110.2	-114118	-49745.4	64451.2	98476.5	153716	138078	93237.9	33245.3	31205.2	62633.2	
64152.1	42500.2	-35444	-40913.5	-5432.17	-78014.9	-135561	-73631	-34286.8	-28492.4	-25525.2	-49361.1	-96572.2	-98445.5	-48521.5	
34273.5	19949.4	26175	-60855.6	368.075	59927.7	25617.3	-111634	-221530	-190268	19552.1	84920.3	84417.5	66411.1	13355	
2880.05	-18791.7	5748.86	51917.6	38592.2	13005.3	-5985.57	-78761.6	-120744	-42493.2	34132.5	28009.1	54205	50837.1	6087.69	
-20765	22453.7	16108	7919.94	27052.8	21408.8	6633.28	-10535.4	21116.4	3859.49	-26713.3	-25315.8	-25489.5	-19214.8	8983.46	
3241.61	60140.2	14816.8	-29889.1	-11347.7	25191.1	44044.1	-67243.4	-114601	-71729.1	-43760.8	-9101.14	4.28374	10344	51575.9	
-60538.6	-96292.2	-97306.5	-8768.66	-3749.73	-36282.5	9238.86	-8333.44	-1779.65	6881.67	-42008.3	-30822.3	33574	46626.7	21820.1	
2810.29	-16974	-48199.1	-48415.2	-27919.3	-40479.3	-16239.4	30130.8	37420.6	7107.39	15702.9	39592.6	50014.1	43873	430.98	
-21902.4	25695	54719.6	20041.5	51405.7	71874.8	33187.1	64719.5	39551.5	36754	25481.7	34676.4	13849.9	26613.1	49233.9	
-85604.2	-89595.9	-89106.6	-79507.1	-35366.9	-45666.9	-22017.4	7193.39	84019.6	138023	51125.2	4877.96	69901.1	110675	98201.4	
-25288.4	56293.7	-30434.1	-93996.7	-114274	-99432.4	-105919	-73222.1	23016.6	54444.4	43307	42428	-6066.99	10582.9	65324.2	
-36543.1	-11947.1	29412.7	5374.19	-74208.9	-21323	89688.4	70870.7	42179.3	-7286.65	23035.8	32589.3	-9772.78	-24151.7	-8271.15	
-59045	-1840.69	-26484.2	-34130	-12107.9	30354.9	71138.2	16708.7	-61219.3	-72777.7	-11400.2	38047.6	32256.4	30030	78405.6	
66195.8	17366.8	-18711.2	-25535.7	-19635.8	883.67	49130.2	38316.7	35708	91957.3	16323.9	-42830.2	15805.9	39466	-20604.6	
71807.1	4558.32	-72823.9	-64043.3	-36859.4	-2531.93	88879.2	87377.5	80200.3	52451.9	-3185.13	-58204.2	-115708	-103353	-76137.9	
-58041.3	25526.1	2740.97	-8075.73	28994.5	37859.9	64311	-9954.79	-8027.32	11692.7	18058.8	-6165.5	-52824.8	-9590.43	62755.8	
-44771.5	13945.4	46950.7	49621.8	22977.2	-8711.8	-34307.5	33497.6	37766.7	2071.81	-6423.45	1906.13	7215.62	20154.2	39589.1	
47710	86226.2	60728.6	-1692.25	-58542.4	-41321	21590.3	30849	-9300.73	-355.078	43672.4	81914.9	90014.3	34484.8	-6345.61	
-20978	34347.1	-30078.4	-30151.3	-11309.6	49642.3	53204.5	-9997.44	10509.4	12138.5	-36172.8	-34912.3	-1569.31	34910.2	81412.4	
86144.6	-30329.4	-76902.7	-41595.6	-25058.4	-32117.5	-41942.7	21301.9	36021.1	67185.3	34148	3224.21	-4817.39	-17714	-77405.7	
84815.1	45099.9	-20718.5	-12360.3	-19033	-61346.5	-91717.2	-24264.8	-16809.7	-18224.7	-5160.61	-6439.4	-30220.8	-31878.6	-41768.4	
0	0	0	0	0	0	0	0	0	0	0	0	0	0	0	
-39244.5	-63995.5	-49443.3	42917.7	-2261.12	-32165.8	1605.38	78300.4	68215	48131.1	24891.1	48081.5	32580.4	-25215.3	-31359.3	
47910.2	-24780	22607.9	24035.5	-20261.8	-28567.3	-32981.8	109434	160682	129622	-6004.44	-23392.9	-19457.9	-8848.76	-16592.9	
4733.87	-23013.2	-44367.7	-47864.7	-73521.9	-86756.4	-62392.1	-16668.9	-15209	-39401	-35042.7	-13814	-20529	-16019.5	-2445.78	
20446.8	1630.24	-69064.9	-114133	-21158.3	5607.97	-13999	26064.3	2737.95	-32147.4	8884.37	33866.8	68344.7	65469.8	18816.8	
29514.3	14474.2	-59200.5	-130059	-155779	-92386.6	86037.5	85218.9	-75784.5	-187917	-135836	2993.62	121488	131694	48101.7	
62544.4	87447.3	128255	28002.9	-33154.7	19477.2	59463.7	-32708.8	-51477.4	-59908	-87076.3	-80633.3	-4544.66	38566.5	-853.843	
26212.6	-30254.8	32138.3	174000	74415.2	-54619.2	-78716	-15309.6	61985.8	138482	73734.3	37734.3	34589.5	12961.8	-42523.8	
-35012.2	35559.7	65213.3	22958.9	9559.3	-12362.2	-35194.6	-12471.8	-15839.9	-25811.8	-19822.3	-377.616	-1798.72	12293.3	42532.1	
27242	28856.1	14552.1	-3222.28	32217.8	89833.1	152144	96462.6	72956.2	35192.1	17503	31397.6	11558	-4147.13	-19475.3	
-19119.1	-18211.9	8975.91	-3847.78	-40501.2	-45413.5	-9421.5	14455.8	13953.1	54881.4	39961.4	20008.9	52970.8	60401.1	24380.8	
-68456.6	-14316.2	-10357	-47212.6	-24486.5	35209.6	56703.2	24912	21364.9	37282.7	27746.7	12201.4	-12009.1	-11912.9	26057	
-55446.4	-33634.7	-22201.7	-10540.5	-2659.92	1519.15	-4166.96	4308.13	36600.8	-39629.3	-128798	-46443.4	68616.9	59595.1	40491.4	
-18471.9	39037.9	85977	45869.6	20885.7	1337.62	35187.8	39684.8	14218.7	-8923.62	175.909	-3139.84	11224.3	38123.3	47435.4	
-742.319	2615.19	-1115.96	-11202.7	-13796.1	700.943	18948.1	20422	10835.7	-5854.87	-22017	-14100.6	949.816	-135.891	-4068.72	
10369.5	27769.9	55841.8	10768.7	-38462	823.289	61293	61952.5	52747.2	24456.9	-693.815	-6429.26	15899.7	38630.1	19965.5	
39502.8	2393.9	-21024.1	-25590.7	-12650.8	-1150.81	-7726.37	-18672.9	-17431.3	-22328.3	-37273.3	-18995.9	15135.8	6730.68	-28933.6	
-34659.9	-52500.4	-16591.2	-71621.5	-15217.6	42214.7	-47031.4	-99027.9	-72469.1	-32.5451	13658.7	-38270.9	-53385.1	-39832.4	-44229.4	
11741.1	59143.3	103399	95165.5	8810.53	-66345.1	-94011.2	-102540	-73187.5	-243.421	-59276.3	-97787.2	-33409	1281.54	4569.26	
23409.5	15467.1	-10176.4	-51491.8	-62728.7	34201.7	59360	-24443.5	-46885.4	-10229.1	37876.9	62233.5	48556.1	1881.3	-1299.75	
-20964.8	-52095.3	-62803	45913.3	77197.6	26892.6	30285.4	2419.44	-11664.3	18361.6	42854.1	9993.52	-16575.1	-28891.8	-16187.3	
12871.5	-25436.5	-42428.1	-53049.4	-43928.7	-44344	-120745	-100162	-50995.5	-17794.6	-29431.9	-52777.4	-21462.1	-17189.1	-42548.2	
-63920.3	-39010	-40379.8	-11939.8	615.763	2026.63	35347.4	32658.2	10327	-33898.8	-53093	-48098.3	-49018.3	-5744.32	19017.3	
-37077.3	-30146.3	-66721.8	-103314	-84004.7	-19805.6	-476.892	-7505.6	-21096.5	-49231.6	-19438.3	-27229.7	-20059.7	37188.1	56410.8	
-30806.9	-43352.9	-37441.2	-60094.1	-64250.9	-1545.97	96811.5	32881.8	-39672.2	1943.36	43328.9	75588.4	68869.2	1431.83	-7276.97	
-6080.43	-49913.2	-53853.6	-37474.1	-46825	-10622.3	16525.4	-50809.2	-46269.3	-51109.8	-36898.3	29210	10248.7	-39160.7	-22420	
-28910.4	-9773.18	-21752.9	30875.5	27361.3	-19043.5	-102964	-81547.7	-53479.4	-88703.2	-54265.3	-23961.1	-25371	-11654.8	16321.8	
-46439	-6117.96	95405.1	91629.1	97445.6	69550.8	17697.3	-27870.8	-41453.8	-21201.9	-1099.73	19191.8	46927	67729	55061.4	
134494	121749	40331.2	-51279	-38159.9	13802.4	-51345.1	-74128.5	-40602.5	-19843.1	26379.8	57082.5	67293.2	64838.7	7329.14	
-4502.26	-28518.6	-83219.1	16310	-377.541	-45494.2	-17611.9	8600.46	-15794.7	-41863.3	11749.6	16200.1	15782.5	53260.3	40549.5	
-41287.9	-12354.3	22639.4	42319.1	-14579.3	-124961	-125336	-71397.7	-75476.6	14889.6	147410	148050	93976.4	56933.2	32515.3	
70482.5	43990	-2739.03	-7394.68	24903.2	28296.3	12629.8	17289.2	4206.27	-48915.7	-38690.5	-9401.99	-21595.5	-40260.5	-53112.7	
-16272.1	-11416.1	-44414.4	-52143.4	22593.3	75192.7	17946.4	-5414.62	56373	62441.3	6295.5	35603.6	94877.4	74719.7	41648.6	
-73846.9	-44448.3	30925.9	16266.4	-37750.1	-42692.7	-53012.1	-62695.7	-27203.7	-15169.8	-1010.65	21829.5	11205.6	8749.19	42159.9	
37169.7	-9144.62	-60401.5	-44790.4	-28796	-5537.24	3054.78	-51609.5	-74408.7	-47584	-5777.57	13309.7	20934	-14645.1	-39667.9	
34916.5	45781.3	35441.2	18588.3	-5063.93	-37148.5	-31229.7	5863.57	-52030.2	-31166.4	6051.82	-27761.5	-34783.1	-21028.3	-18351.1	
112931	69014.3	-32790.5	-80698.8	12648.4	52689.6	6851.22	-54896.2	-50863.3	-30363.9	-7610.99	-3201.84	32888	31622.1	-35165.8	
-116652	-70854.3	-98155.1	-95948.6	-60294.4	-4753.42	-23290.6	34158.6	32471	24768.4	60303.7	45308.5	-25580.1	-62895.6	17157.5	
-49065.3	-37164.8	-101194	-44415	11369	31057.7	92643	33401.7	29052.8	34460.9	2201.69	-41082.4	-57127.4	-24594.9	22133.6	
83698.8	47654.6	24020.5	5830.36	20712.1	47499.4	100670	78876	83605.4	54613.9	-4794.91	-15520.9	-15157.4	-40751.2	-79809.5	
35854.9	41923.3	7255.67	-11983.6	205.779	-73.5202	-25781.1	-61112.8	-63558.9	-70316.9	-72134.8	-75645.5	-38667.5	-1666.63	7023.43	
84768.4	16882.4	-73601.7	-9421.26	38555.1	56979.2	25969.7	28859.8	-7963.44	-5054.04	15287.6	-26343	-49609.9	-43147.8	-60181.7	
28991.9	43776.6	44147.5	8485.77	11204.5	61510.7	66758.6	17537.4	-36500.3	-78222.9	-49843.5	-29927.4	-52121.3	22970.4	52160.9	
12760.3	1574.64	-16027.9	-19693.5	-55206	-92262.9	-149041	-22683	71287.5	83595.7	25371.3	-5296.68	-28692.3	-14367	18784.5	
38191.3	-48252.8	26063.5	54936.8	-19575.8	17250.6	129331	141816	25865.3	-17441.4	42848.8	74488.4	58943	-33496.4	-85486.5	
-38699.4	-10111.2	50539.1	59318.4	-1935.68	-38585.4	2238.03	-15507.2	23757.8	101799	68687.3	14486.5	-19832.6	-26000.7	276.887	
27794.8	3002.03	-45306.2	-33982.1	30974.3	57712.7	45867.2	26421.3	32811.8	38462.8	1426.76	-41401.9	-8474.44	22839.4	-9283.82	
4025.19	-1239.63	-126693	-26315.2	37662.4	26974.4	-40523.7	-90954.4	-41058.3	64727.6	34671.8	-35921.7	22069	50726.9	30481.4	
13532	-9086.98	-66802.4	-52394.9	-25764.1	-24356.1	-19559.5	4793.01	19728	20404.5	-23545.1	-24360.8	4435.28	22173.9	7482.98	
106777	107348	84649.8	4493	-35826.4	-47434.9	-53528.8	-37936.4	-40384.5	-73551.5	-39906	-8547.72	-2097.14	-9691.73	-48673.4	
41759.2	27662.1	12618.2	-26579.7	-25754.2	36216.5	60102.1	33237	31542.6	-3467.22	-12628.5	3880.94	-6289.98	-27303.3	-32477	
-38347.7	-22824.9	-5415.24	-61365.7	-84636.3	-84866.1	-82831.7	-49044.1	-62914	-15186.1	16677.5	-2435.57	-3034.97	16173.3	31830.1	
-92533.4	-75316.5	-135175	-69292.4	12493.5	-36229.3	-61374.1	-21069.4	-53982.5	-36795.7	-40807.8	-50225.8	19950.7	95525.9	112200	
62340.3	28503.8	-36585.8	2212.66	8834.71	-30652.4	-35332.8	12655.3	24700	47676.7	58053.4	11552.9	-18012.3	-36113.6	-64614.7	
-3139.22	-28958.1	-49300.4	-9255.55	-6648.06	-6567.38	18642.9	26306.8	60606.3	98272.3	45317	54104.5	45006.4	-519.099	-777.462	
-5071.23	5453.28	-20275.5	-34844.4	-43297.9	-88787.1	-87675.9	1962.46	18388.3	-28130.5	49385.8	39261.3	-21205.1	12323.9	47732	
105093	51063.1	2550.39	7948.5	24055.1	8510.58	-614.966	28607.2	50404.9	4964.33	-24314.1	-28233.5	-14548.6	15057.4	-52427.9	
97326.1	15622.4	14292.6	27249.5	3067.9	-38695.8	-28022.8	-19025.8	20859.7	68538.8	11218.5	53732.9	91152.8	41551.4	-55335.3	
34720.4	50537.6	52130.6	18954.3	-27836.2	-69660.4	3479.2	61167.2	71599.2	74094.6	9103.76	-5659.84	18722.9	15987.3	-7282.64	
-81956.9	-41617.9	-11573.9	-3584.15	3518.83	38848.2	69761.4	90180.6	96225.3	102836	81310.2	50927.6	-1029.53	-3661.96	39140.8	
-29217	45888.2	25413	-80474.1	-124232	-36920.3	74827.9	38928.2	-5314.25	20399.1	14560.3	-9791.44	-35477.1	-4481.5	40358.4	
-120566	-17883.4	96058	181497	173245	111029	-26957.6	-98845.2	-123355	-56684.9	-8804.36	-24163.4	-14893.2	16189.3	84190.1	
-9498.98	-20764.6	12955.9	55389.1	-9033.54	-36273.2	-11759.9	-32612.3	-50105.2	-39332.1	17406.9	26497.4	6079.03	18677.3	30275.9	
-18208.8	-26037	-31753.2	43778.6	53387.4	-54930.3	-169905	-125352	-28713.5	272.365	-16476.6	-19796.1	13523.5	41805.1	27620.1	
42113.7	58064.7	6635.6	-78156	494.858	40563.6	58102.3	-8636.06	-70384.1	-6237.57	23841.4	-7290.2	3372.74	-14313.6	-25221.9	
112791	25946.6	11734.9	69493.7	88518.8	83173.4	-11617.7	-24601.1	60542.2	78398.6	37622.9	38260.9	32665.9	-3942.08	-67603.8	
-9174.02	52236.8	41082.2	51798.9	91337.5	117320	85054.2	-107742	-152931	-129593	-48758.9	-13831.9	-12426.7	-9976.81	-8343.29	
46212.1	53627.1	-22325.5	-57222.2	-26005.8	-6942.76	-30559.2	-90523.8	-136305	-120840	2560.66	36803	17285.1	-29670.9	-43655	
8976.5	-27335	-34035.1	4251.96	-23991.7	-31295	8043.8	26486.7	50460.1	33961.8	1228.57	25684.9	29296.3	-16164.7	-31017.8	
-50860.7	-40296.7	15244.9	40178.6	38175.8	5357.42	-45805.1	-10866.6	70454.3	43735.5	-23759.9	-29888.5	-18211.9	10161.4	29626.9	
-49193.2	-37584.2	-27631.6	-22297.1	11663.3	-16928.9	-20604.3	1087.68	-14936.4	14351.1	28486.3	3778.35	-34798.9	-35162.7	3747.58	
17460	4282.19	-18094.6	-37060	-54202.1	-18012.1	-43518	-11995.7	43890.1	55803.7	57534.4	70801.3	16456.6	-24483	-11772.7	
-71443.8	-42389.2	4717.82	-4143.02	-21843.9	-10159.6	36413	-128.644	-16798.8	43641	65367.7	48789.5	29383.9	25577.3	44679.9	
16591.2	53789.5	5466.23	-36840	28885.2	132522	213254	79469.1	21481.9	45837.6	26881.2	-38659	-36425	-22146.8	-11062.2	
-56522.7	-42385.5	-55582.1	-73035.7	-38199.4	13301.3	22265.2	-21196.5	-15099.6	61523.6	-26697.6	-76691.5	-68401.9	-15840.4	45984.6	
55800.2	9708.08	-1546.65	1827.86	2514.83	22017.2	46152.9	15169.8	23145.9	32125.9	768.886	-27143.9	8410.23	27771.8	-31038.2	
19470.3	28635.6	-7284.07	-37970.6	-1523.03	20123.4	-21644.4	-88619.6	-65000.3	-158.25	28971.5	15217.5	5646.75	24028.3	20127.2	
-9482.7	20983	38513.7	10380	10851.1	59602.9	3316.05	-9048.56	63389	127915	95517.5	63772.3	4733.68	-24383.6	-12763	
21252	56218.5	85065.2	40857.8	-7779.66	-21887	-83960.6	-27864.7	-8888.94	-32901.9	-12109.8	73825	97880.6	37149.9	19577.3	
-3141.5	15593.1	-19513.8	-34153.7	-13981.9	14130.6	58405.8	40718.6	72823.4	66616	6047.2	-1735.15	5770.51	-9458.1	-2734.81	
31983	11945.3	72334.5	65855.5	25715.9	29012	-8721.55	-50421.6	-53019.4	-30026	10984.9	20110.5	28806.9	-7694.45	-46167.2	
-24881.5	-41503.8	-60827.5	8319.47	31079.6	29804.2	8533.97	-2552.32	-1286.27	-41001	-51942.7	-17864.8	-16847.2	-42799.7	-26933.2	
5088.2	34191.9	-1983.7	-53220.5	-30679.9	39606.9	145274	170823	100992	-19826.7	-70909.2	-61738.4	-38140.4	-21851.5	6189.91	
31563.4	42090.1	-11218.4	-66303.8	-95886	-12763	126844	119603	77718.8	5952.86	-71479.4	-78306.7	-35485.5	-5861.62	12158.3	
10110	-10662.2	-30162.8	-10465.2	6249.68	33754.8	41230.8	5533.61	6553.09	17172.1	22191.5	-6193.58	-15124.6	10778.3	-364.65	
83848.5	46131.4	-18754.4	-52385.7	-106618	-93853.2	2790.34	77095.5	68358.5	55501.2	38740.9	3827	-54595.1	-80141.7	-85945.9	
18443.2	11550.4	-21998.5	-69388.5	-66044.6	-42653.1	-25467.6	-20602.9	22210.4	88597	98558.2	52708.8	-44434.5	-89945.9	-47416.2	
-3184.55	-12132.5	-11961.2	15862	84577.9	98872.4	-23415.7	-82322.8	-52606.6	-40363.9	-13908.8	245.307	18415.2	14834.9	-11364.7	
-149442	-159316	-142957	-95680.2	-34452.9	-4975.59	40238.5	163911	220887	125062	57739.6	52403.5	24120.5	-22727	3453.4	
27525.1	-84776.8	-120975	-136686	-149689	-64450.3	48809.2	76206.9	19101.7	-7657.74	10858.9	-1328.25	7109.73	-25445.1	-69763.6	
-32906.2	907.656	89087.1	61790.8	26184.2	104358	219427	211765	179626	147302	145193	106838	19846.5	-353.519	12936.6	
56183.6	37218.1	-4852.44	8222.55	14587.3	-21441.3	-84616.2	-42255.2	-8253.68	-27175.6	-17304	-395.36	-4006.21	-7673.85	-28021.8	
-49426.2	-6052.85	5463.97	1414	39644.5	110987	151171	84733	39893.8	-39793.7	-6559.37	47977.6	56889.9	56070.8	55725.6	
-8560.41	43342.6	73340.9	58456.6	43234.7	13266.1	-37780.6	-49041.4	-25414.3	69211.3	90999	49313.6	-5983.22	-13205.5	7359.87	
-3367.55	8310.08	12066.9	7134.97	55146.9	16081.7	25854.4	58309.6	64092.8	10127.2	-26062.8	-12805.3	-28764.1	-62965.6	-42636.3	
-81685.7	-39689.8	-12691.7	-11412.9	-41035.7	-50119.9	-51475.3	-52265.9	-49260	-21996.3	-11549.4	-11722.4	-4108.81	12182.5	48673.3	
12436.8	10761.6	-68452.4	-70714.6	-28034.2	24110.8	83444.9	38489.1	-11416.8	-26947.2	-54946.6	-81712.9	-61201.6	-42244.8	-13574.8	
-15494.1	-7902.88	2032.32	-42135.8	6019.09	12340.9	-1207.51	26296.8	39828.9	25642.4	6786.98	11660.4	17958.4	13852.1	1124.33	
28532.4	28196.6	32280.4	43795.9	48556.3	20832.1	-1099.22	-24059.3	-41214.5	-18585.9	11218.9	12786.1	-9860.58	-42545.8	-46600.7	
51600.1	-4965.89	-8092.36	27265	51191.3	85621.1	78120.9	-24200.4	-15302.6	60971.3	561.293	-81523.5	-60724.9	-38369.1	-53278.8	
-28821.3	23709.4	81915.2	89395.5	53719.5	21434.9	53001.6	58318.1	-7279.92	-41890.7	-37055.7	-9166.84	33869.5	54598.7	54381.2	
-100319	-52889.7	6385.22	2096.58	-32925.2	-27441	11011	12817.8	8935.32	15135.6	248.683	-31868.5	-22200.1	10385.4	62995.5	
-18056.5	-9957.99	-9926.23	18026.9	32290.5	3675.48	-18058.8	-671.623	7696.33	4156.77	-11120.8	-18971.1	-6672.09	7330.8	17121.3	
28531.1	15241.2	-6198.44	-22006.8	-12147	-7808.9	5606.68	34599.6	51333.9	40513.5	22333.2	26306.3	31703.5	12162.7	-13836.5	
-10297.4	-93736.8	-158292	-108859	-41054.7	15286.8	57259.4	71169.9	133006	149693	45128.6	-25746.4	-40961.8	-26164.4	-26692.8	
17609	-3043.4	40406.1	112327	51912	-6099.85	-5298.81	40997.5	30599.4	-4544.28	22130.6	10751.7	2607.33	-9792.86	-28844.5	
-18847.2	-6483.66	-20178	-49602	-23540.4	-15524.9	-44863.7	-59227.7	-61646	-28229.8	4619.94	20824.3	180.76	-6351.29	19859.2	
-15506.6	-10313.1	-18042.8	-30694.5	-30426.4	4921.38	49133.3	33654.7	63986.6	107900	111510	51060.9	2500.96	-6967.57	-20841.6	
-22671	-26251.6	10209.7	56140.6	108739	51605.9	-98298.8	-138588	-104918	-34518.8	13527.1	19394.4	35219.8	61157.2	44883.5	
113410	114689	179917	148270	10706.1	-74908.6	-129882	-41029.5	-9615.4	-38675.6	-4960.45	-35536.5	-69344.8	-56033.1	-67362.6	
-78672.8	-118777	-113783	-62911.9	-54112.2	-39150.5	-73005.9	-96061.1	-36790.6	43812.6	63453.6	74622.3	81574.2	63721.4	16156.5	
94262.4	85920.1	36383.1	-52895.4	-79375.9	-87968.5	-70738.3	-58664	-41127.6	16607.9	70821.1	80120.6	1354.75	-43542.3	-47479.7	
51508.2	24905.5	3421.68	22615.8	35926	16249	-3667.4	-9290.41	-9604.42	-9612.41	-10166.5	-1738.92	-12284	-21048.9	-41372.5	
-45164.9	58163.1	35306.6	-133679	-129075	-2143.11	-4924.32	-17022.4	21451.3	7727.95	-22297.9	-14501.2	-21190.1	-55340.1	-5179.02	
-2254.08	-55053.2	-49349	-33196.4	22588.1	63426.8	11852.8	52960	4557.39	-31470.4	21790.2	33795.7	43261.6	32136.4	-15149.8	
35701.2	17932.3	19349.2	51362.7	-17585	-53711.6	-20880.4	61528.9	29898.1	37673.4	77086.7	98820.3	67924.7	4753.05	-20032.5	
61077.5	37557.4	13148.6	-72122.2	-117856	-99539.6	-108259	-101671	-81956.9	-44797.6	19930.6	56258.5	67979.9	46475.4	-10442.1	
11827.2	-10784.9	-40125.9	-52320.4	-94771	-121896	-40369.6	40602.5	37788.1	-60797.6	-93306.4	-31310.1	5354.41	17353.4	15244.7	
-86021.9	47221.6	88192	77764.2	127481	139383	115936	21231.5	9935.15	938.203	11873.2	393.609	-48124.9	-40385.1	52767.7	
-6171.98	56399.4	50113.5	-17343	-18369.6	17351	30898.3	13214.4	5806.6	-12571	-38774.9	-80907.8	-147968	-127733	-43495.4	
-73447.3	-41554.8	-12504.5	-24341.2	-46899	-33846.6	-47655.9	-29086.1	-31875.3	2232.88	17461.5	6217.9	-30224.9	-53678.6	-14192.9	
-31155.6	-122943	-194323	-79723.6	3399.26	41257.6	57660	122934	121673	59411.7	28599.4	15475.1	-14369.5	-37093.8	-28767.2	
65871.8	32019.5	-21026.9	42393.4	94148.1	86295.6	59924.5	2062.15	-326.859	61691.9	65012.1	28411.3	27078.8	14770.2	-20181.4	
-38016.4	-46413	-96184	-88802	-15088.1	33671.9	13735.5	-50603.2	-134175	-158740	-82838.4	-86174.6	-65392.7	-8656.23	29590.7	
54215.1	76040.9	-8569.95	-69601.9	-61221.9	-49281.3	22023.1	4743.13	-57885.1	-45220.6	-21956.9	-9600.22	7496.77	2859.93	-16309.8	
-101779	3459.18	1851.99	803.993	80211.7	50845	-23079.9	70400.3	115661	97764.1	24613.7	5654.45	29765.6	35209.3	78954.7	
9937.26	26441.3	15836.5	40832	41381.9	36253.3	-1613.48	-125265	-105517	-3241.67	101692	126431	100808	113303	85890.3	
1094.45	-2302.38	-28437.8	-51844.6	-32608	14518.4	-9776.87	1236.86	84948.7	19101.1	-32101.6	2109.21	-457.472	10903.6	22716.1	
-40378.9	13609.6	55517	17639.2	-27312.2	-32515.7	-916.028	16418.8	24464.3	54047.2	50493.7	37180.3	-44677.7	-75858.2	-24232.2	
-17809.9	53385.5	131588	104094	-11638.2	-42626.3	-13031	-2569.88	-12920.3	-39410.9	-47024.2	-25609.5	29133.6	53944.7	67344.4	
10334.2	28824.1	-44298.6	-19880.8	41764.3	32426.4	-76047.4	-83378.6	-126496	-205867	-85317.2	-2908.28	-12513.6	-34141.8	-25298.2	
-84479.8	14477	92382.9	85696	91347.6	85155.6	32317.4	-12922.3	-35061.2	-118805	-115900	-7825.61	41371.2	4989.61	36000.6	
101031	-14592.8	-36256.4	117201	227258	154497	41418.2	-11318.1	-7116.84	52433.3	47955.7	-26849.3	-100374	-155170	-165168	
19525.8	-57079.4	-139639	-57644.7	-3467.83	53418.3	127276	54226.6	43087.6	31053.8	5530.3	-45854.2	-11614.1	14249.7	-12902.7	
85846.8	75395.7	52897.5	-4607.82	-17537.3	-57915.3	-74473.8	-17263	-57548	-102614	-78504.3	-23597.5	6808	8651.61	-30905.8	
-24768.2	-17949	-84474	-105467	-33721.1	-33261.2	26932.7	53129.2	-40317.3	-18360.8	88732.6	106361	62564.6	31993.6	30285.6	
-25056.1	2440.76	3284.41	-61174.8	-82450.9	-31045.9	7459.23	4658.3	-45010	-82581.5	-86375.4	-39585.6	-31986.6	-46553.5	-23280.6	
-39995.4	-55863.6	-12693.2	37473.8	35931.2	-3054.07	-37860.1	28718.7	6865.91	-20670.8	10430.7	38635.2	37421.4	713.402	-1986.66	
-23181.8	38555.3	54633.6	-19113.7	7042.82	21775.2	-5125.19	-36036.8	-76670.1	-101487	-66708.8	-28964.8	4073.91	-10744.2	-1227.16	
51662.4	38089.4	43749.2	112450	67185	-24268.7	-121684	-99627.4	-69669.3	-22667.2	16002.8	171.634	8217.75	43727	39567.8	
-31781.1	100460	141119	-8734.1	-43778.9	-26219.2	-66542.4	-604.644	22146.1	-20457.4	-34119.5	-8796.49	41104.2	66882.7	54316.1	
76526	60659.4	44379.5	36309	60795.5	48152.1	-27726.7	-62243.6	-35279.7	-27549.7	-71683	-88454.5	-14712.3	14361.4	-6380.06	
-10552.5	-113857	-121481	-76929.6	-36654.3	-6212.07	-27106	-1933.71	16830.4	-15355.2	-20591.4	4386	-8320.53	-21816.7	-44254.7	
-41013	-38389.6	22178.6	31929.4	37674.8	58950	-4781.32	-45335.1	-14140.5	395.42	-19440.6	-5097.8	31193.3	36515.6	24092.4	
19406.2	16656.9	39778.6	-30836	-67030.1	3602.72	29912.2	46762.5	-13745.8	-126049	-71251.6	-36466.6	-45629.3	-37493.9	-38102.1	
-25302.6	-24020.5	2708.74	2783.36	22128.4	36036.1	50807.2	34472.7	24181.3	5393.14	-19624.4	-13138.8	14134.2	28159.6	25686.4	
37793.6	37399.1	25332.3	44852.9	-7410.71	-36742.4	22343.6	8840.06	26877.6	81473.2	42874.6	12430.8	55149.2	88514.7	45608	
-15459.5	-5954.99	28474.5	-3176.5	26951	29430.5	-55896.3	-56651.1	-18511.5	11857.4	2450.1	-7091.7	3546.77	23336.5	7418.97	
5794.37	5532.01	31262.4	48709.9	-27527.2	-65984.9	-67118	-35855.2	10109	8471.72	-38312.3	-14600.5	84602.5	66857.1	-13234.2	
-44432.1	-20715	31736.6	119746	160391	68538.5	17.239	51802.9	60497.4	18093.9	34404.7	64393.3	44835.3	19294.4	35946.7	
-52793.9	-59596.6	6656.38	-14403.3	-33469.8	-6567.42	-31978.7	-104223	-108269	-134317	-81091	-9066.62	55708.1	83428	20337.3	
9630.16	60648.5	119310	85601.2	21412.8	-37123	-82226.8	-18751.5	85944.1	87547.1	46907.7	65441	58178.9	11247.8	-25230.5	
-99093.8	-80301.6	-66444.3	6187.06	49368.7	42504.4	18245.4	26814.4	39267.6	13521.6	-73828.5	-58636.8	59965.5	104104	92234.8	
48768.3	56787.8	-15567	-71066.5	-6197.86	39517.8	-21952.8	-81520	-35953	30483.1	72663.2	42586.1	31872.3	53670.9	44644.1	
90830.4	39485.2	-37987.1	-54587.9	-83885.3	-95372.5	-50526.2	-1009.94	45725.7	51103.9	-4429.8	-40959.5	-16437.6	-31815.6	-69391.5	
59710.2	80761.3	40052.2	67625.4	78474.6	35376.3	13798.3	6012.69	-74415.7	-88599.7	-38941	-20012.5	4034.02	13359.1	5569.79	
-75010.3	-33560.9	-11199.1	-45056.6	-8204.5	31592.4	-65949.2	-86489.5	-53980.3	11955.9	88347.2	57362	16384.6	-2856.66	15031	
45153.3	-19189.3	-51737.6	-29043.5	-2455.17	61992.2	104465	-1098.78	-75986.9	-21726.1	17321.1	-1936.78	-42572.3	-68710	-69865.2	
-1112.99	41122.1	86359.3	7481.62	-46692.4	-70076.5	-53849.8	32463.8	46110.5	1048.39	6867.25	-19893	-36284.1	-17806.4	-8324.85	
27867.1	9536.86	10395.6	20493.5	14129.6	-26883.3	-50456.4	-50754.1	-32234.9	2618.43	-20676.4	-36168.2	9520.44	22020.5	-25191.4	
3823.85	40511.7	824.417	-36909.1	-57858.5	-78744.5	-59904.2	-14219.6	16730.3	56498.7	46141.4	-26900.8	-17656.4	25968.8	31227.4	
45280.6	51918.8	41041.1	20485	58947.9	54674.3	-58826.3	-157395	-171614	-114396	-49519	23931.4	11406.7	-47755.9	-36679.9	
22469.2	7882.88	-37203.5	4132.49	-10107.5	11368.3	-3245.06	-49224.4	413.713	84090.7	88952.9	55545.4	72106.7	39222.1	-10141.5	
-90159.1	-37450.2	44327.5	23439	-7215.8	-9245.42	-51538.9	-57961.8	-12276.1	-33215.2	-78178.2	4676.13	37372.9	72931.1	93403.5	
11739.4	543.363	-14172.3	10876.5	-32002.1	-57369.5	-15229.7	-18798.1	-692.631	44407.3	41618.1	6290.24	-23370.2	-13975.5	-12467.6	
-9231.94	2334.16	86430.1	86532.7	64418	19071.7	-118857	-47737	31174.2	-8168.65	-55871.5	-46106.2	-32312.4	-43711.5	-27436	
16804	44904.4	61694.4	-19497.5	-41719.5	23258.4	-10861.4	-36704.9	-14978.5	-84859.8	-79482.6	-17613.7	25535	28757.4	-3320.1	
11113.1	866.792	-16655.1	-9109.73	-19760	-60785.5	-68326.6	69958.7	74121.1	25478.2	1977.02	19863	41492.8	45278.3	27833.4	
42222.9	-10769.9	-40407.6	-25445.8	8954.58	28014.7	61753.9	31612.5	-20858.6	-37885.8	-30808.2	-31890.4	-34670.8	-40015.8	-69137.4	
-59067.8	-50488.7	-44005.3	-36808.5	-13935.8	-6800.89	-27184	-11952.5	-7369.64	25674.3	36269.4	10456.8	-3403.36	7195.46	36309.5	
-52283.4	-11490.2	27005.2	41241.1	49483.7	99684.3	73726.9	-47454.4	-84384.8	-101429	-80034.1	-13796.7	11210.8	17919.2	49647.2	
-18135.7	4657	7218.97	25102.4	-6751.43	-25546.9	30637.1	-14577.1	-32161.6	18932.5	29491.3	3340.23	-38517.7	-43017.5	-3060.77	
16924	-61338.7	-6269.48	116590	50985.9	-29732.4	47213.6	82527	66644.9	134367	75103	-43034.2	-102835	-76769.2	-53986.3	
2405.23	-21531.4	-38563.4	-66286.3	-62043.7	-56898.4	-67244.1	-105096	-99020.1	-93885.8	8077.49	93338.9	63067.3	-10522.1	-47034.4	
-30803.1	57030.1	111134	-12984.4	-7254.14	43507.4	78759.6	-6689.37	-22088.7	28239.3	-26153.1	-57896.3	11845.8	31134.1	27567.8	
127085	120539	49999.8	4878.69	-2395.01	-27857.7	-699.249	30678.1	36828.5	65495.2	35517.7	-9449.74	-62074.3	-38296.6	-49191.1	
81240.7	83941.5	38093.8	-252.252	39731.2	50323.8	18511.9	65189.7	65807.1	99452.7	38212	-75192.7	-62202	8937.92	12283.9	
50035.4	27151.4	-31786.5	-55020.2	4826.47	84018.5	121351	30034.6	-57590.4	-108474	-51308.8	54887.9	104650	46804.4	-13205.1	
10155.2	18451.8	15284.1	69145.8	62830.7	37519.4	104024	-54634.9	-165068	-122771	-68869.3	-52555.3	-102500	-86262	12891.4	
59891.4	30451.3	63112.6	37258	-20322.3	-62875.4	-156133	-124560	-87298.1	-35916.1	-54389.6	-80098.3	-30648.8	34677	19960	
83165.5	98937.2	47942.7	41974.6	50641.6	6471.71	-96748.2	-84863.1	-17843.9	17516.9	67758.3	112624	69663	22484.2	-11625.1	
-124839	-42096.4	-83441.1	-88508.9	11267.2	40508.4	-68398.1	-91616.6	-57170.4	-33339.2	-31282.9	-57911	-51601.7	32500.2	119195	
-34378.7	-51083.1	-14193.8	26100.6	-19728.4	68014	202227	106033	12080.6	-71395.8	-92222.7	-74660.3	-73463.4	-37917.6	11075.6	
