-250.2	
-232.005	
-4335.12	
-1371.51	
-8398.26	
-7572.1	
-8751.87	
-7282.93	
-5144.29	
-325.99	
-9491.75	
-5197.51	
-9601.2	
-400.464	
-3305.25	
-2617.08	
-5614.82	
-4214.24	
-12864.3	
-4554.44	
-13822.1	
-8799.12	
-5372.28	
-6690.44	
-16011.3	
-9054.37	
-9732.88	
-3769.48	
-692.62	
-5118.81	
391.144	
-7587.41	
-2427.87	
-7788.65	
-4047.35	
-3037.74	
-4803.72	
-3215.49	
-10258.6	
-165.345	
-4780.87	
-7376.23	
-7671.66	
-8520.57	
-9054.13	
-10925	
-6532.92	
-4053.55	
-1156.1	
-3483.47	
-7575.64	
-1261.77	
-5001.89	
-6491.28	
267.341	
-10860.6	
323.918	
-13875.4	
-11732.4	
-6844.97	
-17619.5	
-7506.16	
-3341.75	
-6412.1	
-8296.02	
-9276.47	
-49.062	
-420.412	
-7811.43	
-8373.56	
-20904.8	
-4095.85	
19.1766	
-7475.08	
-191.661	
-100.596	
31.5516	
-4631.55	
-9087.09	
-12586.5	
-14254.8	
-8954.36	
-6976.23	
-9146.54	
-6216.27	
-4446.89	
-8934.39	
-10007.1	
-5974.43	
-10602.3	
-15126.3	
-11573.6	
-8117.24	
-12769.8	
-2433.41	
-9227.62	
-2986.9	
-6403.12	
-4633.83	
-8011.56	
-6031.9	
-7478.41	
-7569.64	
-5196.23	
-6930.11	
-2863.45	
-3879.97	
-7137.28	
-4976.25	
-6599.61	
-6350.22	
-14597.3	
-4259.88	
-10198.2	
-8167.9	
-6596.12	
-4258.19	
-14563.2	
-10953.9	
-9631.86	
-7706.25	
-4691.09	
-7728.14	
-14121.9	
-7428.75	
-5771	
-7588.07	
-5024.84	
-3476.68	
-7144.13	
-5664.12	
-6524.9	
-7825.04	
-4373.92	
-8984.03	
-3992.15	
-12405.6	
-12952.7	
-5478.47	
-4499.38	
-10978.4	
-11932.7	
-11792.4	
-4818.02	
-8565.01	
-8577.77	
-14473.6	
-2552.62	
-4293.44	
-6211.87	
-3096.6	
-6617.75	
-7032.09	
-14238.7	
-7709.91	
-7326.51	
-16127.2	
-11391.2	
-4889.2	
-2209.59	
-2160.56	
-5118.21	
-4297.92	
-17114.8	
-4906.85	
-8277.1	
-6889.12	
-5505.5	
-5550.08	
-4021.38	
-6233.24	
-832.373	
-13953.6	
-6725.67	
-8986.04	
-7424.09	
-15027.8	
-5147.27	
-6587.04	
-15417.5	
-7933.26	
-4476.71	
-10115.3	
-6097.56	
-7914.32	
-7201.91	
-5539.08	
-8184.11	
-9598.12	
-13747.2	
-9326.53	
-9414.16	
-19611	
-7158.72	
-3537.83	
-8094.57	
-13237.1	
-10183	
-5894.86	
-7099.98	
-5349.06	
-4591.6	
-6244.32	
-4991.96	
-3717.59	
-4864.34	
-9941.76	
-9430.41	
-7785.92	
-10414.4	
-4420.01	
-8512.11	
-3320.53	
-7173.73	
-8265.08	
-1703.37	
298.262	
-15396.6	
-7854.55	
-5644	
-6639.99	
-4546.53	
-9034.88	
-4711.11	
-147.901	
-9901.88	
-5433.47	
-4330.52	
-4417.19	
-839.437	
-4884.6	
-9939.48	
-5781.18	
-11495.8	
-4603.88	
-5293.73	
-7269.61	
-6687.88	
-11734.8	
-10570.6	
342.049	
-435.372	
-4690.94	
-9186.85	
-2526.18	
-2409.68	
1.57233	
-11487.8	
-6308.86	
-4638.87	
166.903	
-585.394	
-4098.43	
-172.002	
-109.593	
-7197.59	
-9391.78	
-4457.1	
-12488.6	
-6589.65	
-6348.09	
-2739.67	
-20.4116	
-4446.78	
-9657.59	
-9104.13	
-4396.57	
-14545.6	
-724.676	
-240.945	
-345.423	
-6241	
-4725.01	
-9117.89	
-16198	
-8455.77	
-6813.91	
-4981.21	
-5351.11	
-8732.68	
-12107.3	
-8129.64	
-1189.04	
16.5256	
-5262.19	
-5536.86	
-5481.52	
-6427.61	
-4788.43	
-9459.24	
-454.854	
-4684.89	
-297.73	
-14696.8	
-8208.48	
-4865.19	
-5370.52	
-5766.59	
361.114	
-315.418	
-14719.8	
246.226	
-6110.93	
-15645.6	
-11061.6	
184.031	
-8122.4	
-2385.71	
36.4007	
-57.0661	
-11391	
-505.613	
-4760.74	
34.188	
-4173.63	
-2527.64	
-12646.7	
-3809.23	
-5586.44	
-4678.69	
-14720.9	
-7041.99	
-2002.45	
-5099.88	
-8245.64	
-6661.82	
-8499.15	
-10893.4	
-12727.1	
-5610.08	
-4769.27	
-4418.15	
-13393.7	
-8933.25	
-7597.22	
-6429.32	
-210.596	
-10891.8	
-2665.26	
-324.967	
168.95	
-355.987	
-268.474	
-14657.9	
-6142.77	
-3166.96	
-6422.48	
-3902.48	
-10020.4	
-1841.25	
-5726.81	
-16044.7	
-8717.64	
-11152.4	
-7127.73	
-8596.08	
-4021.76	
-5752.15	
-9163.13	
-4464.52	
-11109.6	
-14381.4	
-5265.81	
-3350.05	
-8604.48	
-2278.29	
-15241	
-9151.63	
-10638.6	
-3664.22	
-10390	
-5435	
-8009.17	
-13118.3	
-9543.8	
-1613.24	
-10369.6	
-7930.7	
-12229.7	
-7880.22	
-7464.55	
-4908.4	
-6565.06	
-6936.55	
-414.627	
-8863.19	
-8931.25	
-9716.69	
-2991.84	
-2441.53	
-3535.18	
-6827.36	
-10957.5	
-9021.76	
-11390.7	
-17890.3	
-8811.45	
-9483.12	
-2507.2	
-3229.67	
-8162.02	
-6209.13	
-17381.5	
-10890	
-4807.09	
-4129.91	
-6113.61	
-5539.91	
-3265.52	
-6656.5	
-6815.18	
-5892.61	
-4862.76	
-6700.47	
-8423.31	
-1793.02	
-5342.76	
-5515.79	
-1272.62	
-5896.87	
-5636.78	
-5736.02	
-6953.85	
-8500.61	
-10186.3	
-9696.53	
-10337	
-4651.03	
-1461.55	
-2976.02	
-562.308	
-7009.09	
-8672.88	
-6128.57	
-11527.4	
-1733.11	
-5754.15	
-4660.37	
-18848.6	
-7542.54	
-10666.1	
-8501.84	
-13443.1	
-9649.65	
-8144.06	
-9620.9	
-18437.4	
-4816.99	
-5942.89	
-12857.3	
-8960.78	
-5649.16	
-14567.2	
-16964.3	
-3946.2	
-2616.78	
-10493.5	
-5424.94	
-3821.6	
-4128.99	
-5895.55	
-10288.1	
-6423.95	
-8729.28	
-20246.5	
-7321.51	
-4747.15	
-5807.27	
-7654.87	
-14060.3	
-12731	
-12360.9	
-3008.59	
-878.713	
-2514.22	
-8312.27	
-15777.5	
-7889.63	
-12480.4	
-12746.9	
-6611.68	
-1106.58	
-10200.2	
-4826.86	
-13453.5	
-13822.2	
-7973.11	
-5637.13	
-4170.4	
-7793.2	
-7116.01	
-5204.53	
-8969.95	
-3519.2	
-1899.67	
-13233.7	
-5350.38	
-6103.28	
-3993.56	
-12202.1	
-7491.15	
-8979.98	
-1810.41	
-6898.88	
-4074.64	
-11224.4	
-11496.3	
-6411.99	
-3537.22	
-13933.3	
-5070.03	
-7843.86	
-9618.97	
-6074.52	
-6837.67	
-3859.55	
-10097.6	
-14944.6	
-6912.63	
-7478.25	
-6228.75	
-10101.7	
-8904.7	
-4128.63	
-5608.76	
-15092.6	
-13038.8	
-10935.9	
-7137.1	
-12103.6	
-7466.09	
-10819.1	
-2146.69	
-5061.91	
-6657.7	
-12376.4	
-9958.76	
-8859.85	
-16599.8	
-16600.1	
-10664.2	
-3477.48	
-15675	
-10846.5	
-15999.5	
-9531.83	
-12486.7	
-11458.2	
-7993.87	
-9045.69	
-8820.7	
-7791.66	
-8471.93	
-10573.2	
-10425.1	
-16911.8	
-10908.3	
-11765.3	
-8959.78	
-13627.1	
-12405.7	
-6947.03	
-12447.4	
-2388.44	
-15349.8	
-1265.13	
-4078.74	
-130.499	
-9417.39	
-5699.18	
-4220.31	
-5288.44	
-7389.41	
-7860.56	
-8877.02	
-11959.3	
-4107.15	
-10767.7	
-5867.84	
-17362.7	
-7154.31	
-5408.1	
-6556.1	
-4553.67	
-8102.29	
-9871.33	
-15830	
-4049.57	
-6584.76	
-5173.08	
-6260.32	
-9349.02	
-10362.3	
-12745.5	
-6338.36	
-11456.3	
-5262.42	
-5837.51	
-9085.72	
-5552.14	
-5310.92	
-18946.3	
-11981.2	
-8450.85	
-7368.42	
-9679.87	
-6309.32	
-8456.22	
-11478.2	
-4975.08	
-5430.31	
-7347.16	
-6741.47	
-8323.71	
-9919.08	
-5076.4	
-15739.5	
-12132.3	
-6107.91	
-5941.96	
-8367.5	
-7062.44	
-10553.9	
-5907.05	
-12498.1	
-6200.93	
-1422.22	
-10689.1	
-13334.3	
-7096.78	
-2140.61	
-9207.89	
-16173.8	
-8087.52	
-13362.1	
-5247.15	
-2912.27	
-13219.1	
-12994	
-8498.99	
-7697.9	
-11971.8	
-2633.18	
-6582.38	
-8342.64	
-7530.19	
-5505.32	
-11803.6	
-9272.12	
-13827.1	
-12611.9	
-4405.47	
-5568.2	
-9582.82	
-16710.7	
-14837.2	
-9089.54	
-11069.4	
-7983.06	
-689.145	
-5495.56	
-3339.25	
-14397.8	
-3937.99	
-15676.2	
-5124.07	
-12184.2	
-15391.2	
-8582.8	
-7666.25	
-14156.8	
-9695.39	
-10752.9	
-1722.03	
-10741.7	
-7457.82	
-6052.72	
-9590.1	
-10772.3	
-13009.4	
-8609.79	
-12281.3	
-11053.1	
-9156.91	
-9624.95	
-10974.7	
-7337.37	
-7378.58	
-15423.1	
-10156.4	
-7924.59	
-15204.3	
-7415.38	
-12693.7	
-9508.13	
-7565.59	
-11137.3	
-13197.6	
-10752.7	
-12306.4	
-5985.14	
-10428.9	
-10185.9	
-5116.57	
-8098.4	
-12644.2	
-4127.65	
-12520.4	
-15304.1	
-7372.12	
-9515.32	
-14434.6	
-12185.8	
-8837.29	
-9304.01	
-4254.13	
-13665.5	
-12589.1	
-7440.27	
-4531.74	
-9354.65	
-14475.8	
-5966.07	
-15973.7	
-13323.3	
-5969.97	
-5681.26	
-13737.5	
-14616.2	
-15362.5	
-4029.99	
-3848.93	
-9755.64	
-12330.9	
-7598.16	
-13488.1	
-10320.1	
-5773.78	
-8725.03	
-10653.8	
-7702.42	
-11266	
-7043.72	
-4890.74	
-15217.7	
-12496.6	
-8607.66	
-7653.97	
-8957.76	
-8201.24	
-3919.12	
-9251.36	
-9161.83	
-14443.1	
-9868.42	
-4463.93	
-10538.3	
-12466.7	
-5859.69	
-10132.4	
-8922.74	
-9888.08	
-6472.85	
-5927.8	
-10769.4	
-5615.88	
-6189.14	
-12622.5	
-9638.82	
-8705.88	
-9625.23	
-10160.4	
-4384.51	
-11322.9	
-4358.23	
-18516.9	
-5590.22	
-8670.21	
-3894.83	
-11956.9	
-6288.73	
-1500.06	
-7978.07	
-12817.4	
-3185.79	
-8868.64	
-10425.2	
-9111.83	
-4779.96	
-8330.81	
-19181.4	
-4641.72	
-14193.6	
518.61	
-11286.6	
-10150.6	
-6413.9	
-9746.82	
-7405.91	
-735.053	
-2697.49	
-19675.7	
-5324.7	
-8910.71	
-6005.63	
-19538.8	
-3443.44	
-4868.7	
-12682.6	
-3421.65	
-6063.2	
-10051.4	
-7233.39	
-5939.19	
-13361.8	
-5835.27	
-7807.86	
-8699.64	
-3042.33	
-13584.5	
-9478.68	
-8464.95	
-11557.3	
-5480.9	
-8058.42	
-15678.5	
-6912.91	
-5341.03	
-9713.37	
-3510.89	
-9399.12	
-12017.3	
-6547.29	
-8062.6	
-6756.52	
-8371.42	
-7655.2	
-10167.1	
-8568.38	
-11940.3	
-6865.78	
-15100.4	
-4985.42	
-9532.99	
-5096.68	
-7654.9	
-12648.3	
-3728.92	
-9599.93	
-8456.55	
-8657.84	
-4201.19	
-8474.78	
-8698.47	
-7519.2	
-13012.3	
-8833.78	
-9822.64	
-5206.96	
-9821.56	
-4301.87	
-8159.47	
-7495.99	
-1591.54	
-12127.3	
-11845.4	
-4925.19	
-8831.36	
-16975.7	
-7791.44	
-9517.8	
-8115.14	
-16019.6	
-5481.17	
-7897.81	
-5260.95	
-8973.48	
-6621.22	
-8525.94	
-9065.05	
-16200.1	
-12888.3	
-7609.64	
-5718.33	
-20260.6	
-13582.5	
-16852.8	
-11877.2	
-16869.1	
