433.771	
815.736	
1561.59	
891.41	
836.697	
21.9569	
150.865	
527.829	
526.285	
-103.245	
-5.17928	
425.223	
-409.95	
1147.19	
153.595	
-147.367	
-126.749	
493.839	
126.33	
220.441	
-583.748	
102.159	
417.52	
249.361	
538.262	
451.027	
1225.6	
441.877	
-28.5253	
386.249	
141.168	
-72.7323	
502.958	
435.702	
230.068	
-74.4717	
-67.5827	
530.153	
733.783	
862.345	
-560.862	
892.326	
-314.205	
539.309	
664.189	
-152.417	
629.576	
856.531	
435.669	
-25.3965	
243.596	
1558.42	
75.6531	
-360.775	
126.599	
1023.76	
141.03	
903.691	
-235.303	
-121.44	
220.248	
497.019	
835.758	
-18.8055	
0	
858.07	
-24.7001	
-334.371	
128.124	
245.898	
1160.04	
6.47686	
-1113.16	
-425.556	
438.218	
798.428	
341.765	
503.018	
791.698	
412.619	
227.791	
1086.48	
342.274	
514.914	
-251.442	
-176.801	
48.9513	
220.89	
835.944	
-161.693	
37.0141	
530.888	
167.81	
132.602	
1122.18	
471.363	
148.56	
-362.913	
186.026	
14.3717	
636.627	
249.547	
450.858	
582.049	
173.145	
174.055	
-511.545	
-215.84	
33.8589	
-222.197	
1077.9	
80.2237	
327.469	
407.78	
346.549	
446.68	
290.404	
33.9834	
106.157	
52.4987	
399.275	
625.479	
158.565	
551.764	
20.3258	
407.712	
516.654	
-227.634	
131.175	
756.104	
-191.692	
527.824	
-81.9026	
15.884	
-480.836	
392.786	
96.736	
534.384	
-57.5582	
-287.881	
-74.539	
850.748	
-83.524	
-105.701	
473.904	
639.622	
224.289	
335.136	
264.337	
372.132	
185.3	
59.6304	
157.112	
953.01	
538.991	
671.351	
1143.99	
641.951	
-697.868	
607.793	
242.759	
301.329	
-164.056	
347.98	
894.863	
425.223	
-409.95	
347.343	
1.88238	
-566.762	
317.227	
884.626	
-270.05	
747.072	
-23.33	
909.867	
551.787	
786.388	
664.189	
107.444	
184.05	
317.678	
-47.1102	
-28.5253	
183.491	
473.003	
25.418	
706.33	
591.477	
109.646	
401.049	
377.408	
76.1398	
283.529	
-57.9175	
493.506	
1406.37	
702.433	
-136.815	
553.437	
328.912	
527.829	
-53.7012	
-207.734	
386.249	
141.168	
956.025	
-172.769	
6.47686	
-148.574	
496.306	
541.59	
224.814	
-560.862	
68.2763	
28.2484	
210.424	
-108.406	
-224.008	
1353.89	
-12.2529	
33.8589	
558.595	
557.313	
-92.936	
568.583	
768.224	
-293.385	
585.171	
-206.059	
227.791	
535.523	
822.489	
-306.688	
438.218	
-425.556	
334.806	
231.691	
-213.728	
854.299	
78.7748	
120.448	
336.528	
505.238	
-83.524	
-25.3965	
95.269	
-360.775	
60.7206	
607.3	
435.669	
-159.782	
253.081	
568.839	
102.233	
356.885	
598.759	
446.334	
1392.56	
380.581	
165.129	
-402.148	
304.684	
1068.56	
268.35	
312.338	
-221.921	
-140.014	
-1113.16	
-876.638	
407.712	
634.588	
516.654	
102.159	
582.049	
148.56	
491.97	
898.345	
59.7011	
0.900893	
478.044	
426.513	
133.843	
988.793	
525.956	
441.877	
981.221	
856.531	
-245.042	
256.911	
695.104	
183.491	
61.8484	
132.602	
1122.18	
283.146	
82.7461	
322.158	
-37.0978	
137.355	
220.549	
-526.278	
439.766	
587.834	
553.722	
496.306	
1077.9	
835.114	
-397.014	
884.626	
-23.9365	
149.154	
347.343	
851.618	
572.173	
960.085	
825.106	
12.4131	
168.209	
293.405	
-172.769	
-207.734	
80.2237	
154.662	
-95.6578	
-107.06	
636.627	
347.21	
21.9569	
291.497	
108.488	
450.858	
883.938	
-176.801	
1160.04	
177.054	
453.792	
1208.13	
94.1142	
527.824	
128.124	
695.786	
937.669	
-616.409	
234.699	
555.117	
317.678	
412.619	
1091.85	
423.244	
118.824	
-293.385	
15.884	
488.85	
906.228	
822.274	
514.286	
-260.093	
588.583	
313.765	
620.478	
356.298	
86.0628	
38.8447	
-72.7462	
5.83831	
-480.836	
995.388	
798.428	
407.78	
599.89	
-159.782	
568.839	
258.844	
-287.881	
-847.585	
924.169	
-23.6567	
1719.98	
188.557	
725.57	
-397.014	
152.692	
851.618	
928.93	
1334.67	
-424.837	
757.847	
-81.9026	
372.307	
629.576	
-72.7323	
-37.2353	
-161.693	
909.867	
417.52	
889.985	
-47.1102	
78.7748	
298.877	
446.68	
306.298	
-224.008	
19.2703	
371.661	
184.05	
214.514	
1183.99	
210.424	
120.448	
-23.33	
-30.9164	
432.587	
-56.9131	
524.622	
-197.835	
-536.969	
264.865	
26.0704	
792.606	
313.765	
588.583	
-74.4717	
126.33	
-112.192	
866.004	
788.984	
274.532	
445.041	
-152.417	
858.07	
685.216	
511.312	
-240.022	
-33.3991	
433.771	
56.6203	
504.147	
313.549	
-12.2529	
371.661	
214.514	
1353.89	
52.4987	
158.565	
14.3717	
347.451	
-693.084	
-235.303	
47.9534	
-53.7012	
920.492	
634.588	
2.78726	
-306.688	
-72.309	
-172.013	
553.324	
245.898	
-697.868	
854.299	
270.571	
4.92043	
83.3233	
422.085	
-78.8332	
266.183	
822.489	
33.8536	
611.465	
847.498	
739.578	
82.5125	
1086.48	
37.0141	
19.284	
-586.596	
95.269	
-511.545	
304.684	
706.33	
2.78726	
920.492	
546.052	
639.622	
891.41	
815.736	
-222.197	
1072.71	
283.146	
356.885	
-526.278	
339.653	
355.585	
335.031	
-213.728	
-251.442	
-60.5951	
347.98	
27.5556	
426.874	
-18.0784	
269.457	
269.772	
52.1925	
1068.56	
529.22	
498.163	
377.754	
-402.148	
346.549	
2001.3	
505.333	
1406.37	
270.571	
290.404	
4.92043	
-637.702	
61.8484	
-60.5697	
0	
322.158	
149.154	
239.132	
607.793	
220.441	
862.345	
587.834	
-95.6578	
28.7119	
335.136	
36.2734	
126.378	
983.656	
539.309	
641.951	
28.2484	
215.449	
12.4131	
13.431	
771.751	
-37.0978	
1188.25	
287.354	
-164.056	
372.916	
-882.327	
178.03	
3.28092	
52.1925	
269.772	
505.238	
287.354	
529.983	
943.324	
-107.06	
-140.901	
108.488	
168.209	
401.049	
1196.24	
106.157	
336.528	
488.85	
94.1142	
553.722	
1188.25	
-68.8704	
76.1398	
346.481	
531.196	
491.97	
-206.059	
514.286	
802.17	
145.085	
-68.8704	
802.17	
-63.7885	
5.83831	
615.484	
-61.2134	
-23.6567	
48.9513	
-583.748	
503.429	
145.085	
-601.362	
312.338	
291.497	
473.904	
514.914	
-601.362	
112.002	
73.404	
906.228	
928.93	
1.88238	
377.408	
1719.98	
231.691	
-56.9131	
471.471	
911.527	
-847.585	
165.129	
154.662	
1334.67	
224.289	
-260.093	
960.085	
445.041	
947.107	
112.002	
947.107	
1058.46	
-876.638	
47.9534	
1058.46	
351.148	
399.275	
-334.371	
788.984	
327.469	
26.0704	
-172.013	
768.224	
-23.9365	
995.388	
19.284	
825.106	
924.169	
334.806	
317.227	
822.274	
-60.5951	
351.148	
-64.3563	
866.004	
572.173	
19.2703	
-72.309	
-64.3563	
1952.93	
-78.8332	
356.298	
27.5556	
1952.93	
372.132	
266.183	
792.606	
258.844	
557.313	
33.9834	
173.145	
56.6203	
446.334	
33.8536	
118.824	
268.35	
498.163	
529.22	
889.985	
-18.0784	
-112.192	
1392.56	
-30.9164	
83.3233	
372.307	
377.754	
3.28092	
13.431	
-33.3991	
178.03	
1143.99	
591.477	
-105.701	
274.532	
0	
335.031	
426.513	
59.7011	
422.085	
126.378	
36.2734	
-693.084	
611.465	
847.498	
0.900893	
109.646	
68.2763	
264.337	
256.911	
293.405	
426.874	
-140.901	
372.916	
-586.596	
2001.3	
234.699	
-108.406	
695.104	
-61.2134	
253.081	
215.449	
38.8447	
471.471	
346.481	
-92.936	
-637.702	
-60.5697	
269.457	
937.669	
-566.762	
-424.837	
943.324	
529.983	
983.656	
152.692	
102.233	
82.7461	
-536.969	
-63.7885	
615.484	
306.298	
598.759	
568.583	
-240.022	
-882.327	
771.751	
-197.835	
883.938	
835.114	
504.147	
911.527	
531.196	
685.216	
725.57	
380.581	
739.578	
423.244	
264.865	
82.5125	
339.653	
478.044	
599.89	
553.324	
355.585	
505.333	
-245.042	
28.7119	
1183.99	
1072.71	
-616.409	
432.587	
239.132	
1196.24	
503.429	
188.557	
73.404	
524.622	
511.312	
