-632.934	
-838.44	
-1762.94	
-778.47	
-407.333	
-630.337	
-364.065	
-482.272	
-1471.54	
-503.316	
-25.5217	
-874.686	
-495.774	
-1704.36	
-531.025	
-485.787	
-1103.92	
-1040.51	
-1443.91	
-857.668	
-1789.8	
-225.167	
-202.304	
-487.004	
-504.816	
-335.598	
204.242	
-603.03	
-59.3969	
-805.248	
-364.162	
-799.554	
-586.957	
-942.283	
-58.5677	
-942.494	
-147.327	
-1024.15	
-688.59	
-1201.89	
-575.334	
-1211.86	
146.881	
-503.491	
-913.047	
-576.193	
-632.948	
-451.855	
-578.897	
194.586	
-973.122	
-399.219	
-375.922	
21.1824	
-1428.27	
-990.93	
-1617.16	
-465.693	
-1068.3	
-1425.49	
-507.962	
-1031.5	
-811.596	
-365.967	
0	
-1245.56	
-1616.58	
-882.541	
-872.017	
-679.054	
-829.04	
-6.87792	
-178.888	
-291.655	
-138.92	
-759.962	
-727.534	
-872.701	
-864.322	
-777.861	
-822.96	
-1138.08	
-22.0408	
-583.503	
-53.7136	
-869.566	
-517.21	
-694.202	
-1078.69	
-584.037	
-457.614	
-1009.04	
-419.596	
-1082.14	
-2649.57	
268.828	
-145.448	
-1208.13	
-867.797	
-666.453	
-357.927	
52.7565	
-1261.28	
-1362.69	
-1158.83	
-1606.41	
-463.381	
167.892	
-32.5519	
-1082	
-468.472	
-987.843	
72.5868	
-589.841	
-653.909	
-1270.5	
-894.551	
-39.604	
-231.968	
-302.608	
-814.443	
-1079.1	
-550.077	
-323.701	
-783.49	
-146.485	
-1492.23	
-235.08	
-468.2	
-476.606	
-322.545	
-586.173	
-369.486	
-2126.24	
-1085.62	
-378.469	
-1126.76	
-468.915	
-523.612	
-300.086	
-35.9943	
-1145.95	
-24.8631	
-1104.78	
-313.166	
-286.867	
-490.271	
53.3576	
-808.37	
-1491.59	
186.545	
-1182.3	
-506.234	
-266.572	
-146.437	
-558.244	
-1193.76	
-741.085	
-279.135	
-943.53	
-593.793	
152.968	
-583.001	
-87.3156	
-629.791	
-874.686	
-495.774	
-105.173	
-363.752	
-1573.68	
-602.037	
-1316.33	
-937.392	
-410.498	
52.452	
-832.885	
-870.52	
-372.003	
-913.047	
5.91402	
-306.304	
-452.161	
-1769.67	
-59.3969	
-51.5334	
-340.384	
-922.646	
-837.55	
-543.438	
-76.5289	
-535.239	
-1247.1	
-1082.24	
-1047.15	
-1163.4	
283.544	
-1209.06	
-845.026	
-362.753	
-1411.19	
172.838	
-482.272	
-25.5192	
-893.467	
-805.248	
-364.162	
-1000.91	
-360.792	
-6.87792	
-217.618	
-1180.74	
-718.708	
-1588.2	
-575.334	
-1049.8	
-72.5639	
-1706.93	
-1488.85	
-434.652	
-997.99	
-865.894	
-32.5519	
-756.734	
116.468	
-145.332	
-2067.86	
-910.876	
-1115.14	
-233.173	
-462.622	
-822.96	
-1.75491	
-107.425	
-1734.23	
-138.92	
-291.655	
178.296	
-1490.04	
-434.329	
-473.994	
-1189.12	
-1194.9	
-1770.45	
-78.9786	
194.586	
-24.8631	
-92.5906	
21.1824	
-452.85	
-208.315	
-578.897	
25.0049	
-506.183	
-1301.54	
-682.197	
-836.142	
-87.6017	
-626.183	
-2218.17	
-867.819	
-85.5525	
-789.021	
-274.599	
-2808.39	
-199.815	
-514.793	
-400.916	
-178.888	
-1044.75	
-1000.43	
-146.485	
-593.296	
-1492.23	
-225.167	
-1362.69	
-145.448	
20.9264	
-846.742	
-638.405	
-1077.91	
-574.441	
-1096.11	
-831.308	
-516.304	
-2043.25	
-603.03	
-1596.88	
-451.855	
-1295.06	
-281.257	
-830.136	
-51.5334	
-52.8216	
-1082.14	
-2649.57	
-726.315	
-682.304	
-585.642	
-1782.59	
-124.065	
-59.0678	
-1419.32	
-669.969	
-376.575	
-1446.85	
-1180.74	
-468.472	
109.31	
-606.349	
-1316.33	
-86.2594	
-1268.99	
-105.173	
-317.263	
160.964	
-1093.64	
-223.601	
58.9922	
-825.382	
-1055.83	
-360.792	
-893.467	
-987.843	
-680.133	
-1287.97	
-121.46	
-357.927	
-1485.05	
-630.337	
-740.472	
-1150.57	
-1261.28	
-1478.33	
-869.566	
-837.577	
-1181.75	
-44.2071	
-829.04	
-626.837	
-586.173	
-872.017	
-99.0471	
-1817.65	
-677.564	
-737.395	
-33.3102	
-452.161	
-777.861	
-731.872	
-423.317	
-732.704	
-1115.14	
-2126.24	
-946.643	
-901.751	
72.34	
-917.556	
-1059.21	
-1032.77	
-310.176	
-628.515	
-374.204	
-1154.41	
-651.565	
-103.482	
-0.279597	
-1085.62	
-324.9	
-759.962	
-589.841	
-606.958	
25.0049	
-1301.54	
-356.512	
-300.086	
-1172.63	
-678.97	
61.4913	
-435.001	
-445.277	
-499.643	
-606.349	
-1264.17	
-317.263	
-544.967	
-764.939	
89.2918	
-777.817	
-369.486	
-180.089	
-632.948	
-799.554	
-1009.43	
-832.885	
-584.037	
-202.304	
-358.657	
-1769.67	
-1189.12	
18.1739	
-1270.5	
-1633.71	
-434.652	
-678.062	
-44.4384	
-306.304	
-391.112	
-1440.67	
-1706.93	
-1194.9	
52.452	
-891.368	
-2066.74	
-52.9415	
-794.459	
-1739.64	
-770.139	
-252.723	
-834.521	
-663.006	
-310.176	
-1032.77	
-942.494	
-1443.91	
-1163.92	
-1296.52	
-524.644	
-345.228	
-756.276	
-576.193	
-1245.56	
-661.84	
-1860.45	
-629.738	
-1023.93	
-632.934	
-752.944	
-2202.49	
-765.237	
-865.894	
-44.4384	
-391.112	
-997.99	
-302.608	
-550.077	
-666.453	
-275.285	
-48.5025	
-1068.3	
17.6742	
-25.5192	
-1072.08	
-593.296	
-1365.1	
-1734.23	
46.7502	
-803.091	
-792.137	
-679.054	
-279.135	
-434.329	
-1067.18	
-646.483	
-516.783	
16.2921	
-205.956	
-677.608	
-107.425	
-253.272	
-1308.93	
-788.137	
-701.104	
-1192.47	
-1138.08	
-457.614	
-22.9976	
-433.078	
-92.5906	
-463.381	
-274.599	
-837.55	
-1365.1	
-1072.08	
-855.018	
-286.867	
-778.47	
-838.44	
-1082	
-1673.13	
-726.315	
-836.142	
-1419.32	
-776.385	
-593.607	
-141.28	
-473.994	
-53.7136	
-614.354	
-87.3156	
-47.8143	
-83.3005	
-8.355	
-1252.33	
-257.785	
-549.812	
-2808.39	
37.8433	
-805.285	
-393.463	
-789.021	
-653.909	
-1682.53	
-137.731	
-1209.06	
-1067.18	
-894.551	
-646.483	
-617.657	
-52.8216	
-1077.53	
0	
-585.642	
-1268.99	
-1374.31	
-943.53	
-857.668	
-1201.89	
-376.575	
-1287.97	
-552.982	
53.3576	
-493.493	
-22.8002	
-322.071	
-503.491	
-741.085	
-72.5639	
-277.025	
58.9922	
49.7306	
-1060.57	
-1782.59	
-1852.7	
-84.6089	
-583.001	
-485.029	
-175.599	
-1616.19	
-460.323	
-549.812	
-257.785	
-78.9786	
-84.6089	
-465.264	
-838.151	
-121.46	
35.013	
-1150.57	
-825.382	
-535.239	
-400.86	
-231.968	
-1770.45	
-946.643	
-626.837	
-1446.85	
-1852.7	
-241.733	
-1082.24	
-144.25	
19.949	
20.9264	
-462.622	
-917.556	
-1197.03	
104.572	
-241.733	
-1197.03	
-553.529	
-0.279597	
-774.288	
44.5581	
61.4913	
-517.21	
-1789.8	
-734.838	
104.572	
-1029.86	
-514.793	
-313.166	
-740.472	
-583.503	
-1029.86	
-223.048	
-231.58	
-901.751	
-544.967	
-363.752	
-1247.1	
-435.001	
-1490.04	
-52.9415	
-430.464	
-568.064	
-1172.63	
-85.5525	
-680.133	
-764.939	
-1059.21	
-490.271	
-1093.64	
-756.276	
-1196.93	
-223.048	
-1196.93	
-1060.94	
-1000.43	
17.6742	
-1060.94	
-413.765	
-814.443	
-882.541	
-524.644	
72.5868	
-834.521	
-803.091	
-910.876	
-86.2594	
-324.9	
-22.9976	
-223.601	
-678.97	
178.296	
-602.037	
72.34	
-614.354	
-413.765	
-1962.19	
-1296.52	
-678.062	
160.964	
46.7502	
-1962.19	
-2330.66	
-205.956	
-374.204	
-47.8143	
-2330.66	
-1491.59	
-677.608	
-663.006	
-356.512	
116.468	
-39.604	
-1158.83	
-752.944	
-626.183	
-253.272	
-732.704	
-199.815	
-805.285	
37.8433	
-358.657	
-8.355	
-1163.92	
-891.368	
-2218.17	
-516.783	
-180.089	
-393.463	
-460.323	
49.7306	
-1023.93	
-1616.19	
-1193.76	
-543.438	
-1104.78	
-345.228	
0	
-141.28	
-574.441	
-638.405	
16.2921	
-493.493	
-22.8002	
-48.5025	
-1308.93	
-788.137	
-1077.91	
-76.5289	
-808.37	
-1049.8	
-1055.83	
-281.257	
-83.3005	
-485.029	
35.013	
-433.078	
-1682.53	
-737.395	
-1488.85	
-830.136	
44.5581	
-506.183	
-277.025	
-651.565	
-430.464	
-144.25	
-145.332	
-617.657	
-1077.53	
-1252.33	
-1817.65	
-1573.68	
89.2918	
-838.151	
-465.264	
-322.071	
-1264.17	
-682.197	
-682.304	
-770.139	
-553.529	
-774.288	
-1633.71	
-87.6017	
-2067.86	
-629.738	
-175.599	
-1060.57	
-1739.64	
-1478.33	
109.31	
-2202.49	
-568.064	
19.949	
-661.84	
-499.643	
-867.819	
-701.104	
-423.317	
-252.723	
-1192.47	
-776.385	
-1096.11	
-606.958	
-792.137	
-593.607	
-137.731	
-1295.06	
-552.982	
-1440.67	
-1673.13	
-677.564	
-2066.74	
-1374.31	
-400.86	
-734.838	
-445.277	
-231.58	
-794.459	
-1860.45	
