0.101657
0.0997135
0.0977818
0.0958617
0.0939535
0.0920575
0.090174
0.0883032
0.0864454
0.0846009
0.0827699
0.0809528
0.0791498
0.0773611
0.0755872
0.0738281
0.0720843
0.070356
0.0686435
0.066947
0.0652668
0.0636032
0.0619565
0.0603269
0.0587147
0.0571201
0.0555435
0.0539851
0.0524451
0.0509238
0.0494215
0.0479383
0.0464747
0.0450307
0.0436066
0.0422027
0.0408192
0.0394563
0.0381143
0.0367933
0.0354937
0.0342154
0.0329589
0.0317243
0.0305117
0.0293214
0.0281535
0.0270082
0.0258857
0.0247861
0.0237097
0.0226565
0.0216267
0.0206204
0.0196379
0.0186792
0.0177444
0.0168337
0.0159473
0.0150853
0.0142479
0.0134351
0.0126473
0.0118847
0.0111475
0.010436
0.00975089
0.00909259
0.00846199
0.00786026
0.00728906
0.00675079
0.00624889
0.00578805
0.00537393
0.00501187
0.00470495
0.00445328
0.00425547
0.00410978
0.00401349
0.00396123
0.00394489
0.00395527
0.00398418
0.00402525
0.00407386
0.00412673
0.00418151
0.00423644
0.0042902
0.00434172
0.00439012
0.0044347
0.00447484
0.00451002
0.0045398
0.00456381
0.00458178
0.00459345
0.00459869
0.00459738
0.00458948
0.00457501
0.00455403
0.00452665
0.00449303
0.00445339
0.00440796
0.00435703
0.00430094
0.00424004
0.00417474
0.0041055
0.00403278
0.00395712
0.00387905
0.00379913
0.00371793
0.00363597
0.00355373
0.00347161
0.00338991
0.00330884
0.00322853
0.00314904
0.00307038
0.00299258
0.00291565
0.00283969
0.00276495
0.00275971
0.00279736
0.00283876
0.00289444
0.00297203
0.0030569
0.00314167
0.00322442
0.00330445
0.00338138
0.00345499
0.0035251
0.00359161
0.00365447
0.00371366
0.00376929
0.00382157
0.0038709
0.00391802
0.00396409
0.00401089
0.00406077
0.0041161
0.00417821
0.00424639
0.00431802
0.00438959
0.00445769
0.00451944
0.00457255
0.00461527
0.00464635
0.00466496
0.00467073
0.00466373
0.00464455
0.0046143
0.00457473
0.00452825
0.00447795
0.0044273
0.00437942
0.00433565
0.00429428
0.00425028
0.00419663
0.0041263
0.00403419
0.00391956
0.00378973
0.00366046
0.00353755
0.00341117
0.00327557
0.00313501
0.00301146
0.00296662
0.00302272
0.00311464
0.00321433
0.00334398
0.0035544
0.00381477
0.00407934
0.00433848
0.00459136
0.00483242
0.00504804
0.00521841
