ibin	iptbin	itheta	r0	V	sigma2	chi	Vn Errors
0	0	0	0.7900	0.0731	33.2816	0.5277	0.0126
0	0	1	0.8750	0.0660	34.9945	0.4646	0.0514
0	0	2	0.9950	0.0581	36.7066	0.3989	0.4915
0	0	3	0.7950	0.0727	33.3978	0.5234	0.0137
0	0	4	0.8500	0.0680	34.5436	0.4814	0.0334

0	1	0	0.7350	0.0669	41.9480	0.5052	0.0185
0	1	1	0.8600	0.0572	44.8338	0.4176	0.2186
0	1	2	0.7050	0.0698	41.0176	0.5326	0.0109
0	1	3	0.8100	0.0607	43.8387	0.4484	0.0773

0	2	0	0.8700	0.0845	29.1608	0.5119	0.0202
0	2	1	0.9450	0.0778	30.3255	0.4621	0.0651
0	2	2	0.9700	0.0758	30.6550	0.4478	0.0985
0	2	3	0.8350	0.0880	28.5069	0.5394	0.0122
0	2	4	0.8900	0.0826	29.5004	0.4975	0.0273












ibin	iptbin	avgmult	avgpt	Vn mean	Vn mean Error
0	0	41.6349	0.3429	0.0676	0.0077
0	1	48.8881	0.7322	0.0509	0.0143
0	2	32.7205	1.2345	0.0817	0.0110
0	3	0.0000	0.0000	0.0000	0.0000
0	4	0.0000	0.0000	0.0000	0.0000
0	5	0.0000	0.0000	0.0000	0.0000
0	6	0.0000	0.0000	0.0000	0.0000
0	7	0.0000	0.0000	0.0000	0.0000
0	8	0.0000	0.0000	0.0000	0.0000
0	9	0.0000	0.0000	0.0000	0.0000
0	10	0.0000	0.0000	0.0000	0.0000
0	11	0.0000	0.0000	0.0000	0.0000
0	12	0.0000	0.0000	0.0000	0.0000

