0	-0.1	3.13427e+06
0	-0.05	6.40004e+06
0	0	6.44472e+06
0	0.05	6.45193e+06
0	0.1	6.48596e+06
0	0.15	6.48386e+06
0	0.2	6.4385e+06
0	0.25	6.41313e+06
0	0.3	6.3477e+06
0	0.35	6.31713e+06
0	0.4	6.2495e+06
0	0.45	6.25653e+06
0	0.5	6.25598e+06
0	0.55	6.18617e+06
0	0.6	6.18777e+06
0	0.65	6.19586e+06
0	0.7	6.17641e+06
0	0.75	6.1324e+06
0	0.8	6.14118e+06
0	0.85	6.16595e+06
0.1	-0.1	6.29048e+06
0.1	-0.05	6.41369e+06
0.1	0	6.41007e+06
0.1	0.05	6.49284e+06
0.1	0.1	6.49386e+06
0.1	0.15	6.50298e+06
0.1	0.2	6.43902e+06
0.1	0.25	6.41807e+06
0.1	0.3	6.36152e+06
0.1	0.35	6.3055e+06
0.1	0.4	6.22971e+06
0.1	0.45	6.24891e+06
0.1	0.5	6.26288e+06
0.1	0.55	6.18799e+06
0.1	0.6	6.19e+06
0.1	0.65	6.15008e+06
0.1	0.7	6.20601e+06
0.1	0.75	6.14945e+06
0.1	0.8	6.13444e+06
0.1	0.85	6.21338e+06
0.2	-0.1	6.29897e+06
0.2	-0.05	6.44074e+06
0.2	0	6.40586e+06
0.2	0.05	6.4954e+06
0.2	0.1	6.50816e+06
0.2	0.15	6.46985e+06
0.2	0.2	6.41792e+06
0.2	0.25	6.40235e+06
0.2	0.3	6.37001e+06
0.2	0.35	6.32328e+06
0.2	0.4	6.25085e+06
0.2	0.45	6.2508e+06
0.2	0.5	6.22938e+06
0.2	0.55	6.22149e+06
0.2	0.6	6.20329e+06
0.2	0.65	6.16465e+06
0.2	0.7	6.1787e+06
0.2	0.75	6.12414e+06
0.2	0.8	6.15877e+06
0.2	0.85	6.22942e+06
0.3	-0.1	6.3106e+06
0.3	-0.05	6.45241e+06
0.3	0	6.42386e+06
0.3	0.05	6.49116e+06
0.3	0.1	6.5197e+06
0.3	0.15	6.5017e+06
0.3	0.2	6.4304e+06
0.3	0.25	6.38789e+06
0.3	0.3	6.34298e+06
0.3	0.35	6.34208e+06
0.3	0.4	6.27979e+06
0.3	0.45	6.23317e+06
0.3	0.5	6.21465e+06
0.3	0.55	6.21804e+06
0.3	0.6	6.22339e+06
0.3	0.65	6.18107e+06
0.3	0.7	6.13329e+06
0.3	0.75	6.10112e+06
0.3	0.8	6.15875e+06
0.3	0.85	6.23274e+06
0.4	-0.1	6.36254e+06
0.4	-0.05	6.4265e+06
0.4	0	6.39683e+06
0.4	0.05	6.47585e+06
0.4	0.1	6.4831e+06
0.4	0.15	6.49689e+06
0.4	0.2	6.41107e+06
0.4	0.25	6.36057e+06
0.4	0.3	6.32132e+06
0.4	0.35	6.30345e+06
0.4	0.4	6.27729e+06
0.4	0.45	6.24702e+06
0.4	0.5	6.19104e+06
0.4	0.55	6.20668e+06
0.4	0.6	6.21228e+06
0.4	0.65	6.17859e+06
0.4	0.7	6.14063e+06
0.4	0.75	6.10107e+06
0.4	0.8	6.17458e+06
0.4	0.85	6.22859e+06
0.5	-0.1	6.3553e+06
0.5	-0.05	6.40156e+06
0.5	0	6.4105e+06
0.5	0.05	6.47603e+06
0.5	0.1	6.50321e+06
0.5	0.15	6.46435e+06
0.5	0.2	6.38711e+06
0.5	0.25	6.35098e+06
0.5	0.3	6.33907e+06
0.5	0.35	6.29007e+06
0.5	0.4	6.2919e+06
0.5	0.45	6.23527e+06
0.5	0.5	6.19467e+06
0.5	0.55	6.2085e+06
0.5	0.6	6.16685e+06
0.5	0.65	6.15312e+06
0.5	0.7	6.1616e+06
0.5	0.75	6.12192e+06
0.5	0.8	6.1999e+06
0.5	0.85	6.2362e+06
0.6	-0.1	6.3315e+06
0.6	-0.05	6.42828e+06
0.6	0	6.44194e+06
0.6	0.05	6.47924e+06
0.6	0.1	6.48819e+06
0.6	0.15	6.4805e+06
0.6	0.2	6.39437e+06
0.6	0.25	6.34967e+06
0.6	0.3	6.33534e+06
0.6	0.35	6.2572e+06
0.6	0.4	6.28421e+06
0.6	0.45	6.23346e+06
0.6	0.5	6.19853e+06
0.6	0.55	6.18867e+06
0.6	0.6	6.18931e+06
0.6	0.65	6.16685e+06
0.6	0.7	6.13803e+06
0.6	0.75	6.15449e+06
0.6	0.8	6.21337e+06
0.6	0.85	6.28318e+06
0.7	-0.1	6.35084e+06
0.7	-0.05	6.42218e+06
0.7	0	6.43978e+06
0.7	0.05	6.48211e+06
0.7	0.1	6.49699e+06
0.7	0.15	6.46559e+06
0.7	0.2	6.42526e+06
0.7	0.25	6.36782e+06
0.7	0.3	6.33103e+06
0.7	0.35	6.23614e+06
0.7	0.4	6.27147e+06
0.7	0.45	6.27263e+06
0.7	0.5	6.21009e+06
0.7	0.55	6.22281e+06
0.7	0.6	6.1858e+06
0.7	0.65	6.17919e+06
0.7	0.7	6.09817e+06
0.7	0.75	6.18794e+06
0.7	0.8	6.22143e+06
0.7	0.85	6.29948e+06
0.8	-0.1	6.36046e+06
0.8	-0.05	6.39417e+06
0.8	0	6.44215e+06
0.8	0.05	6.48193e+06
0.8	0.1	6.51187e+06
0.8	0.15	6.45026e+06
0.8	0.2	6.43365e+06
0.8	0.25	6.35388e+06
0.8	0.3	6.33006e+06
0.8	0.35	6.24674e+06
0.8	0.4	6.24075e+06
0.8	0.45	6.23609e+06
0.8	0.5	6.21622e+06
0.8	0.55	6.21312e+06
0.8	0.6	6.18718e+06
0.8	0.65	6.16834e+06
0.8	0.7	6.07527e+06
0.8	0.75	6.1907e+06
0.8	0.8	6.25903e+06
0.8	0.85	6.27471e+06
0.9	-0.1	6.38039e+06
0.9	-0.05	6.3929e+06
0.9	0	6.43201e+06
0.9	0.05	6.5063e+06
0.9	0.1	6.51943e+06
0.9	0.15	6.43708e+06
0.9	0.2	6.40218e+06
0.9	0.25	6.36984e+06
0.9	0.3	6.34413e+06
0.9	0.35	6.28861e+06
0.9	0.4	6.22438e+06
0.9	0.45	6.2122e+06
0.9	0.5	6.22616e+06
0.9	0.55	6.22694e+06
0.9	0.6	6.16843e+06
0.9	0.65	6.15682e+06
0.9	0.7	6.1053e+06
0.9	0.75	6.1626e+06
0.9	0.8	6.2509e+06
0.9	0.85	6.28239e+06
1	-0.1	6.38087e+06
1	-0.05	6.43955e+06
1	0	6.45836e+06
1	0.05	6.51545e+06
1	0.1	6.47075e+06
1	0.15	6.43693e+06
1	0.2	6.3867e+06
1	0.25	6.36454e+06
1	0.3	6.33711e+06
1	0.35	6.29526e+06
1	0.4	6.2503e+06
1	0.45	6.21094e+06
1	0.5	6.21593e+06
1	0.55	6.21546e+06
1	0.6	6.15136e+06
1	0.65	6.12971e+06
1	0.7	6.12142e+06
1	0.75	6.19438e+06
1	0.8	6.25345e+06
1	0.85	6.29235e+06
1.1	-0.1	6.39529e+06
1.1	-0.05	6.42175e+06
1.1	0	6.46644e+06
1.1	0.05	6.50145e+06
1.1	0.1	6.47024e+06
1.1	0.15	6.43615e+06
1.1	0.2	6.38653e+06
1.1	0.25	6.35889e+06
1.1	0.3	6.26894e+06
1.1	0.35	6.28814e+06
1.1	0.4	6.23961e+06
1.1	0.45	6.21719e+06
1.1	0.5	6.2142e+06
1.1	0.55	6.20439e+06
1.1	0.6	6.16906e+06
1.1	0.65	6.12189e+06
1.1	0.7	6.16705e+06
1.1	0.75	6.25346e+06
1.1	0.8	6.27553e+06
1.1	0.85	6.31511e+06
1.2	-0.1	6.42682e+06
1.2	-0.05	6.39739e+06
1.2	0	6.48689e+06
1.2	0.05	6.4852e+06
1.2	0.1	6.48725e+06
1.2	0.15	6.41985e+06
1.2	0.2	6.35024e+06
1.2	0.25	6.37046e+06
1.2	0.3	6.25823e+06
1.2	0.35	6.30606e+06
1.2	0.4	6.24703e+06
1.2	0.45	6.22614e+06
1.2	0.5	6.23516e+06
1.2	0.55	6.19969e+06
1.2	0.6	6.17925e+06
1.2	0.65	6.10047e+06
1.2	0.7	6.18209e+06
1.2	0.75	6.27381e+06
1.2	0.8	6.29361e+06
1.2	0.85	6.33099e+06
1.3	-0.1	6.41963e+06
1.3	-0.05	6.40619e+06
1.3	0	6.47176e+06
1.3	0.05	6.50057e+06
1.3	0.1	6.47535e+06
1.3	0.15	6.40721e+06
1.3	0.2	6.34e+06
1.3	0.25	6.37041e+06
1.3	0.3	6.26056e+06
1.3	0.35	6.29506e+06
1.3	0.4	6.24577e+06
1.3	0.45	6.24577e+06
1.3	0.5	6.23812e+06
1.3	0.55	6.15476e+06
1.3	0.6	6.16852e+06
1.3	0.65	6.09148e+06
1.3	0.7	6.16573e+06
1.3	0.75	6.25015e+06
1.3	0.8	6.29548e+06
1.3	0.85	6.29762e+06
1.4	-0.1	6.41762e+06
1.4	-0.05	6.4087e+06
1.4	0	6.45426e+06
1.4	0.05	6.50321e+06
1.4	0.1	6.48403e+06
1.4	0.15	6.39413e+06
1.4	0.2	6.35287e+06
1.4	0.25	6.33207e+06
1.4	0.3	6.27463e+06
1.4	0.35	6.26262e+06
1.4	0.4	6.25273e+06
1.4	0.45	6.22663e+06
1.4	0.5	6.23372e+06
1.4	0.55	6.16549e+06
1.4	0.6	6.17686e+06
1.4	0.65	6.09502e+06
1.4	0.7	6.18999e+06
1.4	0.75	6.24329e+06
1.4	0.8	6.30712e+06
1.4	0.85	6.28996e+06
1.5	-0.1	6.38492e+06
1.5	-0.05	6.43439e+06
1.5	0	6.45985e+06
1.5	0.05	6.5067e+06
1.5	0.1	6.46871e+06
1.5	0.15	6.41025e+06
1.5	0.2	6.36802e+06
1.5	0.25	6.31305e+06
1.5	0.3	6.28856e+06
1.5	0.35	6.24682e+06
1.5	0.4	6.26047e+06
1.5	0.45	6.22145e+06
1.5	0.5	6.20947e+06
1.5	0.55	6.16547e+06
1.5	0.6	6.13368e+06
1.5	0.65	6.11772e+06
1.5	0.7	6.22017e+06
1.5	0.75	6.26404e+06
1.5	0.8	6.31015e+06
1.5	0.85	6.27405e+06
1.6	-0.1	6.37345e+06
1.6	-0.05	6.44202e+06
1.6	0	6.5126e+06
1.6	0.05	6.5138e+06
1.6	0.1	6.44697e+06
1.6	0.15	6.41349e+06
1.6	0.2	6.40283e+06
1.6	0.25	6.30195e+06
1.6	0.3	6.2828e+06
1.6	0.35	6.22693e+06
1.6	0.4	6.23707e+06
1.6	0.45	6.22402e+06
1.6	0.5	6.21e+06
1.6	0.55	6.18991e+06
1.6	0.6	6.12134e+06
1.6	0.65	6.14905e+06
1.6	0.7	6.2668e+06
1.6	0.75	6.27605e+06
1.6	0.8	6.30268e+06
1.6	0.85	6.27309e+06
1.7	-0.1	6.38738e+06
1.7	-0.05	6.43861e+06
1.7	0	6.50102e+06
1.7	0.05	6.50153e+06
1.7	0.1	6.43942e+06
1.7	0.15	6.41603e+06
1.7	0.2	6.39576e+06
1.7	0.25	6.30856e+06
1.7	0.3	6.2981e+06
1.7	0.35	6.24776e+06
1.7	0.4	6.2365e+06
1.7	0.45	6.24183e+06
1.7	0.5	6.20824e+06
1.7	0.55	6.17311e+06
1.7	0.6	6.14307e+06
1.7	0.65	6.16342e+06
1.7	0.7	6.24876e+06
1.7	0.75	6.29773e+06
1.7	0.8	6.32965e+06
1.7	0.85	6.31081e+06
1.8	-0.1	6.40062e+06
1.8	-0.05	6.43988e+06
1.8	0	6.49557e+06
1.8	0.05	6.4962e+06
1.8	0.1	6.4413e+06
1.8	0.15	6.38381e+06
1.8	0.2	6.39032e+06
1.8	0.25	6.30921e+06
1.8	0.3	6.30634e+06
1.8	0.35	6.25346e+06
1.8	0.4	6.23705e+06
1.8	0.45	6.24611e+06
1.8	0.5	6.16403e+06
1.8	0.55	6.13905e+06
1.8	0.6	6.10876e+06
1.8	0.65	6.18949e+06
1.8	0.7	6.25155e+06
1.8	0.75	6.31575e+06
1.8	0.8	6.30432e+06
1.8	0.85	6.36472e+06
1.9	-0.1	6.42592e+06
1.9	-0.05	6.42849e+06
1.9	0	6.49221e+06
1.9	0.05	6.4825e+06
1.9	0.1	6.43078e+06
1.9	0.15	6.36927e+06
1.9	0.2	6.39818e+06
1.9	0.25	6.27311e+06
1.9	0.3	6.30771e+06
1.9	0.35	6.26167e+06
1.9	0.4	6.22912e+06
1.9	0.45	6.25212e+06
1.9	0.5	6.15065e+06
1.9	0.55	6.1649e+06
1.9	0.6	6.07511e+06
1.9	0.65	6.2063e+06
1.9	0.7	6.22487e+06
1.9	0.75	6.31737e+06
1.9	0.8	6.29937e+06
1.9	0.85	6.37704e+06
{0,-0.1}
3.13427e+06	52
