ibin	itheta	r0	V	sigma2	chi	Vn Errors
0	0	0.2160	0.0538	542.9533	0.4779	0.0050
0	1	0.2137	0.0544	542.9533	0.4829	0.0050
0	2	0.2064	0.0563	542.9533	0.4999	0.0052
0	3	0.2177	0.0534	542.9533	0.4741	0.0050
0	4	0.2215	0.0525	542.9533	0.4659	0.0049

1	0	0.2413	0.0495	521.8153	0.4362	0.0043
1	1	0.2196	0.0544	521.8153	0.4794	0.0047
1	2	0.2187	0.0546	521.8153	0.4813	0.0048
1	3	0.2204	0.0542	521.8153	0.4777	0.0047
1	4	0.2065	0.0578	521.8153	0.5099	0.0050

2	0	0.2395	0.0513	499.9647	0.4491	0.0077
2	1	0.2374	0.0517	499.9647	0.4530	0.0077
2	2	0.2180	0.0563	499.9647	0.4933	0.0084
2	3	0.2511	0.0489	499.9647	0.4284	0.0073
2	4	0.2433	0.0505	499.9647	0.4421	0.0076

3	0	0.2456	0.0515	478.3053	0.4477	0.0053
3	1	0.2346	0.0539	478.3053	0.4687	0.0055
3	2	0.2520	0.0502	478.3053	0.4364	0.0051
3	3	0.2212	0.0572	478.3053	0.4972	0.0058
3	4	0.2412	0.0524	478.3053	0.4559	0.0054

4	0	0.2625	0.0496	457.6204	0.4283	0.0073
4	1	0.2427	0.0536	457.6204	0.4631	0.0079
4	2	0.2839	0.0459	457.6204	0.3960	0.0067
4	3	0.2439	0.0534	457.6204	0.4610	0.0078
4	4	0.2352	0.0554	457.6204	0.4779	0.0081

5	0	0.2546	0.0527	436.7469	0.4520	0.0063
5	1	0.2503	0.0536	436.7469	0.4598	0.0064
5	2	0.2576	0.0521	436.7469	0.4467	0.0062
5	3	0.2705	0.0496	436.7469	0.4254	0.0059
5	4	0.2520	0.0533	436.7469	0.4567	0.0063

6	0	0.2562	0.0540	416.8584	0.4598	0.0043
6	1	0.2539	0.0545	416.8584	0.4639	0.0043
6	2	0.2622	0.0528	416.8584	0.4493	0.0042
6	3	0.2702	0.0512	416.8584	0.4360	0.0041
6	4	0.2446	0.0566	416.8584	0.4816	0.0045

ibin	avgmult	avgpt	avgeta	Vn mean	Vn mean Error
0	206.8944	0.9447	0.0503	0.0541	0.0024

1	201.3395	0.9432	0.0498	0.0541	0.0023

2	195.7686	0.9419	0.0489	0.0518	0.0037

3	190.2345	0.9401	0.0487	0.0530	0.0026

4	184.6864	0.9385	0.0477	0.0516	0.0036

5	179.1852	0.9366	0.0472	0.0523	0.0029

6	173.7213	0.9344	0.0467	0.0538	0.0020

ibin	Nevent	totmultall	avgmultall	avgtrk
0	579212.0000	119835747.0000	206.8944	181.8820

1	777782.0000	156598226.0000	201.3395	176.8865

2	1036428.0000	202900088.0000	195.7686	171.8856

3	1365747.0000	259812132.0000	190.2345	166.8906

4	1776650.0000	328123178.0000	184.6864	161.8985

5	2251550.0000	403444326.0000	179.1852	156.9127

6	2712338.0000	471190946.0000	173.7213	151.9418

