352332	
664455	
387972	
584211	
587967	
651064	
612423	
304859	
298633	
584812	
1.54409e+06	
1.19938e+06	
300346	
1.3609e+06	
945504	
1.48274e+06	
1.23425e+06	
489799	
1.60044e+06	
576237	
484439	
376286	
368959	
1.04035e+06	
507374	
568385	
618558	
965750	
267090	
482392	
960472	
501110	
1.39637e+06	
262002	
475049	
488032	
801095	
937792	
503167	
400698	
492204	
907019	
336975	
74769.4	
1.04512e+06	
1.69136e+06	
650704	
600934	
993257	
1.45832e+06	
1.66636e+06	
775774	
463288	
1.13125e+06	
589533	
850470	
772134	
888402	
847744	
860508	
430183	
834875	
516495	
425737	
672401	
890015	
1.0709e+06	
312833	
471457	
636221	
1.27773e+06	
747037	
525898	
915505	
668280	
827011	
560244	
1.44933e+06	
520594	
892444	
776205	
707224	
1.58662e+06	
500269	
359764	
785102	
1.35418e+06	
1.3548e+06	
768845	
401832	
758741	
345331	
799544	
456989	
1.06937e+06	
21904.8	
670281	
823311	
399645	
404773	
1.38303e+06	
775388	
896878	
746928	
934973	
469902	
594467	
393882	
829535	
871000	
703600	
1.04126e+06	
619401	
1.16551e+06	
368943	
818964	
365035	
868789	
565185	
888356	
694661	
935267	
430754	
87754.1	
717300	
621971	
900665	
1.56598e+06	
777295	
742734	
743697	
675235	
18711.1	
586290	
1.07019e+06	
604471	
1.42917e+06	
764289	
1.17597e+06	
1.05048e+06	
408527	
639763	
678719	
433624	
443330	
950405	
507869	
883643	
586188	
259668	
404080	
827173	
1.13667e+06	
1.24902e+06	
1.03553e+06	
843651	
600104	
1.24211e+06	
455136	
1.01913e+06	
573031	
449820	
479739	
53618.7	
226436	
500387	
978125	
278777	
707892	
1.10101e+06	
845777	
375000	
1.0329e+06	
35964.4	
860804	
307007	
380792	
939597	
677057	
210307	
995856	
693236	
780607	
396172	
347582	
859047	
1.09833e+06	
554037	
894395	
835418	
710613	
801107	
847366	
706350	
817888	
780279	
268382	
787976	
736047	
125701	
832030	
696745	
1.07225e+06	
649129	
624635	
747759	
838599	
751337	
633641	
707106	
566837	
652201	
562336	
621528	
671415	
654079	
572999	
523977	
599172	
613531	
231574	
579196	
542558	
466992	
964546	
494406	
263914	
838849	
867322	
870644	
627674	
664503	
694522	
695674	
370972	
531512	
511945	
481907	
