3.88	0.39	342.024
3.88	0.391	341.02
3.88	0.392	355.752
3.88	0.393	327.606
3.88	0.394	328.667
3.88	0.395	303.265
3.88	0.396	275.129
3.88	0.397	280.514
3.88	0.398	302.335
3.88	0.399	336.162
3.88	0.4	315.249
3.88	0.401	313.288
3.88	0.402	294.871
3.88	0.403	335.393
3.88	0.404	324.203
3.88	0.405	343.299
3.88	0.406	383.567
3.88	0.407	388.179
3.88	0.408	378.993
3.88	0.409	409.554
3.88	0.41	457.306
3.881	0.39	350.866
3.881	0.391	340.739
3.881	0.392	338.206
3.881	0.393	329.888
3.881	0.394	323.494
3.881	0.395	318.958
3.881	0.396	289.144
3.881	0.397	282.139
3.881	0.398	293.825
3.881	0.399	327.557
3.881	0.4	318.1
3.881	0.401	316.262
3.881	0.402	296.755
3.881	0.403	326.567
3.881	0.404	324.132
3.881	0.405	336.134
3.881	0.406	373.677
3.881	0.407	389.538
3.881	0.408	392.304
3.881	0.409	399.799
3.881	0.41	439.132
3.882	0.39	364.104
3.882	0.391	328.512
3.882	0.392	338.587
3.882	0.393	353.92
3.882	0.394	318.247
3.882	0.395	312.882
3.882	0.396	298.172
3.882	0.397	272.611
3.882	0.398	298.352
3.882	0.399	326.828
3.882	0.4	328.487
3.882	0.401	314.801
3.882	0.402	291.849
3.882	0.403	317.427
3.882	0.404	331.905
3.882	0.405	326.77
3.882	0.406	357.199
3.882	0.407	386.27
3.882	0.408	398.79
3.882	0.409	391.048
3.882	0.41	423.922
3.883	0.39	362.757
3.883	0.391	331.32
3.883	0.392	329.841
3.883	0.393	354.917
3.883	0.394	325.879
3.883	0.395	329.452
3.883	0.396	298.123
3.883	0.397	273.475
3.883	0.398	280.857
3.883	0.399	311.868
3.883	0.4	344.004
3.883	0.401	310.971
3.883	0.402	294.415
3.883	0.403	302.631
3.883	0.404	329.206
3.883	0.405	328.787
3.883	0.406	346.962
3.883	0.407	373.668
3.883	0.408	395.866
3.883	0.409	392.149
3.883	0.41	418.772
3.884	0.39	368.66
3.884	0.391	346.867
3.884	0.392	342.73
3.884	0.393	345.9
3.884	0.394	320.233
3.884	0.395	331.161
3.884	0.396	306.823
3.884	0.397	278.345
3.884	0.398	279.171
3.884	0.399	311.836
3.884	0.4	343.618
3.884	0.401	314.501
3.884	0.402	302.093
3.884	0.403	290.945
3.884	0.404	333.017
3.884	0.405	330.835
3.884	0.406	340.905
3.884	0.407	368.646
3.884	0.408	390.039
3.884	0.409	395.907
3.884	0.41	412.31
3.885	0.39	366.54
3.885	0.391	357.412
3.885	0.392	327.144
3.885	0.393	347.805
3.885	0.394	337.591
3.885	0.395	324.752
3.885	0.396	312.415
3.885	0.397	288.614
3.885	0.398	282.041
3.885	0.399	302.239
3.885	0.4	341.965
3.885	0.401	317.085
3.885	0.402	311.719
3.885	0.403	284.015
3.885	0.404	323.701
3.885	0.405	325.494
3.885	0.406	336.849
3.885	0.407	361.425
3.885	0.408	383.606
3.885	0.409	393.962
3.885	0.41	402.684
3.886	0.39	358.416
3.886	0.391	366.513
3.886	0.392	337.077
3.886	0.393	347.299
3.886	0.394	352.87
3.886	0.395	330.084
3.886	0.396	327.163
3.886	0.397	295.527
3.886	0.398	277.536
3.886	0.399	295.52
3.886	0.4	332.242
3.886	0.401	327.585
3.886	0.402	321.024
3.886	0.403	290.279
3.886	0.404	308.171
3.886	0.405	334.361
3.886	0.406	333.619
3.886	0.407	352.656
3.886	0.408	375.995
3.886	0.409	383.207
3.886	0.41	409.146
3.887	0.39	361.123
3.887	0.391	364.823
3.887	0.392	347.963
3.887	0.393	340.211
3.887	0.394	356.899
3.887	0.395	330.271
3.887	0.396	321.694
3.887	0.397	316.4
3.887	0.398	283.505
3.887	0.399	277.996
3.887	0.4	315.639
3.887	0.401	326.138
3.887	0.402	300.973
3.887	0.403	286.645
3.887	0.404	303.724
3.887	0.405	338.098
3.887	0.406	334.127
3.887	0.407	351.345
3.887	0.408	370.287
3.887	0.409	384.84
3.887	0.41	396.464
3.888	0.39	360.425
3.888	0.391	372.855
3.888	0.392	346.62
3.888	0.393	340.934
3.888	0.394	351.7
3.888	0.395	337.335
3.888	0.396	324.24
3.888	0.397	316.279
3.888	0.398	289.934
3.888	0.399	278.803
3.888	0.4	310.255
3.888	0.401	332.034
3.888	0.402	313.192
3.888	0.403	287.355
3.888	0.404	292.935
3.888	0.405	325.797
3.888	0.406	336.932
3.888	0.407	347.278
3.888	0.408	359.461
3.888	0.409	377.865
3.888	0.41	398.36
3.889	0.39	366.606
3.889	0.391	373.008
3.889	0.392	354.548
3.889	0.393	334.216
3.889	0.394	353.442
3.889	0.395	337.979
3.889	0.396	324.515
3.889	0.397	316.342
3.889	0.398	289.414
3.889	0.399	284.109
3.889	0.4	312.372
3.889	0.401	337.024
3.889	0.402	316.984
3.889	0.403	304.354
3.889	0.404	281.177
3.889	0.405	312.997
3.889	0.406	329.8
3.889	0.407	340.119
3.889	0.408	357.51
3.889	0.409	376.789
3.889	0.41	390.188
3.89	0.39	369.938
3.89	0.391	365.724
3.89	0.392	371.423
3.89	0.393	344.977
3.89	0.394	343.245
3.89	0.395	339.156
3.89	0.396	334.879
3.89	0.397	324.501
3.89	0.398	304.06
3.89	0.399	291.432
3.89	0.4	310.777
3.89	0.401	331.608
3.89	0.402	322.866
3.89	0.403	315.562
3.89	0.404	283.355
3.89	0.405	308.433
3.89	0.406	328.886
3.89	0.407	339.104
3.89	0.408	363.025
3.89	0.409	369.62
3.89	0.41	381.225
3.891	0.39	388.637
3.891	0.391	365.681
3.891	0.392	366.208
3.891	0.393	348.798
3.891	0.394	352.01
3.891	0.395	346.665
3.891	0.396	338.06
3.891	0.397	320.987
3.891	0.398	309.76
3.891	0.399	287.178
3.891	0.4	295.464
3.891	0.401	324.809
3.891	0.402	324.561
3.891	0.403	306.733
3.891	0.404	278.28
3.891	0.405	295.003
3.891	0.406	324.406
3.891	0.407	334.875
3.891	0.408	357.798
3.891	0.409	369.551
3.891	0.41	375.76
3.892	0.39	378.531
3.892	0.391	361.637
3.892	0.392	366.981
3.892	0.393	350.155
3.892	0.394	343.448
3.892	0.395	358.829
3.892	0.396	336.636
3.892	0.397	322.275
3.892	0.398	312.155
3.892	0.399	283.053
3.892	0.4	289.622
3.892	0.401	320.118
3.892	0.402	325.568
3.892	0.403	301.254
3.892	0.404	282.557
3.892	0.405	283.249
3.892	0.406	316.223
3.892	0.407	328.624
3.892	0.408	351.998
3.892	0.409	361.28
3.892	0.41	371.102
3.893	0.39	384.652
3.893	0.391	364.35
3.893	0.392	378.567
3.893	0.393	351.46
3.893	0.394	332.193
3.893	0.395	355.878
3.893	0.396	339.202
3.893	0.397	332.808
3.893	0.398	315.549
3.893	0.399	299.084
3.893	0.4	286.988
3.893	0.401	316.948
3.893	0.402	339.868
3.893	0.403	316.91
3.893	0.404	295.292
3.893	0.405	285.849
3.893	0.406	307.25
3.893	0.407	326.569
3.893	0.408	342.713
3.893	0.409	372.302
3.893	0.41	382.204
3.894	0.39	395.048
3.894	0.391	381.228
3.894	0.392	377.873
3.894	0.393	367.701
3.894	0.394	337.338
3.894	0.395	351.426
3.894	0.396	334.807
3.894	0.397	338.267
3.894	0.398	309.425
3.894	0.399	310.266
3.894	0.4	285.867
3.894	0.401	317.132
3.894	0.402	332.541
3.894	0.403	330.539
3.894	0.404	305.253
3.894	0.405	275.354
3.894	0.406	309.078
3.894	0.407	324.97
3.894	0.408	333.542
3.894	0.409	355.291
3.894	0.41	379.668
3.895	0.39	390.109
3.895	0.391	378.913
3.895	0.392	367.557
3.895	0.393	363.202
3.895	0.394	342.354
3.895	0.395	361.263
3.895	0.396	337.866
3.895	0.397	339.494
3.895	0.398	325.182
3.895	0.399	311.592
3.895	0.4	294.038
3.895	0.401	308.606
3.895	0.402	336.082
3.895	0.403	334.633
3.895	0.404	304.324
3.895	0.405	277.955
3.895	0.406	291.016
3.895	0.407	323.121
3.895	0.408	321.907
3.895	0.409	361.646
3.895	0.41	365.525
3.896	0.39	395.526
3.896	0.391	378.264
3.896	0.392	374.43
3.896	0.393	375.195
3.896	0.394	350.25
3.896	0.395	353.247
3.896	0.396	347.822
3.896	0.397	351.716
3.896	0.398	327.351
3.896	0.399	303.409
3.896	0.4	285.319
3.896	0.401	292.999
3.896	0.402	341.935
3.896	0.403	323.062
3.896	0.404	315.351
3.896	0.405	287.057
3.896	0.406	284.938
3.896	0.407	312.462
3.896	0.408	335.075
3.896	0.409	364.642
3.896	0.41	359.528
3.897	0.39	394.238
3.897	0.391	383.107
3.897	0.392	372.164
3.897	0.393	382.902
3.897	0.394	358.566
3.897	0.395	341.685
3.897	0.396	355.27
3.897	0.397	333.386
3.897	0.398	335.513
3.897	0.399	323.62
3.897	0.4	285.435
3.897	0.401	287.562
3.897	0.402	328.346
3.897	0.403	326.155
3.897	0.404	325.463
3.897	0.405	299.384
3.897	0.406	279.517
3.897	0.407	306.331
3.897	0.408	325.085
3.897	0.409	342.44
3.897	0.41	358.44
3.898	0.39	399.084
3.898	0.391	378.032
3.898	0.392	379.972
3.898	0.393	376.167
3.898	0.394	370.445
3.898	0.395	343.472
3.898	0.396	365.725
3.898	0.397	333.939
3.898	0.398	340.382
3.898	0.399	321.164
3.898	0.4	315.066
3.898	0.401	296.936
3.898	0.402	320.589
3.898	0.403	332.545
3.898	0.404	325.927
3.898	0.405	304.555
3.898	0.406	280.199
3.898	0.407	308.524
3.898	0.408	317.116
3.898	0.409	338.576
3.898	0.41	362.191
3.899	0.39	406.287
3.899	0.391	383.12
3.899	0.392	376.084
3.899	0.393	380.136
3.899	0.394	360.421
3.899	0.395	343.46
3.899	0.396	361.462
3.899	0.397	332.149
3.899	0.398	339.089
3.899	0.399	321.821
3.899	0.4	311.996
3.899	0.401	290.835
3.899	0.402	316.64
3.899	0.403	338.308
3.899	0.404	337.197
3.899	0.405	299.371
3.899	0.406	283.766
3.899	0.407	283.495
3.899	0.408	321.579
3.899	0.409	330.792
3.899	0.41	366.327
3.9	0.39	414.908
3.9	0.391	389.364
3.9	0.392	370.844
3.9	0.393	383.708
3.9	0.394	371.612
3.9	0.395	358.915
3.9	0.396	361.254
3.9	0.397	334.13
3.9	0.398	332.639
3.9	0.399	323.161
3.9	0.4	309.847
3.9	0.401	284.007
3.9	0.402	299.075
3.9	0.403	339.066
3.9	0.404	333.579
3.9	0.405	316.012
3.9	0.406	292.191
3.9	0.407	287.508
3.9	0.408	309.652
3.9	0.409	332.815
3.9	0.41	359.988
{3.882,0.397}
272.611	172
