245829	
1.00655e+07	
6.34047e+06	
1.4271e+07	
1.46064e+07	
1.82761e+07	
9.46203e+06	
297272	
5.29614e+06	
6.81939e+06	
321824	
1.48472e+07	
7.62607e+06	
8.98535e+06	
334859	
9.99286e+06	
1.3464e+07	
6.34108e+06	
313132	
6.59979e+06	
6.44308e+06	
6.31581e+06	
6.80857e+06	
1.23403e+07	
1.90912e+07	
7.47419e+06	
6.84783e+06	
5.43346e+06	
9.16593e+06	
1.03294e+07	
7.42536e+06	
1.13543e+07	
1.04569e+07	
7.44709e+06	
6.76944e+06	
2.29393e+07	
7.08769e+06	
9.10562e+06	
1.31356e+07	
1.15495e+07	
6.44985e+06	
1.06913e+07	
1.00113e+07	
9.31255e+06	
6.47503e+06	
6.32584e+06	
5.51279e+06	
6.15604e+06	
9.56201e+06	
1.58725e+07	
1.50653e+07	
1.1282e+07	
9.41107e+06	
1.28337e+06	
6.89871e+06	
6.17788e+06	
5.23316e+06	
7.17814e+06	
7.5052e+06	
1.34149e+07	
8.28376e+06	
1.897e+07	
1.18901e+07	
1.46932e+07	
1.45868e+07	
9.14855e+06	
8.68317e+06	
1.04688e+07	
8.69447e+06	
1.05705e+07	
6.54733e+06	
1.53766e+07	
6.33018e+06	
1.11846e+07	
6.88514e+06	
1.1898e+07	
1.24266e+07	
4.83486e+06	
1.15491e+07	
6.7472e+06	
6.34047e+06	
5.41176e+06	
6.00569e+06	
9.0325e+06	
9.60603e+06	
2.26744e+07	
9.46954e+06	
1.08324e+07	
1.02201e+07	
6.35115e+06	
1.06015e+07	
1.42437e+07	
1.93898e+07	
6.40238e+06	
1.00525e+07	
4.86593e+06	
5.55034e+06	
1.05852e+07	
8.23457e+06	
8.86456e+06	
1.1429e+07	
1.15777e+07	
9.54417e+06	
5.90418e+06	
6.15604e+06	
8.92074e+06	
4.81256e+06	
1.8236e+07	
6.0825e+06	
1.35183e+07	
1.00344e+07	
5.5096e+06	
9.56279e+06	
1.38249e+07	
6.65836e+06	
8.16115e+06	
9.27514e+06	
7.05079e+06	
2.29459e+07	
5.77334e+06	
1.38449e+07	
8.62416e+06	
9.98925e+06	
1.12454e+07	
1.05935e+07	
1.5214e+07	
1.12742e+07	
1.09098e+07	
6.78201e+06	
7.49594e+06	
1.49119e+07	
9.89946e+06	
1.3464e+07	
6.79686e+06	
1.2866e+07	
1.05363e+07	
270183	
8.81316e+06	
2.21443e+07	
1.54647e+07	
1.00149e+07	
1.30314e+07	
318160	
1.0003e+07	
1.10452e+07	
288343	
7.01722e+06	
6.35493e+06	
1.50653e+07	
7.6221e+06	
1.04944e+07	
1.40704e+07	
1.19658e+07	
1.11912e+07	
1.34062e+07	
1.31291e+07	
317147	
1.20952e+07	
1.17597e+07	
7.2281e+06	
1.32346e+07	
6.76944e+06	
1.13076e+07	
8.65846e+06	
1.50145e+07	
8.39774e+06	
1.51917e+07	
8.30016e+06	
1.44464e+07	
273847	
9.95251e+06	
8.69447e+06	
1.23466e+06	
284825	
9.40664e+06	
6.54421e+06	
297732	
1.26628e+07	
6.97239e+06	
6.8869e+06	
1.00344e+07	
202171	
1.00218e+07	
1.08056e+07	
6.20873e+06	
1.79566e+07	
1.48841e+07	
1.31995e+06	
1.03294e+07	
1.30658e+07	
9.97211e+06	
1.09696e+07	
6.81939e+06	
1.07624e+07	
9.98249e+06	
2.19518e+07	
1.00655e+07	
8.33854e+06	
8.77489e+06	
1.06791e+07	
5.74909e+06	
6.7472e+06	
6.89777e+06	
1.11957e+07	
1.23582e+07	
7.26672e+06	
1.04663e+07	
5.69293e+06	
8.32681e+06	
1.31956e+07	
1.08324e+07	
6.91375e+06	
9.62156e+06	
3.80669e+06	
1.91492e+06	
5.47588e+06	
9.3992e+06	
7.08769e+06	
1.91738e+07	
1.78443e+07	
6.43294e+06	
8.84812e+06	
1.26363e+07	
7.877e+06	
7.94877e+06	
1.03149e+07	
1.26423e+06	
1.34311e+07	
1.63688e+06	
1.49119e+07	
8.20593e+06	
1.01483e+07	
1.46064e+07	
1.4271e+07	
1.48472e+07	
1.31291e+07	
1.07481e+07	
1.30456e+07	
1.24721e+07	
8.4265e+06	
9.43584e+06	
7.62607e+06	
1.2866e+07	
1.78556e+07	
1.0193e+07	
1.29987e+07	
1.00973e+07	
9.75369e+06	
7.87206e+06	
5.29614e+06	
6.36315e+06	
1.42862e+07	
1.82761e+07	
9.78026e+06	
2.15321e+07	
1.42915e+07	
1.33876e+07	
7.5052e+06	
7.51272e+06	
1.33842e+07	
1.49025e+06	
2.35093e+07	
1.69334e+06	
1.36205e+07	
1.11146e+07	
8.29771e+06	
1.20024e+07	
1.72988e+07	
5.84441e+06	
9.31255e+06	
1.24271e+07	
1.27531e+07	
1.20952e+07	
7.25894e+06	
9.67629e+06	
5.82801e+06	
1.63593e+06	
1.47874e+07	
9.43662e+06	
1.25733e+07	
964102	
1.14767e+07	
6.59979e+06	
1.41426e+07	
1.15495e+07	
1.09098e+07	
6.03409e+06	
1.37364e+07	
8.68317e+06	
1.29448e+07	
1.04309e+07	
7.28098e+06	
1.58725e+07	
1.30456e+07	
1.20257e+07	
5.56674e+06	
1.44464e+07	
7.64322e+06	
9.99286e+06	
1.42437e+07	
9.66282e+06	
1.28032e+07	
9.87021e+06	
9.46203e+06	
840372	
6.89871e+06	
6.44308e+06	
9.27514e+06	
5.5096e+06	
1.98833e+07	
871963	
1.08274e+07	
7.83854e+06	
1.24703e+07	
7.26331e+06	
8.01479e+06	
737488	
2.09108e+07	
597497	
7.03159e+06	
9.41107e+06	
1.25594e+07	
6.88514e+06	
1.45868e+07	
1.90772e+07	
1.24008e+07	
9.81036e+06	
1.17106e+07	
1.37187e+07	
5.63342e+06	
1.24266e+07	
9.0325e+06	
1.37254e+07	
1.07624e+07	
1.40783e+07	
6.35493e+06	
1.05143e+07	
5.43346e+06	
1.46912e+07	
5.41176e+06	
1.26628e+07	
2.04624e+07	
1.38662e+07	
614843	
1.73428e+07	
9.46954e+06	
668859	
705567	
1.90912e+07	
9.74099e+06	
7.83019e+06	
1.41173e+07	
1.20504e+07	
9.7097e+06	
1.25843e+07	
9.56201e+06	
1.2996e+07	
5.51279e+06	
1.02532e+07	
9.73422e+06	
1.42915e+07	
9.43662e+06	
9.91255e+06	
7.92661e+06	
8.81316e+06	
7.07727e+06	
1.23403e+07	
1.74937e+07	
682807	
1.54647e+07	
7.06438e+06	
1.1898e+07	
2.46847e+07	
8.39774e+06	
9.66484e+06	
8.23457e+06	
9.41843e+06	
1.04569e+07	
1.13076e+07	
6.3999e+06	
1.38449e+07	
2.29393e+07	
635833	
8.48666e+06	
8.98535e+06	
1.05935e+07	
1.36205e+07	
6.35115e+06	
7.03159e+06	
1.20795e+07	
9.11443e+06	
1.38249e+07	
9.60603e+06	
1.66042e+07	
5.23316e+06	
9.94037e+06	
1.69787e+07	
9.40664e+06	
8.92074e+06	
8.16115e+06	
1.18901e+07	
1.15884e+07	
7.94877e+06	
6.54358e+06	
6.54358e+06	
6.66031e+06	
7.05495e+06	
1.897e+07	
1.15777e+07	
1.06913e+07	
4.83486e+06	
709471	
1.98833e+07	
7.21679e+06	
9.56279e+06	
9.98249e+06	
1.34062e+07	
709447	
1.34419e+07	
6.30247e+06	
6.66643e+06	
1.11846e+07	
6.62983e+06	
636103	
7.51272e+06	
634814	
1.40704e+07	
6.0825e+06	
1.5214e+07	
6.68124e+06	
1.37364e+07	
1.23582e+07	
459522	
386513	
4.86593e+06	
6.23375e+06	
1.06791e+07	
9.20063e+06	
424602	
6.43814e+06	
455733	
6.39262e+06	
1.00149e+07	
1.48841e+07	
7.6221e+06	
7.42091e+06	
1.21685e+07	
7.26672e+06	
7.24547e+06	
7.49594e+06	
1.2108e+07	
4.81256e+06	
1.17397e+07	
1.12454e+07	
7.28098e+06	
8.88013e+06	
1.04688e+07	
1.1429e+07	
7.95467e+06	
6.83642e+06	
8.3312e+06	
8.30016e+06	
9.44636e+06	
7.56147e+06	
1.35183e+07	
9.44076e+06	
9.22895e+06	
6.80651e+06	
2.26744e+07	
6.60124e+06	
8.77489e+06	
390841	
6.27298e+06	
1.33046e+07	
6.28108e+06	
379111	
1.31956e+07	
1.15116e+07	
1.92752e+07	
9.62156e+06	
1.16265e+07	
1.34311e+07	
3.80669e+06	
6.79686e+06	
1.8236e+07	
1.28442e+07	
7.82804e+06	
321303	
6.77722e+06	
292339	
263499	
5.95719e+06	
6.8869e+06	
1.63553e+07	
9.75369e+06	
6.62741e+06	
1.40442e+07	
6.39262e+06	
1.37254e+07	
8.25413e+06	
5.91186e+06	
6.78201e+06	
7.2281e+06	
8.20593e+06	
1.08485e+07	
6.25642e+06	
7.59156e+06	
6.0824e+06	
1.20367e+07	
1.0887e+07	
1.64276e+07	
6.35766e+06	
7.57367e+06	
2.46847e+07	
1.00296e+07	
2.46687e+07	
7.42175e+06	
6.43294e+06	
1.11146e+07	
1.14767e+07	
1.02201e+07	
1.10452e+07	
5.81164e+06	
9.7521e+06	
7.01812e+06	
5.5364e+06	
1.24721e+07	
1.82366e+07	
7.01561e+06	
1.33842e+07	
9.66045e+06	
1.06246e+07	
1.79566e+07	
1.30658e+07	
8.84812e+06	
1.36083e+07	
6.36315e+06	
8.65846e+06	
1.12742e+07	
7.01722e+06	
9.07692e+06	
2.39579e+07	
1.08274e+07	
1.20024e+07	
1.03286e+07	
1.11957e+07	
8.08258e+06	
1.23466e+06	
1.47874e+07	
2.21443e+07	
1.24543e+07	
1.19664e+07	
7.14379e+06	
9.82912e+06	
7.87206e+06	
1.08056e+07	
1.50595e+07	
1.82499e+07	
8.21586e+06	
1.1251e+07	
7.56147e+06	
8.86521e+06	
7.26331e+06	
9.98925e+06	
7.53482e+06	
8.82813e+06	
1.42862e+07	
1.17442e+07	
7.55596e+06	
5.36818e+06	
7.80522e+06	
5.82801e+06	
7.57367e+06	
9.70977e+06	
8.78738e+06	
1.20222e+07	
8.58373e+06	
1.48423e+06	
1.7524e+07	
7.25894e+06	
1.78443e+07	
1.00973e+07	
5.94787e+06	
1.07481e+07	
1.28442e+07	
5.52521e+06	
9.45621e+06	
1.24788e+07	
6.77951e+06	
1.51892e+07	
1.35003e+07	
8.19012e+06	
1.27531e+07	
1.15049e+07	
1.25843e+07	
1.23392e+07	
1.00891e+07	
2.35047e+07	
1.56601e+07	
7.07727e+06	
6.93722e+06	
6.89777e+06	
1.09332e+07	
8.74778e+06	
6.46467e+06	
6.68308e+06	
7.17332e+06	
5.82251e+06	
1.46912e+07	
1.04663e+07	
1.29987e+07	
8.33854e+06	
1.31978e+07	
1.42407e+07	
1.6472e+07	
6.66643e+06	
6.05625e+06	
9.07499e+06	
9.81036e+06	
5.64973e+06	
2.19518e+07	
8.40962e+06	
9.46642e+06	
1.90772e+07	
1.40783e+07	
9.92099e+06	
1.40833e+07	
1.15688e+07	
9.0745e+06	
2.46687e+07	
5.58509e+06	
1.25594e+07	
7.5357e+06	
7.01561e+06	
1.02727e+07	
1.15239e+07	
1.19658e+07	
1.20257e+07	
1.20996e+07	
8.09048e+06	
1.17597e+07	
1.60156e+07	
1.33876e+07	
7.37444e+06	
6.00972e+06	
6.65534e+06	
6.68124e+06	
9.68469e+06	
1.41426e+07	
1.20795e+07	
8.4265e+06	
9.88814e+06	
1.28032e+07	
1.31995e+06	
9.81632e+06	
1.03238e+07	
7.10812e+06	
1.53065e+07	
8.32681e+06	
1.12303e+07	
1.24788e+07	
6.40158e+06	
1.25846e+07	
9.67629e+06	
9.22384e+06	
7.31709e+06	
1.0193e+07	
9.73422e+06	
1.72988e+07	
1.14901e+07	
1.41173e+07	
1.25733e+07	
5.63342e+06	
1.40487e+07	
1.06882e+07	
5.65343e+06	
7.72938e+06	
1.21685e+07	
8.3312e+06	
8.29771e+06	
1.91492e+06	
1.16265e+07	
1.25538e+07	
2.26353e+07	
6.34738e+06	
1.1026e+07	
2.39579e+07	
1.37187e+07	
6.3999e+06	
1.73428e+07	
1.18554e+07	
1.26363e+07	
1.92752e+07	
8.48666e+06	
1.58971e+07	
1.40442e+07	
7.1838e+06	
9.16255e+06	
1.59427e+07	
1.34725e+07	
1.61655e+07	
6.83642e+06	
9.43584e+06	
1.01336e+07	
1.24543e+07	
1.27827e+07	
8.08258e+06	
8.41179e+06	
1.49025e+06	
1.10939e+07	
1.15239e+07	
1.36083e+07	
7.1101e+06	
1.63688e+06	
7.54385e+06	
2.27484e+07	
6.30247e+06	
1.57639e+07	
1.19159e+07	
1.56595e+07	
6.66031e+06	
7.63118e+06	
8.82813e+06	
6.28108e+06	
9.70977e+06	
5.8339e+06	
9.58902e+06	
6.7886e+06	
9.30602e+06	
1.05143e+07	
1.06246e+07	
8.11766e+06	
5.03805e+06	
1.24674e+07	
7.83854e+06	
1.16748e+07	
8.01479e+06	
5.90971e+06	
6.23375e+06	
1.09719e+07	
1.5543e+07	
6.93884e+06	
2.15321e+07	
1.38662e+07	
1.20367e+07	
1.13717e+07	
1.56502e+07	
7.72145e+06	
6.31624e+06	
8.72786e+06	
1.55203e+07	
7.92661e+06	
9.80804e+06	
1.24703e+07	
1.23392e+07	
8.25609e+06	
1.20324e+07	
1.15534e+07	
1.60198e+07	
2.2703e+07	
9.78026e+06	
1.50055e+07	
6.85804e+06	
8.58027e+06	
5.91186e+06	
1.35003e+07	
7.83019e+06	
1.82366e+07	
9.87021e+06	
9.66282e+06	
1.51636e+07	
1.69334e+06	
1.51346e+07	
7.95467e+06	
6.92102e+06	
8.74778e+06	
7.06438e+06	
1.49696e+07	
1.02532e+07	
1.30209e+07	
6.8295e+06	
1.10501e+07	
1.48323e+07	
7.00129e+06	
7.47294e+06	
1.09815e+07	
7.63667e+06	
7.45424e+06	
1.03286e+07	
1.63593e+06	
1.52365e+07	
2.47679e+07	
1.1394e+07	
2.35047e+07	
6.66171e+06	
964102	
9.81632e+06	
5.52521e+06	
1.40833e+07	
1.64276e+07	
2.26353e+07	
6.60584e+06	
1.49582e+07	
840372	
8.43013e+06	
6.48637e+06	
6.62983e+06	
1.24271e+07	
6.43814e+06	
7.82804e+06	
1.31978e+07	
1.38625e+06	
6.03408e+06	
1.49467e+07	
7.40702e+06	
1.08226e+07	
6.8306e+06	
871963	
5.94787e+06	
9.74099e+06	
1.20996e+07	
737488	
9.94037e+06	
1.21582e+07	
1.12195e+07	
1.74937e+07	
1.66042e+07	
597497	
5.82251e+06	
6.93266e+06	
614843	
1.01559e+07	
6.03409e+06	
5.73279e+06	
6.48524e+06	
1.4972e+07	
1.34419e+07	
1.35087e+07	
2.27437e+07	
7.59156e+06	
9.66045e+06	
6.66712e+06	
1.47384e+07	
668859	
6.79027e+06	
1.50022e+07	
1.27174e+07	
1.50595e+07	
2.43019e+07	
1.44603e+07	
1.20434e+07	
6.27298e+06	
2.09108e+07	
1.1417e+07	
5.64554e+06	
6.56754e+06	
6.82863e+06	
8.80966e+06	
9.92875e+06	
1.81201e+07	
1.10051e+07	
1.2108e+07	
1.19159e+07	
6.5592e+06	
6.15862e+06	
1.25846e+07	
1.14192e+07	
1.00468e+07	
9.07692e+06	
9.7097e+06	
1.17106e+07	
1.21229e+07	
7.42175e+06	
5.95719e+06	
1.42698e+07	
1.07773e+07	
2.27484e+07	
6.66232e+06	
1.00752e+07	
7.60806e+06	
1.07585e+07	
1.08746e+07	
1.42774e+07	
705567	
1.19664e+07	
7.05495e+06	
1.38717e+07	
1.02727e+07	
9.66484e+06	
6.51932e+06	
1.49931e+07	
2.47679e+07	
1.50149e+07	
6.80651e+06	
1.33046e+07	
6.43006e+06	
1.14318e+07	
1.18554e+07	
1.69787e+07	
6.25642e+06	
8.86521e+06	
1.58971e+07	
1.79018e+07	
7.42091e+06	
6.52051e+06	
5.64973e+06	
5.67182e+06	
6.02912e+06	
1.01664e+07	
1.25901e+07	
2.18676e+07	
1.44245e+07	
1.41922e+07	
9.54265e+06	
1.4252e+07	
2.37071e+07	
7.21679e+06	
5.8339e+06	
1.39707e+07	
6.17839e+06	
1.20504e+07	
5.61431e+06	
1.41329e+07	
5.58509e+06	
9.75465e+06	
1.06657e+07	
7.14379e+06	
9.75858e+06	
6.3501e+06	
1.1394e+07	
9.91255e+06	
6.18667e+06	
8.58373e+06	
1.48857e+07	
5.76799e+06	
1.01967e+07	
1.51892e+07	
1.43003e+07	
5.34326e+06	
6.62741e+06	
9.41843e+06	
682807	
9.88814e+06	
9.11443e+06	
1.25538e+07	
9.7521e+06	
1.43088e+07	
5.73587e+06	
7.24547e+06	
2.04624e+07	
635833	
7.99086e+06	
1.02449e+07	
6.06666e+06	
1.40261e+07	
9.44636e+06	
709471	
9.12758e+06	
1.0887e+07	
709447	
1.18104e+07	
5.53688e+06	
1.07541e+07	
5.88103e+06	
1.00634e+07	
6.35766e+06	
5.90971e+06	
7.15765e+06	
1.55203e+07	
2.2703e+07	
5.65343e+06	
5.64369e+06	
1.4064e+07	
1.37225e+07	
1.12962e+07	
636103	
2.04135e+07	
8.83932e+06	
1.87218e+07	
634814	
2.33706e+07	
9.20063e+06	
7.60032e+06	
1.14318e+07	
459522	
1.32416e+07	
9.88288e+06	
2.43019e+07	
6.14761e+06	
1.10391e+07	
8.78738e+06	
386513	
1.13717e+07	
1.20222e+07	
1.17442e+07	
5.20467e+06	
1.63553e+07	
6.77951e+06	
9.46642e+06	
5.82393e+06	
5.87308e+06	
7.01812e+06	
2.07343e+07	
1.2996e+07	
424602	
1.10391e+07	
1.30173e+07	
6.12535e+06	
7.16877e+06	
6.60124e+06	
455733	
7.1838e+06	
9.80804e+06	
7.58398e+06	
6.33708e+06	
5.5364e+06	
1.33721e+07	
1.06882e+07	
1.42407e+07	
7.87353e+06	
6.55514e+06	
4.90093e+06	
1.37693e+07	
7.20724e+06	
5.78356e+06	
5.95489e+06	
1.14817e+07	
1.15534e+07	
8.96824e+06	
1.08485e+07	
1.76845e+07	
1.22896e+07	
5.63983e+06	
1.12303e+07	
6.93722e+06	
8.56187e+06	
6.10178e+06	
2.46089e+07	
9.01207e+06	
7.63667e+06	
1.24625e+07	
5.52955e+06	
4.74982e+06	
6.46467e+06	
1.34382e+07	
8.88013e+06	
5.4572e+06	
9.53276e+06	
1.21229e+07	
8.48506e+06	
1.77018e+07	
6.77722e+06	
1.25423e+07	
6.18529e+06	
1.34786e+07	
6.9586e+06	
1.15884e+07	
1.15049e+07	
7.01446e+06	
9.44076e+06	
1.15654e+07	
7.17332e+06	
1.7524e+07	
7.53482e+06	
390841	
7.99081e+06	
1.00296e+07	
379111	
1.38759e+07	
1.01936e+07	
2.27437e+07	
321303	
292339	
6.7886e+06	
6.05625e+06	
263499	
1.10939e+07	
1.02211e+07	
9.29428e+06	
9.98861e+06	
6.03408e+06	
5.92445e+06	
2.29143e+07	
1.38759e+07	
1.34725e+07	
8.02567e+06	
1.06317e+07	
7.79716e+06	
1.15688e+07	
1.19254e+07	
2.02535e+07	
2.4333e+07	
6.0824e+06	
5.71354e+06	
5.03805e+06	
9.45621e+06	
6.00972e+06	
7.58547e+06	
9.92099e+06	
1.40487e+07	
9.82912e+06	
8.40962e+06	
1.17397e+07	
1.34031e+07	
8.34786e+06	
8.15374e+06	
1.49696e+07	
5.73279e+06	
1.32465e+07	
7.4289e+06	
7.39979e+06	
9.22895e+06	
1.32465e+07	
5.94912e+06	
1.9587e+07	
6.00777e+06	
1.56601e+07	
1.04115e+07	
1.35204e+07	
1.6326e+07	
7.25246e+06	
5.81164e+06	
7.03988e+06	
6.40158e+06	
5.64554e+06	
8.13292e+06	
9.68469e+06	
6.3979e+06	
1.45539e+07	
6.31784e+06	
6.60584e+06	
1.03258e+07	
7.45424e+06	
1.2795e+07	
9.0745e+06	
1.10501e+07	
1.00891e+07	
9.58902e+06	
6.42313e+06	
1.30668e+07	
1.14901e+07	
9.29187e+06	
6.83273e+06	
2.23254e+07	
5.67182e+06	
1.59539e+07	
6.34738e+06	
8.09048e+06	
6.27069e+06	
1.2795e+07	
6.32684e+06	
2.37071e+07	
9.71244e+06	
7.68575e+06	
7.40702e+06	
1.60156e+07	
5.96599e+06	
1.15116e+07	
8.25413e+06	
1.5395e+07	
2.18676e+07	
1.03771e+07	
7.53482e+06	
6.48378e+06	
6.03507e+06	
1.14939e+07	
1.08226e+07	
1.01763e+07	
6.27488e+06	
1.47384e+07	
1.42157e+07	
1.09581e+07	
9.16255e+06	
7.63118e+06	
7.65875e+06	
5.68632e+06	
1.1026e+07	
9.07499e+06	
1.52045e+07	
1.6472e+07	
1.93939e+07	
1.30441e+07	
6.31624e+06	
5.34326e+06	
1.56041e+07	
6.48524e+06	
1.30209e+07	
5.85117e+06	
1.21388e+07	
6.93266e+06	
5.93779e+06	
1.03238e+07	
6.62459e+06	
1.61655e+07	
7.72938e+06	
1.21388e+07	
6.00425e+06	
1.17188e+07	
1.82499e+07	
8.21586e+06	
9.89713e+06	
1.03677e+07	
1.35087e+07	
1.1251e+07	
1.38853e+07	
6.06666e+06	
7.83637e+06	
1.01782e+07	
1.1014e+07	
8.77338e+06	
9.22384e+06	
2.18271e+07	
1.24922e+07	
6.82863e+06	
1.14852e+07	
7.00129e+06	
2.04135e+07	
9.30602e+06	
2.33706e+07	
1.38717e+07	
1.00468e+07	
1.27174e+07	
1.27827e+07	
9.39651e+06	
7.63234e+06	
6.02619e+06	
7.10799e+06	
1.50817e+07	
6.66232e+06	
5.36818e+06	
1.59427e+07	
7.265e+06	
6.8295e+06	
7.80522e+06	
7.54385e+06	
6.07352e+06	
7.64102e+06	
6.8306e+06	
1.42243e+07	
1.48423e+06	
1.00752e+07	
1.17428e+07	
7.15765e+06	
1.17876e+07	
9.39651e+06	
1.01336e+07	
7.55596e+06	
6.06106e+06	
8.72786e+06	
1.11381e+07	
1.25901e+07	
6.52051e+06	
1.01664e+07	
1.5543e+07	
1.38043e+07	
1.39707e+07	
5.94254e+06	
1.24674e+07	
2.14393e+07	
5.79706e+06	
6.79027e+06	
7.34373e+06	
8.19012e+06	
6.09006e+06	
6.43006e+06	
1.57639e+07	
1.09332e+07	
6.68308e+06	
6.17839e+06	
2.07343e+07	
6.65022e+06	
8.58027e+06	
7.58398e+06	
7.4349e+06	
5.87095e+06	
1.14652e+07	
1.00195e+07	
5.66661e+06	
7.7633e+06	
9.75858e+06	
1.10697e+07	
1.20324e+07	
1.56502e+07	
1.19823e+07	
5.73143e+06	
1.17876e+07	
1.09719e+07	
8.80966e+06	
7.5357e+06	
1.81201e+07	
1.51636e+07	
5.37175e+06	
5.76799e+06	
1.40261e+07	
5.76452e+06	
1.09022e+07	
2.29143e+07	
1.07067e+07	
6.18667e+06	
1.22413e+07	
6.15862e+06	
5.33855e+06	
1.16748e+07	
5.63983e+06	
2.06184e+07	
6.65534e+06	
6.16393e+06	
1.53065e+07	
7.60806e+06	
5.64369e+06	
8.66694e+06	
1.07541e+07	
1.12962e+07	
1.14652e+07	
1.09815e+07	
7.37444e+06	
1.20574e+07	
1.36782e+07	
6.59315e+06	
1.0619e+07	
2.02535e+07	
8.25609e+06	
1.00292e+07	
1.32416e+07	
7.95546e+06	
7.99081e+06	
1.15542e+07	
1.19213e+07	
6.02912e+06	
1.9844e+07	
7.99086e+06	
7.31709e+06	
6.32046e+06	
5.82393e+06	
1.72862e+07	
2.10683e+07	
1.51346e+07	
6.42218e+06	
5.88103e+06	
1.21582e+07	
1.49467e+07	
6.14761e+06	
1.07773e+07	
7.13532e+06	
1.52365e+07	
1.11675e+07	
7.10812e+06	
5.90438e+06	
1.56595e+07	
6.12535e+06	
7.53944e+06	
7.60032e+06	
1.72862e+07	
5.87308e+06	
8.41179e+06	
1.22896e+07	
5.2783e+06	
5.73587e+06	
1.60198e+07	
1.06317e+07	
5.78356e+06	
1.09865e+07	
2.23254e+07	
8.01386e+06	
1.00564e+07	
1.1417e+07	
6.22912e+06	
6.55514e+06	
1.49582e+07	
7.87353e+06	
5.53688e+06	
1.9587e+07	
1.30173e+07	
1.06657e+07	
7.91132e+06	
5.52955e+06	
1.4972e+07	
7.16877e+06	
1.09956e+07	
1.01171e+07	
1.64872e+07	
2.00353e+07	
6.10178e+06	
8.11766e+06	
2.00408e+07	
7.74362e+06	
8.43686e+06	
9.18098e+06	
1.49424e+07	
1.12195e+07	
5.20467e+06	
1.04115e+07	
1.08746e+07	
8.56187e+06	
1.64872e+07	
1.19254e+07	
7.20724e+06	
7.01446e+06	
6.18529e+06	
1.04558e+07	
6.67323e+06	
1.02449e+07	
1.20434e+07	
7.72145e+06	
4.90093e+06	
7.1101e+06	
1.25423e+07	
1.50022e+07	
1.42774e+07	
1.61282e+07	
8.48506e+06	
2.18271e+07	
8.34786e+06	
1.06655e+07	
9.85427e+06	
1.50055e+07	
4.74982e+06	
5.71354e+06	
6.93884e+06	
9.71244e+06	
1.10051e+07	
7.47294e+06	
6.0045e+06	
9.53276e+06	
1.48857e+07	
1.41356e+07	
1.61282e+07	
1.05438e+07	
1.02211e+07	
1.04817e+07	
1.14192e+07	
7.79716e+06	
1.50149e+07	
6.3979e+06	
1.14817e+07	
6.85804e+06	
1.57603e+07	
8.15374e+06	
5.94912e+06	
1.44245e+07	
1.19546e+07	
1.27019e+07	
1.03771e+07	
8.43013e+06	
7.03988e+06	
1.93939e+07	
1.48323e+07	
8.13292e+06	
1.07585e+07	
5.35456e+06	
1.02032e+07	
9.29428e+06	
1.56879e+07	
9.01207e+06	
7.58547e+06	
1.57603e+07	
7.13408e+06	
1.49931e+07	
6.00425e+06	
5.61431e+06	
6.83273e+06	
1.09581e+07	
6.92102e+06	
1.14939e+07	
7.68575e+06	
1.01559e+07	
6.27069e+06	
1.01967e+07	
9.72584e+06	
1.41329e+07	
6.32684e+06	
1.20124e+07	
1.44603e+07	
6.9586e+06	
1.87218e+07	
6.66171e+06	
1.2386e+07	
2.14393e+07	
9.03479e+06	
1.47307e+07	
7.4289e+06	
7.34373e+06	
5.96599e+06	
1.45539e+07	
1.18104e+07	
5.78945e+06	
1.4252e+07	
1.22349e+07	
6.48637e+06	
1.03677e+07	
6.48378e+06	
1.00634e+07	
1.56879e+07	
1.38625e+06	
1.1014e+07	
1.01133e+07	
7.39979e+06	
1.23042e+07	
1.42698e+07	
9.88605e+06	
9.88288e+06	
1.03258e+07	
6.62459e+06	
5.93779e+06	
1.44865e+07	
8.77338e+06	
1.36782e+07	
1.37225e+07	
1.20962e+07	
9.92875e+06	
6.33708e+06	
2.10683e+07	
1.11381e+07	
9.42869e+06	
1.47307e+07	
1.42157e+07	
6.66712e+06	
7.64102e+06	
1.76845e+07	
6.02619e+06	
5.95489e+06	
1.24625e+07	
6.42218e+06	
1.01763e+07	
1.15324e+07	
1.44608e+07	
1.43088e+07	
6.56754e+06	
5.87095e+06	
1.37693e+07	
1.09022e+07	
1.17428e+07	
7.63234e+06	
5.4572e+06	
1.19383e+07	
7.13532e+06	
1.41922e+07	
5.68632e+06	
6.5592e+06	
1.38853e+07	
1.79018e+07	
9.06451e+06	
1.23873e+07	
5.92445e+06	
7.4349e+06	
1.16512e+07	
2.00408e+07	
1.44865e+07	
1.4064e+07	
6.51932e+06	
5.73143e+06	
1.16158e+07	
1.36826e+07	
7.53944e+06	
1.34786e+07	
6.00777e+06	
9.89713e+06	
1.23783e+07	
1.34031e+07	
1.0619e+07	
6.67323e+06	
6.3501e+06	
6.07352e+06	
1.43003e+07	
9.54265e+06	
1.58935e+07	
5.76452e+06	
6.31784e+06	
1.07067e+07	
1.19823e+07	
5.79706e+06	
9.29187e+06	
1.77018e+07	
9.98861e+06	
1.33721e+07	
1.13477e+07	
5.33855e+06	
1.34163e+07	
9.75465e+06	
7.53482e+06	
6.03507e+06	
1.44608e+07	
6.65022e+06	
9.18098e+06	
7.25246e+06	
1.31835e+07	
6.0045e+06	
1.00292e+07	
1.13422e+07	
1.00195e+07	
1.09865e+07	
1.15542e+07	
7.65875e+06	
9.12758e+06	
1.34382e+07	
1.00952e+07	
5.2783e+06	
7.7633e+06	
9.06451e+06	
1.6326e+07	
6.42313e+06	
2.46089e+07	
1.06655e+07	
1.56041e+07	
1.19546e+07	
8.83932e+06	
8.66694e+06	
1.01782e+07	
1.49424e+07	
6.27488e+06	
1.35204e+07	
6.22912e+06	
5.35456e+06	
7.83637e+06	
1.36826e+07	
8.96824e+06	
7.95546e+06	
5.85117e+06	
1.59539e+07	
1.15654e+07	
5.66661e+06	
1.01171e+07	
7.10799e+06	
7.13408e+06	
1.09956e+07	
1.04817e+07	
8.01386e+06	
1.30668e+07	
1.01936e+07	
1.34163e+07	
1.41356e+07	
7.265e+06	
9.03479e+06	
1.14852e+07	
9.85427e+06	
1.02032e+07	
8.02567e+06	
1.04558e+07	
6.06106e+06	
1.30441e+07	
1.5395e+07	
5.94254e+06	
2.4333e+07	
2.06184e+07	
1.31835e+07	
6.09006e+06	
1.01133e+07	
1.05438e+07	
9.72584e+06	
1.24922e+07	
5.37175e+06	
1.00952e+07	
1.52045e+07	
9.88605e+06	
6.16393e+06	
1.27019e+07	
1.2386e+07	
1.9844e+07	
1.10697e+07	
9.42869e+06	
6.59315e+06	
1.17188e+07	
5.78945e+06	
1.20124e+07	
6.32046e+06	
1.22413e+07	
1.15324e+07	
1.23042e+07	
1.50817e+07	
5.90438e+06	
1.22349e+07	
2.00353e+07	
1.23873e+07	
1.20962e+07	
1.42243e+07	
1.20574e+07	
7.91132e+06	
1.16158e+07	
1.19383e+07	
7.74362e+06	
1.19213e+07	
1.38043e+07	
1.13477e+07	
1.16512e+07	
1.11675e+07	
1.23783e+07	
1.13422e+07	
1.00564e+07	
1.58935e+07	
8.43686e+06	
