49855	34684.7	-12916.3	-19065.4	6125.69	
-12690.6	2072.39	1164.45	-6758.95	-3348.91	
7198.35	-3884.17	18114.4	-4139.96	-2661	
-18789.2	-16259	16434.5	18123	-13946	
3260.2	1432.79	-1822.52	219.702	-774.183	
28271.5	2195.35	-1656.62	11975	5642.21	
-7079.49	20247	-24943.6	-4235.9	-3207.8	
-41900.1	-4682.13	8783.82	938.914	-16559.9	
-15136	521.245	897.104	1187.95	10027.9	
30282.3	3830.19	-43016	-3290.53	13842.1	
21733.6	1101.56	-9201.56	6163.54	23523.2	
-1942.76	2107.86	-272.75	4096.74	-34.1209	
-16299.8	9838.47	-36220.4	16348.3	-14974.5	
4.93277	45.2417	26183.2	-4295.85	-9946.34	
262.192	14404.4	10875.8	20455.2	-4612.24	
-2996	-1542.86	564.484	936.871	910.352	
5219.71	2714.55	-4639.41	-3096.96	668.342	
1688.63	-12055	-36068.7	-7364.66	30442	
16156.4	-27876.5	1192.24	12819.2	35647.2	
-3303.07	-750.91	162.716	-1451	-839.265	
202.824	-2414.63	350.397	-9542.3	2982.37	
-5935.56	702.533	18583.2	-5089.69	-29130.2	
2588.12	1703.26	-725.777	2658.92	-1052.29	
8275.28	-1584.5	28463	-2537.16	5740.54	
20268.1	5021.75	18973.6	20680.1	8961.59	
-19611.5	4637.71	18357.9	7460.7	23572	
-16111.3	2994.39	3756.1	13769	10882.4	
-42765.1	-15653.7	602.079	14961.7	9826.42	
-23465.5	-19563.3	22297.8	-2424.64	10750.2	
45642.2	14292.8	513.475	5554.16	12373	
-39352.8	9997.31	34640.3	-10417.2	-20757.4	
-14534.8	-15591.9	-16192.5	-13176.8	-2036.35	
-392.665	-1415.08	1566.22	42971.9	20421.3	
24916.8	6740.78	-21907.6	9394.95	1043.3	
11143	20398.7	15603.3	-17418.4	-14442.2	
-34496.1	27751.2	-10029.4	21338.9	-504.672	
989.821	20984.8	22247.3	12404.4	38360.5	
-3760.18	-4561.27	-11200.1	-2618.98	-348.171	
16998.9	10194.2	-1422.96	-113.613	23390.2	
30165.7	19877.3	-27223.4	12727.9	7922.29	
1260	-25438.8	6719.73	6323.26	-2677.34	
-36364.3	2682.19	-7715.97	11457.4	13470.7	
6732.42	-40145.1	-1796.21	-5318.48	15046.1	
9135.25	32160.6	-2013.82	9224.35	-4692.75	
-18156.9	-3033.89	18330.7	-4228.75	-1050.31	
-31560.6	-49179.2	-5806.74	8033.78	-1999.96	
19857.1	37378.9	5406.52	16653.4	-15075.4	
54215	-17625.4	-10639.6	-16079.9	-9518.29	
-37032.9	-7568.55	30612.3	5873.08	34615.6	
-34785.6	38939.1	21825.8	17147.9	5167.05	
14337.8	-13835.6	-34136.5	10629.6	-12060.2	
-39352.9	-23995.5	-3919.64	4944.55	645.099	
40316.9	29017.6	-9230.35	20308.2	7018.71	
4213.52	32532.6	-26727.9	9732.32	-12698	
55007	-27731.8	10617.2	1587.44	-1628.36	
32415.6	-11802.4	-15479.1	-4067.58	20420.2	
-35870.1	-24132.1	28709	3242.65	-11243.7	
-39392.9	-40481.1	3385.08	-2095.05	-9987.25	
-30730.1	-12117.3	23324.3	20115.7	-7062.62	
29072.4	53989.4	-33076.6	13510.3	11345.4	
26477.1	-24952.1	-16116.8	7062.86	8992.59	
16901.4	-26137.5	3431.62	7609.12	6732.31	
-5926.72	11085.2	28783.2	9894.44	-13483.8	
50620.5	-965.073	-8895.65	-18474.1	-12755.2	
2474.15	27896.6	14369.4	9194.53	11267.7	
-16134.8	-14431.4	-22545.4	-19119.2	32099.3	
27159.9	6223.26	-616.569	13892.3	-10059.7	
-5087.54	42776.4	-5316.72	34425.1	21700.4	
-42709.1	42089.6	-6819.97	18666.3	-5508.7	
29533	22374.2	20219.7	-2411.68	26240.8	
16847.3	42.0841	19761.4	17403.6	-15656.2	
-3281.38	-5327.9	28933.4	2252.5	4887.25	
11207.3	22143.3	-12711.7	7869.38	-6830.55	
23066.8	-11944.1	6832.23	9527.27	4042.9	
-7605.49	34395.8	-15638.7	35803.1	-10014	
-24894.6	-24176.2	-1152.24	-2420.64	4916.38	
-19597.6	-40648.3	11544.8	-18789.1	5430.85	
-11881.6	-26343.4	-10631.9	3829.6	8314.96	
56425.4	-21289.1	31966.9	8378.83	33189.3	
60744.7	-34048.4	102.128	-8525.24	21651.9	
-16938.4	-35806.6	-8925.71	11151	5101.23	
-55.6625	12721.7	215.76	1710.22	587.517	
24241.4	17126.9	-10738.6	19567.7	-3586.22	
26782.2	-20248.2	8406.29	10508.8	-1292.88	
-12209.9	26403.7	29405.8	-5216.54	14351.7	
35605.9	6796.59	14517.5	17458	5593.38	
32717.8	-9918.41	-6629.76	-789.042	29508.3	
-30391.5	-28403.8	62075.9	-24964.6	7944.38	
-1304.73	6040.55	-17108.7	5322.12	-4356.61	
-12549.7	46173.5	-12638.5	9272.23	3997.65	
8343.68	-8005.4	-2463.46	12715.4	9640.35	
51895.3	-16446.6	-9743.6	9219.51	-9050.66	
19278.7	-1647.28	-15955.7	3271.1	26047.8	
30767.3	5497.16	-13374.9	26068.2	16601.6	
-2446.76	-2090.57	11621.2	11182.4	-10973.4	
-23639.6	18925.6	15150.2	1419.45	10128.4	
-29992.8	164.375	6317.36	-15980.5	22965.9	
555.362	-11786.1	-1972.65	-16293.4	-13367.5	
19441.3	68182.9	-27376.3	-33751.3	598.087	
-22767.6	16536.4	-9841.51	-10370.7	12949.6	
19933.6	36175.4	31568.2	13791	-24123.8	
57515.2	-10311	-9523.8	8057.73	-4221.81	
-25293.7	-25226.1	-10737.4	17951	10738.6	
5166.78	1136.55	35845.9	9169.05	10485.9	
-53072	-37465	12145.3	-7019.5	16055.5	
-1099.52	17328.7	31165	-2902.45	14178.1	
38612.8	-7191.58	-13334.9	-16319.6	-11777.9	
-9793.97	13093.6	-12122.3	5175.71	-19228	
68271.3	-7818.66	-17358.8	-21842.3	-12198.2	
1415.75	703.498	-2643.5	-1435.68	2058.74	
-16118.8	-4457.85	-8178.87	18907	32800.5	
-13446.8	14206.3	18263.8	-6695.49	-31076.1	
71557.6	11041.4	-649.812	-3686.89	-2654.75	
-22063.1	-37327	16943.4	23706.8	-2130.71	
-48063.5	-9645.26	26674.6	319.162	-14045.8	
12004.5	-6535.5	9929.72	-1694.51	-2749.52	
-27129.6	16872.7	-3357.69	-4036.4	9188.13	
-3024.01	-913.343	5825.2	524.868	-5355.52	
9696.45	-33830.3	951.953	23234.7	15289.8	
-75154.4	5899.57	-23719.3	13986.3	-30877.3	
25165.3	-4379.9	30596.4	25297.8	19628.1	
21097.9	32050.1	29415.9	-25332.3	-8549.08	
15146.2	968.97	-1512.18	-5178.19	7404.59	
987.256	59813.3	-21097.1	11019.9	-6002.57	
21176.5	857.548	1047.15	2546.45	12614.8	
-8179.16	-11780.2	11755.6	-1953.62	10873.3	
-33721.5	-9924.91	21208.3	22858.4	8217.57	
12374.8	16063.2	-2164.36	-952.087	8497.94	
56304.1	6791.62	3280.64	4072.81	333.805	
6088.8	-9313.34	-17948.6	7808.45	6141.86	
1652.61	-227.384	13402.3	-4480.62	-17371.6	
18854.8	-1761.46	-7265.49	3207.44	-28185.5	
-5552.64	-648.293	8324.42	2337.24	-4826.61	
-8841.42	-6448.61	2555.25	1352.18	11899.1	
-28040.6	-47516.4	4391.88	-12961.8	5126.01	
12639.9	8366.69	78943.2	-39362.3	1986.66	
-81127.4	4298.79	-8914.68	-2356.85	-10299.7	
32201.3	-8455.31	3828.06	11922.5	8364.67	
3077.28	3890.56	-1743.45	3279.34	1219.15	
16562.6	3917.39	-1875.22	21789.8	2414.36	
-11656	-6296.71	-2506.31	2587.47	-2569.42	
-42349.6	19688.6	21519.6	-4078.92	17916.5	
-29572.5	-22281.1	18942.9	8994.33	22239.8	
3585.5	-2899.9	1029.12	465.44	2282	
-4546.11	-2874.29	5994.13	-712.201	-2272.07	
-11700.2	-8103.36	61978.2	30599.2	-24193.6	
39445.8	7801.25	16876	1089.79	-3243.83	
13808.4	-18065.8	-581.152	31112.2	-3996.99	
-11606.5	-2063.37	31810.5	4049.25	12609.6	
-44796.8	-28493.2	-15233.1	-3207.03	25977.2	
9370.99	2561.13	-30262.2	26110	-14640.1	
57235.8	-34084.3	13042.3	12205.2	301.571	
22890.8	-31155.7	3038.28	-10001.2	-15611	
-8048.39	3029.96	7267.94	20792.6	-2930.32	
32693.2	24994.7	-10542	-1949.27	9825.55	
-50445.1	-36556.4	2906.17	850.574	-18388.2	
-6321.59	-2113.09	90.6905	1170.44	-1022.43	
-55.6819	3754.71	176.863	403.583	-1567.63	
16697.9	39494.7	20493.6	-2790.38	-7764.29	
-844.411	5299.33	2396.38	-3190.2	-1520.65	
30849.8	-24208.1	-6819.94	-25235.3	-1095.81	
5218.88	2849.48	125.264	1978.33	-1230.06	
11549.4	35806.5	9450.13	-2372.43	910.959	
-16789.9	-14387.9	-33402.2	20718.6	9513.67	
4113.48	-12842.3	10352.3	5515.29	5161.06	
8403.53	29268.6	14247.5	11587.8	17768.5	
21.6372	-1057.39	365.262	1100.65	491.908	
-13973.1	-18101.2	71.4974	-14484.1	12543.4	
48926.1	-4435.93	-33866.8	5205.07	-29350.1	
-5103.23	3097.37	1827.87	-1286.43	-4463.49	
-976.755	-35940.9	-11300.1	8983.03	28338.6	
30468.5	8042.13	33878.5	23559.5	-14368.1	
-25679	-9760.84	23901.6	33727.9	-4687.1	
-35484.3	-18197.8	-20996.5	17433.3	-3033.8	
-2647.97	16498.5	-14251.8	-5702.35	-41012.7	
23228.4	10946.2	8024.85	-3779.12	-2339.25	
-3788.55	-79023.8	-6940.01	15340.6	38459.8	
68479.6	12870.5	35686.2	29662.5	11545.1	
-8204.9	-4810.48	-15035	-21805.2	-2503.59	
35903.8	30652.3	-861.508	16056.9	16707.1	
17684.6	2103.61	-8858.26	19244.9	1786.9	
-28199.1	-16852.4	17937.2	-10085	-876.334	
-33506.6	47474.6	-5120.15	-2776.12	-5718.77	
7009.23	2328.81	-1708.43	-2780.95	-1807.61	
271.744	786.277	-1698.15	-393.662	819.732	
18178.6	-11267.4	-38872.8	-13337.1	14733.5	
6060.94	3242.73	3008.93	135.104	270.26	
-24356.8	-6948.05	35575	-17884.8	-9676.56	
25796.7	-15423.4	-20349.6	4329.89	26910.8	
8338.06	10336.6	2159.07	12751.8	-11501.3	
17213	45786.5	-12936.5	-13684.6	-6236.93	
29576.4	4711.45	-9278.52	16577	-27446.2	
-878.042	4102.69	-15551.1	568.693	53457.5	
18536	8281.86	25400.3	23955.9	-24828.6	
17678.5	-17270.2	-18255.1	-19697.4	14345.9	
-70239.5	21355.5	5846.7	3353.62	-2785.63	
-74908.3	17338.5	10244.9	11423.5	-24143.6	
-30411.5	23298.8	-14529.6	-10605.8	-2276.83	
-12619.4	-26319.5	23403.8	-51747.3	-13325.7	
-33804.2	28228.6	-1544.78	-1519.94	-18101.4	
-19341.7	-22082.1	5183.49	11033	-10066.6	
-44051.6	25667.4	4631.88	-1727.2	9396.24	
25001.9	-46975.8	-16665.6	18539.2	13158.4	
-39420.5	-13361.9	7517.48	3929.04	7366.78	
55383.6	54036	24442.8	15218.4	3457.41	
-7114.68	15532	14691.1	22295.7	9785.03	
-39690.7	7202.23	-24145.3	10351	-5585.29	
-39705.8	11004.1	31319.8	7350.22	38066.3	
3309.1	27381.6	-2400.8	-611.067	17221.4	
-43053.9	-30881	-9575.02	-1017.12	16239.9	
-41609.8	51399.7	-7924.31	1537.5	-29166.5	
42118.6	31467.5	3331.72	19189.6	-7122.08	
22659.8	6812.04	-19808.7	11116.6	12748.1	
-5668.29	-31437.2	-4594.11	-9366.98	35397.2	
11024.1	8587.84	6993.52	-12958.4	-1658	
-34672.9	-11013.4	33867.9	2561.52	28065.6	
-47684.5	-32836.4	-47857.3	-9601.15	-36502.3	
-3299.42	-23225.3	-1768.62	6471.52	-5533.22	
-52902.4	3931.96	-2304.55	-4203.8	-6492.58	
8225.58	8575.1	-1914.66	9661.43	-19640.9	
12941.8	-28059.2	19980.1	-8149.87	11076.9	
-61076.8	45134.3	-5079.39	11262.4	19856.8	
30857.6	-15175.3	17000.5	25058.7	-17913.2	
15853.1	-9621.51	13102.9	22586.9	-21333.5	
9696.57	1237.85	5771.76	22966.3	30044.3	
46212.2	-13003	7656.26	-10206.5	-5465.6	
-32814	15677.9	31885.8	-14879.4	-5271.56	
-50120.7	-12007.1	-21081.7	11898.7	-7664.94	
11194.3	41595.6	14103.7	-2157.41	5480.93	
68617.7	30785.4	-11279.5	-16983.9	-6557.59	
-24192.4	2644.94	-8087.96	7158.86	13425.2	
-40277.5	10903.7	-21193.8	32626.7	-1930.79	
-46535	19344.9	13273.7	25344.8	4007.14	
27641.8	22758.8	-12898.5	13613.1	-25399.6	
-11104.6	-10144.4	-2249.58	-20905.6	-7975.9	
-16676.7	-7777.74	-17422.3	5829.19	18356.7	
-9178.27	-8326.52	3657.03	8872.59	-7715.22	
8194.22	-13574.2	2718.01	31702.5	4608.2	
4852.55	-31938.1	24508.7	-15822.6	1032.28	
-26253.4	34210.9	-2933.11	1095.54	13477.8	
16785.3	9674.67	25913.3	9665.06	54019.5	
-50380.1	3842.98	-13138.4	16696.2	-10136.1	
-29529.1	6175.75	378.154	16896.9	-8036.23	
-18639.3	8150.78	-6567.52	11645.4	13407.7	
3718.74	21950.1	30543.3	21979.2	33417.1	
10908.3	38584.2	27387.6	-11868.1	14074.6	
5836.86	69051.4	24484.7	-3268.36	1928	
8986.2	-4714.86	2409.39	-26478.6	-24710.6	
41537.3	10460	31892.2	6206.87	6030.42	
7681.37	-65203.3	1157.81	-3315.02	38420.8	
-24692.9	26918.5	9510.53	44480.5	1385.46	
44731.9	41787.3	19295.8	8169.39	-1513.21	
17864.5	27421.8	2600.21	13433.3	-9484.62	
-30040.3	14418.9	8158.97	-2459.52	27604.5	
-4724.42	-6902.02	10268.4	2849.39	-3269.11	
0	0	0	0	0	
6961.89	-1600.41	1819.33	-5029.27	-5657.63	
23532.5	-7240.21	-16643.8	-11118.7	-36444.5	
35764.3	22088.4	36076.6	213.856	5518.52	
-72437.4	-15865.9	-158.391	33078.7	8390.29	
-6132.95	28046.5	6640.54	14365.2	-5715.4	
-29429.5	-36528.7	-9554.16	-5826.05	-26275.7	
-79372	19962	-14317.9	-1780.78	-8464.42	
7570.8	-156.982	-23685.1	-15543.5	-12859.6	
20104.5	-18100.5	-736.944	2030.97	8457.16	
15077.2	-4283.44	-8770.56	-36737	-7922.04	
-58142.3	-9246.54	6366.97	-23960.9	-6399.58	
53234.6	-43517.8	5348.96	15523.8	4703.23	
17527.2	6349.74	1398.36	12489.5	1364.69	
28291.6	-13643.1	25438.2	-44975.3	27665.4	
-65677.9	-4699.82	15929.3	6577.55	-27220.4	
-36870.1	-11613	4485.37	-30626.9	-14571.2	
-35810	49788.5	-16558.5	16487.2	-13607.3	
-16229	14275.9	25618.8	25951	12479.3	
13696.8	20244.3	-3483.88	5633.17	4021.74	
-22685.1	28319.5	25768.7	6644.68	21333.2	
1500.43	49927	50579.2	8264.65	-17978.1	
18896.9	13075.6	26187.5	21551.4	9928.04	
2405.39	-12593.1	-27039.2	25934.4	14581.6	
48896.5	-22765.9	9397.61	-21487.5	-11360.4	
-12588.1	17681.3	-3393.15	-24053.8	9142.66	
-232.305	10723	27750.8	-6820.88	-42975.6	
