3963
64.1385	0.401622	110.759	0.716803	47.6341	1.21616	21.0661	1.71727	9.53495	2.21829	4.4653	2.72055	3.34141	3.397	0.96972	4.41518	0.334595	5.41519	917534

1.03927e+06

5515
64.177	0.401698	110.335	0.716715	47.6838	1.21528	21.1209	1.71696	9.56138	2.2187	4.50481	2.7205	3.42484	3.39108	0.972983	4.40718	0.363191	5.42417	1.27643e+06

1.44573e+06

5152
63.992	0.401562	110.336	0.716786	47.8063	1.21582	21.093	1.71748	9.6052	2.21791	4.53106	2.71884	3.39169	3.39731	0.988742	4.40754	0.349961	5.43325	1.19237e+06

1.35031e+06

49
62.5918	0.400753	111.633	0.716959	47	1.21393	20.1837	1.71928	9.67347	2.21346	4.32653	2.72872	3.53061	3.38855	1.08163	4.41169	0.204082	5.18304	11278

12751

5170
63.8689	0.40177	110.179	0.716689	47.7542	1.21551	21.0046	1.71649	9.60426	2.21789	4.55783	2.7194	3.34217	3.39382	0.977756	4.40893	0.349323	5.4129	1.1951e+06

1.35267e+06

5045
63.9832	0.401848	110.433	0.716667	47.7126	1.21564	21.0991	1.71738	9.50803	2.21838	4.4884	2.71915	3.34787	3.39562	0.945491	4.4077	0.349851	5.42179	1.16704e+06

1.32112e+06

7660
64.0102	0.401566	110.587	0.716794	47.9299	1.21515	20.9913	1.71667	9.5376	2.21857	4.53969	2.71995	3.35104	3.39411	0.98329	4.40799	0.340992	5.41695	1.77409e+06

2.00899e+06

8751
63.9958	0.401688	110.249	0.716508	47.8996	1.21586	21.1483	1.71612	9.68644	2.21744	4.52783	2.71979	3.34042	3.39313	0.97886	4.40819	0.33619	5.41806	2.02629e+06

2.29418e+06

8565
64.1692	0.401698	110.293	0.71685	47.9897	1.21531	20.9978	1.71697	9.53882	2.21855	4.51057	2.71906	3.31991	3.39443	0.983304	4.4043	0.340222	5.42752	1.98204e+06

2.24525e+06

4642
63.9987	0.401617	110.298	0.71657	47.6965	1.21592	21.098	1.71722	9.52973	2.21859	4.54739	2.71921	3.38044	3.3916	0.986428	4.40846	0.325075	5.40996	1.07328e+06

1.21555e+06

47
63.7872	0.402765	108.894	0.713172	47.1489	1.21777	19.7872	1.71307	9.51064	2.21611	4.59574	2.7168	3.29787	3.4003	0.957447	4.42099	0.319149	5.54983	10739

12140

10715
63.9043	0.401601	110.36	0.716487	47.7897	1.21524	21.1995	1.7167	9.59543	2.21841	4.49659	2.71996	3.37788	3.39346	0.962389	4.40688	0.337844	5.4262	2.47978e+06

2.80758e+06

8546
8779
64.0702	0.401804	110.295	0.716891	47.863	1.21553	21.1043	1.71792	9.61818	2.21777	4.49509	2.71947	3.38392	3.39564	0.972151	4.40883	0.340744	5.4174	1.97875e+06

2.24027e+06

64.1444	0.401742	110.416	0.716699	47.9427	1.21528	20.9522	1.71702	9.56328	2.21811	4.47386	2.7204	3.33045	3.39357	0.966853	4.41064	0.33227	5.42836	2.03206e+06

2.30117e+06

36
60.7222	0.404101	112.778	0.719282	46.7222	1.216	21.5278	1.70834	9.38889	2.22057	4.5	2.69373	3.11111	3.42677	0.944444	4.47685	0.444444	5.49162	8360

9365

208
64.1635	0.401204	110.885	0.716767	47.9375	1.21746	20.8702	1.71501	9.27885	2.21663	4.42308	2.71691	3.44231	3.38426	0.899038	4.39098	0.259615	5.40298	48102

54529

9961
64.004	0.401573	110.329	0.716784	47.9236	1.21562	21.1484	1.71701	9.61841	2.21822	4.53458	2.71886	3.37717	3.39578	0.968577	4.40747	0.34866	5.42361	2.30666e+06

2.6123e+06

7115
64.0306	0.40177	110.303	0.716689	47.8351	1.21568	21.13	1.71717	9.58468	2.2187	4.51033	2.71905	3.37667	3.39288	0.986086	4.41201	0.346451	5.43174	1.64701e+06

1.86486e+06

48
64.8542	0.40115	112.292	0.718158	46.2292	1.21641	19.9375	1.71518	9.91667	2.21207	4.64583	2.72026	2.66667	3.3951	1.10417	4.34109	0.208333	5.40768	11057

12569

5199
63.808	0.401844	110.221	0.716758	47.6801	1.21554	20.9773	1.71735	9.59184	2.21802	4.51029	2.72082	3.2991	3.39475	0.961723	4.40658	0.345259	5.41292	1.20062e+06

1.35899e+06

7328
63.9105	0.401704	110.512	0.716423	47.76	1.21556	21.1137	1.71698	9.53903	2.2178	4.49809	2.72025	3.37145	3.39406	0.992767	4.40854	0.341976	5.42554	1.69626e+06

1.92022e+06

36
64.4722	0.400816	114.278	0.712432	47.5278	1.21618	19.5833	1.72114	9.69444	2.21444	4.38889	2.71618	2.72222	3.40202	0.805556	4.40912	0.361111	5.44099	8370

9498

8031
63.9037	0.401691	110.254	0.716779	48.0459	1.21592	21.1556	1.71711	9.6247	2.21812	4.52484	2.71976	3.36733	3.39748	0.988544	4.40919	0.343046	5.42745	1.86033e+06

2.10579e+06

8538
64.2252	0.401631	110.566	0.71686	47.8164	1.2158	21.0955	1.71659	9.58082	2.21771	4.53326	2.71958	3.34551	3.39088	0.983251	4.40384	0.347622	5.41873	1.97852e+06

2.24117e+06

8566
64.0166	0.40168	110.406	0.716684	47.77	1.21588	21.0507	1.71703	9.58347	2.21802	4.52603	2.72099	3.39505	3.39252	1.00198	4.40767	0.338081	5.42012	1.98274e+06

2.24505e+06

4878
63.8397	0.401591	110.269	0.716512	47.7823	1.21575	21.0535	1.7163	9.61132	2.21853	4.61029	2.72144	3.37023	3.39216	0.99549	4.40171	0.359369	5.43194	1.12829e+06

1.2775e+06

4362
63.9477	0.401614	110.348	0.716698	47.8957	1.21545	20.9807	1.71657	9.55938	2.21768	4.51238	2.7212	3.34686	3.3941	0.945896	4.40587	0.338606	5.43161	1.00879e+06

1.1423e+06

8078
64.1742	0.401576	110.623	0.716616	47.79	1.21539	21.0623	1.71624	9.53862	2.21944	4.50668	2.72004	3.36952	3.39433	1.00012	4.41228	0.340802	5.42469	1.87098e+06

2.11971e+06

8206
64.1462	0.401726	110.465	0.716686	47.8304	1.21563	21.0526	1.71645	9.54948	2.2174	4.52535	2.7207	3.35182	3.39172	0.995247	4.41044	0.346454	5.41768	1.90028e+06

2.15212e+06

7032
7595
64.0691	0.401605	110.412	0.716704	47.7602	1.21572	21.0808	1.71714	9.5647	2.21874	4.56399	2.71925	3.38211	3.39252	0.977673	4.40691	0.353527	5.42475	1.62771e+06

1.84354e+06

64.0337	0.401694	110.322	0.716652	47.8192	1.21596	21.037	1.71665	9.66873	2.21768	4.55971	2.71966	3.42225	3.39346	0.973009	4.40566	0.348255	5.42581	1.75842e+06

1.99128e+06

7953
64.2006	0.401662	110.237	0.716546	47.8546	1.21568	21.0176	1.7172	9.63573	2.21816	4.44914	2.71962	3.32969	3.39416	1.00038	4.41085	0.340123	5.42257	1.83963e+06

2.0842e+06

9231
64.1583	0.401615	110.644	0.716627	47.6686	1.21585	21.0261	1.71635	9.60253	2.21795	4.50211	2.71985	3.37103	3.39376	0.987867	4.40383	0.327592	5.42762	2.13725e+06
11201

2.42118e+06

64.1321	0.401705	110.443	0.716487	47.8464	1.21543	21.0583	1.7163	9.58727	2.21778	4.52326	2.71995	3.37845	3.39358	0.967235	4.40919	0.34729	5.42307	2.59436e+06

9595
2.93783e+06

64.0446	0.40169	110.558	0.7166	47.9236	1.21552	21.0312	1.71698	9.56634	2.21808	4.51016	2.72043	3.34508	3.39268	0.971443	4.40699	0.344033	5.42644	2.22265e+06

2.51672e+06

9699
64.1044	0.401579	110.505	0.716635	47.8453	1.21558	21.0416	1.71685	9.60779	2.21828	4.49366	2.72128	3.36447	3.39377	0.975977	4.4062	0.356119	5.42507	2.24582e+06

2.544e+06

240
64.4208	0.400746	110.25	0.717139	48.1333	1.21481	21.1292	1.71439	9.575	2.21893	4.5375	2.71777	3.325	3.40203	0.8625	4.38708	0.266667	5.40632	55492

63000

7713
6568
4786
64.105	0.401757	110.567	0.716609	47.9253	1.21518	21.0442	1.71734	9.59471	2.21828	4.5269	2.72046	3.35758	3.39426	0.991573	4.40269	0.348891	5.42629	1.78817e+06

2.02436e+06

64.0403	0.401759	110.287	0.716505	47.9268	1.21539	21.0303	1.71736	9.66093	2.21823	4.50761	2.72077	3.42098	3.39058	0.974574	4.40922	0.345311	5.42309	1.52129e+06

1.72209e+06
6705

63.7758	0.401858	110.247	0.716621	47.8481	1.21545	20.9651	1.7171	9.63038	2.21833	4.50961	2.71913	3.35667	3.39225	0.979524	4.41068	0.33598	5.42755	1.10674e+06

1.25225e+06

64.0846	0.401715	110.467	0.716777	47.8157	1.21499	21.0236	1.71712	9.58837	2.21815	4.49948	2.72084	3.35794	3.39306	0.963609	4.40326	0.347054	5.42514	1.55243e+06

1.7577e+06

7227
64.1584	0.401661	110.412	0.716665	47.785	1.2158	21.1417	1.71639	9.58904	2.21794	4.5402	2.7194	3.38273	3.39464	0.977584	4.40838	0.333748	5.41974	1.67372e+06

1.89579e+06

10848
64.207	0.401659	110.457	0.716709	47.7996	1.21547	21.0306	1.71717	9.60509	2.2183	4.5531	2.72018	3.37389	3.39319	0.99493	4.4106	0.343289	5.42289	2.51256e+06

2.84613e+06

4122
64.1878	0.40167	110.103	0.716295	47.7855	1.21539	21.1715	1.71648	9.5706	2.21728	4.50752	2.72081	3.32848	3.38959	0.956574	4.41441	0.340369	5.41884	953126

1.07976e+06

3913
63.9341	0.401616	110.268	0.716951	47.7991	1.21552	21.1216	1.71702	9.67289	2.21886	4.5561	2.72029	3.38896	3.38733	0.949144	4.40858	0.351393	5.42508	905464

1.02537e+06

5528
63.9009	0.401621	110.251	0.716912	47.8956	1.21536	21.0148	1.71666	9.56928	2.21961	4.48499	2.72009	3.35221	3.39033	0.992945	4.40566	0.335745	5.4259	1.2781e+06

1.44722e+06

7370
64.3256	0.401705	110.331	0.716555	47.8216	1.21608	20.9872	1.71702	9.54464	2.2185	4.55007	2.71978	3.36934	3.39288	0.985075	4.40493	0.334464	5.41337	1.70588e+06

1.93277e+06

9979
64.1828	0.401665	110.447	0.716421	47.885	1.21552	21.079	1.71659	9.58533	2.21765	4.50696	2.7196	3.3318	3.3938	0.962521	4.40455	0.339713	5.42175	2.31082e+06

2.61769e+06

6672
64.0045	0.401668	110.535	0.716537	47.6926	1.21563	21.0391	1.71707	9.59442	2.21835	4.49026	2.72055	3.3726	3.39335	0.981715	4.4114	0.336781	5.42066	1.54401e+06

1.74838e+06

10338
64.2598	0.401641	110.426	0.716738	47.8815	1.21538	20.9515	1.71675	9.5177	2.21804	4.50058	2.72024	3.38005	3.39428	0.981524	4.40816	0.337783	5.42503	2.39268e+06

2.711e+06

5660
3634
63.8836	0.401652	110.283	0.716532	47.9071	1.21554	21.0739	1.71678	9.61943	2.21785	4.51979	2.71891	3.30989	3.39558	0.949117	4.4072	0.330919	5.41378	1.30924e+06
63.8341	0.401737	110.453	0.716846	47.612	1.21575	21.0019	1.71679	9.5333	2.21774	4.51651	2.72031	3.36159	3.39212	0.991469	4.40026	0.34645	5.43006	839792


6741
950836
1.48222e+06

8711

8573
63.9668	0.401747	110.051	0.716931	47.8634	1.21545	21.1638	1.71769	9.59516	2.2183	4.53968	2.71922	3.36122	3.39132	0.947337	4.40456	0.336745	5.42234	1.55887e+06

1.76496e+06

10281
7018
4957
9013
8754
64.0606	0.401705	110.332	0.716676	47.8472	1.21515	21.1231	1.71664	9.58937	2.21834	4.54506	2.71944	3.37447	3.39068	0.975663	4.40855	0.333831	5.41891	2.01697e+06

2.28386e+06

63.8276	0.401762	110.299	0.716868	47.893	1.21572	21.1902	1.71708	9.64155	2.21787	4.53144	2.71993	3.40429	3.3922	0.995334	4.40579	0.351919	5.42489	1.98572e+06

2.24728e+06

64.0382	0.401567	110.375	0.716624	47.8071	1.21595	21.0355	1.71733	9.60202	2.21887	4.51667	2.71962	3.34867	3.39281	0.984896	4.4105	0.332431	5.412	1.6238e+06

1.839e+06

64.2013	0.401672	110.474	0.716596	47.8973	1.21563	21.0827	1.71736	9.58798	2.21832	4.50423	2.71991	3.3807	3.39157	0.994164	4.40832	0.337905	5.42026	2.38226e+06
6321

2806
2.69836e+06

64.4073	0.401605	110.546	0.716671	47.8348	1.21589	20.9223	1.71753	9.56869	2.21895	4.44846	2.71902	3.35243	3.39043	0.968328	4.40969	0.343151	5.42868	1.14751e+06

1.30067e+06

64.0045	0.401658	110.475	0.717016	47.7593	1.21562	21.093	1.71664	9.62443	2.21822	4.59214	2.71937	3.37912	3.39336	0.968379	4.40817	0.338067	5.41675	2.08716e+06

2.36352e+06

64.2045	0.401689	110.536	0.716236	47.8017	1.21595	21.0696	1.71664	9.55849	2.21829	4.54181	2.71815	3.38862	3.397	0.976011	4.41046	0.337217	5.42054	2.02794e+06
6364

2.29717e+06
9533

5392
6774
10725
63.8967	0.401873	110.301	0.716918	47.7612	1.21521	20.9234	1.71663	9.66251	2.21848	4.49109	2.71861	3.40592	3.38818	0.959729	4.40791	0.332145	5.42868	648713

734425

63.9125	0.401714	110.272	0.716829	47.9266	1.21559	21.0343	1.71602	9.65797	2.21885	4.53077	2.72087	3.38934	3.39392	0.988926	4.40005	0.344408	5.42236	1.46315e+06

1.65646e+06
8003

7813
5365
8336
9087
64.1024	0.401607	110.363	0.716739	47.9032	1.21553	21.0084	1.7166	9.56509	2.2175	4.49911	2.71911	3.36043	3.39212	0.983846	4.40636	0.339872	5.41524	2.20582e+06

2.49884e+06

63.9883	0.401591	110.201	0.716373	47.7088	1.2162	21.066	1.71617	9.56473	2.21945	4.56343	2.71973	3.35423	3.39248	0.982938	4.41174	0.324184	5.42139	1.24614e+06

1.41138e+06

63.9761	0.401621	110.17	0.716872	47.9761	1.21536	21.1304	1.717	9.60216	2.21922	4.50738	2.72036	3.41969	3.39457	0.992324	4.40297	0.351196	5.41532	1.56814e+06

1.77564e+06

64.05	0.401616	110.351	0.716698	47.8653	1.21541	21.0013	1.7168	9.55021	2.21803	4.54303	2.71913	3.36606	3.39373	0.964382	4.40905	0.327459	5.4214	2.48108e+06

2.81015e+06

64.0768	0.401659	110.449	0.716622	47.9171	1.21552	21.0952	1.71672	9.58085	2.2185	4.51703	2.71951	3.39503	3.39236	0.960293	4.41028	0.334813	5.41459	1.93113e+06

2.18675e+06

64.12	0.40175	110.203	0.716583	47.9531	1.2153	21.0479	1.71683	9.58178	2.21836	4.56154	2.71882	3.35937	3.39747	0.974135	4.4036	0.341997	5.41609	1.85285e+06

2.09793e+06

64.0097	0.401853	110.266	0.716695	47.9122	1.21568	21.0875	1.71665	9.58061	2.21849	4.51601	2.72024	3.39727	3.39419	0.980522	4.40503	0.339056	5.4266	2.10386e+06

2.3816e+06

63.882	0.401757	110.345	0.716517	47.7185	1.21556	21.1474	1.7171	9.62833	2.21738	4.47064	2.72057	3.34725	3.39284	0.965704	4.40702	0.345573	5.42955	1.24096e+06

1.40483e+06

64.322	0.401572	110.722	0.716546	47.7896	1.21566	21.1265	1.71614	9.59529	2.21824	4.51901	2.71981	3.37297	3.39375	0.969026	4.4074	0.333035	5.42084	1.81174e+06

3377
2.05286e+06

64.0064	0.401753	110.283	0.716704	47.9296	1.21575	20.9991	1.7174	9.5209	2.21768	4.52624	2.72143	3.34664	3.39174	0.973444	4.41133	0.327624	5.41443	1.47212e+06

1.66682e+06

63.8522	0.401736	110.093	0.71719	47.9659	1.21524	20.9926	1.71772	9.58839	2.2186	4.51821	2.71947	3.41575	3.3893	1.00563	4.40425	0.344092	5.41388	780820

884018

7180
63.7439	0.40166	110.148	0.716472	47.9006	1.21571	21.1299	1.71702	9.70446	2.21853	4.51671	2.72031	3.39777	3.39414	0.993872	4.40921	0.350836	5.42997	1.66139e+06

1.88034e+06

6426
63.9577	0.401703	110.404	0.716871	47.8234	1.2153	21.0571	1.71664	9.49486	2.21782	4.48631	2.71918	3.42219	3.39406	0.961874	4.40433	0.326486	5.41325	1.48649e+06

1.68318e+06

8776
64.0603	0.401522	110.524	0.716731	47.9444	1.21553	21.0812	1.71745	9.62033	2.21812	4.50125	2.72062	3.35597	3.39221	0.969348	4.40855	0.337853	5.42454	2.03317e+06

2.30278e+06

8270
5951
3110
64.0948	0.401771	110.369	0.716586	47.8856	1.21545	21.0565	1.7162	9.6526	2.21809	4.5214	2.71929	3.38888	3.39407	0.986457	4.41346	0.345466	5.42638	1.91592e+06
63.8437	0.401912	110.125	0.716738	47.8767	1.21551	21.1264	1.71652	9.59469	2.21863	4.51571	2.7196	3.40716	3.39445	0.993783	4.40953	0.351706	5.41514	1.37686e+06


1.55818e+06

2.16923e+06

64.2347	0.40154	110.327	0.716947	47.7145	1.21549	21.0678	1.71666	9.59486	2.21813	4.52958	2.71961	3.35627	3.3896	0.949839	4.40246	0.323473	5.41483	719405

815125

7599
64.1369	0.401497	110.279	0.716794	47.8113	1.21567	21.0574	1.71705	9.59231	2.21851	4.59074	2.71915	3.40795	3.39165	0.962627	4.4057	0.333991	5.42006	1.75847e+06

1.99225e+06

2896
63.7365	0.401798	110.092	0.716669	47.6606	1.21566	20.9731	1.71615	9.5518	2.21869	4.65504	2.72319	3.35014	3.39592	0.973757	4.4048	0.360843	5.43176	668661

756881

6285
64.0584	0.401852	110.232	0.716665	47.8363	1.21568	21.0944	1.71693	9.63405	2.21849	4.53349	2.71891	3.42084	3.39471	0.976134	4.41647	0.328878	5.4211	1.45529e+06

1.64739e+06

7434
64.1141	0.401647	110.557	0.716806	47.8274	1.21563	20.9847	1.71691	9.62349	2.21849	4.5078	2.72076	3.35916	3.39441	0.971348	4.40813	0.337907	5.42252	1.72142e+06

1.94981e+06

8754
64.036	0.401546	110.418	0.716727	47.8106	1.21558	20.9576	1.71696	9.6027	2.21898	4.50548	2.71991	3.33767	3.39156	0.96196	4.4042	0.340873	5.42451	2.02444e+06

2.2933e+06

5013
64.0766	0.401703	110.542	0.716822	47.7293	1.21553	20.9685	1.71687	9.56912	2.21785	4.45821	2.71981	3.38001	3.3951	1.0012	4.40722	0.331937	5.42429	1.15988e+06

1.31369e+06

7365
64.0516	0.401574	110.34	0.716528	47.7523	1.21557	21.1071	1.7166	9.61331	2.21864	4.53999	2.72052	3.42376	3.38995	0.996877	4.40741	0.350441	5.41786	1.70495e+06

1.93092e+06

7949
64.2239	0.401699	110.42	0.71629	47.9366	1.21568	21.0398	1.71643	9.52032	2.21776	4.48811	2.72023	3.33451	3.39122	0.96792	4.40402	0.337024	5.42025	1.84019e+06

2.08477e+06

8394
64.2299	0.401577	110.428	0.716419	47.8862	1.21581	21.0854	1.71672	9.59697	2.21857	4.50691	2.71906	3.40064	3.39239	0.981415	4.41047	0.348106	5.42399	1.94465e+06

2.20312e+06

5964
64.1211	0.401816	110.327	0.716753	47.869	1.21504	21.0761	1.71704	9.55231	2.21835	4.55064	2.72	3.38883	3.39192	0.975184	4.41058	0.348592	5.41148	1.38109e+06

1.56382e+06

7895
63.9947	0.401625	110.468	0.71658	47.8994	1.21576	21.0459	1.71728	9.56681	2.21846	4.52692	2.71945	3.35174	3.39392	1.00013	4.41118	0.332616	5.41106	1.82801e+06

2.06996e+06

5002
64.007	0.401552	110.277	0.716525	47.9844	1.21568	21.028	1.71684	9.52459	2.21792	4.46981	2.71956	3.39084	3.3955	0.982607	4.41499	0.35066	5.42445	1.15722e+06

1.3106e+06

8026
64.0765	0.401728	110.524	0.716723	47.7995	1.21565	20.9715	1.71688	9.61201	2.21886	4.51844	2.72043	3.36618	3.39493	0.988039	4.4095	0.352479	5.42019	1.8585e+06

2.10449e+06

5283
64.0504	0.401572	110.302	0.716651	47.9451	1.21559	21.0926	1.71669	9.49063	2.21826	4.52262	2.71949	3.31138	3.38875	0.976907	4.39779	0.350937	5.42063	1.22217e+06

1.38437e+06

4823
64.1128	0.401431	110.375	0.716938	47.8876	1.21571	21.0454	1.71642	9.55339	2.21815	4.4831	2.71922	3.35455	3.39356	0.982583	4.40264	0.348953	5.40879	1.11569e+06

1.26432e+06

6925
64.0516	0.401697	110.363	0.717157	47.7734	1.21531	21.1097	1.71705	9.60173	2.21821	4.5483	2.72008	3.38628	3.39332	0.983394	4.40574	0.348159	5.41958	1.60325e+06

1.81549e+06

6050
63.9559	0.401633	110.646	0.716567	47.7512	1.21578	21.065	1.71613	9.58512	2.21776	4.50116	2.72037	3.37388	3.39366	0.962479	4.40954	0.330579	5.4066	1.40051e+06

1.58614e+06

4796
63.8215	0.401847	110.11	0.716573	47.8893	1.21554	21.177	1.71689	9.59987	2.21821	4.52877	2.72055	3.40013	3.39407	0.986447	4.40226	0.335696	5.43296	1.10975e+06

1.25583e+06

6897
63.7421	0.401783	110.305	0.716695	47.9912	1.21526	21.1609	1.71609	9.62737	2.21965	4.57938	2.7197	3.38741	3.39274	0.978831	4.41099	0.349137	5.4228	1.59765e+06

1.80785e+06

4459
63.8479	0.40178	109.929	0.716597	47.869	1.21568	21.1588	1.7168	9.57165	2.21748	4.53779	2.72086	3.31891	3.39272	0.989235	4.41517	0.344248	5.4164	1.03041e+06

1.16632e+06

7993
64.5247	0.401519	110.501	0.716608	47.745	1.21556	20.9827	1.71657	9.54623	2.21836	4.52371	2.72043	3.36857	3.39202	0.976605	4.40944	0.341674	5.41868	1.8508e+06

2.09825e+06

6957
64.2294	0.401922	110.364	0.716451	47.8491	1.21549	21.1018	1.71607	9.61492	2.21731	4.51056	2.71824	3.37214	3.39341	0.981458	4.4144	0.343683	5.42871	1.61222e+06

1.82529e+06

6017
63.9809	0.401652	110.298	0.716761	47.868	1.21577	21.0678	1.71679	9.53266	2.21828	4.51737	2.71938	3.39438	3.39366	0.951969	4.4093	0.337377	5.42513	1.3918e+06

1.57615e+06

6880
64.1132	0.401573	110.465	0.716641	47.909	1.21592	21.0449	1.71751	9.61541	2.21848	4.49317	2.72015	3.33227	3.39604	0.961919	4.4051	0.330087	5.42257	1.59316e+06

1.80438e+06

7701
4680
64.0887	0.401526	110.671	0.716715	47.8466	1.21545	20.9936	1.71725	9.5524	2.21793	4.52668	2.71919	3.39203	3.39228	0.974938	4.40236	0.334242	5.4193	1.78399e+06
63.7024	0.401753	110.415	0.716833	47.9145	1.21566	20.9979	1.7172	9.58226	2.21755	4.47949	2.71817	3.38312	3.39168	0.968376	4.40077	0.33953	5.41695	1.08259e+06


2.02059e+06

6630
1.22514e+06

6205
7432
63.9532	0.401621	110.51	0.717022	47.8348	1.21546	21.0864	1.71732	9.54465	2.21775	4.54992	2.71941	3.38054	3.39192	0.998944	4.40604	0.344193	5.41414	1.53526e+06

1.7384e+06

64.088	0.401604	110.385	0.716572	47.8201	1.21525	21.117	1.7167	9.53135	2.2183	4.49911	2.71935	3.31168	3.39221	0.960516	4.41551	0.342305	5.41834	1.43552e+06
64.0497	0.401599	110.436	0.716711	47.8258	1.21573	21.053	1.71713	9.55867	2.21788	4.50269	2.7197	3.37271	3.39042	0.976184	4.41363	0.334769	5.42725	1.7199e+06

1.948e+06


1.62605e+06

190
64.5737	0.40096	110.468	0.716613	48.5211	1.21792	20.3316	1.72098	9.28947	2.21678	4.64211	2.72137	3.48947	3.39217	0.984211	4.41108	0.426316	5.40749	43900

49918

8990
63.8196	0.40169	110.589	0.716733	47.8339	1.21527	21.0641	1.71689	9.59099	2.21868	4.52303	2.72024	3.41112	3.39247	0.971635	4.40769	0.34238	5.40989	2.08203e+06

2.35669e+06

6907
63.8203	0.401747	110.435	0.716745	47.9412	1.21579	21.0324	1.71723	9.60012	2.21852	4.44969	2.71946	3.38627	3.39246	0.97003	4.40582	0.347618	5.42284	1.59879e+06

1.80952e+06

5892
63.6641	0.401894	109.972	0.71682	47.7702	1.21474	21.0995	1.7165	9.67176	2.21756	4.49711	2.72018	3.3666	3.39048	0.980821	4.41339	0.336388	5.40986	1.36132e+06

1.53992e+06

6949
64.034	0.40171	110.629	0.716526	47.9331	1.21549	20.9678	1.71714	9.52238	2.21826	4.46942	2.72048	3.35717	3.39186	0.958555	4.40194	0.333861	5.42769	1.60928e+06

1.82206e+06

3217
6295
64.1626	0.401586	110.143	0.716872	47.8147	1.21546	21.1147	1.71628	9.69848	2.21932	4.52471	2.72093	3.38203	3.39535	0.981038	4.40609	0.32981	5.42125	744361

843339

64.2691	0.401758	110.353	0.716529	47.8208	1.2157	21.123	1.71714	9.57665	2.21845	4.52391	2.72248	3.36934	3.39064	0.97506	4.40399	0.33884	5.41627	1.45805e+06

1.65149e+06

1841
63.9169	0.401819	110.174	0.716399	47.7691	1.21538	21.1027	1.71671	9.6453	2.21953	4.57089	2.71953	3.40196	3.39353	0.971211	4.39717	0.349267	5.40019	426071

482161

3772
63.6938	0.401664	110.44	0.716411	47.9385	1.21597	21.1943	1.71731	9.5517	2.21738	4.50159	2.71988	3.31707	3.39493	0.952015	4.41442	0.353393	5.43615	873303

988046

8684
5724
63.9113	0.401743	110.168	0.716389	47.8615	1.21564	21.1195	1.71741	9.60884	2.21819	4.54822	2.72034	3.41649	3.39291	0.989693	4.41161	0.340321	5.41602	1.32468e+06

64.1582	0.401568	110.49	0.716921	47.9147	1.21611	21.1345	1.71638	9.57082	2.21872	4.51474	2.72034	3.38058	3.39195	0.954744	4.40568	0.334984	5.42444	2.01206e+06

1.49948e+06
2.27915e+06


6445
63.8112	0.401528	110.43	0.716849	47.901	1.21548	21.0991	1.71646	9.61552	2.21821	4.53871	2.71868	3.42079	3.3927	0.999224	4.40759	0.343677	5.41962	1.49254e+06

1.68961e+06

6985
63.9152	0.401698	110.297	0.716672	47.8014	1.21566	21.1047	1.71649	9.64868	2.2184	4.53644	2.71926	3.34674	3.39305	0.982677	4.40507	0.340444	5.41837	1.61628e+06

1.82988e+06

2765
63.9678	0.40183	110.323	0.716196	47.6998	1.21578	20.9219	1.71739	9.56347	2.2182	4.50705	2.71903	3.36456	3.39306	1.02061	4.40849	0.35009	5.41801	639223

723652

13589
63.9519	0.401682	110.436	0.716491	47.885	1.21546	21.1186	1.71706	9.60174	2.21821	4.51247	2.7196	3.3731	3.39193	0.980499	4.40706	0.335271	5.4222	3.14713e+06

3.56296e+06

5985
63.6269	0.401772	110.281	0.7165	47.8819	1.21575	21.1086	1.71719	9.47552	2.21867	4.50927	2.72084	3.36441	3.39258	0.965915	4.40376	0.349875	5.42567	1.38336e+06

1.56546e+06

5643
63.6996	0.401713	110.202	0.716589	47.8391	1.21569	21.1634	1.71718	9.56353	2.21817	4.47811	2.71982	3.4028	3.39591	0.976431	4.41049	0.330321	5.42529	1.30452e+06

1.47652e+06

7923
64.0139	0.4018	110.319	0.716994	47.9148	1.21564	21.1768	1.71621	9.55711	2.21841	4.53023	2.71984	3.37587	3.3939	0.974	4.40451	0.337372	5.41787	1.83518e+06

2.0774e+06

4070
63.5538	0.401763	110.074	0.716804	47.9179	1.21572	20.8936	1.7162	9.58747	2.2174	4.52826	2.72009	3.35627	3.39098	0.977887	4.39988	0.339803	5.43532	939577

1.0632e+06

5207
64.121	0.401605	110.498	0.71659	47.8898	1.2157	21.1304	1.71695	9.55214	2.21842	4.51815	2.71986	3.37238	3.3874	0.990398	4.41168	0.333205	5.43239	1.20636e+06

1.36635e+06

5228
63.7842	0.401767	110.188	0.716565	47.7557	1.21561	21.0857	1.71689	9.56197	2.21879	4.55834	2.72115	3.3202	3.39248	0.995792	4.4022	0.344874	5.4216	1.20847e+06

1.36762e+06

2507
63.8899	0.401751	110.544	0.716953	47.4771	1.21476	21.0774	1.71745	9.53929	2.21797	4.5002	2.71956	3.30116	3.39568	0.973275	4.40422	0.334264	5.41423	579352

655922

5429
64.1925	0.401706	110.604	0.716312	47.886	1.21574	20.9604	1.71671	9.49991	2.21808	4.47467	2.71933	3.33689	3.38792	0.982501	4.40282	0.344446	5.41702	1.25722e+06

1.42393e+06

3216
64.0227	0.40171	109.99	0.71685	47.6561	1.21521	21.0295	1.71732	9.52177	2.21841	4.60354	2.71999	3.36039	3.39323	1.01493	4.40605	0.354167	5.4241	742677

841154

360
63.8111	0.401815	110.131	0.716447	47.25	1.21561	21.0833	1.71566	9.69722	2.21558	4.54722	2.71329	3.53056	3.39414	1.07222	4.43235	0.35	5.38511	83183

94130

5267
63.8538	0.401797	110.191	0.716708	47.7253	1.21564	21.0908	1.7162	9.58971	2.21849	4.5206	2.72017	3.35371	3.39244	0.962787	4.40729	0.329789	5.42327	1.21744e+06

1.37794e+06

12401
64.0964	0.40165	110.546	0.716359	47.8217	1.2155	21.0129	1.71668	9.5781	2.21854	4.5227	2.72	3.35497	3.39119	0.985969	4.40687	0.341747	5.42419	2.87103e+06

3.2523e+06

5653
64.0331	0.40182	110.43	0.716902	48.0104	1.21544	21.0455	1.71722	9.55298	2.21801	4.51123	2.72016	3.35875	3.39355	0.980718	4.40552	0.327614	5.42211	1.3098e+06

1.4825e+06

8024
293
5897
64.11	0.401645	110.301	0.716458	47.7972	1.21516	21.086	1.71678	9.50523	2.21854	4.46847	2.71965	3.38372	3.39104	0.985169	4.41047	0.341476	5.42631	1.85583e+06

2.10211e+06

63.4198	0.40235	108.826	0.7165	48.256	1.21755	20.727	1.71795	9.72355	2.21626	4.51877	2.72204	3.45734	3.39672	0.897611	4.43219	0.416382	5.45022	67432
64.3254	0.401731	110.384	0.716497	47.6308	1.21528	21.0507	1.71676	9.56605	2.2182	4.47143	2.72032	3.3668	3.39117	0.956758	4.40952	0.350178	5.42939	1.36445e+06


76251
1.54562e+06


273
64.6557	0.401379	110.205	0.716664	47.8242	1.21497	20.9011	1.71911	9.47253	2.22012	4.49817	2.71512	3.19048	3.38435	1.05128	4.39648	0.32967	5.39374	63084

71561

5503
63.6595	0.402019	109.846	0.716706	47.932	1.21596	20.9746	1.71721	9.68435	2.21941	4.50754	2.71907	3.34345	3.39291	0.973832	4.41155	0.342904	5.42928	1.27111e+06

1.43774e+06

7441
177
64.0789	0.401522	110.492	0.716682	47.7773	1.21567	21.0892	1.71666	9.57667	2.2184	4.51203	2.72022	3.39403	3.39343	0.978498	4.40803	0.345384	5.41256	1.7222e+06

64.0113	0.402054	110.661	0.716354	47.339	1.21659	20.8475	1.72214	9.72316	2.22204	4.61582	2.71175	3.28249	3.39404	1.11299	4.41628	0.288136	5.44644	40984
1.95136e+06


46353

133
63.5414	0.40281	109.045	0.716611	48.1504	1.21502	21.6165	1.71473	9.53383	2.22867	4.8797	2.71844	3.45865	3.38176	1.04511	4.39024	0.398496	5.49107	30800

34802

9922
64.0794	0.401584	110.453	0.716586	47.8322	1.21574	21.1343	1.7171	9.56894	2.21814	4.50333	2.71961	3.37553	3.39292	0.98841	4.41051	0.338037	5.42534	2.29739e+06

2.60227e+06

4973
63.8691	0.401639	110.399	0.716639	47.7613	1.21544	20.918	1.71719	9.51277	2.21842	4.48442	2.71775	3.38347	3.3911	0.972652	4.4101	0.331188	5.41912	1.14923e+06

1.30109e+06

11633
64.1877	0.40153	110.529	0.716814	47.842	1.21551	21.0655	1.71745	9.58738	2.21787	4.55067	2.72022	3.37918	3.39588	0.972578	4.40323	0.336371	5.42072	2.6952e+06

3.05309e+06

4807
63.8028	0.401774	110.414	0.716651	47.7924	1.21579	20.9846	1.71633	9.51196	2.21938	4.52257	2.721	3.39068	3.3965	0.978781	4.41016	0.338465	5.42384	1.11182e+06
11813

1.25817e+06

64.1363	0.401727	110.399	0.716699	47.8465	1.21569	21.0528	1.71701	9.50876	2.21826	4.52205	2.72051	3.3773	3.39409	0.968255	4.40494	0.340472	5.4249	2.73416e+06

3.09679e+06

5244
63.9638	0.401641	110.193	0.716516	47.7744	1.21545	21.0471	1.71629	9.59573	2.21867	4.52956	2.7185	3.35126	3.39557	0.982838	4.40651	0.343822	5.41132	1.2122e+06

1.37278e+06

12159
5052
7749
4775
64.2818	0.40168	110.553	0.716828	47.7937	1.21566	20.9952	1.7168	9.58006	2.21819	4.4831	2.72	3.37774	3.39204	0.974504	4.40836	0.330866	5.4199	2.81641e+06

3.19016e+06

63.6194	0.401728	110.27	0.716828	47.824	1.21545	21.1051	1.71732	9.62233	2.21872	4.52811	2.71958	3.36778	3.39605	0.982383	4.40192	0.36639	5.42161	1.16817e+06

1.32203e+06

64.0254	0.401558	110.323	0.716735	47.8636	1.21592	21.0983	1.71675	9.56627	2.21776	4.55504	2.71985	3.38508	3.39355	0.973029	4.40488	0.344561	5.43207	1.79341e+06

2.03128e+06

63.8926	0.401902	110.222	0.716913	47.8036	1.21598	21.0015	1.7169	9.6444	2.21688	4.53675	2.72025	3.36482	3.39064	0.989948	4.39951	0.333613	5.40844	1.10488e+06

1.25004e+06

10330
64.1366	0.401711	110.36	0.716591	47.8043	1.21543	21.0768	1.71688	9.62585	2.21815	4.488	2.71929	3.36999	3.39158	0.966989	4.40587	0.344627	5.42239	2.391e+06

2.70825e+06

122
64.0492	0.401567	110.246	0.718524	48.6311	1.21347	21.3689	1.71644	9.20492	2.21284	4.66393	2.71549	3.39344	3.39273	0.967213	4.37197	0.344262	5.39427	28317

32070

113
62.4425	0.402446	109.965	0.715954	47.6814	1.21612	21.4248	1.71401	9.27434	2.21671	4.59292	2.72967	3.47788	3.39647	0.876106	4.46652	0.318584	5.46319	26055

29386

5754
64.28	0.401735	110.285	0.716304	47.9447	1.21539	21.0699	1.71756	9.565	2.2183	4.56691	2.71911	3.36844	3.39264	0.988008	4.40843	0.339416	5.42902	1.33316e+06

1.50989e+06

124
4585
65.3468	0.401237	110.532	0.715041	48.25	1.21257	20.4839	1.71566	9.64516	2.22	4.16129	2.72738	3.23387	3.39375	1.1129	4.38057	0.451613	5.44426	28749

32639

64.1697	0.401712	110.272	0.716545	47.916	1.21591	21.0037	1.71667	9.59826	2.21828	4.54569	2.72118	3.36379	3.39145	0.954417	4.40471	0.319738	5.43542	1.0615e+06

1.20193e+06

125
4358
62.416	0.4016	109.464	0.720293	48.376	1.21393	20.56	1.71258	10.248	2.21908	4.712	2.72055	3.752	3.40195	0.952	4.48279	0.4	5.38935	28899
11253

9777
32610

7341
64.0473	0.401704	110.046	0.716355	47.8334	1.21559	20.9878	1.71629	9.51744	2.21711	4.5296	2.71921	3.35314	3.39049	0.973841	4.40825	0.35475	5.421	1.00667e+06

1.14024e+06

64.3422	0.401591	110.602	0.716805	47.8023	1.21526	21.102	1.71699	9.58598	2.21809	4.52466	2.72061	3.38443	3.3929	0.957167	4.41116	0.335466	5.41524	2.60842e+06

2.95544e+06

7321
64.1521	0.401738	110.743	0.716643	47.8679	1.21543	20.9564	1.71656	9.54393	2.21772	4.50066	2.71826	3.32413	3.39312	0.96369	4.40654	0.337527	5.42205	2.2656e+06
6578

2.56538e+06
124

64.049	0.401752	110.407	0.716769	47.7642	1.21555	21.133	1.71687	9.59256	2.21815	4.53521	2.71934	3.42188	3.39177	0.958997	4.41278	0.336194	5.41638	1.70006e+06

1.9248e+06

169
64.0426	0.401777	110.698	0.716729	47.7444	1.21535	20.9974	1.71676	9.56563	2.21839	4.50198	2.71912	3.37918	3.3941	0.963803	4.41603	0.335883	5.41875	1.69554e+06

1.91978e+06

62.5726	0.401619	110.411	0.714178	47.7661	1.21706	21.3629	1.71579	9.85484	2.21814	4.27419	2.72372	3.16935	3.38376	0.967742	4.3968	0.298387	5.42131	28570

32324

63.9577	0.401776	110.382	0.716689	47.884	1.21558	21.0085	1.71686	9.57388	2.21837	4.51809	2.71977	3.37139	3.39302	0.957434	4.40687	0.328215	5.41891	1.52189e+06

1.72331e+06

62.213	0.401835	109.834	0.717474	46.574	1.21586	21.0296	1.71766	9.9645	2.22481	4.93491	2.71853	3.27219	3.3996	1.07692	4.41322	0.319527	5.38143	38852

43808

10489
63.9069	0.401703	110.631	0.716677	47.8678	1.2159	20.8685	1.71639	9.55048	2.21803	4.51435	2.71962	3.36715	3.39069	0.987987	4.41106	0.328058	5.42459	2.42734e+06

2.74835e+06

4236
63.7559	0.401657	110.119	0.716587	47.7809	1.21575	21.0449	1.7165	9.5916	2.21815	4.5118	2.71907	3.3822	3.39061	0.988432	4.40478	0.350567	5.42488	978531

1.10782e+06

5726
64.0519	0.401735	110.235	0.71652	47.9336	1.21538	20.9965	1.71648	9.511	2.21901	4.50908	2.72038	3.34247	3.39182	0.972057	4.40528	0.341774	5.41993	1.32411e+06

1.4996e+06

5401
63.908	0.401508	110.535	0.716709	47.7354	1.21576	21.0911	1.71642	9.56101	2.21875	4.52731	2.71932	3.34401	3.39178	0.985743	4.40532	0.342899	5.4247	1.24981e+06

1.41522e+06

9688
6462
8609
64.1943	0.40175	110.559	0.716333	47.7629	1.21552	21.0243	1.717	9.56049	2.21876	4.48338	2.71968	3.37108	3.39039	0.973576	4.41072	0.33237	5.43188	2.2437e+06

63.7409	0.401768	110.117	0.716761	47.8454	1.21533	21.0339	1.71693	9.63154	2.21854	4.52584	2.71916	3.37929	3.39212	0.989167	4.40172	0.343856	5.41933	1.49331e+06
2.54079e+06


64.2324	0.401558	110.509	0.716699	47.8854	1.21538	21.1236	1.71651	9.53676	2.21923	4.47125	2.72125	3.35231	3.39188	0.988849	4.40987	0.32919	5.42531	1.99422e+06

1.6905e+06

2.25925e+06

8929
64.1603	0.401713	110.497	0.716708	47.6986	1.21543	21.0215	1.71663	9.65786	2.21731	4.50286	2.71932	3.3707	3.39112	0.95621	4.40603	0.3324	5.42555	2.06727e+06

2.34116e+06

5597
64.2035	0.401604	110.356	0.716585	47.856	1.21553	21.0334	1.71644	9.59443	2.21815	4.54708	2.71863	3.38413	3.39375	0.979096	4.40327	0.319278	5.42317	1.2955e+06

1.46794e+06

6255
64.0558	0.401766	110.237	0.716805	47.8616	1.21561	21.0924	1.71613	9.58849	2.21757	4.48985	2.72041	3.34628	3.39357	0.96307	4.40913	0.338129	5.42221	1.44706e+06

1.63864e+06

8733
64.0058	0.401671	110.419	0.716625	47.6963	1.21542	21.1416	1.71745	9.59281	2.21805	4.49067	2.7206	3.37959	3.39322	0.952021	4.40945	0.339975	5.42131	2.02056e+06

2.2882e+06

5228
64.0207	0.401715	110.404	0.716773	47.843	1.21587	21.0874	1.71751	9.61266	2.21856	4.51071	2.71936	3.3795	3.39293	0.979533	4.40945	0.331676	5.42309	1.21069e+06

1.37062e+06

5795
64.3594	0.401455	110.829	0.71672	47.7701	1.21524	21.0766	1.71674	9.55375	2.21813	4.49802	2.71934	3.35462	3.39069	0.9717	4.40121	0.320276	5.42327	1.34336e+06

1.52254e+06

100
63.13	0.401864	109.51	0.717491	47.46	1.21318	21.67	1.71455	10.09	2.214	4.22	2.71458	3.52	3.39145	0.84	4.38998	0.29	5.47202	23067

26073

88
65.6364	0.401227	111.568	0.714676	47.0227	1.21071	21.0795	1.71643	8.98864	2.21364	4.38636	2.7258	3.125	3.40953	0.852273	4.46653	0.318182	5.44535	20359

23142

14494
64.1964	0.40164	110.4	0.716633	47.8599	1.21547	21.0714	1.71652	9.57969	2.21897	4.49966	2.71927	3.36525	3.39236	0.978267	4.40682	0.341728	5.41937	3.35587e+06

3.80167e+06

71
64.3944	0.401613	112.831	0.716391	46.1408	1.21686	20.8451	1.72077	9.12676	2.21284	4.53521	2.7142	3.29577	3.37416	0.859155	4.37245	0.43662	5.37132	16459

18635

13154
64.1417	0.401698	110.481	0.716676	47.9023	1.21571	21.0442	1.71724	9.59776	2.21767	4.52265	2.71963	3.39904	3.39102	0.978866	4.41191	0.34385	5.42677	3.04764e+06

3.45176e+06

5906
63.8933	0.401715	110.482	0.71677	47.6126	1.21538	21.0782	1.71714	9.54775	2.21856	4.51168	2.71993	3.39841	3.39245	0.986624	4.40468	0.356925	5.41666	1.36614e+06

1.54659e+06

7013
64.1479	0.401609	110.589	0.716569	47.9381	1.21544	21.0741	1.71648	9.58363	2.21779	4.49551	2.71951	3.33096	3.38968	0.972337	4.40715	0.340225	5.42948	1.62503e+06

1.84071e+06

6770
63.8442	0.401837	110.397	0.716862	47.8775	1.21603	20.9643	1.71663	9.57947	2.21816	4.46012	2.72002	3.39424	3.39348	0.99675	4.40666	0.343131	5.42942	1.56621e+06

1.77277e+06

5595
63.9539	0.401628	110.292	0.716857	47.7501	1.21582	21.134	1.71692	9.60786	2.21786	4.53566	2.71964	3.39106	3.38876	0.986059	4.40743	0.324576	5.43306	1.29427e+06

1.46575e+06

12321
64.1482	0.401691	110.586	0.716618	47.8267	1.21541	21.0791	1.71714	9.51059	2.21883	4.52658	2.72061	3.33155	3.39284	0.98182	4.41109	0.348916	5.42419	2.854e+06

3.23229e+06

6533
63.9225	0.401597	110.028	0.716983	47.8633	1.21542	21.1443	1.71738	9.63493	2.21784	4.5662	2.71941	3.36752	3.3921	0.996939	4.41062	0.344711	5.42784	1.51114e+06

1.71078e+06

6871
63.9977	0.401475	110.522	0.716958	47.6741	1.21563	21.0215	1.71607	9.55392	2.21896	4.5382	2.7199	3.42745	3.39364	0.980207	4.40339	0.347693	5.42654	1.58957e+06

1.80064e+06

13124
64.2304	0.401577	110.414	0.716794	47.8833	1.2154	21.0706	1.71667	9.62336	2.21768	4.50046	2.71805	3.39828	3.39376	0.980722	4.40794	0.340216	5.42285	3.04012e+06

3.44427e+06

5945
64.1102	0.401673	110.211	0.716531	47.749	1.21604	21.1154	1.71591	9.55038	2.21723	4.51505	2.71914	3.36518	3.39181	0.984357	4.40561	0.337931	5.42655	1.37495e+06

1.55722e+06

4868
63.7093	0.401773	110.174	0.716706	47.7453	1.21522	21.0035	1.71689	9.5873	2.21869	4.49692	2.72002	3.41886	3.39222	0.982744	4.4072	0.354355	5.40736	1.12492e+06

1.27285e+06

10963
4684
64.0992	0.401653	110.532	0.716683	48.0277	1.21568	20.9602	1.71694	9.56791	2.21772	4.49558	2.71979	3.3936	3.39393	0.970172	4.40462	0.343154	5.42583	2.53997e+06

2.87658e+06

63.7141	0.40173	110.116	0.716895	47.7568	1.21614	21.1108	1.71681	9.6345	2.21825	4.52775	2.71965	3.40115	3.39363	0.98719	4.4088	0.344364	5.42102	1.08261e+06

1.2253e+06

4627
63.8537	0.401901	109.916	0.716906	47.9254	1.2158	21.1455	1.71771	9.55544	2.21724	4.53685	2.72153	3.38686	3.39105	0.988978	4.40537	0.351632	5.40609	1.06984e+06

1.2107e+06

10004
6813
64.3436	0.40172	110.181	0.716548	47.9437	1.21566	21.0695	1.71739	9.60086	2.21783	4.51319	2.71902	3.37505	3.38856	0.976809	4.40761	0.346961	5.42079	2.31683e+06

2.62455e+06

64.0307	0.40183	110.37	0.716661	47.793	1.21559	21.1516	1.71649	9.56304	2.21823	4.51079	2.72061	3.36342	3.39677	0.971525	4.40582	0.34214	5.42543	1.57745e+06

1.78566e+06

5432
63.9045	0.401771	110.078	0.716704	48.0515	1.21559	21.0249	1.71653	9.61708	2.21826	4.53424	2.72044	3.41881	3.39319	1.01031	4.40585	0.351436	5.42482	1.25712e+06

1.42313e+06

10115
64.1045	0.401545	110.534	0.71684	47.9058	1.21547	21.0965	1.71709	9.59634	2.21831	4.50321	2.71992	3.37795	3.39272	0.981117	4.40741	0.337815	5.41643	2.34327e+06

2.65455e+06

6098
64.0113	0.401729	110.407	0.716945	47.9442	1.21549	20.9062	1.71713	9.51574	2.218	4.52952	2.72033	3.36225	3.39291	0.981961	4.41006	0.340276	5.42464	1.41073e+06

1.59766e+06

5020
63.8629	0.401674	110.134	0.716915	47.958	1.21524	21.1147	1.71678	9.66195	2.21797	4.5741	2.72008	3.36753	3.39067	0.96255	4.3978	0.348406	5.42451	1.16185e+06

1.31516e+06

6269
63.9754	0.401575	110.452	0.716685	47.836	1.21579	21.0876	1.71697	9.54937	2.21878	4.50678	2.71944	3.39783	3.39384	0.968257	4.40867	0.337534	5.42957	1.45094e+06

1.64317e+06

5220
63.8799	0.401667	110.383	0.716779	47.841	1.21556	21.1644	1.71676	9.67548	2.21818	4.52433	2.7203	3.35939	3.39591	0.972222	4.40786	0.351341	5.43509	1.20876e+06

1.36843e+06

9410
64.1663	0.401571	110.572	0.716439	47.7708	1.21541	21.0664	1.71598	9.57386	2.21827	4.49139	2.71959	3.35855	3.39671	0.9678	4.40914	0.341658	5.42625	2.17867e+06

2.46833e+06

9520
64.0697	0.401531	110.564	0.716687	47.886	1.21564	21.0008	1.71654	9.53204	2.21867	4.52532	2.71819	3.4042	3.39394	0.960504	4.40501	0.354202	5.4194	2.20419e+06
9297

2.49707e+06

64.0954	0.401613	110.462	0.716757	47.8173	1.21563	21.0171	1.71741	9.59966	2.21906	4.50371	2.7201	3.3641	3.3948	0.969022	4.40943	0.347747	5.42357	2.15194e+06

2.43745e+06

5858
64.2224	0.401774	110.632	0.716688	47.7835	1.21562	20.984	1.71662	9.54507	2.2185	4.49932	2.71827	3.39399	3.39388	0.966883	4.41635	0.336463	5.42815	1.35708e+06

1.53693e+06

5741
63.7673	0.401762	110.312	0.716823	47.8375	1.21559	21.1113	1.71719	9.63578	2.21744	4.50845	2.72061	3.38687	3.39386	0.985194	4.40575	0.338443	5.42876	1.32832e+06

1.50347e+06

4969
63.9889	0.401674	110.288	0.716471	47.7162	1.21526	21.0584	1.71725	9.69249	2.21816	4.55806	2.72008	3.38398	3.39199	0.959147	4.41998	0.336285	5.42007	1.14965e+06

1.30179e+06

8639
64.0641	0.40163	110.44	0.716589	47.8818	1.21554	21.0938	1.71732	9.56662	2.21866	4.48617	2.72043	3.36034	3.38908	0.982405	4.40844	0.343327	5.42498	2.00028e+06

2.26531e+06

8757
63.9227	0.401625	110.45	0.716918	47.8743	1.21592	21.0666	1.71713	9.5334	2.2189	4.49663	2.71911	3.41555	3.39389	0.988581	4.40614	0.342469	5.42083	2.02692e+06

2.29513e+06

7398
64.1218	0.401734	110.53	0.716289	47.9227	1.21594	21.0438	1.71683	9.55231	2.21843	4.51284	2.72033	3.3728	3.3943	0.982022	4.40802	0.343877	5.43095	1.71394e+06

1.9411e+06

8823
64.0562	0.401723	110.554	0.716328	47.7636	1.21579	21.0487	1.71661	9.58824	2.21782	4.48759	2.72022	3.34795	3.39229	0.976425	4.40751	0.340474	5.41568	2.04241e+06

2.31306e+06

8209
64.011	0.401567	110.122	0.716738	47.9371	1.21542	21.0928	1.71722	9.55817	2.21748	4.53758	2.71915	3.36813	3.39396	0.993787	4.40439	0.337556	5.42135	1.89835e+06

2.15041e+06

5044
5612
5685
4757
63.976	0.401889	110.188	0.716786	47.9278	1.21567	21.0391	1.7168	9.57712	2.21877	4.50813	2.72001	3.39354	3.39203	0.962331	4.41062	0.342189	5.43451	1.16713e+06

1.32109e+06

11508
8327
63.6901	0.401735	110.202	0.71658	47.8327	1.21577	21.0991	1.71795	9.56272	2.218	4.52281	2.71906	3.38542	3.3921	0.980756	4.40737	0.351746	5.42762	1.29762e+06

1.46825e+06

63.9094	0.401771	110.454	0.716715	47.8697	1.21569	21.077	1.71682	9.53967	2.21876	4.47669	2.71996	3.32348	3.39564	0.964116	4.40932	0.337907	5.42822	1.31566e+06

1.4892e+06

63.9617	0.401675	110.383	0.71662	47.8997	1.21548	20.9836	1.71636	9.6069	2.21707	4.52491	2.71813	3.34265	3.39124	0.955224	4.40489	0.332563	5.43039	1.10065e+06

1.24629e+06

64.0001	0.401587	110.413	0.716484	47.9258	1.21532	21.0221	1.71652	9.54209	2.21806	4.5033	2.71979	3.38345	3.39327	0.984388	4.40768	0.331092	5.42293	1.9269e+06

2.18255e+06

64.271	0.401652	110.486	0.716631	47.8774	1.21588	21.0381	1.71711	9.50009	2.21871	4.53737	2.72017	3.37791	3.3913	0.976886	4.40671	0.342371	5.41163	2.66557e+06

3.01978e+06

5257
63.8606	0.401628	110.315	0.716413	47.8429	1.21552	21.0611	1.71715	9.57542	2.21752	4.51284	2.72095	3.358	3.39222	1.0019	4.41343	0.338596	5.41446	1.21583e+06

1.37663e+06

5257
63.9817	0.401827	110.247	0.716752	47.6852	1.21572	21.078	1.71755	9.65912	2.2188	4.53186	2.71815	3.43846	3.38969	0.956629	4.40833	0.349249	5.43556	1.21633e+06

1.37695e+06

4508
63.681	0.401673	110.481	0.716764	47.7711	1.21528	21.1823	1.71653	9.63886	2.21741	4.4858	2.71966	3.36624	3.39676	0.975821	4.40003	0.340949	5.43931	1.04321e+06

1.18075e+06

8093
63.8628	0.401653	110.388	0.716596	47.8441	1.21561	21.0556	1.71661	9.66304	2.21806	4.53392	2.72069	3.42172	3.39448	0.993575	4.41078	0.346349	5.41012	1.87389e+06

2.12125e+06

5125
64.0806	0.4017	110.326	0.716622	47.8884	1.21537	21.0722	1.71688	9.57034	2.21798	4.52	2.72147	3.38478	3.39431	0.999805	4.407	0.323707	5.42819	1.18652e+06

1.3436e+06

10402
64.2763	0.401643	110.385	0.716635	47.8404	1.21542	21.0618	1.71747	9.60171	2.21826	4.49039	2.71994	3.35349	3.39425	0.969717	4.40826	0.344838	5.41481	2.40812e+06

2.7287e+06

12117
64.1415	0.401679	110.545	0.71662	47.8539	1.21543	21.0266	1.71711	9.64315	2.21749	4.5045	2.72	3.36742	3.39353	0.977965	4.40491	0.335314	5.42535	2.80723e+06

3.17944e+06

7975
64.0739	0.401584	110.273	0.716519	47.8517	1.21552	21.0967	1.71753	9.66871	2.21782	4.57216	2.71987	3.37279	3.39404	0.981567	4.3995	0.337555	5.43269	1.84651e+06

2.09127e+06

9572
64.2054	0.401629	110.735	0.716732	47.7374	1.21523	21.0555	1.71695	9.56331	2.21787	4.5186	2.72036	3.3761	3.39006	0.965733	4.40947	0.336398	5.42604	2.21787e+06

2.51258e+06

7846
63.988	0.40181	110.446	0.716412	47.78	1.21587	21.0678	1.71679	9.61254	2.21855	4.53734	2.72022	3.36885	3.38912	0.961637	4.40874	0.351772	5.42629	1.81693e+06

2.05654e+06

7411
63.8309	0.401707	110.306	0.716636	47.9432	1.21576	21.0089	1.71676	9.53812	2.21859	4.51639	2.72032	3.38821	3.39227	0.966941	4.39933	0.325867	5.42966	1.71421e+06

1.94038e+06

11455
64.2255	0.40169	110.356	0.716608	47.8621	1.21554	21.1335	1.71648	9.53086	2.21811	4.49533	2.71977	3.31777	3.39123	0.962811	4.4141	0.340812	5.43266	2.65173e+06

3.00378e+06

7500
64.1396	0.401585	110.556	0.7164	47.816	1.21541	21.0509	1.71663	9.64973	2.21824	4.5104	2.71967	3.3916	3.38881	0.972	4.4032	0.336533	5.42662	1.73746e+06

1.96817e+06

9056
64.0835	0.401687	110.462	0.716676	47.7736	1.21567	21.0276	1.71707	9.55941	2.21811	4.48929	2.7198	3.36595	3.39083	0.987964	4.40684	0.344965	5.41412	2.09604e+06

2.37352e+06

11286
64.189	0.401743	110.437	0.716544	47.9576	1.2153	21.0447	1.71721	9.52144	2.21803	4.51825	2.72015	3.34636	3.39285	0.95995	4.40306	0.340599	5.4143	2.61423e+06

2.96048e+06

11202
64.2444	0.401572	110.574	0.716655	47.8745	1.21539	21.0028	1.71676	9.57365	2.21843	4.49098	2.7203	3.35788	3.39573	0.976701	4.40474	0.345474	5.42058	2.59498e+06

2.93985e+06

6737
63.9837	0.401609	110.469	0.716568	47.9687	1.2152	21.0573	1.71714	9.56271	2.21782	4.47484	2.72079	3.3408	3.39228	0.970016	4.40054	0.345703	5.42227	1.5598e+06

1.76626e+06

7767
64.2096	0.401654	110.624	0.71661	47.6853	1.21553	20.9755	1.71682	9.5477	2.2185	4.50985	2.71988	3.35084	3.39451	0.994721	4.40873	0.350843	5.41974	1.79762e+06

2.03688e+06

7281
10263
64.0883	0.40173	110.551	0.716536	47.8263	1.21607	21.046	1.71708	9.52699	2.21776	4.516	2.72019	3.33745	3.39346	0.996841	4.40785	0.331136	5.41218	1.68643e+06

1.90922e+06
6333
64.1616	0.401612	110.381	0.716768	47.812	1.21593	21	1.7171	9.56748	2.21966	4.51233	2.71968	3.37523	3.3932	0.977687	4.409	0.345123	5.4164	2.37509e+06


2.69026e+06

63.8759	0.401631	110.334	0.716614	47.8468	1.21544	21.1168	1.71719	9.57982	2.21806	4.56892	2.72018	3.39571	3.39501	0.987526	4.40335	0.35244	5.42529	1.46618e+06

1.65961e+06

6319
64.1511	0.401803	110.405	0.71639	47.8642	1.21524	21.0286	1.717	9.52904	2.21833	4.47587	2.72059	3.38139	3.3919	0.974363	4.40728	0.337237	5.40885	1.46293e+06

1.6565e+06

8662
63.9614	0.401667	110.416	0.71663	47.8129	1.21598	21.1559	1.71661	9.57516	2.21773	4.52274	2.71986	3.39564	3.39263	0.97414	4.4042	0.334796	5.41962	2.00557e+06

2.27073e+06

9774
64.1495	0.401547	110.552	0.71666	47.8836	1.21519	21.0009	1.71686	9.52926	2.21813	4.49826	2.7197	3.37242	3.3936	0.965112	4.40125	0.345815	5.4138	2.26301e+06

2.56369e+06

12887
64.2787	0.40162	110.301	0.716706	47.8703	1.21555	21.0703	1.71638	9.58059	2.21848	4.51114	2.71962	3.37666	3.39418	0.970203	4.41011	0.336308	5.42406	2.98372e+06

3.3802e+06

8778
64.0624	0.401604	110.349	0.716682	47.9082	1.21548	21.1631	1.71632	9.59957	2.21873	4.49886	2.71966	3.365	3.39307	0.992709	4.40858	0.330827	5.42667	2.03264e+06

2.30221e+06

2531
63.6243	0.402019	110.089	0.716822	47.8242	1.21571	20.9376	1.71712	9.59463	2.21844	4.53339	2.7226	3.44804	3.3958	1.02647	4.41479	0.330699	5.43884	585236

661625

8681
64.1351	0.401596	110.29	0.716657	47.838	1.2159	21.0713	1.71669	9.55086	2.21902	4.50962	2.71944	3.38486	3.39152	0.965096	4.40717	0.347425	5.41919	2.00874e+06

2.27522e+06

1309
63.7723	0.401637	109.982	0.716372	47.696	1.21594	21.0008	1.71619	9.52636	2.21629	4.54698	2.71964	3.36211	3.39337	0.942704	4.40687	0.343774	5.41309	302067

341876

0
-nan	-nan	-nan	-nan	-nan	-nan	-nan	-nan	-nan	-nan	-nan	-nan	-nan	-nan	-nan	-nan	-nan	-nan	0

0

243
64.3045	0.400838	110.49	0.716444	47.7449	1.21692	21.5185	1.71789	9.33333	2.21931	4.57202	2.71962	3.19753	3.38134	1.05761	4.41787	0.399177	5.43598	56242

63816

13460
64.1263	0.401647	110.47	0.716573	47.8538	1.21562	21.0357	1.7168	9.63187	2.21812	4.49963	2.71989	3.38128	3.39062	0.967905	4.40869	0.336181	5.41499	3.11743e+06

3.53059e+06

11855
64.2449	0.401559	110.362	0.716537	47.9033	1.21565	21.0668	1.71716	9.62556	2.21785	4.49473	2.72016	3.36803	3.39355	0.976887	4.40828	0.351497	5.42485	2.74563e+06

3.11067e+06

9830
64.2216	0.401528	110.394	0.71677	47.7673	1.21551	21.1107	1.71687	9.5588	2.21879	4.54323	2.7189	3.37884	3.39228	0.987691	4.40798	0.339674	5.42808	2.27596e+06

2.57843e+06

5742
64.0322	0.401666	110.176	0.716461	47.7092	1.21563	21.0942	1.71684	9.62504	2.21903	4.49251	2.71941	3.33629	3.39488	0.971264	4.40677	0.350575	5.4181	1.3274e+06

1.50318e+06

6940
64.3233	0.40153	110.595	0.716551	47.9255	1.2154	21.0184	1.71636	9.52061	2.21765	4.52291	2.71863	3.36556	3.3897	0.962392	4.4114	0.344092	5.42067	1.60796e+06

1.82229e+06

12122
64.1195	0.401639	110.446	0.716476	47.8231	1.2154	20.9974	1.71668	9.51988	2.21836	4.50709	2.71961	3.37816	3.39235	0.965105	4.40624	0.342188	5.41542	2.80428e+06

3.17715e+06

10900
64.1993	0.401598	110.482	0.716494	48.0111	1.21546	21.0636	1.71712	9.58147	2.21802	4.51193	2.71931	3.3522	3.39133	0.981193	4.40897	0.347156	5.42406	2.52596e+06

2.86158e+06

5560
63.9338	0.401716	110.5	0.716639	47.7626	1.21553	20.9678	1.71729	9.52086	2.21741	4.46601	2.71964	3.34011	3.39353	0.975	4.40506	0.322842	5.41644	1.28557e+06

1.45555e+06

8994
64.0658	0.401746	110.491	0.716449	47.8913	1.21578	21.0238	1.7165	9.61863	2.21885	4.52057	2.71964	3.331	3.38941	0.968535	4.41061	0.344785	5.43173	2.08309e+06

2.35873e+06

6182
63.879	0.401687	110.446	0.716773	47.8268	1.21557	21.106	1.71685	9.54853	2.21886	4.48577	2.72143	3.34924	3.3919	0.964898	4.40784	0.35296	5.41927	1.43032e+06

1.61943e+06

7859
64.2214	0.401626	110.511	0.716435	47.8308	1.21534	21.0087	1.71699	9.6058	2.21771	4.49536	2.72019	3.34954	3.39189	0.952284	4.40301	0.348899	5.41379	1.81998e+06

2.0616e+06

6172
64.1964	0.401651	110.298	0.716724	47.9901	1.21554	21.1042	1.71637	9.55363	2.21871	4.49676	2.7194	3.32194	3.39693	0.989955	4.41061	0.339274	5.41473	1.42932e+06

1.61886e+06

11562
64.1555	0.40159	110.392	0.716675	47.7999	1.21531	21.126	1.71749	9.56504	2.21874	4.53866	2.71959	3.35885	3.39293	0.970074	4.40794	0.335582	5.42524	2.67629e+06

3.03204e+06

8946
64.2808	0.40172	110.225	0.716919	47.8631	1.21561	21.0973	1.71685	9.57814	2.21893	4.54661	2.71984	3.35994	3.38979	0.965459	4.41014	0.350212	5.42984	2.07134e+06

2.34623e+06

10059
64.1689	0.401619	110.427	0.716702	47.8419	1.21547	21.0799	1.71686	9.63038	2.21875	4.54538	2.71899	3.40422	3.39268	0.962919	4.4123	0.343573	5.42651	2.33024e+06

2.63953e+06

13772
64.1505	0.401672	110.429	0.716707	47.849	1.21542	21.0748	1.71747	9.5533	2.21863	4.48983	2.71991	3.35383	3.39305	0.977273	4.40672	0.335318	5.42217	3.1882e+06

3.61119e+06

12650
64.1417	0.401636	110.598	0.716745	47.8095	1.21546	21.0784	1.71653	9.56419	2.21851	4.45715	2.72059	3.36395	3.39102	0.968696	4.40664	0.342609	5.41582	2.92977e+06

3.31841e+06

10049
64.2188	0.401766	110.483	0.716641	47.8231	1.21583	21.0201	1.71657	9.61081	2.21813	4.5316	2.7207	3.37954	3.3927	0.990148	4.40845	0.347099	5.41312	2.32838e+06

2.6369e+06

9368
64.2966	0.401742	110.468	0.716621	47.8384	1.21547	21.0115	1.71691	9.54473	2.21916	4.51014	2.72045	3.35739	3.39462	0.989752	4.40582	0.332408	5.42244	2.1697e+06

2.45768e+06

9503
64.1454	0.401702	110.451	0.716707	47.9665	1.21593	21.0718	1.71665	9.59697	2.21762	4.49616	2.71891	3.39787	3.39329	0.970641	4.40729	0.334842	5.41397	2.20212e+06

2.49388e+06

8858
64.2734	0.401756	110.302	0.716637	47.9281	1.21581	21.1095	1.71668	9.59562	2.21812	4.50768	2.71932	3.33179	3.39383	0.969406	4.4085	0.342967	5.43446	2.05205e+06

2.32399e+06

8922
64.2566	0.401664	110.541	0.716746	47.8266	1.2155	21.0343	1.71682	9.55414	2.21808	4.50392	2.72124	3.36584	3.39198	0.981058	4.40266	0.345887	5.4222	2.06671e+06

2.34122e+06

8239
64.2219	0.401749	110.262	0.716558	47.7318	1.21563	21.0567	1.71685	9.57908	2.2181	4.52773	2.72096	3.40405	3.39157	0.997451	4.4054	0.337298	5.42423	1.9069e+06

2.15959e+06

6377
64.2264	0.401654	110.413	0.716662	47.7817	1.21531	21.1137	1.71724	9.58821	2.21846	4.53113	2.71969	3.3337	3.39143	0.971774	4.40938	0.327427	5.43276	1.47659e+06

1.6726e+06

7510
64.1361	0.401748	110.47	0.716387	47.8694	1.21552	20.9639	1.71626	9.56112	2.21815	4.49854	2.72017	3.3783	3.39049	0.971904	4.40737	0.342743	5.42087	1.73898e+06

1.96906e+06

