-310.368	
-139.665	
-90.5241	
-375.208	
-432.96	
-181.194	
-179.202	
-8024.04	
-11749.1	
-3388.81	
-6190.23	
-167.901	
-5567.22	
-8565.54	
-9273.12	
-9039.92	
-8904.97	
-9211.75	
-9789.71	
-5142.64	
-5828.07	
-9604.29	
-7962.89	
-8610.26	
-207.472	
396.284	
-6365.07	
-140.321	
-195.427	
-234.947	
69.7201	
-14852	
-12881.8	
-21920.3	
-11099.1	
-3703.9	
-11699.9	
-11127.3	
-6460.82	
-18186.6	
-10725.3	
-6320.92	
-15129.5	
-10993.5	
-12959.7	
-10034.7	
-8911.21	
-13388.3	
-1970.9	
-13373.9	
-13693.3	
-5673.26	
-6583.13	
-10028.1	
-8613.77	
-9203.13	
-18126.4	
-14895.3	
-11334	
-302.588	
-11239.3	
-12482.7	
-11371.7	
-8145.4	
-16934	
-20830.9	
-11660.9	
-16243.1	
-4564.77	
-12124.8	
-6906.36	
-14283.9	
-17444.2	
-13640.5	
-5629.44	
-7388.36	
-15282.3	
-13011.5	
-10545.8	
-301.932	
-17599.4	
-11008.2	
-11695.4	
-7883.95	
-11874.1	
-13489.7	
-15129.5	
-15118.8	
-21928.4	
-4874.53	
-10360.4	
-10782.8	
-11723.6	
-13119.6	
-9977.52	
-9807.67	
-12923.1	
-16797	
-657.598	
-5332.83	
-8482.02	
-10485.9	
-2853.68	
-19294.4	
-14724.5	
-18210.8	
-9202.64	
-6651.25	
-353.053	
-16311.5	
-12697.7	
-6262.57	
-10247.6	
-14788.5	
-2258.33	
-397.705	
-8975.55	
-15100.6	
-5054.89	
-17665.2	
26.4648	
-12639	
-11402.7	
-11961.7	
-5508.51	
-9445.05	
-17229.4	
-11209	
-5116	
-18557.8	
-13358	
-14895.3	
-11605.3	
-9675.01	
-5030.93	
-15731.3	
-18607.7	
-16886.6	
-355.056	
-4481.31	
-10708.2	
-9726.02	
-10755.1	
-10006.3	
-6364.62	
-14980.6	
-296.833	
-7854.03	
-4599.32	
-10225.6	
-10545.8	
-6659.97	
-10495.6	
-7947.23	
-12065.1	
-10964.6	
-6015.79	
-10935.3	
-16421.6	
-8736.11	
-9347.08	
-11933.2	
-16240.2	
-22272.2	
-8551.74	
-191.383	
-15202.7	
-10485.5	
-5816.57	
-7375.67	
-10563.9	
-11230.2	
-9211.75	
-7755.25	
-450.997	
-10714.1	
-14993	
-2529.17	
-13041.4	
-13783.5	
-12777.9	
-8346.19	
-9954.21	
-10759.7	
-11749.1	
-15282.3	
-8912.13	
-11384.2	
-6694.25	
-16068.1	
-15146.2	
-6651.25	
-9179.34	
-7664.62	
-9599.96	
-15305.3	
-396.656	
-9848.64	
-16239.6	
-5206.07	
-6909.4	
-13127.4	
-8690.95	
-13057.2	
-15563	
-7862.07	
-16031.1	
-18284.9	
-255.35	
-11270.2	
-8020.27	
-8024.04	
-2876.62	
-5176.53	
-9188.11	
-9485.86	
-2600.43	
-5359.47	
-8221.29	
-8565.54	
-10365	
-19996.6	
-5231.14	
-9860.79	
-7359.9	
-21.4583	
-9789.71	
-16912.2	
-8548.3	
-15081.5	
-16809.6	
-12888	
-14845.2	
-9875.41	
-21305.6	
-17979.5	
-7428.97	
-15100.6	
-13358	
-6335.42	
-5374.8	
-19436.5	
-8662.63	
-11145.3	
-24036.6	
-12627	
-10486.3	
-12704.4	
-9795.47	
-10330	
-6460.75	
-4751.36	
-11334	
-8843.43	
-15953.4	
-12411.5	
-4568.82	
-11840.8	
-12764.4	
-4234.45	
-12994.2	
-11750.8	
-11218.6	
-7361.18	
-13011.5	
-3202.65	
-13015.6	
-11384.2	
-8975.55	
-48.822	
-10024.6	
-8522.07	
-15339.5	
-10650.8	
-6303.14	
-13100	
-14426.4	
-6454.77	
-22272.2	
-8225.53	
-7963.31	
-23162.2	
110.984	
-7388.36	
-6611.1	
-19904.8	
-16177.2	
-11298.7	
-7861.37	
-12158.7	
-12539.1	
-8780.89	
-37.3428	
-11310.7	
-8775.65	
-14978.7	
-11145.3	
-13041.4	
-11772	
-12329.1	
-4180.34	
-10052.1	
-19064.9	
-7097.92	
-10000.6	
-14788.5	
-8731.64	
-14146.9	
-4970.86	
-11489	
-16614.8	
-5974.48	
-8037.67	
-13320	
-6729.81	
-8010.85	
-10119.7	
-11008.2	
-52.5658	
-5552.22	
-12272	
-18513.5	
-16239.6	
-7092.61	
-9795.62	
-10823.5	
-3703.9	
-21920.3	
-11605.3	
-5828.07	
-5629.44	
-21305.6	
-13297.2	
-19354.1	
-14515.3	
-11772	
-12779.9	
-19436.5	
-10682.4	
-7626.54	
-8152.13	
-6691.88	
-12257	
-6633.55	
-19767.1	
-6449.01	
-18594.5	
-11185	
-10034.7	
-16887.8	
-10214.5	
-13126.1	
-9039.92	
-12777.9	
-12994.2	
-657.598	
-20830.9	
-6973.77	
-14618.1	
-11916	
-6583.13	
-12565.6	
-16013.8	
-1970.9	
-5957.23	
-5673.26	
-5030.93	
-8516.91	
-7612.77	
-6694.25	
-9701.73	
-20603.7	
-15063.1	
-13126.1	
-13070.9	
-12329.1	
-10797.6	
-16043.9	
-11127.3	
-4615.69	
-20747.4	
-10151.6	
-11699.9	
-12704.4	
-8911.21	
-11695.4	
-8735.49	
-353.053	
-8121.89	
-18986	
-12539.1	
-18210.8	
-397.705	
-8378.84	
-5894.05	
-19498.2	
-11303.3	
-18594.5	
-13748.8	
-9795.9	
-7242.05	
-16169.8	
-5063.56	
-19072.9	
-13036.5	
-5332.83	
-8042.61	
-301.932	
-9276	
-4668.43	
-5206.07	
-11500.1	
-11303.3	
-10247.6	
-7883.95	
-11310.7	
-11371.7	
-3702.55	
26.4648	
-5202.66	
-12301.8	
-8662.63	
-18557.8	
-6761.46	
-19210.7	
-9210.64	
-17599.4	
-6365.07	
-16169.8	
-9604.29	
-9507.89	
-355.056	
-15202.7	
-296.833	
-9392.45	
-11855.6	
-12482.7	
-10408.6	
-4537.81	
-10477.1	
-8774.35	
-18173.7	
-16879	
-6460.82	
-8030.1	
-14870.2	
-13943.4	
-4481.31	
-12923.1	
-6262.57	
-6633.55	
-10495.6	
-9114.82	
-2853.68	
-7361.18	
-8038.47	
-6768.53	
-191.383	
-9210.64	
-14870.2	
-15010	
-10016.1	
-8690.95	
-11214.2	
-6312.37	
-16773.4	
-8632.4	
-9146.53	
-8780.89	
-13388.3	
-19294.4	
-10028.1	
-302.588	
-12673.5	
-11237.4	
-7564.45	
-9807.67	
-450.997	
-5768.82	
-11772.1	
-13843.9	
-5552.22	
-11885	
-14105.8	
-9583.32	
-2529.17	
-7428.97	
-8912.13	
-8735.49	
-7854.03	
-11885	
-18071.7	
-9774.52	
-12639	
-2556.7	
-8038.47	
-6449.01	
-388.514	
-396.656	
-21.4583	
-12627	
-6812.1	
-9461.82	
-13897.4	
-12239.9	
-21928.4	
-7049.29	
-17229.4	
-11835.5	
-12621.6	
-9977.52	
-7660.79	
-8516.91	
-13748.8	
-16240.2	
-2258.33	
-10485.9	
-11099.1	
-11402.7	
-5514.55	
-13032.6	
-9263.88	
-5231.14	
-9795.47	
-18607.7	
-11239.3	
-10708.2	
-12065.1	
-4234.45	
-12621.6	
-14426.4	
-48.822	
-12971.7	
-9444.41	
-10765.7	
-6784.02	
-9485.86	
-37.3428	
-16576.8	
-10408.6	
-8346.19	
-11237.4	
-10964.6	
-4858.34	
-8676.68	
-52.5658	
-10052.1	
-7158.26	
-21371.1	
-26810.1	
-3702.55	
-9726.02	
-16068.1	
-18173.7	
-8742.5	
-20144.3	
-8676.68	
-6812.1	
-9507.4	
-5110.66	
-14729.3	
-8775.65	
-8482.02	
-9954.21	
-13783.5	
-13577.7	
-14993	
-10823.5	
-5054.89	
-12272	
-10330	
-9188.11	
-5768.82	
-21005.8	
-21118.3	
-10759.7	
-15804.5	
-9146.53	
-8551.74	
-8198.26	
-15634.8	
-14845.2	
-6609.92	
-9961.97	
-14105.8	
-11185	
-6611.1	
-7660.79	
-9860.79	
-6460.75	
-7359.9	
-9444.41	
-388.514	
-13577.7	
-15093.1	
-9347.08	
-10714.1	
-19996.6	
-9875.41	
-6973.77	
-8486.9	
-16576.8	
-11840.8	
-4858.34	
-14423.6	
-6909.4	
-9179.34	
-9701.73	
-12764.4	
-13015.6	
-15953.4	
-8720.09	
-5956.79	
-18614.4	
-9961.97	
-4970.86	
-19904.8	
-8843.43	
-8742.5	
-15721.5	
-20747.4	
-9507.4	
-5110.66	
-7009.49	
-14729.3	
-5176.53	
-3910.5	
-7097.92	
-6609.92	
-19498.2	
-5374.8	
-15093.1	
-12158.7	
-5956.79	
-7763.94	
-16766	
-6691.88	
-8198.26	
-4668.43	
-16177.2	
-16614.8	
-11298.7	
-4825.92	
-7009.49	
-4751.36	
-14978.7	
-17979.5	
-3164.82	
-15634.8	
-9795.62	
-9826.71	
-8486.9	
-4537.81	
-11489	
-15721.5	
-3910.5	
-10883.6	
-4568.82	
-2279.2	
110.984	
-6312.37	
-7092.61	
-8010.85	
-24036.6	
-2556.7	
-16285.3	
-15475.1	
-14618.1	
-10682.4	
-5514.55	
0	
-8720.09	
-22033.5	
-6166.71	
-14423.6	
-12565.6	
-19072.9	
-4825.92	
-4180.34	
-3164.82	
-10119.7	
-18614.4	
-19767.1	
-7626.54	
-329.08	
-5479.53	
-7763.94	
-17266.2	
-16766	
-14098	
-11916	
-8121.89	
-6166.71	
-2279.2	
-5957.23	
-7612.77	
-23162.2	
0	
-7158.26	
-329.08	
-16285.3	
-19490.3	
-5479.53	
-12257	
-20603.7	
-5202.66	
-9826.71	
-15063.1	
-7242.05	
-8868.32	
-8030.1	
-19210.7	
-9795.9	
-8042.61	
-8868.32	
-9330.4	
-10883.6	
-12227.3	
-16013.8	
-19064.9	
-9507.89	
-10016.1	
-11500.1	
-15804.5	
-22033.5	
-9330.4	
-6768.53	
-9276	
-16879	
-9392.45	
-15475.1	
-14256.8	
-18986	
-7564.45	
-13070.9	
-13843.9	
-18513.5	
-14098	
-17266.2	
-9114.82	
-11670.3	
-16773.4	
-12301.8	
-8774.35	
-12239.9	
-13036.5	
-12181.4	
-13897.4	
-8632.4	
-13943.4	
-16887.8	
-10765.7	
-19490.3	
-11855.6	
-18071.7	
-4615.69	
-11214.2	
-9774.52	
-12971.7	
-15010	
-9263.88	
-9583.32	
-12227.3	
-7049.29	
-11772.1	
-5894.05	
-13032.6	
-5063.56	
-6784.02	
-6761.46	
-21371.1	
-9461.82	
-14256.8	
-20144.3	
-11835.5	
-26810.1	
-21118.3	
-11670.3	
-21005.8	
-12181.4	
