3.82468e+06	
4.83481e+06	
4.92093e+06	
4.73e+06	
5.08654e+06	
4.82276e+06	
5.3782e+06	
5.09735e+06	
6.74803e+06	
5.97449e+06	
4.4936e+06	
8.64614e+06	
8.61122e+06	
9.28092e+06	
4.69818e+06	
8.42983e+06	
1.36831e+07	
5.23245e+06	
1.5504e+07	
8.10172e+06	
4.69329e+06	
1.3054e+07	
1.13159e+07	
6.11854e+06	
7.32384e+06	
4.19435e+06	
8.44119e+06	
7.29416e+06	
1.29801e+07	
5.47361e+06	
6.28126e+06	
9.23731e+06	
1.2098e+07	
4.86339e+06	
9.36458e+06	
1.31915e+07	
2.05457e+07	
5.80048e+06	
1.78081e+07	
7.82556e+06	
7.7045e+06	
7.87206e+06	
9.04868e+06	
4.83705e+06	
1.26541e+07	
1.63909e+07	
5.20501e+06	
6.4404e+06	
9.15748e+06	
5.45968e+06	
4.50739e+06	
1.20383e+07	
7.16293e+06	
4.72693e+06	
8.92182e+06	
6.90817e+06	
9.1924e+06	
1.01459e+07	
7.69438e+06	
1.29596e+07	
5.49553e+06	
4.0783e+06	
7.1991e+06	
6.38985e+06	
1.07357e+07	
8.61355e+06	
4.76714e+06	
6.83672e+06	
1.01986e+07	
1.22272e+07	
1.59749e+07	
4.71837e+06	
7.10088e+06	
4.69229e+06	
1.0165e+07	
7.00959e+06	
1.80817e+07	
6.4137e+06	
1.23672e+07	
1.26177e+07	
1.13415e+07	
1.69889e+07	
5.11497e+06	
1.17582e+07	
6.84421e+06	
7.38513e+06	
6.8247e+06	
1.21424e+07	
1.01455e+07	
6.19573e+06	
8.8638e+06	
6.46506e+06	
1.24038e+07	
1.52776e+07	
8.9772e+06	
9.19823e+06	
1.20901e+07	
7.02421e+06	
1.08209e+07	
1.27845e+07	
6.24029e+06	
9.90361e+06	
1.162e+07	
1.45998e+07	
8.3902e+06	
8.76177e+06	
9.34985e+06	
7.77086e+06	
9.07464e+06	
1.58569e+07	
5.41881e+06	
9.30428e+06	
1.31956e+07	
1.49053e+07	
5.65547e+06	
6.97928e+06	
1.3784e+07	
8.13013e+06	
1.17141e+07	
6.91231e+06	
9.37246e+06	
7.9741e+06	
8.55543e+06	
2.22355e+07	
1.10839e+07	
1.21199e+07	
6.77181e+06	
1.64821e+07	
8.44701e+06	
1.34716e+07	
1.1691e+07	
5.69797e+06	
1.03083e+07	
4.79923e+06	
1.44021e+07	
1.19937e+07	
7.3487e+06	
5.33525e+06	
1.11747e+07	
7.21227e+06	
8.90159e+06	
9.07924e+06	
1.31509e+07	
8.09333e+06	
1.68156e+07	
8.41865e+06	
1.06386e+07	
5.02507e+06	
7.67912e+06	
1.636e+07	
9.97128e+06	
1.20256e+07	
6.84484e+06	
1.28767e+07	
2.13205e+07	
1.65493e+07	
9.27276e+06	
5.22414e+06	
1.22804e+07	
7.83387e+06	
9.15907e+06	
1.15401e+07	
1.38952e+07	
6.63478e+06	
1.20521e+07	
1.21226e+07	
9.4841e+06	
6.47567e+06	
6.04532e+06	
3.76475e+06	
1.60634e+07	
1.56274e+07	
1.17501e+07	
1.56761e+07	
1.20717e+07	
5.52821e+06	
1.19817e+07	
8.58531e+06	
4.81132e+06	
5.48126e+06	
9.47482e+06	
1.1006e+07	
1.0872e+07	
1.36005e+07	
6.68028e+06	
2.08998e+07	
5.21672e+06	
4.95901e+06	
8.97024e+06	
7.94527e+06	
1.66916e+07	
8.83257e+06	
5.98394e+06	
8.88776e+06	
1.52245e+07	
1.19836e+07	
6.89923e+06	
5.43148e+06	
1.29237e+07	
1.36006e+07	
1.48035e+07	
1.75453e+07	
1.02264e+07	
7.37248e+06	
1.17817e+07	
9.79382e+06	
8.61974e+06	
5.05617e+06	
1.51041e+07	
6.38259e+06	
1.21846e+07	
6.35053e+06	
1.06616e+07	
1.68048e+07	
1.00437e+07	
5.33256e+06	
1.23133e+07	
1.37718e+07	
6.64726e+06	
9.15129e+06	
8.09161e+06	
5.76956e+06	
2.11257e+06	
5.26071e+06	
8.41223e+06	
8.40063e+06	
1.28258e+07	
1.57856e+07	
8.60496e+06	
4.91405e+06	
4.08231e+06	
1.42068e+07	
8.84405e+06	
1.40914e+07	
1.91723e+07	
1.43366e+07	
1.1889e+07	
4.93392e+06	
8.8099e+06	
6.92066e+06	
8.06532e+06	
6.32004e+06	
1.562e+07	
5.22464e+06	
9.2331e+06	
1.36638e+07	
1.25435e+07	
1.65774e+07	
5.02217e+06	
6.09767e+06	
1.46292e+07	
1.68999e+07	
1.01932e+07	
1.15101e+07	
8.39599e+06	
1.52408e+07	
1.14786e+07	
7.51285e+06	
1.36332e+07	
4.39704e+06	
1.33632e+07	
6.42702e+06	
7.56276e+06	
7.9679e+06	
8.33716e+06	
7.22618e+06	
5.82908e+06	
1.83446e+07	
1.26243e+07	
7.84263e+06	
1.48099e+07	
9.6092e+06	
1.1243e+07	
7.33021e+06	
5.92833e+06	
9.00773e+06	
1.0112e+07	
1.55777e+07	
5.19813e+06	
5.72843e+06	
1.30475e+07	
1.42278e+07	
1.30503e+07	
5.28104e+06	
5.68531e+06	
4.94918e+06	
7.09465e+06	
1.05312e+07	
1.06559e+07	
4.50738e+06	
8.77721e+06	
1.62231e+07	
1.77057e+07	
1.17778e+07	
6.12364e+06	
4.09249e+06	
5.49075e+06	
5.88294e+06	
9.35856e+06	
1.42759e+07	
4.99143e+06	
1.50369e+07	
5.96177e+06	
5.11951e+06	
8.36657e+06	
1.26041e+07	
5.63875e+06	
5.54185e+06	
4.96134e+06	
8.59933e+06	
1.67887e+07	
1.39196e+07	
4.50259e+06	
1.07136e+07	
5.96051e+06	
1.67186e+07	
5.22225e+06	
4.84619e+06	
5.34795e+06	
7.29142e+06	
6.80322e+06	
9.0832e+06	
8.67575e+06	
7.10055e+06	
5.80664e+06	
4.93998e+06	
5.96229e+06	
1.43097e+07	
8.77417e+06	
1.55543e+07	
6.81628e+06	
1.5523e+07	
7.11487e+06	
5.91645e+06	
1.63468e+07	
5.14782e+06	
6.39654e+06	
1.33963e+07	
1.52277e+07	
5.89464e+06	
1.48549e+06	
6.33164e+06	
1.36367e+07	
5.48008e+06	
6.68639e+06	
6.05658e+06	
4.69716e+06	
5.61126e+06	
1.19575e+07	
6.25664e+06	
5.43563e+06	
4.86273e+06	
1.37383e+07	
1.10703e+07	
5.42726e+06	
4.43049e+06	
1.29669e+07	
1.61304e+07	
6.49194e+06	
5.64061e+06	
7.13045e+06	
1.65222e+07	
7.73138e+06	
5.296e+06	
1.46682e+07	
8.18791e+06	
1.81887e+07	
5.8063e+06	
3.95562e+06	
1.15588e+07	
1.6952e+07	
0	
1.25355e+07	
373731	
1.07811e+07	
1.29999e+07	
1.53715e+07	
5.68708e+06	
4.74432e+06	
5.86074e+06	
9.72425e+06	
6.09326e+06	
9.33068e+06	
6.36186e+06	
1.17831e+07	
5.17734e+06	
1.29162e+07	
5.51865e+06	
6.93391e+06	
4.91092e+06	
1.84732e+07	
1.49794e+07	
6.41322e+06	
4.93232e+06	
8.92294e+06	
1.62587e+07	
5.1736e+06	
5.43723e+06	
5.53676e+06	
1.52035e+07	
4.29562e+06	
1.19232e+07	
3.97352e+06	
4.85972e+06	
3.722e+06	
5.10046e+06	
5.25255e+06	
9.08114e+06	
7.83189e+06	
4.81171e+06	
1.42481e+07	
4.7145e+06	
4.65406e+06	
6.15626e+06	
6.05325e+06	
5.30266e+06	
8.19476e+06	
1.44891e+07	
1.22986e+07	
6.61193e+06	
5.28783e+06	
1.78524e+07	
6.83435e+06	
1.08159e+07	
1.39122e+07	
5.70883e+06	
1.45299e+07	
6.54497e+06	
1.37964e+07	
1.53234e+07	
1.72164e+07	
1.39165e+07	
8.49651e+06	
8.7461e+06	
1.4144e+07	
1.10405e+07	
1.20314e+07	
6.59524e+06	
8.80059e+06	
7.49467e+06	
5.38904e+06	
1.02845e+07	
1.38474e+07	
8.56168e+06	
1.31131e+07	
1.64519e+07	
8.46337e+06	
1.17684e+07	
1.30448e+07	
1.36662e+07	
1.53133e+07	
1.54984e+07	
4.8162e+06	
9.7048e+06	
1.89714e+07	
5.13214e+06	
1.53124e+07	
1.06803e+07	
1.81604e+07	
5.73289e+06	
7.95903e+06	
9.3253e+06	
