-269.799	
-157.892	
-148.95	
-118.741	
-808.103	
-1159.57	
-806.387	
-210.391	
-697.187	
-423.68	
-770.486	
-700.789	
-762.778	
-1130.33	
-1013.43	
-928.259	
89.9497	
-809.645	
-1614.25	
-1184.13	
-854.984	
-257.539	
-163.805	
-426.751	
-425.126	
-515.398	
-624.051	
-794.079	
-971.337	
-907.476	
-2384	
-2077.59	
-890.689	
-2771.52	
-3101.96	
-108.252	
-1248.71	
-769.614	
-1476.06	
-2274.3	
-3523.99	
-2974.9	
-942.946	
-1250.75	
-1694.61	
-2010.67	
-2793.92	
-3406.94	
-4420.61	
-50.2351	
-1868.54	
-745.549	
-2171.04	
-2477.8	
-2951.33	
-2307.95	
-198.74	
-161.163	
-217.175	
-192.285	
-575.403	
-298.311	
-607.763	
-1271.28	
-212.135	
-1788.02	
-2129.29	
-2667.86	
-3480.85	
-3480.72	
-1150.39	
-2028.85	
-1444.28	
-2020.87	
-3243.77	
-3373.46	
-4303.87	
-756.629	
-253.023	
-1995.07	
-2198.63	
-1743.89	
-1301.13	
-5166.7	
-1183.88	
-1402.65	
-1630.33	
-1882.06	
-2844.54	
-2744.09	
-4750.32	
-582.131	
-1666.9	
-1924.91	
-2758.2	
-3162.57	
-5447.92	
-6311.97	
-1089.64	
-946.071	
-1663.98	
-2046.52	
-2978.65	
-5998.55	
-4645.14	
-467.123	
-2157.08	
-2731.9	
-2495.46	
-1996.13	
-3777.35	
-3733.47	
27.7168	
-19.6201	
-721.449	
-1122.73	
-417.283	
-1083.48	
-2006.47	
-1395.99	
-1651.87	
-1640.7	
-3305.59	
-2391.87	
-4208.26	
-5217.15	
-603.846	
-1132.92	
-1499.07	
-1250.05	
-1627.77	
-2407.3	
-2530.33	
-2319.99	
-2082.6	
-3582.85	
-4089.38	
-4140.91	
-3896.28	
-7211.87	
233.449	
-82.4893	
-1778.9	
-246.973	
-2067.95	
-1358.71	
-2882.43	
-2060.2	
-3322.35	
-2810.98	
-3104.41	
-3115.75	
-6663.95	
-3116.48	
-8414.52	
-4566.29	
-854.402	
-223.99	
-1036.81	
-719.65	
-702.984	
-1723.08	
-2252.45	
-1041.9	
-686.643	
-1087.9	
-811.106	
-541.396	
-1897.97	
-915.878	
-64.8057	
-479.678	
-1812.33	
-1829.52	
-1133.26	
-1093.88	
-1514.22	
-1589.47	
-1379.85	
-1195.57	
-1813.22	
-1670.94	
-1870.27	
-3112.12	
-2791.82	
-2055.13	
-2929.42	
-3783.89	
-1693.83	
-4512.24	
-2915.75	
-3000.72	
-1262.03	
-652.461	
-815.798	
522.627	
-1084.08	
-1981.23	
-1935.8	
-2062.86	
-2839.5	
-609.101	
-1025.32	
-1360.76	
-3103.79	
-640.838	
-806.86	
-2609.17	
-1059.09	
-1479.51	
-478.196	
-2936.15	
-2910.83	
-868.748	
-3575.95	
-1234.44	
-1933.56	
-2253.34	
-2997.33	
-2151.3	
-3224.73	
-752.596	
-1003.6	
-827.149	
-471.725	
-2324.36	
-1240.5	
-1437.87	
-3363.28	
-2783.48	
-3943.98	
-3238.7	
-1170.06	
-5501.99	
-2765.79	
-1649.78	
-3785.54	
-2191.86	
-1727.54	
-2098.43	
-2897.13	
-2054.74	
-2995.35	
-2499.02	
-1010.91	
-1573.26	
-2312.76	
-1009.63	
-1227.03	
-3951.8	
-543.307	
-2864.1	
-1096.66	
-150.309	
-4242.16	
-1902.24	
-1246.23	
-3991.02	
-7108.82	
-1163.65	
-4176.8	
-1624	
-670.197	
-557.999	
-1373.52	
-4505.87	
-1276.17	
-2015.95	
-3290.93	
-3315.73	
-815.264	
-3163.2	
-1906.8	
-1592.19	
-4537.67	
-3378.15	
-4284.06	
-1788.62	
-8195.18	
-510.695	
-3077.97	
-8668.71	
-1431.09	
-3228.8	
-3724.43	
-774.54	
-3701.56	
-1590.82	
-8331.17	
-879.807	
-1876.59	
-965.018	
-1800.68	
-3683.92	
-890.944	
-1148.88	
-3955.14	
-1724.34	
-3077.24	
-1402.02	
-1495.67	
-452.424	
-452.546	
-2366.77	
-4228.74	
-497.011	
-4026.48	
-4193.98	
-4859.42	
-1881.63	
-4982.72	
-5241.69	
-4666.66	
-3050.27	
-5125.74	
-3001.63	
-2936.59	
-673.252	
-4191.59	
-5668.17	
-2428.19	
-1831.32	
-1479.98	
-2854.46	
-5710.36	
-1684.63	
-9274.83	
-6505.97	
-1860.81	
-3218.72	
-10451.9	
-7597.95	
-7954.11	
-2976	
-2401.65	
-5943.81	
-4002.23	
-4959.06	
-5982.79	
-4773.74	
-4078.18	
-3151.44	
-2473.76	
-276.668	
-373.149	
-91.2971	
-416.245	
-2090.81	
-718.455	
-957.707	
-933.633	
169.562	
-1277.94	
-1395.21	
-2001.35	
-952.207	
-2168.17	
-1515.85	
-1900.48	
-2194.31	
-1432.03	
-2830.92	
-1790.11	
-1496.22	
-2943.79	
-2809.38	
-5100.3	
-2954.32	
-2773.06	
-2434.77	
-1034.72	
-2031.57	
-1907.2	
-3601.25	
-3418.22	
-6683.4	
-8461.52	
-8755.49	
-1938.5	
-3443.29	
-1031.84	
-2579.9	
-516.009	
-2286.07	
-2670.13	
-4822.27	
-4090.61	
-5089.55	
-1648.26	
-3441.82	
-2197.95	
-1177.76	
-3636.22	
-2955.66	
174.155	
-6379.3	
-5702.79	
-339.801	
-2156.56	
-1930.07	
-653.2	
-7414.91	
-6924.84	
-6911.67	
-7285.18	
-7096.68	
-2865.36	
-975.191	
-271.087	
-2689.93	
-1652.2	
-2102.26	
-6699.57	
-6855.38	
-3076.99	
-9661.28	
-8124.36	
-4069.95	
-1423.88	
-6225.69	
-554.668	
-1114.56	
-3327.59	
-2336.83	
-1536.6	
-3039.98	
-767.58	
-2064.94	
-1290.97	
-1427.31	
-4903.59	
-1554.15	
-2711.66	
-2052.73	
-2352.44	
-5872.76	
-5849.06	
-1453.45	
-6356.16	
-6790.42	
-6138.87	
-3475.4	
-6761.88	
-8046.57	
-9832.89	
-343.841	
-2713.76	
-3343.16	
-4834.57	
-2163.33	
-2441.24	
-3972.46	
-7034.98	
-5841.51	
54.1107	
-769.09	
-1227.38	
-3084.09	
-3835.94	
-1884.81	
-1619.22	
-2440.37	
-4734.6	
-5647.69	
-6077.49	
-7085.26	
-3360.01	
-1461.04	
-1572.96	
-227.218	
-1169.59	
-4594.69	
-1092.86	
-4128.03	
-1993.08	
-3779.31	
-4443.34	
-3066.72	
-2040.93	
-971.703	
-1090.63	
-636.624	
-994.38	
-1099.86	
-2551.11	
-2413.45	
-3037.12	
-1347.88	
-3122.79	
-2080.55	
-2287.12	
-7049.43	
-5563.76	
-1909.24	
-839.843	
-1782.42	
-2227.12	
-1558.87	
-6964.21	
-331.73	
-3663.39	
-6660.49	
-7978.59	
-5887.84	
-1234.54	
-797.425	
-2312.26	
-853.258	
-2758.25	
-1619.2	
104.632	
-2837.83	
-1445.17	
-1590.48	
-1676.4	
-1171.62	
-2074.67	
-3391.83	
-1538.1	
-3703.64	
-9008.14	
-1097.98	
-8301.52	
-1444.76	
-9308.07	
-8755.62	
72.9132	
-1876.22	
-295.663	
-186.795	
-2550.93	
-3658.99	
-3163.56	
-1768.62	
-1439.99	
-2196.46	
-3686.11	
-2079.96	
-7968.38	
-6576.03	
-2512.5	
-6819.93	
-5080.03	
-2743.26	
-3057.68	
-566.683	
-7106.79	
-1626.89	
-130.896	
-1787.15	
-2057.02	
-950.052	
-304.617	
-3196.33	
-975.626	
-2421.28	
-64.6757	
-1201.5	
-3604.77	
-408.808	
-2036.15	
-5346.45	
-603.142	
-2747.5	
-712.582	
-2567.14	
-887.556	
-910.207	
-3624.81	
-3514.61	
-3920.15	
-1656.46	
-5238.1	
-3859.44	
-2450.22	
-9254.4	
-4429.08	
-5092.9	
-3666.91	
-1245.01	
-7657.96	
-2735.73	
-3534.11	
-8004.79	
-2798.04	
-1862.94	
-11013.9	
-3140.39	
-3114.61	
-2312.37	
-2842.76	
-9725.05	
-1208.91	
-2139.64	
-1668.72	
-2234.14	
-2436.03	
-1805.05	
-2894.36	
-923.734	
-943.489	
-3688.07	
-741.56	
-10368.4	
-3517.18	
-1745.04	
-10804.2	
-3843.84	
-2303.99	
-3479.39	
-2760.73	
-7068.22	
-1963.45	
-10586.9	
-3853.87	
-2064.49	
-2890.91	
-448.637	
-2519.68	
-3067.47	
-1474.82	
-2851.48	
-2867.88	
-1266.24	
-2677.04	
-2013.23	
-434.829	
-766.473	
-843.246	
-551.018	
-3282.43	
-1326.81	
-5102.76	
-465.583	
-1590.95	
-2848.19	
-1381.09	
-1207.75	
-2391.41	
-7639.42	
-7041.11	
-5498.85	
-3151.6	
-4541.02	
-296.137	
-542.219	
-3334.07	
-2466.3	
-1909.03	
-4356.14	
-2539.23	
-5173.09	
-2780.62	
-5535.2	
-3066.89	
-3315.26	
-394.148	
-6400.67	
-1144.38	
-3180.94	
-730.033	
-5657.11	
-2873.78	
-2086.67	
-8309.84	
-976.692	
-10265.3	
-11739.8	
-3086.47	
-2185.34	
-3131.95	
-1663.26	
-1188.63	
-1908.43	
-1379.8	
-3089.5	
-2882.02	
-2030.75	
-1889.55	
-2959.07	
-3930.32	
-4474.52	
-2806.65	
-4630.03	
-569.887	
-1297.14	
-1390.49	
-2067.43	
-658.495	
-1186.09	
-688.327	
-1947.94	
-1860.77	
-3276.63	
-4163.77	
-2016.29	
-1944.3	
-2749.45	
-2343.08	
-3743.17	
-5992.84	
-3965.5	
-6008.38	
-5277.39	
-1677.07	
-1991.08	
-4968.75	
-3073.4	
-6631.08	
-3526.78	
-3523.95	
-6549.17	
-5547.48	
-3543.21	
123.932	
-2299.52	
-2197.8	
-1141.91	
-4448.85	
-4301.57	
-761.185	
-5301.16	
-3288.97	
-6927.55	
-8688.54	
-7800.87	
-1868.49	
-2958.83	
-3048.54	
-2162.37	
-7755.08	
-3931.71	
-7066.87	
-4666.48	
-243.987	
-1028.32	
-412.842	
-1399.91	
-769.681	
-2338.98	
-2001.46	
-4267.16	
-5121.3	
-823.41	
-981.07	
-1032.83	
-1229.28	
-1963.7	
-610.542	
-8320.53	
-4860.14	
-3664.96	
-4752.21	
-6281.86	
-6834.4	
-5915.27	
-3204.58	
-8171.34	
-7873.87	
-4694.21	
-8099.6	
-4191.8	
-11441.1	
-7290.78	
-11366.7	
-8963.33	
-8154.09	
-12066.6	
-963.826	
-647.223	
-7230.1	
-2956.41	
-7483.8	
-6344.38	
-2411.18	
-2443.86	
-2370.3	
-1712.96	
-5827.08	
-8095.56	
-661.234	
-1097.7	
-6106.62	
-6269.92	
-3944.87	
-5350.89	
-5011.75	
-4068.26	
-7151.65	
-11388.7	
-4638.48	
-467.554	
-1437.22	
-871.495	
-943.226	
-1503.42	
-1903.31	
-786.56	
-1820.92	
-629.387	
-2382.85	
-882.859	
-2821.81	
-1315.5	
-1882.1	
-1715.52	
-1552.55	
-3101.86	
-5058.97	
-2383.6	
-596.026	
-184.71	
-1198.75	
-797.799	
-1465.2	
-386.018	
-835.484	
-1550.6	
-1951.34	
-647.272	
-1086.43	
-1255.48	
-1367.19	
-963.721	
-66.8704	
-1187.47	
-2148.15	
-500.769	
-1428.54	
-566.735	
-1884.38	
-2950.79	
-2086.45	
-1714.76	
-3416.13	
-2441.25	
-3137.55	
-775.153	
-2671.05	
-1132.8	
-286.464	
-915.611	
-2445.27	
-1476.88	
-650.636	
-1502.09	
-1400.98	
-4239.44	
-2490.06	
-1680.48	
-1070.23	
-1326.74	
-2171.85	
-1180.02	
-3147.67	
-668.04	
-2075.15	
-1468.13	
-3012.86	
-4679.49	
-2435.47	
-3015.02	
-1884.59	
-2935.59	
-1515.4	
-2966.29	
-1886.33	
-2790.34	
-2104.86	
-3336.9	
-230.025	
-4180.75	
-1358.2	
-2371.69	
-1067.82	
-2668.4	
-436.009	
-2540.96	
-1018	
-1328.59	
-2809.66	
-1169.81	
-1548.24	
-5561.06	
-1062.81	
-928.017	
-361.211	
-6063.58	
-2737.25	
-1321.7	
-3839.18	
-4589.38	
-1698.76	
-4097.72	
-3055.98	
-3100.49	
-3458.76	
-1697.64	
-2511.46	
-3220.43	
-2164.92	
-2025.89	
-3683.93	
-9782.14	
-1978.8	
-1923.42	
-5311.81	
-3210.03	
-4615.82	
-3321.9	
-3404.39	
-6006.15	
-3768.01	
-1929.79	
-1298.36	
-2490.48	
-4250.73	
-4590.24	
-5044.51	
-5353.93	
-2381.49	
-2281	
-2101.8	
-853.898	
-2518.88	
-2307.94	
-2683.42	
-1241.94	
-3960.73	
-2360.12	
-2175.21	
-3824.67	
-6912.71	
-2296.52	
-1521.42	
-3861.16	
-3912.42	
-6069.4	
-6838.82	
-3842.18	
-4366.29	
-3899.34	
-3187.83	
-3029.96	
-5101.24	
-2764.61	
-3363.43	
-4426.22	
-5599.55	
-4589.37	
-10251.7	
-4218.18	
-6409.16	
-2134.91	
-5675.65	
-1166.7	
-8161.97	
-5172.88	
-448.749	
-1957.09	
-2525.22	
-1305.17	
-1429.53	
-1456.94	
-7552.76	
-54.2376	
-3208.84	
-2350.7	
-3512.94	
-8389.38	
-4411.53	
-2087.98	
-1303.58	
-826.418	
-537.531	
-1668.08	
-4583.77	
-1184.78	
-2765.03	
-3152.38	
-852.824	
-101.915	
-1979.23	
-1427.22	
-2796.26	
-4184.36	
-1866.28	
-3647.84	
-2646.45	
-3325.48	
-646.578	
-2573.09	
-4173.9	
-6366.76	
-5366.97	
-3032.23	
-3890.23	
-1875.29	
-4348.62	
-4870.51	
-2602.91	
-5622.81	
-7307.44	
-3527.45	
-5088.14	
-5178.42	
-3993.27	
-8672.85	
-4978.61	
-2106.94	
-5113.22	
-6227.41	
-1077.2	
-4400.11	
-5030.28	
-942.262	
-9035.1	
-8351.77	
-1437.49	
-1469.54	
-5948.24	
-4436.97	
-4177.69	
-1520.06	
-9309.66	
-3483.05	
-3681.39	
-3416.95	
-4820.71	
-5005.19	
-3323.26	
-3364.88	
-8703.13	
-3479.18	
-6336.79	
-8890.82	
-4445.17	
-249.356	
-2485.19	
-885.707	
-1735.45	
-5119.47	
-1360.66	
-286.932	
-1860.73	
-1982	
-6034.49	
-1499.34	
-3370.33	
-382.029	
-2137.04	
-1041.67	
-2812.16	
-3641.42	
-3129.55	
-4586.31	
-390.111	
-2567.28	
-4205.63	
-5174.49	
-2307.5	
-3135.16	
-4414.55	
-2288.14	
-5827.2	
-7480.89	
-6574.94	
-8263.82	
-4282.78	
-880.368	
-2295.52	
-8293.51	
-5958.54	
-8358.77	
-3834.31	
-2863.87	
-7732.34	
-1349.82	
-544.825	
-1844.61	
-483.243	
-638.691	
-2970.75	
-1416.26	
-7730.58	
-1677.89	
-11808.3	
-993.563	
-2519.65	
-618.358	
-1197.75	
-1837.87	
-2491.46	
-10396.9	
-11885.3	
-8777.8	
-1397.59	
-9699.55	
-3538.49	
-1067.7	
-3409.07	
-1512.25	
-1455.92	
-7306.85	
-3649.14	
-6986.27	
-3010.2	
-5688.44	
-2587.66	
-2181.35	
-1917.4	
-2783.86	
-3939.68	
-6510.55	
-6964.05	
-6137.64	
-6253.52	
-1753.84	
-849.097	
-4470.15	
-211.967	
-3403.16	
-2239.4	
-1266.45	
-3696.1	
-2209.63	
-1926.28	
-3150.2	
-9921.01	
-13189.9	
-2762.12	
-4742.72	
-6468.85	
-5265.83	
-5436.83	
-6950.78	
-1097.22	
-6048.33	
-2363.93	
-478.208	
-10356.3	
-11649.5	
-3445.28	
-2988.17	
-704.3	
-2196.41	
-1505.53	
-3625.5	
-4593.61	
-4076.56	
-4753.39	
-5290.63	
-5183.73	
-5283.24	
-8498.61	
-1981.85	
-12369.5	
-415.944	
-282.901	
-1984.6	
-8755.68	
-1962.44	
-2196.15	
-3805.48	
-2987.7	
-4021.75	
-627.349	
-1535.22	
-931.02	
-1368.04	
-2601.03	
-3229.87	
-2431.69	
-3686.83	
-837.646	
-4967.94	
-3989.14	
-1246.83	
-1203.48	
-1303.74	
-1276.69	
-1387.63	
-2089.31	
-1663.88	
-2088.11	
-2158.25	
-2181.23	
-2143.43	
-1326.98	
-2257.27	
-5345.3	
-2145.1	
-2562.66	
-3272.72	
-3929.53	
-1950.03	
-3373.54	
-5727.29	
-2588.54	
-4175.12	
-6755.1	
-2116.63	
-4832.53	
-5566.55	
-3513.22	
-5201.69	
-3482.76	
-1831.61	
-1514.84	
-1699.6	
-1484.06	
-1264.72	
-2374.04	
-7016.56	
-8960.74	
-6235.09	
-3292.07	
-2663.05	
-1832.62	
-4366.05	
-4002.17	
-1954.48	
-1581.11	
-926.571	
-3307.94	
-1435.58	
-2255.41	
-1974.29	
-1950.34	
-1454.44	
-4088.44	
-1377.35	
-7421.16	
-1730.22	
-8668.01	
-6702.62	
-3289.46	
-250.644	
-1437.82	
-2162.51	
-1690.41	
-4353.51	
-1985.75	
-1126.16	
-2096.21	
-2343.74	
-5804.82	
-4506.31	
-1612.54	
-1797.59	
-2021.53	
-911.186	
845.524	
-5541.28	
-3311.22	
-748.88	
-630.178	
-5325.84	
-3284.83	
-1079.01	
-2624.22	
-1643.6	
-4598.18	
-2220.66	
-2486.9	
-1309.44	
-1867.19	
-3111.96	
-3212.23	
-3057.32	
-3287.42	
-3002.29	
-5547.05	
-5285.37	
-4254.83	
-5890.92	
-5490.91	
-4080.16	
-2366.78	
-895.486	
-907.035	
-8586.56	
-7212.64	
-2567.59	
-2817.09	
-5191.43	
-1256.12	
-145.204	
-2634.28	
-1227.9	
-7592.11	
-1250.9	
-7680.25	
-4541.77	
-11501.3	
-2142.41	
-326.095	
-730.15	
-1642.67	
-203.633	
-445.668	
-3592.74	
-3806.1	
-3702.34	
-3749.02	
-2660.67	
-4944.89	
-3537.72	
-2889.85	
-4064.51	
-2945.7	
-5212.53	
-4454.56	
-3439.57	
-7059.58	
-4629.02	
-3799.75	
-5199.83	
-5869.63	
-5141.71	
-11269.4	
-10543.6	
-3751.51	
-2062.56	
-1929.27	
-3563.45	
-1637.91	
-1964.34	
-2228.88	
-810.902	
-361.277	
-4559.12	
-3513.89	
-1680.62	
-1252.21	
-10606.1	
-11734.6	
-13152.9	
-3510.72	
-4849.79	
-1598.32	
-5175.21	
-3783.17	
-2866.93	
-5032.89	
-1740.42	
-3574.11	
-3313.43	
-5968.98	
-1108.21	
-11307.1	
-2727.02	
-804.233	
-506.312	
-2148.04	
-1280.32	
-5861.03	
-337.68	
-484.176	
-3687.16	
-8229.3	
-3349.08	
-919.737	
-6843.78	
-10645.5	
-2229.68	
-435.487	
-4911.93	
-6179.05	
-1706.41	
-1575.05	
-3933.19	
-11358	
-4005.26	
-1544.77	
-732.668	
-1231.9	
-3755.33	
-2887.29	
-760.904	
-642.652	
-4782.77	
-4383.8	
-1456.12	
-6125.47	
-1511.05	
-3550.71	
-3695.23	
-2575.74	
-3741.88	
-3674.7	
-7879.59	
-6044.69	
-4641.66	
-8135.21	
-4965.53	
-4168.79	
-7200.22	
-7141.9	
-4307.96	
-2187.68	
-6191.04	
-5582.53	
-7946.83	
-1740.02	
-1260.87	
-4730.4	
-5848.52	
-1651.13	
-2549.92	
-917.436	
-856.434	
-1717.48	
-2839.95	
-6803.19	
-7183.03	
-374.199	
-349.915	
-1656.26	
-7729.96	
-4166.89	
-5834.43	
-8321.96	
-2889.02	
-2074.58	
-2259.93	
-12271.7	
-10327.8	
-4656.12	
-2688.03	
-3257.08	
-2225.75	
-4779.84	
-2650.86	
-3284.79	
-5420.68	
-4029.66	
-3972.64	
-6960.66	
-5931.89	
-404.258	
-603.297	
-4766.7	
-7012.31	
-995.713	
-939.884	
-2177.13	
-760.039	
-1695.42	
-1162.34	
-2266.24	
-938.255	
-1002.86	
-8789.9	
-646.478	
-886.728	
-10649.2	
-1140.39	
-2522.05	
-2162.34	
-2679.49	
-988.757	
-1513.77	
-1395.54	
-2250.34	
-1700.84	
-2554.47	
-2740.17	
-2098.5	
-2350.5	
-3545.74	
-2764.52	
-1628.89	
-2461.73	
-864.709	
-1592.6	
-2258.93	
-3812.2	
-1328.85	
-2549.58	
-3321.61	
-1953.36	
184.519	
-1451.41	
-2353.85	
-3002.19	
-1011.11	
-3363.08	
-1016.58	
-2352.29	
-4599.24	
-3795.13	
-3262.39	
-1418.56	
-1328	
-4756.95	
-1335.65	
-3223.11	
-3501.09	
-2135.64	
-6011.29	
-3580.15	
-2885.62	
-5297.05	
-4938.95	
-1684.01	
-4231.8	
-2155.58	
-1688.68	
-1834.15	
-2612.09	
-1902.99	
-3490.55	
-3621.71	
-5819.82	
-3256.94	
-3098.91	
-7627.09	
-8022.81	
-3335.91	
-6153.17	
-2280.91	
-3323.74	
-2702.84	
-3743.2	
-3650.66	
-4852.71	
-2144.75	
-1489.21	
-4667.87	
-1337.94	
-1395.02	
-3976.43	
-1413.61	
-1247.07	
-7123.54	
-1489.26	
-2363.56	
-1301.03	
-8892.76	
-2011.78	
-1759.95	
-1927.9	
-2862.62	
-3234.46	
-2832.15	
-1345.77	
-926.567	
-1583.06	
-1120.36	
-7083.41	
-3609.13	
-3595.78	
-3182.44	
-3214.65	
-2082.05	
-1512.79	
-1419.72	
-1609.01	
-2243.98	
-1699.64	
-5040.2	
-4971.09	
-3599.17	
-10111.3	
-2481.81	
-5143.91	
-3401.14	
-10111.1	
-2549.89	
-5215.14	
-6417.39	
-7532.16	
-8281.33	
-4165.22	
-1495.17	
-1955.88	
-2472.24	
-1568.65	
-1340.71	
-2115.99	
-8695.96	
-841.49	
-11070.5	
-4088.43	
-6978.66	
-6284.8	
-8429.88	
-8714.63	
-4692.81	
-9655.86	
-2698.47	
-3830.96	
-1760.21	
-5388.82	
-7235.87	
-12754.8	
-7061.38	
-4640.19	
-4237.99	
-731.582	
-577.059	
-13515.5	
-12555	
-8377.35	
-8446.11	
-995.632	
-1553.88	
-1799.51	
-1845.91	
-1297.93	
-1984.83	
-1494.96	
-2706.77	
-1845.11	
-1505.88	
-2561.53	
-1789.35	
-2451.34	
-3238.3	
-2526.41	
-2210.92	
-1191.67	
-4453.2	
-1059.01	
-17104.4	
-2017.23	
-3716.51	
-3046.86	
-1688.38	
-286.094	
-3015.01	
-813.558	
-2471.95	
-73.2624	
-1120.52	
-3128.64	
-2039.59	
-379.883	
-1659.38	
-4744.06	
-4030.17	
-3471.27	
-5535.65	
-1205.39	
-2996.48	
-2864.95	
-3790.25	
-746.753	
-938.196	
-633.562	
-906.995	
-1078.89	
-5401.31	
-5038.48	
-4476.8	
-6173.45	
-5931.59	
-5644.24	
-3397.14	
-1550.91	
-4302.91	
-1671.34	
-9967.31	
-952.256	
-5221.53	
-2292.55	
-3362.64	
-2859.65	
-3467.94	
-4756.14	
-3816.35	
-4420.95	
-5027.32	
-7006.55	
-4248.22	
-8572.88	
-814.429	
-1486.78	
-2471.66	
-2371.33	
-3380.67	
-3303.85	
-4333.74	
-7681.42	
-1049.41	
-3616.99	
-1715.32	
-1689.98	
-1166.95	
-240.255	
-9392.34	
-890.484	
-5603.58	
-5231.88	
-5516.01	
-8910.39	
-4483.96	
-7337.67	
-2567.9	
-9519.62	
-2994.81	
-7763.01	
-12494.8	
-4846.59	
-1244.43	
-2305.56	
-3472.37	
-2031.11	
-2307.23	
-2530.2	
-2019.2	
-2666.39	
-1381.28	
-3016.01	
-1386.78	
-1095.31	
-1589.1	
-1572.3	
-2733.76	
-1271.75	
-1812.46	
-2845.07	
-5358.34	
-3160.22	
-3798.37	
-3230.59	
-2440.33	
-3175.58	
-4066.74	
-5733.83	
-3577.57	
-5254.32	
-5423.72	
-5898.66	
-4626.58	
-6829.95	
-4612.01	
-4440.05	
-675.423	
-2264.25	
-2848.89	
-2751.18	
-3257.88	
-1542.68	
-5328.61	
-2694.9	
-4785.46	
-7066.87	
-5614.84	
-11320.7	
-771.75	
-998.724	
-1759.53	
-368.939	
-3498.66	
-1826.39	
-2376.69	
-4968.39	
-1472.7	
-7655.6	
-6912.28	
-3835.05	
-6333.86	
-11311.4	
-1366.55	
-5011.94	
-3180.08	
-3500.47	
-3251.53	
-3043.5	
-1007.62	
-659.047	
-1789.06	
-1790.34	
-2981.87	
-3962.91	
-3741.82	
-5532.4	
-3976.02	
-6347.4	
-3743.65	
-2717.03	
-4438.77	
-5247.37	
-4874.13	
-7612.55	
-6749.84	
-6893.34	
-8172.98	
-4646.06	
-5422.55	
-6670.44	
-4174.65	
-8323.91	
-1620.04	
-7499.96	
-6471.11	
-6727.69	
-11618.6	
-10748.5	
-6194.95	
-5431.71	
-76.3477	
-1723.49	
-12398.6	
-12025.5	
-10727.7	
-8308.13	
-1282.09	
-518.265	
-1614.64	
-777.655	
-1091.64	
-2284.14	
-1581.42	
-751.65	
-2989.36	
-3362.58	
-619.111	
-1175.04	
-4033.38	
-2668.28	
-1144.72	
-1097.32	
-4031.09	
-1503.18	
-2133.72	
-2727.46	
-1528.26	
-2143.21	
-657.905	
-1872.64	
-2208.78	
-1200.86	
-1198.08	
-2702.65	
-1359.87	
-3243.65	
-1956.11	
-2596.35	
-1068.83	
-3421.57	
-2714.95	
-1594.65	
-504.083	
-1006.25	
-2149.17	
-1411.33	
-6339.49	
-2772.52	
-1554.39	
-669.776	
-2757.62	
-4157.55	
-3745.13	
-1674.01	
-2083.5	
-3323.71	
-1225.02	
-2107.91	
-1269.64	
-2596	
-1764.43	
-524.206	
-630.137	
-2432.39	
-1660.83	
-3021.87	
-2169.28	
-2602.31	
-2051.56	
-2544.56	
-3712.3	
-2092.19	
-3208.16	
-3271.86	
-3360.93	
-1418.77	
-2208.31	
-6332.35	
-2662.68	
-3676.24	
-3261.84	
-2631.54	
-2032.39	
-6479.59	
-4397.74	
-5703.27	
-5164.81	
-6197.99	
-4355.65	
-9680.68	
-4962.51	
-9209.22	
-9760.01	
-2946.98	
-1321.9	
-1440.86	
-288.644	
-1629.12	
-699.467	
-1827.34	
-2849.06	
-5824.01	
-2320.95	
-3640.71	
-1858.48	
-2537.14	
-4364	
-2210.33	
-4848.19	
-3338.02	
-5481.56	
-3177.38	
-2497.74	
-5808.13	
-2300.54	
-3514.61	
-2850.49	
-3743.99	
-6109.92	
-4618.08	
-4056.23	
-6836.09	
-7012.69	
-4911.54	
-2689.33	
-7069.13	
-3935.35	
-2270.38	
-5470.64	
-5132.72	
-2874.38	
-5748.25	
-3833.69	
-5467.86	
-1759.22	
-2905.09	
-4918.45	
-3487.98	
-6306.43	
-4974.87	
-5177.14	
-5314.96	
-4869.13	
-4320.73	
-8648.55	
-4450.26	
-8109.15	
-8774.43	
-7257.84	
-2092.53	
-3624.72	
-2558.05	
-2867.92	
-1396.96	
-2447.67	
-2199.5	
-1005.59	
-4709.48	
-2868.33	
-5974.98	
-13207.6	
-11155.3	
-1878.4	
-956.342	
-2189.49	
-4564.45	
-6308.05	
-4939.77	
-6785.05	
-290.257	
-7424.06	
-11107.3	
-2590.71	
-956.358	
-1932.81	
-523.613	
-2408.68	
-1129.29	
-1301.94	
-2757.86	
-1420.26	
-1335.06	
-2612.21	
-5184.3	
-3344	
-2083.72	
-1391.62	
-2779.58	
-1321.85	
-3304.85	
-2003.46	
-7538.17	
-1433.13	
-2238.22	
-3702.34	
-2271.2	
-3227.66	
-3317.95	
-4485.93	
-2356.09	
-842.876	
-3104.9	
-5055.7	
-6485.41	
-2865.7	
-3607.79	
-2602.89	
-5470.47	
-2033.25	
-4780.9	
-4011.22	
-8482.3	
-2618.01	
-1159.86	
-9861.31	
-6745.06	
-2157.85	
-2089.57	
-3295.3	
-5174.31	
-3548.92	
-6339.02	
-5259.23	
-4143.24	
-6489.34	
-3368.39	
-6958.26	
-8703.86	
-3791.43	
-8934.36	
-1027.98	
-2237.61	
-2310.95	
-2766.29	
-4448.02	
-3684.27	
-796.207	
-5196.13	
-2219.08	
-7732.67	
-1325.99	
-6289.14	
-3578.57	
-2986.28	
-3282.5	
-4885.17	
-1517.57	
-6530.65	
-8491.74	
-6558.5	
-359.651	
-2214.68	
-3064	
-11671.6	
-5381.07	
-12622.4	
-3554.11	
-8883.59	
-8378.25	
-7533.76	
-8729.87	
-7456.11	
-4817.1	
-9425.87	
-11279.1	
-11072.8	
-10287.8	
-5785.4	
-2264.95	
-3097.71	
-4585.15	
-5315.51	
-3207.16	
-5485	
-4834.37	
-6097.18	
-1447.24	
-2176.19	
-1963.82	
-2570.63	
-2776.6	
-3630.27	
-5680.3	
-2497.86	
-1627.12	
-2555.85	
-2858.02	
-3352.62	
-2526.6	
-5006.05	
-1526.22	
-1286.42	
-1531.55	
-2163.84	
-2088.59	
-4445.53	
-4318.44	
-749.882	
-520.126	
-1118.68	
-1236.4	
-1476.71	
-3792.34	
-2045.46	
141.176	
-1102.57	
-3188.36	
-824.914	
-2251.9	
-769.527	
-2352.29	
-1009.49	
-1689.58	
-2009.45	
-2095.82	
-1493.39	
-2219.04	
-1194.41	
-2737.27	
-2779.46	
-1123.78	
-3565.17	
-652.346	
-588.03	
-1554.37	
-2058.57	
-2409.03	
-1310.08	
-2426.46	
-2816.09	
-3404.62	
-1843.71	
-1030.55	
-1249.35	
-820.286	
-1027.76	
-1584.32	
-1647.99	
-2886.8	
-2753.68	
-1647.02	
-1698.78	
-3399.2	
-2257.6	
-3330	
-4917.94	
-3316.82	
-1374.68	
-4897.25	
-2897.23	
-1067.45	
-3356.21	
-591.158	
-4493.53	
-729.343	
-1590.23	
-833.407	
-3433.58	
-2967.42	
-1972.63	
-4183.97	
-1865.53	
-3042.22	
-2536.99	
-4874.23	
-3241.57	
-4845.9	
-3961.49	
-1937.53	
-3378.1	
-4464.86	
-5216.91	
-7566.67	
-6784.32	
-5859.54	
-4324.3	
-4948.64	
-2587.33	
-2916.52	
-3466.29	
-2690.42	
-1522.31	
-2670.02	
-1212.36	
-3313.15	
-1109.69	
-2740.83	
-1849.1	
-5687.88	
-184.846	
-2998.4	
-2565.13	
-3567.53	
-4044.38	
-5974.11	
-4415.51	
-1290.95	
-3674.3	
-2595.61	
-2316.47	
-6858.07	
-6217.8	
-1774.71	
-2767.16	
-2483.35	
-3924.06	
-3337.16	
-2169.3	
-783.202	
-4292.28	
-4255.56	
-8001.29	
-1148.33	
-1104.19	
-3434.77	
-1610.47	
-2727.54	
-6431.55	
-2880.27	
-1536.36	
-2425.37	
-1824.68	
-4216.53	
-2906.18	
-5470.43	
-7385.58	
-3669.59	
-4365.49	
-2396.66	
-4192.13	
-5303.37	
-5021.73	
-3154.6	
-8337.26	
-6467.62	
-4250.02	
-8487.91	
-8303.9	
-4249.1	
-7252.91	
-5089.88	
-3619.36	
-11875.3	
-3851.46	
-6102.49	
-1105.56	
-6013.21	
-4503.75	
-19284.2	
-2626.18	
-9375.05	
-4544.67	
-2488.71	
-9224.35	
-8832.41	
-5047.1	
-2805.17	
-2254.72	
-4319.85	
-2856.16	
-2722.2	
-4166.9	
-4665.08	
-4094.09	
-6432.57	
-3837.98	
-323.671	
-7700.46	
-6299.82	
-10956.7	
-6068.57	
-10283.2	
-9307.58	
-5940.91	
-10228.5	
-7111.52	
-4546.57	
-4679.56	
-1025.05	
-1260.39	
-415.798	
-1180.85	
-1229.74	
-3297.86	
-4489.69	
-4341.6	
-4230.01	
-2970.15	
-5309.96	
-5904.15	
-1445	
-3044.17	
-1122.16	
-317.635	
-6337.83	
-2612.05	
-4334.15	
-2035.32	
-4088.47	
-3739.09	
-3068.65	
-5270.95	
-6102.87	
-6485.87	
-1950.41	
-1344.92	
-6751.27	
-4736.58	
-5883.74	
-2323.05	
-7882.63	
-3678.09	
-12613.2	
-6817.16	
-611.873	
-2278.04	
-8752.58	
-1069.8	
-2573.9	
-1255.1	
-2461.89	
-1832.12	
-3102.58	
-1114.85	
-1423.05	
-2394.36	
-2943.94	
-2674.49	
-1977.23	
-3102.99	
-2345.65	
-2447.38	
-3463.54	
-5933.28	
-6490.02	
-183.014	
-2239.15	
-2727.67	
-3177.33	
-3371.66	
-4876.04	
-3584.94	
-5067.57	
-5461.03	
-5971.43	
-2546.11	
-5707.41	
-5945.52	
-9228.21	
-2004.24	
-4588.9	
-3249.54	
-7229.81	
-5138.52	
-8466.96	
-11555.7	
-1749.44	
-2291.84	
-3305.07	
-1424.38	
-2932.41	
-4770.92	
-5358.43	
-1498.86	
-1832.34	
-2618.73	
-3563.52	
-3477.06	
-4599.78	
-4535.69	
-1613.01	
-2349.81	
-3300.82	
-5672.97	
-4321.27	
-5637.95	
-9645.01	
-4458.17	
-5106.31	
-4646.63	
-6006.49	
-12346.7	
-11035.7	
-14419.6	
-2519.31	
-2549.82	
-3128.79	
-3283.92	
-4271.43	
-6757.35	
-8429.68	
-1307.03	
-990.163	
-2411.71	
-1733.07	
-2413.85	
-1803.71	
-3438.51	
-1526.11	
-2320.61	
-4125.27	
-5080.39	
-6876.16	
-6346.34	
-8351.49	
-847.852	
-2316.89	
-2975.01	
-4506.72	
-1644.62	
-5184.15	
-7429.42	
-7220.63	
-2020.04	
-4976.75	
-5191.05	
-3495.44	
-6367.97	
-8424.13	
-386.748	
-1017.3	
-1742.27	
-1979.38	
-904.181	
-3617.97	
-1813.76	
-1990.49	
-1819.86	
-4885.3	
-3436.52	
-4851.36	
-7710.22	
-11182.2	
-1350.96	
-747.56	
-1216.23	
-2496.31	
-1450.75	
-3063.35	
-4533.97	
-814.527	
-794.654	
-600.588	
-231.516	
-1850.82	
-1853.86	
-2895.94	
0	
0	
0	
0	
0	
0	
0	
-1281.16	
-1231.15	
-361.481	
-3090.41	
-2944.07	
-4870.22	
-5263.88	
-1042.64	
-493.259	
-2009.07	
-1007.71	
-3227.67	
-2381.22	
-4463.83	
-232.894	
-1023.63	
-1662.18	
-2334.13	
-1175.51	
-2626.32	
-3558.28	
-1403.16	
-1210.96	
-1135.68	
-734.822	
-1322.61	
-1646.18	
-3136.19	
-1013.12	
-3294.06	
-2890.46	
-2718.67	
-1152.43	
-4158.83	
-2940.09	
-980.204	
-1056.25	
-5369.01	
-3270.89	
-4221.47	
-1045.57	
-4152.52	
-2969.5	
-5904.59	
-2399	
-5435.12	
-1737.46	
-2992.05	
-4703.95	
-8075.88	
-3988.42	
-9701.4	
-849.125	
-406.645	
-1063.81	
-1147.99	
-2254.68	
-2133.57	
-2235.02	
-1657.77	
-4104.92	
-1795.47	
-3650.55	
-2849.14	
-4956.24	
-3459.83	
-3175.09	
-1291.88	
97.0778	
-911.704	
-1486.79	
-1231.25	
-1310.27	
-1512.59	
-2125.81	
-1045.74	
-2663.29	
-1851.05	
-786.629	
-807.743	
-2098.73	
-1628.39	
-1491.43	
-1846.42	
-1385.24	
-3487.97	
-2512.71	
-1375.63	
-3007.34	
-2273.54	
-770.587	
-1858.01	
-871.254	
-657.85	
-1258.92	
-1813.49	
-325.557	
-1676.1	
-3967.98	
-1132.49	
-1635.28	
-957.55	
-1708.11	
-1795.94	
-2289.63	
-2435.16	
-1018.91	
-132.688	
-853.614	
-1447.17	
-2434.84	
-2366	
-2243.54	
-1664.64	
-1192.96	
-1574.41	
-2373.25	
-1550.11	
-3304.1	
-1696.25	
-372.538	
-1464.03	
-2187.53	
-18.5934	
-1162.08	
-1246.09	
-3812.8	
-2066.58	
-4574.35	
-1007.45	
-1932.89	
-3155.11	
-2758.7	
-3277.29	
-2239.35	
-1946.4	
-962.459	
-2696.35	
-4955.8	
-842.544	
-1353.11	
-2160.76	
-1437.38	
-5163.99	
-2504.83	
-5761.27	
-784.916	
-3324.12	
-1899	
-2374.26	
-4934.17	
-460.786	
-1499.11	
-4493.98	
-3096.77	
-5609.74	
-2444.83	
-2692.81	
-1215.3	
-2388.87	
-5306.76	
-3481.24	
-4802.02	
-1926.99	
-2378.79	
-2296.77	
-4090.19	
-2303.37	
-4140.87	
-3460.71	
-2150.5	
-6482.41	
-3940.4	
-5626.7	
-6149.09	
-4896.67	
-3359.75	
-8693.99	
-7770.03	
-8437.21	
-8946.26	
-1694.09	
-1170.07	
-10916	
-1473.59	
-2682.58	
-3270.92	
-3359.45	
-3841.39	
-4682.74	
-752.173	
-1898.17	
-2032.92	
-891.273	
-655.798	
-3282.95	
-2076.59	
-3654.46	
-4814.88	
-1500.13	
-819.284	
-3533.96	
-8642.11	
-2865.09	
-1833.49	
-2804.94	
-9106.92	
-4660.34	
-2935.54	
-4540.9	
-4184.77	
-4940.8	
-5219.39	
-8045.81	
-7193.06	
-3971.35	
-7085.81	
-8832.15	
-2892.78	
-7997.34	
-10111.9	
-3903.68	
-1085.21	
-1344.34	
-3936.59	
-3165.26	
-5188.81	
-6866.23	
-1841.76	
-6763.62	
-7615.24	
-607.82	
-985.215	
-1145.67	
-1095.98	
-1594.14	
-1001.43	
-1105.24	
-1294.48	
-746.771	
-2008.16	
-1876.94	
-620.984	
-1390.12	
-1531.31	
-3300.88	
-3358.42	
-2254.31	
-2624.91	
-2169.83	
-2811.55	
-2915.48	
-3521.2	
-1828.63	
-3617.72	
-1704.95	
-5550.21	
-3843.97	
-1085.11	
-7161.27	
-4955.54	
-4607.35	
-2093.5	
-7649.93	
-1397.31	
-940.19	
-2529.36	
-1069.66	
-2122.14	
-3072.86	
-2468.69	
-1947.79	
-4259.02	
-4978.11	
-8920.22	
-3210.91	
-3501.29	
-4367.01	
-3036.55	
-5316.94	
-7535.04	
-6701.54	
-4873.46	
-11490	
-3433.33	
-8392.54	
-12333	
-2177.62	
-2377.34	
-1210.98	
-3115.85	
-3783.1	
-3302.47	
-4497.86	
-7041.69	
-7144.51	
-2754.02	
-5915.64	
-5887.08	
-5766.91	
-3109.57	
-8832.05	
-885.259	
-1876.41	
49.4241	
-991.483	
-1942.1	
-2396.33	
-3204.97	
-1422.39	
-3536.96	
-914.963	
-4751.76	
-3091.99	
-4277.41	
-3289.72	
-6634.98	
-4103.36	
-26.4429	
-849.14	
-1866.39	
-2407.31	
-2884.27	
-2312.24	
-2098.44	
-2000.36	
-34.078	
-2807.23	
-2990.75	
-1151.11	
-2995.64	
-3681.16	
-25.3989	
-58.528	
-120.976	
-334.261	
-1526.36	
-147.713	
-1396.38	
-1502.85	
-2548.22	
-2875.78	
-2606.15	
-5064.51	
-6000.52	
-619.36	
-2946.77	
-2839.17	
-2815.99	
-1761.2	
-3071.38	
-4754.17	
-949.193	
-3042.65	
-3897.91	
-421.288	
-5019.72	
-1724.98	
-2919.95	
-2444.46	
-6673.18	
-5443.18	
-5662.5	
-4183.24	
-9931.4	
-3717.21	
-3126.4	
-7927.63	
-5146.84	
-3472.49	
-4289	
-1971.08	
-9301.08	
-2764.57	
-3491.91	
-3736.54	
-5564.62	
-5323.7	
-1134.72	
-898.755	
-701.042	
-782.308	
-1576.51	
-2217.04	
-2956.73	
-718.15	
-1661.71	
-1105.65	
-1797.68	
-1928.23	
-2446.38	
-3769.87	
-1729.83	
-724.62	
-1941.67	
-1162.42	
-2574.94	
-2144.75	
-3573.48	
-1277.69	
-976.821	
-791.442	
-2931.7	
-2052.62	
-3598.29	
-4234.8	
-977.126	
-1282.47	
-1114.98	
-1886.58	
-2213.09	
-3636.3	
-4381.74	
-2233.21	
-2054.8	
-1335.72	
-3767.79	
-5284.48	
-5915.11	
-7438.93	
-184.382	
-1203.56	
-1496	
-1656.87	
-2187.65	
-3472.24	
-4206.32	
-1722.57	
-694.918	
-3121.11	
-1758.59	
-1646.86	
-5233.62	
-6275.34	
-1322.07	
-2326.34	
-2419.25	
-2705.46	
-4510.38	
-4130.97	
-5852.41	
-463.269	
-1287.32	
-1115.61	
-992.835	
-2664.84	
-2253.86	
-1832.9	
-2032.97	
-2120.15	
-3061	
-4713.67	
-5670.53	
-4791.61	
-6573.85	
-934.277	
-1779.97	
-2036.43	
-3048.97	
-2673.01	
-1828.59	
-5098.51	
-676.632	
-682.737	
-989.235	
-1993.52	
-556.764	
-3266.47	
-5251.99	
-868.851	
-835.344	
-1356.72	
-2820.76	
-3247.57	
-2824.94	
-2995.55	
-1305.03	
-2527.18	
-3344.04	
-2653.64	
-6348.44	
-6189.12	
-7046.55	
-45.3644	
-1312.28	
-2940.89	
-3032.87	
-4343.3	
-5314.51	
-5409.96	
-2302.22	
-1864.25	
-1013.04	
-3205.88	
-4789.93	
-5639.67	
-7033.76	
-800.153	
-1617.92	
-2635.95	
-3401.79	
-3588.43	
-3553.01	
-6604.35	
-1484.9	
-2781.93	
-2614.76	
-3326.04	
-4116.05	
-6188.54	
-7568.65	
-1620.43	
-1961.77	
-3102.81	
-4712.62	
-3851.14	
-6385.86	
-6353.4	
-790.799	
-1422.43	
-979.269	
-1393.86	
-3607.23	
-2088.87	
-5668.29	
-1405.06	
-1037.67	
-1837.26	
-3265.28	
-1912.72	
-4795.75	
-5905.64	
-2375.3	
-1107.31	
-3438.57	
-4670.27	
-6175.13	
-7120.71	
-9196.31	
-1126.88	
-287.134	
-1900.28	
-2122.68	
-2827.91	
-1344.82	
-3518.28	
-1575.19	
-1668.77	
-1955.16	
-3527.68	
-5486.47	
-4664.45	
-7727.93	
-892.31	
-1461.68	
-2440.26	
-2412.91	
-1728.5	
-2445.85	
-6247.16	
57.929	
-73.5306	
-1282.69	
-2270.5	
-3374.45	
-2574.78	
-4054.16	
-1621.4	
-3274.72	
-2694.87	
-4246.43	
-4388.25	
-3865.1	
-7162.01	
-1252.46	
-1516.39	
-1121.29	
-3456.42	
-4407.2	
-4956.99	
-5813.86	
-3368.4	
-4452.72	
-4221.75	
-6539.38	
-8400.84	
-9533.51	
-11764.3	
-2486.36	
-1913.75	
-4023.19	
-5967.69	
-4042.84	
-7299.91	
-10513.1	
-1251.68	
-2335.11	
-1616.58	
-1941.38	
-2431.33	
-3908.67	
-5999.96	
-684.552	
-983.23	
-1077.11	
-1696.39	
-2201.43	
-3283.64	
-3128.66	
-1977.7	
-3131.4	
-3615.16	
-2489.2	
-4258.37	
-6659.48	
-6795.85	
-466.447	
-3916.89	
-4836.85	
-4102.83	
-4495.94	
-7877.85	
-9038.53	
-992.435	
-1521.85	
-631.599	
-3454.39	
-2426.36	
-4828.32	
-4742.36	
-2186.56	
-1734.19	
-3699.85	
-5349.25	
-8012.79	
-5876.96	
-7679.12	
-151.397	
-675.582	
-460.426	
-2377.52	
-2927.85	
-2310.37	
-206.585	
-660.217	
-1928.38	
-3038.62	
-1946.57	
-1803.14	
-1545.07	
-1106.45	
-732.367	
-1050.48	
-2669.22	
-3160.54	
-4858.34	
-4888.88	
-3128.69	
-2986.02	
-2912	
-4117.48	
-6762.65	
-2526.94	
-4311.29	
-4443.77	
-6824.98	
-5378.81	
-5832.18	
-8654.95	
-6659.12	
-8600.58	
-7718.88	
-1650.35	
-1354.85	
-3048.28	
-2995.76	
-6520.73	
-4020.48	
-6040.91	
-1832.52	
-2800.86	
-3320.62	
-3761.08	
-4356.35	
-7634.8	
-8672.04	
-505.489	
-1629.5	
-1710.53	
-2294.32	
-2792.22	
-3397.17	
-4851.81	
-2222.51	
-1617.68	
-1387.55	
-2184.52	
-2007.34	
-3118.89	
-6128.56	
-2804.54	
-3240.09	
-6014.03	
-8836.29	
-7541.03	
-11068	
-13731	
-1287.93	
-2815.79	
-2109.56	
-4859.26	
-8334.15	
-7487.32	
-9302.74	
-354.076	
-1927.4	
-1947.24	
-2683.12	
-3420.14	
-3436.41	
-5043.27	
-2436.94	
-3779.98	
-3898.74	
-2963.01	
-7814.72	
-9996.55	
-11470.7	
-2760.46	
-2639.05	
-4351.77	
-5515.16	
-6425.25	
-7131.56	
-13764.6	
-2938.78	
-3236.43	
-5527.78	
-6873.43	
-13232.8	
-11816.6	
-14238.6	
-1921.25	
-3238.49	
-4401.25	
-5872.07	
-8081.94	
-9500.17	
-10564.1	
-2744.46	
-5752.61	
-5079.75	
-4277.82	
-7524.45	
-13788.4	
-14832.2	
-107.406	
-800.137	
-1903.07	
-937.62	
-1777.19	
-4304.32	
-4947.43	
-2726.32	
-3416.79	
-3776.23	
-4529.09	
-6942.38	
-6879.27	
-10293.2	
-689.94	
-1157.49	
-1475.52	
-1458.45	
-2263.02	
-2438.79	
-2642.67	
