-69.0692	
45.9284	
-282.452	
-276.312	
-554.361	
58.3007	
-66.8784	
-668.627	
-189.077	
34.001	
-195.642	
-47.6535	
478.174	
-27.4772	
62.0124	
-284.379	
177.793	
11.3975	
-565.519	
89.9737	
85.9998	
-939.775	
-373.539	
6.76454	
-77.0976	
-547.816	
-740.109	
-42.851	
213.2	
624.328	
481.302	
-445.966	
-89.5333	
161.22	
-340.117	
-375.783	
-218.455	
-75.6001	
-134.853	
266.616	
299.421	
-251.564	
-282.166	
-357.499	
15.7297	
-507.568	
-383.116	
-34.4638	
0.72707	
-420.188	
225.852	
-493.387	
-196.777	
287.716	
35.3752	
170.687	
-192.638	
195.415	
11.9055	
-215.123	
-182.792	
100.292	
32.7667	
-129.86	
-46.1795	
-214.264	
215.03	
-854.104	
-35.68	
-678.528	
-639.813	
291.527	
13.9632	
-665.005	
-546.243	
6.66922	
-438.638	
-19.602	
-837.913	
27.0004	
85.3471	
383.311	
-649.593	
183.988	
-260.695	
-60.7925	
-93.3841	
-254.451	
211.669	
276.327	
-337.179	
43.4419	
173.842	
-188.708	
264.782	
-677.599	
86.1113	
-501.917	
65.2826	
-84.1609	
643.273	
140.136	
-9.17093	
-317.094	
-1740.44	
-519.65	
74.5554	
-45.1472	
776.264	
331.455	
-160.617	
53.2608	
-413.528	
-150.609	
-245.09	
56.531	
125.555	
421.274	
-608.517	
-325.678	
154.543	
286.199	
-324.528	
50.069	
457.37	
-379.047	
-236.715	
-757.804	
197.452	
-430.256	
-296.264	
-338.229	
56.0831	
-373.861	
-248.757	
-391.207	
-1027.17	
-34.5851	
-110.899	
-53.3535	
180.286	
-48.5606	
-300.919	
-123.386	
77.0742	
-346.265	
100.468	
361.543	
241.536	
-324.535	
-360.919	
-124.469	
-36.1304	
30.2556	
246.6	
-534.426	
87.3821	
138.737	
-9.81771	
-262.498	
-818.114	
-64.6386	
324.303	
-457.433	
1.22114	
127.079	
-259.867	
474.879	
161.855	
263.918	
272.876	
-659.431	
332.172	
-633.314	
-132.152	
-116.347	
376.493	
-576.605	
-134.736	
-440.9	
-221.18	
71.9287	
288.426	
-121.886	
-276.893	
-469.83	
-369.456	
232.872	
461.222	
-907.161	
183.703	
-30.2892	
-277.19	
-209.344	
-59.4191	
532.358	
-93.6082	
106.388	
370.135	
-558.735	
-536.513	
321.643	
-47.6681	
124.748	
-70.1105	
335.664	
-31.3984	
-478.256	
-342.024	
332.925	
-263.842	
98.2493	
-556.077	
-242.994	
-348.739	
-12.4818	
-289.026	
-737	
64.9413	
-157.027	
-169.586	
471.862	
78.6757	
-106.034	
-128.75	
-222.027	
8.52438	
-151.482	
-1064.8	
-964.531	
332.035	
394.598	
-28.4641	
-366.309	
-678.935	
-54.3578	
-304.024	
137.598	
7.92109	
106.313	
-93.2167	
115.541	
27.8461	
-152.234	
-1054.31	
-148.359	
-231.266	
-478.534	
-281.193	
340.468	
-211.856	
-423.923	
65.1613	
234.048	
-615.313	
-606.382	
325.669	
-417.855	
24.4948	
-27.2901	
-32.7783	
-116.301	
-49.9941	
3.88236	
-18.7809	
-5.76743	
353.56	
253.805	
24.2813	
193.058	
312.444	
-1331.91	
211.677	
-20.0793	
-181.164	
432.06	
38.6972	
-175.381	
-263.553	
167.787	
39.3201	
-384.218	
279.646	
-237.06	
-798.538	
328.69	
432.906	
-655.097	
-52.483	
-1222.31	
-489.701	
234.78	
395.669	
-695.122	
3.21192	
-331.873	
73.5744	
137.554	
3.58941	
-1137.66	
52.4789	
-99.8964	
239.443	
-585.638	
-720.041	
2.52066	
631.464	
-944.959	
1024.76	
-102.663	
-426.724	
-252.537	
232.52	
188.538	
-56.094	
105.113	
-938.602	
48.1262	
-257.128	
195.244	
-599.221	
-265.632	
-20.0779	
204.402	
-18.3855	
-345.614	
44.871	
2.17986	
-525.857	
-563.358	
-1106.35	
-214.263	
274.365	
-50.8339	
-97.6423	
268.961	
-125.085	
-629.949	
-358.782	
-50.1599	
-391.481	
403.372	
-1101.35	
-1597.05	
-222.969	
7.59042	
-426.972	
-31.3585	
-64.8477	
89.9936	
573.908	
-37.2723	
10.0041	
-363.525	
-22.7174	
35.3511	
-378.893	
-378.483	
910.969	
15.6947	
-400.878	
-71.085	
-612.848	
220.508	
-417.657	
75.1962	
260.278	
516.477	
-245.045	
-131.908	
-18.6941	
552.938	
-145.182	
39.9438	
-617.9	
-191.462	
238.926	
-332.362	
-428.452	
-590.212	
215.807	
200.895	
-522.069	
-180.529	
194.161	
-193.044	
-129.368	
38.3267	
406.716	
-221.653	
-270.853	
-118.103	
-725.091	
-723.618	
50.8185	
-344.038	
-51.8953	
-187.8	
34.5278	
-453.743	
-341.399	
-269.307	
146.272	
54.9589	
-165.377	
-114.246	
445.571	
-174.764	
255.84	
336.196	
123.488	
-73.593	
-29.2289	
373.039	
438.294	
-243.722	
-690.224	
94.0901	
-39.1554	
544.468	
-1338.66	
50.4024	
-695.894	
451.634	
-117.382	
-915.902	
-766.81	
-578.104	
45.6559	
-431.55	
-1237.3	
256.914	
186.737	
147.575	
-77.9393	
113.741	
389.373	
128.004	
-705.739	
-385.227	
-47.4904	
-269.259	
-873.849	
-211.514	
7.59454	
-533.676	
492.275	
-79.0955	
-70.045	
-230.55	
-22.0366	
-160.858	
365.417	
-263.199	
-247.583	
163.917	
-944.352	
-158.682	
-185.359	
220.638	
-746.197	
-62.7432	
-951.696	
-30.1409	
-277.775	
-1100.26	
70.204	
-813.044	
-25.7028	
-120.133	
-164.046	
-14.8072	
-732.773	
-71.2516	
181.03	
11.2845	
-516.009	
-445.058	
-485.864	
139.393	
34.0699	
-610.941	
-426.479	
4.14116	
-190.102	
-600.703	
-8.73081	
478.277	
-506.706	
-521.931	
253.284	
-240.61	
10.9947	
-88.6864	
-170.384	
-238.556	
322.446	
95.6177	
-466.678	
-769.904	
335.013	
-301.591	
-274.541	
-279.978	
549.043	
295.648	
319.103	
23.1639	
-265.815	
181.906	
-92.7749	
-379.532	
-77.1104	
329.985	
-106.04	
445.992	
-725.398	
479.85	
26.0317	
-776.436	
-831.122	
-546.495	
-310.449	
-455.252	
-880.98	
-677.437	
-483.821	
25.4234	
689.145	
-553.698	
79.6229	
155.382	
27.8147	
-246.387	
357.07	
-1098.41	
-592.313	
127.648	
-470.267	
-1299.61	
527.038	
-81.3962	
-49.8262	
-142.878	
-236.193	
-1378.92	
565.299	
-44.31	
111.495	
-217.067	
389.925	
452.05	
-356.222	
-621.227	
139.481	
608.002	
-1161.13	
-195.801	
57.5515	
-365.76	
-297.305	
454.769	
-364.358	
207.45	
283.382	
-0.623459	
269.655	
-11.2382	
-1034.4	
-37.6186	
-371.897	
-636.505	
-28.5037	
-166.012	
-952.132	
414.56	
-169.996	
-235.999	
627.413	
-355.787	
50.2064	
-704.322	
-736.234	
293.285	
-380.668	
-620.596	
-4.93867	
-409.955	
-26.5043	
-194.505	
-279.503	
149.316	
-78.2844	
150.844	
-102.124	
-208.705	
-465.591	
62.0853	
-124.486	
-235.614	
-74.7666	
-158.607	
-433.35	
-471.189	
-21.1654	
145.67	
-756.971	
-229.511	
49.2476	
-246.834	
-301.142	
-191.908	
-495.98	
349.526	
-1009.86	
309.85	
-103.743	
33.2993	
-164.653	
308.742	
176.746	
-112.998	
-485.862	
-489.634	
-39.6278	
224.352	
-162.861	
436.987	
-657.693	
-204.218	
-227.359	
-53.4705	
663.834	
98.259	
-259.427	
389.787	
161.099	
137.084	
277.29	
-52.7469	
-229.768	
92.7366	
-903.03	
-167.689	
-591.835	
-32.5513	
-132.082	
-19.0202	
-538.837	
425.938	
480.647	
-113.626	
24.5159	
3.5009	
615.104	
-20.8008	
334.144	
76.4315	
279.992	
-302.618	
8.6898	
-568.834	
352.473	
534.816	
-152.181	
-274.794	
-279.366	
-703.078	
-559.269	
-640.759	
256.411	
-628.787	
-579.293	
-180.948	
234.58	
51.1674	
-140.562	
-109.583	
97.3123	
-884.361	
24.0704	
357.507	
516.252	
132.686	
-240.875	
-5.63902	
-307.915	
-202.011	
-1870.18	
45.5323	
-144.595	
-420.031	
-451.449	
-921.194	
-196.437	
629.752	
-442.559	
-4.60767	
43.106	
272.964	
103.915	
-426.746	
266.822	
-1192.12	
-459.828	
-144.931	
-50.0492	
185.721	
14.858	
-149.778	
-766.223	
-183.979	
-107.898	
-347.352	
-78.6384	
63.653	
270.548	
-57.89	
44.7491	
-417.071	
-324.34	
-815.395	
-773.22	
-348.668	
346.75	
107.829	
-40.7499	
-502.173	
-212.408	
-478.828	
140.485	
432.628	
-333.284	
-138.538	
195.75	
1266.87	
-300.153	
140.049	
-287.599	
357.382	
-390.263	
-489.909	
182.425	
-62.8283	
238.166	
-434.289	
120.594	
-75.7751	
-108.565	
-559.862	
-513.088	
-72.0678	
-777.513	
54.8684	
-531.557	
750.69	
-561.437	
-420.451	
-810.482	
-359.838	
-252.308	
-891.786	
-662.33	
107.675	
-401.11	
-588.313	
-285.966	
-417.556	
17.7299	
-627.44	
-132.311	
-705.351	
-32.4569	
-121.764	
45.6361	
-318.069	
-449.258	
-226.313	
158.772	
123.03	
-185.671	
-277.533	
167.964	
-221.791	
-178.052	
35.0315	
-317.973	
909.373	
-257.957	
-396.808	
-93.3998	
631.23	
-160.395	
-130.23	
-501.429	
370.891	
-1192.78	
-564.659	
-22.8839	
33.9031	
18.7759	
-383.03	
-531.368	
-624.366	
-1642.02	
-881.156	
-654.328	
475.231	
-786.955	
60.559	
-575.275	
-691.993	
-405.563	
-17.7653	
-443.362	
