1863.34	-7197.78	16128.2	2588.26	-5802.16	
5514.6	-2330.96	90621.8	-590.526	480.993	
-6559.9	-2771.13	-102625	3484.04	-567.988	
4063.12	247.66	-82855.7	3051.92	-3309.44	
869.982	849.208	-58087.1	3247.19	2130.94	
1433.83	2074.91	-3013.04	106.042	902.084	
-2997.57	-72.515	158958	2391.49	1964.36	
872.049	-283.222	3286.72	399.43	-105.638	
109.005	-1475.84	17297.3	-1756.2	603.651	
2213.02	1839.97	120436	4347.6	-6921.81	
526.508	419.899	-1991.65	1955.2	-2100.92	
-4762.6	-5364.77	-123696	2976.84	-2096.55	
675.539	-2508.21	46437.4	1025.4	-1246.72	
6452.43	3700.06	68374.8	336.872	-3133.09	
1347.55	435.069	-4527.26	-768.73	511.79	
-1603.35	-1330.67	-50242.5	1512.76	-8396.16	
392.28	-535.807	-3284.36	-443.281	876.671	
1745.77	-5919.53	7944.58	-3113.44	-2786.95	
-7416.4	-3245.84	-84988.5	4985.76	1433.92	
-411.345	-6670.72	-43470.5	-958.772	-1058.76	
406.015	309.774	-37144.5	-1332.07	691.858	
-1616.74	2657.36	-54979.2	4341.3	12218	
886.382	-363.147	-58939.7	-116.294	-472.511	
3002.81	-2469.83	-13290	-2594.68	3181.56	
5070.02	1996.47	-97819	-6939.78	8212.08	
-2683.76	3879.34	4423.24	-3021.23	-2944.84	
531.196	1873.67	-26379.6	-2895.44	526.615	
4256.1	-515.978	-9373.47	2053.87	-6817.38	
1044.06	383.663	12758.3	-870.147	-5777.33	
-5647.53	5704.55	-102280	1713.64	877.704	
307.398	294.77	-5141.56	-301.776	-129.891	
6020.52	1055.52	-15540.6	-2177.76	-1868.78	
-971.276	1576.42	7914.14	3462.5	3000.72	
4241.68	-2886.78	15615	-1279.28	-1643.19	
-138.057	-7034.94	54589.6	184.876	3859.17	
1730.21	2083.39	-49856.2	3745.89	-1462.83	
-580.849	-6043.11	-105419	-1440.8	-855.529	
3122.74	3249.94	15978.7	-3777.98	-941.253	
0	0	0	0	0	
4572.63	-3238.22	-74916.1	1047.53	-1550	
4829.59	-720.423	66753	3486.26	-4032.65	
4317.59	-1460.75	47773.7	1963.8	432.031	
3031.55	-914.377	77081.3	-312.928	-1520.5	
-658.571	1881.78	107019	2349.15	-250.019	
1817.52	2392.48	-15607.2	1304.42	3166.57	
2331.9	-540.42	51684.1	1826.27	-882.272	
4408.78	-3403.35	-23813.9	2568.73	-452.773	
3444.63	3999.09	105410	-2318.36	-1347.53	
5382.05	8323.35	-49794.5	-320.017	-1932.7	
138.439	237.592	-133566	-1514.83	3852.44	
721.72	2174.24	28882.9	849.98	2478.1	
-523.25	7037.81	112485	-192.345	7439.62	
-3.2263	-1128.51	-19891.4	2269	-230.756	
-3204.87	-3107.23	92371.3	-1893.64	3043.26	
-2984.04	2718.43	-16669.4	-4555.95	6031.68	
3109.86	196.455	42648.4	1039.42	5895.43	
2995.66	1818.88	-18793.1	-2493.38	-2753.38	
-3073.65	-370.665	135532	3586.56	4008.71	
716.079	786.809	-3844.3	-2985.02	-47.8963	
-2528.44	-6055.45	-1660.23	-3195.88	746.595	
-134.68	264.906	4949.5	-251.236	-218.953	
-3056.95	291.974	20301.8	3324.24	3706.25	
-2850.52	-3432.22	79210.7	-5689.12	6059.47	
2436.78	-1271.47	54750.4	3414.39	-1323.08	
-4892.87	885.108	-16983.4	1053.06	194.636	
-3304.35	-1842.72	69918.8	-5005.06	989.617	
-1724.24	2827.42	-4435.38	8718.81	10034.1	
-6712.72	3193.76	40072.4	-2376	4347.52	
1725.8	86.0917	-81476.7	-2749.25	6060.5	
1911.23	2536.15	12382.6	1452.68	3942.29	
-130.655	-549.575	-8368.13	-339.414	-429.553	
388.426	-2403.03	-16072.4	-776.089	-492.25	
-2097.51	-2238.28	7448.27	-220.229	-4322.48	
-271.191	2900.87	58898.4	5248.73	3682.21	
5243.42	-6811.59	-128746	498.52	-3203.97	
-1768.62	-2543.07	19901.1	-3266.42	543.445	
480.2	-477.905	-48825	1651.25	-1531.63	
-1702.79	621.218	39421.6	315.15	-8631	
812.251	-1111.86	61484.2	-2511.35	3484.67	
4180.54	-2795.35	27703.4	-51.8982	304.388	
199.592	21.92	302.263	-88.7645	-204.472	
1535.91	2621.1	-97467.1	-511.303	1106.5	
-6566.53	2570.81	-56501	-2471.59	-5336.92	
-520.949	-2090.44	18393.3	977.536	3460.67	
-2.64274	179.833	3502.97	-256.84	-252.353	
-3291.26	-394.411	73731.2	1667.17	-426.55	
-459.555	-7560.64	-73809.2	-1502.1	-300.626	
3527.86	-2453.03	-87289.5	-6818.67	-4917.06	
-804.982	-1248.77	52663.1	-4341.31	-4354.95	
2597.04	887.033	2817.69	3181.13	-1166.34	
-5177.2	-3207.82	142385	11034.6	5771.76	
546.291	-1881.97	-195930	-5687.82	-115.122	
-4100.7	-7932.45	-15476.1	-5109.08	-3149.94	
-2677.02	3728.94	122038	-1285.99	3543.83	
-13894.9	1858.42	-28930.6	-2347.75	3050.98	
700.691	876.483	81.9525	-2.21355	566.565	
-40.4041	3559.4	49217.1	-714.264	752.328	
2154.4	-1438.89	92473.7	-1665.55	610.031	
2600.99	-1414.17	31883.1	-481.163	-2622.11	
4623.82	-1555.83	95581.3	1466.81	-580.697	
5561.54	8585.92	52987.5	-4831.47	322.237	
-1734.15	-4365.06	-63876.2	581.522	-2877.82	
-2091.32	2729.82	-90387.2	-6417.54	-8968.86	
-3349.35	2326.11	-83131.5	1217.35	-4619.35	
202.941	-175.413	-70819.2	-6977.64	3775.11	
-2241.16	-1116.46	-13759.8	151.065	-3244.22	
2868.71	370.054	-34630.5	1283.43	-402.829	
-3045.95	-5970.33	-84323.4	39.4259	-8686.17	
-965.393	7554.87	-24129.4	-6305.1	-1810.39	
-3408.34	534.321	47694.8	1861.97	866.192	
-3098.87	623.295	22386.6	704.299	224.862	
2109.31	1426.81	221178	2257.72	1178.61	
-4009.53	-5097.29	185993	-459.786	-5269.8	
-595.132	-471.929	-6271.69	-146.457	407.8	
384.772	-3970.1	46212.7	-3276.74	2294.31	
-1322.58	-3514.63	-43930.6	1842.9	1809.94	
539.728	5679.6	23983.3	386.132	-2645	
3846.97	-2404.16	-21390.4	-4573.23	-548.156	
-4641.95	201.302	-95752.8	4588.92	7816.48	
2673.39	1625.82	-40641.1	-2867.87	1378.09	
-924.685	538.947	-1799.93	405.357	447.437	
4959.41	-1829.82	-14236.2	2059.06	-8033.96	
-3817.01	2249.37	66174.9	1373.16	1789.03	
3899.77	-1118.89	-94231.8	-2608.71	-2278.69	
-1774.55	2851.93	102864	2540.83	3365.73	
-3399.29	2407.26	-13756.8	-3863.37	-199.747	
-1811.81	7870.01	-81642.3	1027.2	-5508.6	
-932.695	-3060.64	60449.6	-855.718	3194.91	
156.026	357.527	-6217.94	-181.536	1805.36	
-609.976	3209.72	-25691.6	1242.97	-1228.65	
-1522.97	-863.815	-101450	-4544.4	-774.284	
-2206.59	2987.81	-8009.2	-1287.17	-314.528	
-1680.24	2559.51	-94192.6	604.108	1661.52	
-4367.22	-2832.04	-57629.3	2610.75	2838.65	
-2450.9	-3137.67	-103612	-1868.82	3237.37	
3486.03	-5087.1	14405.9	-119.175	-1730.3	
441.986	-966.67	-88033	656.56	781.287	
5106.2	-3343.9	85199.4	-4640.05	3318.7	
-1005.98	-284.752	-28918.8	284.102	3754.94	
1956.04	751.17	7797.35	2619.71	266.655	
-1666.48	-990.627	25695.2	-1026.13	-1639.29	
-1018.27	-288.48	-42903.8	481.636	2706.43	
897.35	1071.18	41144.5	1557.3	-853.187	
961.741	-2667.89	5234.7	-279.332	2386.49	
4677.73	-5561.16	-55222.1	2461.29	3213.2	
-665.246	1124.03	3394.34	812.451	-1152.02	
-1195.97	-1016.69	116426	-669.022	1670	
2992.09	-10303.7	-60710.2	-1320.75	-5800.69	
1840.43	3921.05	20585.8	1341.38	-222.371	
2022.68	-6294.1	6876.84	3497.32	-375.415	
1167.43	-3417.98	-1419.35	-7426.31	-2599.89	
3949.77	2362.86	71325.6	-482.844	2891.28	
-2319.9	1558.05	39925.6	1540.38	2521.57	
450.814	-5328.74	-70687.3	862.671	-2454.29	
1728.09	-1764.34	-8110.75	2176.6	2144.26	
-1779.53	-1435.52	-51069.6	-1957.06	2110.65	
3821.76	-1147.52	-3127.29	-1243.79	-1340.44	
-682.84	-63.7801	5587.57	-1431.94	-422.976	
-2865.01	-1617.4	-62382.6	3859.45	-3286.1	
-2647.67	139.31	-40794.4	-733.085	1881.59	
-2743.19	-1026.86	-8404.55	-1397.61	-5481.38	
10967.9	2052.28	38145.5	548.731	-3668.9	
3993.3	-10337.2	56409	-4469.2	-2637.25	
926.49	6718.01	20570.1	730.236	1541.87	
4194.15	-3845.18	-32502	169.589	1404.64	
-1333.45	454.403	-11761.6	-288.891	1269.7	
-1003.6	-6866.08	-5384.15	-3315.97	-2605.72	
-724.02	4845.9	3996.2	1114.87	-6859.01	
-7833.83	-1360.81	-1803.61	-828.22	64.6412	
-3894.83	-3360.61	-3424.6	3608.78	2530.3	
-891.547	-537.053	-57814.2	-1561.21	2938.9	
-3023.15	3949.84	123636	-1173.63	-2882.69	
-264.528	-407.98	4491.91	-407.93	850.653	
2593.69	-405.152	74866.3	2914.06	-4680.94	
-5264.05	1098.07	-74290.8	-1641.99	2800.83	
2589.95	1776.54	81764.4	-2895.92	-3189.29	
-2417.43	-2813.39	65539.4	2409.49	2899.5	
3675.39	-5382.87	-38861.8	4752.99	5006.12	
92.8311	-996.268	5223.28	4991.41	-3827.42	
-3787.76	-2249.48	18854.4	-1408.99	925.947	
3164.86	-1973.93	-25913	-4626.29	3181.02	
931.439	-7255.4	85931.1	2516.77	-3984.85	
-1589.12	-4936.46	36476.9	-2955.41	-689.102	
-468.212	-4154.17	-23870.2	838.332	-2552.34	
-1282.96	4783.49	13445.7	-4307.29	-10974	
2186.25	-3299	73657.7	-1013.01	-1441.23	
4343.15	3457.54	51460.8	-5873.95	-3237.43	
-2818.75	1872.23	-96859.4	-290.72	4925.72	
516.462	-817.497	19912.4	920.533	-456.291	
1146.31	150.549	115918	948.816	-1026.41	
3314.99	-5374.71	-25191.3	1478.99	-797.444	
4347.07	-670.079	-60446.3	-2639.56	-3652.36	
1468.62	-6143.99	-58444.2	-394.934	197.555	
6191.33	-1756.2	-60761	-2995.41	3634.23	
-785.301	6917.27	111445	7244.45	-3860.47	
282.485	-5442.61	-102693	-5058.33	3098.01	
2652.22	-950.743	-74731.1	656.567	1250.93	
-471.441	-432.054	10588.1	153.39	-427.782	
166.771	-6788.47	39337.2	-149.142	1428.66	
-2778.42	6252.32	21656	2220.49	-1380.67	
3779.71	511.852	7070.99	-3666.06	-1510.33	
-2725.63	21.796	-98254.7	-2257.92	-1782.17	
-1823.38	-2827.84	-40482.1	-2019.56	-2401.29	
-2430.34	2446.87	-39622.2	-2534.06	2478.9	
158.949	1206.67	-20045.8	2974.51	-2582.42	
2871.36	-3198.39	-70632	1636.39	-1841.27	
-3445.69	-5617.73	-17032.3	976.653	3683.46	
3440.08	2416.38	25280.9	3164.64	-3245.21	
-2388.79	274.343	57995	4660.23	1346.83	
2407.83	-5114.43	-88937.1	2658.79	3776.85	
5679.25	-6401.63	-83008.5	1748.56	-2438.09	
338.509	-44.1837	1362.26	158.111	179.782	
1819.6	616.322	-35874.7	-1513.7	-3695.17	
2554.16	9675.75	-167510	-2785.65	-6288.47	
1275.05	-1266.69	60322	819.962	-1988.89	
3981.78	125.949	18415.6	613.055	-3840.94	
-1213.35	-4459.21	10294.4	6378.62	-2326.41	
-1084.12	2200.94	-70548.3	1605.99	-2046.24	
-165.799	6196.89	-43351.7	-2774.11	-5473.61	
3629.85	-510.848	75542.4	1786.23	-606.086	
19.1438	655.308	-217.139	-150.714	347.157	
-2161.86	302.481	127411	2311.1	1022.49	
-3701.31	1733.17	19054.5	967.15	52.8082	
250.707	-3628.05	-4197.29	2598.7	-5423.5	
5119.26	-3565.16	6007.44	808.631	-1614.64	
-1540.03	-1302.25	-42108.5	4001.58	1014.68	
-1593	433.696	60741.7	-1021.38	5829.41	
353.289	196.944	-6914.23	56.9873	209.554	
-3771.07	-3627.76	-91797.1	374.587	309.816	
-512.382	2782.07	-54565.8	-4238.8	-115.208	
2854.94	-2646.56	-93970.8	1172.95	-4342.19	
-2050.09	-2410.12	37616.9	3967	195.25	
1651.79	-3945.88	15223.9	-822.585	-1240.69	
1909.8	170.709	-20364	348.848	3055.6	
4660.32	659.589	44364.3	3391.73	-2429	
3444.76	-1595.12	-103488	4050.85	7617.06	
821.093	-3679.07	-15157.2	1953.02	-1991.85	
-361.085	121.418	-13247.9	-580.092	-653.89	
63.1975	29.4105	-3458.15	420.847	-124.391	
5519.15	2802.86	73765.4	1516.27	-2861.53	
2428.68	-4443.61	20954.6	5282.23	1899.75	
-1233.7	3656.49	15593	-4291.75	-3405.63	
-74.4243	1769.71	-8600.51	2986.22	-1926.96	
5943.56	-6516.84	77909	-5610.94	-4067.11	
-1233.36	2585.42	-13049.7	-4225.47	-2870.3	
-843.835	-166.908	-19446.9	826.856	-3618.15	
4134.44	2715.63	34005.4	-3805.35	-7211.23	
-2389.29	2467.37	72029.3	-3160.57	1210.68	
3502.01	-1459.34	29411.9	2339.89	3358.99	
1471.6	-122.17	-73215.6	168.283	1376.83	
3751.27	1970.73	137472	1061.82	9562.12	
-704.679	1356.26	53252.9	-1631.88	-1299.94	
-144.68	-6551.75	-33920.3	-4875.76	681.488	
-2988.98	866.178	-68015.1	5175.99	-680.913	
-215.297	-235.052	6237.72	105.322	462.942	
969.719	-3074.54	91612.7	6247.47	3985.46	
510.212	688.725	-11003	-434.037	-495.803	
4860.82	4791.67	744.281	-455.812	24.5456	
3240.38	6936.96	-86637.5	-169.765	-477.59	
-4264.43	-3357.77	-36546.1	4017.66	-875.15	
502.386	-84.5726	5930.22	-373.51	-474.778	
917.271	-1225.94	-10178.9	2191.49	1160.23	
730.526	1433.71	34530.2	-1868.94	3110.45	
-1424.19	790.445	35031	815.563	24.3822	
-1047.31	3757.32	-51216.8	5875.89	1134.43	
-6427.12	8265.43	74497.6	-3341.65	739.014	
424.226	657.826	-41430.9	-2552.9	3034.6	
325.325	2547.14	-64455.4	-1033.35	-1359.92	
-2138.08	2595.37	-61315.9	4598.16	-3309.43	
-7385.94	-5824.2	-5512.68	-3049.21	-582.293	
-1273.67	579.589	-90686.8	-4287.37	94.3422	
3832.38	1970.27	13996.8	779.762	-3236.93	
684.155	-2078.97	19978.3	830.195	-3379.27	
-1866.99	4311.82	18937.1	-421.795	-2160.86	
-556.952	-734.824	-13749	2626.77	9519.14	
-1262.19	8238.45	18195	2003.66	812.874	
210.307	-897.618	-29703.4	-524.156	52.3658	
-2155	-3417.65	62363	-7801.59	-1562.27	
-3628.49	1807.71	-6916.67	-226.143	-3155.71	
1225.23	4.60089	-21922.5	-411.332	5187.31	
3148.53	-4426.17	-50678.1	4434.53	2094.54	
6260.73	1147.99	13733.6	7470.15	1603.73	
-72.7213	3409.67	-44210.2	-2939.26	1286.64	
7267.55	-7093.42	-11732.2	-4061.2	-2376.56	
-374.628	-5632.98	2049.75	2018.95	-590.107	
-1254.42	-2192.02	-43700	-1326.53	-1312.51	
-4168.2	678.066	-16745.8	-2863.27	-4576.61	
-3202.87	-5833.6	80974.7	2394.25	-2632.72	
-2289.59	-2502.04	-24762	-3645.18	-1892.49	
-5506.1	4369.12	-86466.7	-1544.15	-7989.88	
344.648	6090.84	-39304	-686.618	-4662.61	
1504.8	3512.69	29460.1	171.217	2067.72	
864.23	-1777.12	16795.3	1953.72	2137.95	
-4052.57	2161.65	14885.3	-539.475	1105.52	
3018.77	736.37	26902.3	-437.856	880.343	
1725.81	2439.43	-159503	3409.32	1519.54	
3227.02	7191.3	58104.9	1890.28	2012.16	
2951.49	3324.57	123356	778.262	-1136.72	
540.92	3230.12	-21736.5	423.475	-610.556	
3098.67	-961.683	-31898.6	-322.439	1095.64	
4511.15	-4030.05	46088.7	2424.17	-551.094	
1523.89	715.364	-13624.9	-4136.44	-4781.85	
-1596.02	1713.35	20999.4	-1946.61	393.984	
-2503.72	146.776	-3580.07	-2221.77	5456.95	
-6866.73	9104.04	79276.8	250.26	-3673.98	
4341.12	5080.78	13599	-592.452	6218.51	
1430.22	1915.47	-45825.3	-359.947	-1678.66	
-4787.67	-1972.73	41911.2	-2202.99	3363.4	
3954.46	498.66	101377	1973.67	10385.5	
-528.192	1470.48	75051.7	2710.85	-1759.7	
748.104	5047.51	150150	-3374.34	2113.7	
2146.94	-1316.57	-10114.8	-5040.97	-4481.5	
-3039.55	-1348.7	-15625.4	-2736.26	4205.48	
-2063.35	-1097.77	56018.4	-7882.79	-2880.7	
-1182.99	3651.53	86518.6	-4457.1	1126.39	
-1655.19	2679.1	50562.2	3089.39	-1369.84	
-1978.11	640.843	-59763.6	-2959.94	-978.175	
3237.14	7953.02	-246758	2578.55	2346.14	
187.807	3714.39	-96501.5	-677.717	-2517.82	
2844.56	-8330.42	-44000.6	-2623.46	2293.47	
-1948.62	-2483.83	-27255.3	2531.83	-6188.19	
-1009.21	2277.55	-54242.9	-1308.43	-1691.23	
3497.69	-1589.12	-17833.1	2053.14	-3982.8	
1287.15	-763.477	-27694	747.284	-3016.4	
-2777.98	2581.36	84577.5	-189.904	-1016.63	
2283.38	-151.455	23168.4	-483.29	5459.68	
1066.73	-3390.5	-17327.6	1050.91	3498.04	
-23.9633	2606.04	-123247	5520.79	6693.67	
-657.462	1603.14	-27377.5	153.202	-123.223	
-1143.46	6782.04	-11521.8	-163.717	-3186.12	
590.793	483.241	-43218.8	1743.65	133.312	
2935	6373.09	-43887.6	-726.787	-1835.83	
6244.44	3094.4	-41381.2	-2614.35	-1678	
1146.71	-3438.97	86473.6	-1790.63	-5330.02	
-368.779	936.797	42129.7	-3320.65	476.921	
1941.69	-1934.49	64982.8	-1868.32	-677.113	
622.398	2968.5	53205.4	295.192	-1412.19	
939.208	-182.182	-9197.28	245.987	1742.33	
-421.866	-1102.4	105894	2023.99	2395.39	
424.134	-8122.39	36096.4	728.268	3410.24	
-186.55	8107.45	-20265.6	-1541.69	1232.59	
-5016.34	-5585.43	-44383	1273.28	1351.83	
-919.062	-0.256624	32676.6	3031.91	-10645.1	
6181.73	-5295.19	52317	-3942.4	4332.27	
-1513.36	-2475.2	55329	1989.57	-2999.72	
-260.516	-1791.53	-34910.6	-783.83	-369.088	
-4195.07	-2533.65	53305.1	3009.47	-2427.9	
-1328.65	4417.63	-26387.4	-1375.22	-1537.84	
2122.28	-969.668	-33378.9	1758.96	-4120.47	
-634.225	-2191.9	937.177	-2097.32	2313.39	
9290.01	-5001.59	100756	-5342.93	-2119.13	
4277.57	-5018.23	-9938.99	1192.3	-2448.11	
-3487.81	-3780.64	-77424.9	-1368.82	-336.144	
1407.24	148.006	-41186.4	8547.6	449.882	
-2727.86	9145.87	-1027.71	-1053.95	573.334	
1936.2	764.551	-86034.9	232.938	-2201.85	
-91.7604	-1071.79	61142.6	-3547.51	3534.6	
-2763.19	-3367.88	-35137.4	1994.86	2603.93	
-6066.2	-8020.09	44232	195.91	1706.13	
4209.8	1374.75	131195	4521.24	-2267.8	
3073.62	337.608	-25766	1703.79	2234.44	
560.133	-453.694	58.9644	-2171.56	2355.63	
661.557	1662.78	32072.7	96.7617	-1397.7	
903.252	820.871	43874.7	419.758	470.867	
3780.3	54.8386	-14024.2	1970.47	2800.98	
6207.7	1745.61	98205.8	3728.07	3887.58	
-3083.54	1503.01	-20450.9	-2551.25	1782.6	
-499.624	455.254	-54418	3059.05	601.162	
-3400.61	-1878.08	49183.5	-688.228	4779.85	
-5021.37	-1233.54	-41473.9	6817.88	2071.32	
-2950.04	-1621.26	14689	-841.248	658.258	
-1244.8	5027.56	30945.4	3213.24	1509.65	
-517.375	4326.4	-95816.7	-6707.8	-2181.3	
-211.123	-5708.63	31494	-934.624	1188.13	
3926.13	-94.7516	-7091.07	143.42	2661.96	
-5757.9	-878.86	-70865	-370.696	-232.008	
2043.86	4204.17	130696	-3211.76	-1945.96	
-960.043	1646.71	-8451.11	618.145	259.976	
0	0	0	0	0	
4855.6	-2687.41	-44348.4	2226.03	4186.21	
95.8159	-622.469	1061.88	709.777	-396.274	
-2627.18	-166.976	-2043.88	36.1172	2919.22	
-526.815	1528.17	-16823.1	911.71	6034.31	
1844.56	1982.81	-36855.6	-2450.68	782.044	
279.536	-3383.1	-19932.2	-2124.19	-1808.35	
678.76	-1240.02	88512.8	-1419.31	3761.48	
1390.43	1123.81	-50368.7	20.3683	2953.89	
536.158	1127.94	-23305.5	-2075.02	-1004.67	
1777.73	3592.79	54012.2	1087.53	-6823.52	
-5792.62	-1775.01	52592.6	177.785	608.014	
739.412	1344.46	-106682	-1391.36	975.801	
-1823.94	-7698.19	25008.1	-3.86636	-798.654	
267.54	1209.39	44402.6	4792.68	2844.26	
-1469.83	-2634.01	-61455.1	-1498.74	-630.484	
4404.89	5529.98	-32998.2	33.0679	3826.97	
1512.96	-4944.15	-127155	195.487	-3809.94	
936.198	-2119.85	-11923.4	453.136	-4632.38	
7171.41	5230.73	-79312	-4204.04	-2207.21	
1497.1	-1352.2	-91264.3	-6639.22	-1699.71	
801.721	186.567	30374.4	1542.94	-1345.94	
3942.5	3352.06	-9083.52	-567.686	-3121.13	
-2308.8	1150.56	51565.2	-3847.94	-1293.31	
3057.96	-1725.35	21560.2	-6242.46	-2953.99	
3368.53	-4084.44	84895.5	-1640.88	3187.3	
-5406.73	4815.05	-70829.7	3673.5	-130.714	
-2563.63	-1578.74	-72844	-1748.01	-47.7054	
2565.02	-4473.29	-20350.8	-2994.74	-4474.86	
220.05	-2412.04	903.769	2087.92	-186.645	
1230.52	2016.06	91464.8	-4104.26	519.575	
5937.21	-2361.25	-44139.2	-3076.91	-1464.09	
2947.91	1455.62	37393	-5869.72	-3679.6	
-1008.26	-730.96	-83931.5	1728.54	662.905	
-469.489	2016.58	63472.1	2312.96	1921.77	
1448.59	401.928	-29523.3	3891.78	-225.588	
1578.06	-8518.78	6582.7	-5033.37	-8497.51	
-819.726	-7433.5	-72151.1	-237.95	5157.47	
825.579	701.476	61384.2	1565.76	3837.3	
-2422.29	-1168.33	52561.6	-1271.3	1075.59	
2201.84	-2114.39	24044.6	-185.361	2248.56	
4169.5	1835.58	71632.3	-3122.6	-1334.89	
-3111.29	561.515	-51220.9	214.084	2019.24	
3133.75	-4980.02	58270.2	6651.88	-1271.74	
-382.735	1603.97	80802.2	4368.2	271.502	
1687.44	658.46	-49765.7	719.027	3650.54	
-278.871	-221.482	17433.2	27.8145	-2147.45	
-2972.71	384.759	9735.9	-2062.58	-1796.37	
321.551	4138.16	-4733.57	8151.23	3498.55	
183.115	-1120.18	-49369.1	1045.12	-1693.56	
-1011.43	9995.99	-1551.75	1810.53	-2367.15	
39.4868	2677.77	41030	-3948.03	458.364	
-2526.97	-2547.61	55294.6	-206.193	-2063.16	
-6679.39	4053.21	-114801	2246.02	-729.09	
-3370.3	-363.75	15159.7	-271.415	5805.68	
-2298.78	4499.48	-86089.2	-4009.83	500.315	
-1320.9	3312.55	58836.4	-3063.04	-3803.83	
-1887.84	4870.02	-5570.16	250.175	-5288.87	
-3069.46	75.8026	34200.3	-3209.58	-11087.8	
1324.61	2826.11	-124759	-4835.13	3358.05	
4678.91	2994.29	57088	-4521.52	-265.308	
-4385.23	-1170.79	68234.7	3500.38	2110.24	
-2061.14	1205.4	-34486.2	-4529.62	4240.52	
4333.77	4786.61	98334.4	-6918.52	-2782.22	
1469.27	-4735.34	-23421.4	2256.78	-2932.38	
-1587.56	-4271.43	58021.9	-3954.48	-6303.76	
