ibin	iptbin	itheta	r0	V	sigma2	chi	Vn Errors
0	0	0	0.1817	0.0505	780.1200	0.4739	0.0089
0	0	1	0.1799	0.0510	780.1200	0.4785	0.0090
0	0	2	0.1580	0.0581	780.1200	0.5451	0.0102
0	0	3	0.1909	0.0481	780.1200	0.4511	0.0084
0	0	4	0.1861	0.0493	780.1200	0.4626	0.0087


ibin	iptbin	avgmult	avgpt	Vn mean	Vn mean Error
0	0	262.1515	0.9546	0.0514	0.0044

ibin	iptbin	itheta	r0	V	sigma2	chi	Vn Errors
0	0	0	0.1781	0.0515	778.8968	0.4837	0.0083
0	0	1	0.1730	0.0530	778.8968	0.4982	0.0086
0	0	2	0.1716	0.0534	778.8968	0.5022	0.0086
0	0	3	0.1792	0.0512	778.8968	0.4808	0.0083
0	0	4	0.1914	0.0479	778.8968	0.4502	0.0078


ibin	iptbin	avgmult	avgpt	Vn mean	Vn mean Error
0	0	262.2905	0.9542	0.0514	0.0040

ibin	iptbin	itheta	r0	V	sigma2	chi	Vn Errors
0	0	0	0.1796	0.0511	781.7205	0.4788	0.0075
0	0	1	0.2069	0.0443	781.7205	0.4157	0.0065
0	0	2	0.1650	0.0556	781.7205	0.5214	0.0081
0	0	3	0.1684	0.0544	781.7205	0.5106	0.0080
0	0	4	0.1685	0.0544	781.7205	0.5104	0.0080


ibin	iptbin	avgmult	avgpt	Vn mean	Vn mean Error
0	0	262.2110	0.9545	0.0520	0.0037

ibin	iptbin	itheta	r0	V	sigma2	chi	Vn Errors
0	0	0	0.1654	0.0555	781.3365	0.5202	0.0050
0	0	1	0.1669	0.0550	781.3365	0.5154	0.0049
0	0	2	0.1754	0.0523	781.3365	0.4906	0.0047
0	0	3	0.1721	0.0533	781.3365	0.5000	0.0048
0	0	4	0.1659	0.0553	781.3365	0.5184	0.0050


ibin	iptbin	avgmult	avgpt	Vn mean	Vn mean Error
0	0	262.1193	0.9548	0.0543	0.0024

ibin	iptbin	itheta	r0	V	sigma2	chi	Vn Errors
0	0	0	0.1811	0.0507	778.9073	0.4759	0.0086
0	0	1	0.1678	0.0547	778.9073	0.5135	0.0093
0	0	2	0.1743	0.0526	778.9073	0.4944	0.0090
0	0	3	0.1858	0.0494	778.9073	0.4638	0.0084
0	0	4	0.1866	0.0492	778.9073	0.4617	0.0084


ibin	iptbin	avgmult	avgpt	Vn mean	Vn mean Error
0	0	262.0934	0.9546	0.0513	0.0042

ibin	iptbin	itheta	r0	V	sigma2	chi	Vn Errors
0	0	0	0.1726	0.0531	784.0649	0.4975	0.0046
0	0	1	0.1729	0.0530	784.0649	0.4968	0.0046
0	0	2	0.1685	0.0544	784.0649	0.5097	0.0047
0	0	3	0.1679	0.0546	784.0649	0.5115	0.0047
0	0	4	0.1598	0.0574	784.0649	0.5374	0.0049


ibin	iptbin	avgmult	avgpt	Vn mean	Vn mean Error
0	0	262.2642	0.9543	0.0545	0.0023

ibin	iptbin	itheta	r0	V	sigma2	chi	Vn Errors
0	0	0	0.1919	0.0478	783.2002	0.4477	0.0118
0	0	1	0.2037	0.0450	783.2002	0.4218	0.0111
0	0	2	0.1690	0.0543	783.2002	0.5086	0.0134
0	0	3	0.1924	0.0477	783.2002	0.4467	0.0118
0	0	4	0.1667	0.0550	783.2002	0.5155	0.0136


ibin	iptbin	avgmult	avgpt	Vn mean	Vn mean Error
0	0	262.2621	0.9546	0.0499	0.0059

ibin	iptbin	itheta	r0	V	sigma2	chi	Vn Errors
0	0	0	0.1876	0.0489	778.1051	0.4595	0.0077
0	0	1	0.1866	0.0492	778.1051	0.4621	0.0077
0	0	2	0.1647	0.0557	778.1051	0.5236	0.0087
0	0	3	0.1721	0.0533	778.1051	0.5010	0.0084
0	0	4	0.1804	0.0508	778.1051	0.4779	0.0080


ibin	iptbin	avgmult	avgpt	Vn mean	Vn mean Error
0	0	262.1732	0.9548	0.0516	0.0039

ibin	iptbin	itheta	r0	V	sigma2	chi	Vn Errors
0	0	0	0.1839	0.0499	783.6621	0.4672	0.0092
0	0	1	0.1701	0.0539	783.6621	0.5051	0.0100
0	0	2	0.1722	0.0533	783.6621	0.4988	0.0098
0	0	3	0.1934	0.0474	783.6621	0.4441	0.0088
0	0	4	0.1780	0.0515	783.6621	0.4826	0.0095


ibin	iptbin	avgmult	avgpt	Vn mean	Vn mean Error
0	0	262.1953	0.9548	0.0512	0.0046

ibin	iptbin	itheta	r0	V	sigma2	chi	Vn Errors
0	0	0	0.1760	0.0521	781.0394	0.4888	0.0076
0	0	1	0.1753	0.0524	781.0394	0.4910	0.0076
0	0	2	0.2000	0.0459	781.0394	0.4303	0.0067
0	0	3	0.1606	0.0571	781.0394	0.5359	0.0083
0	0	4	0.1754	0.0523	781.0394	0.4905	0.0076


ibin	iptbin	avgmult	avgpt	Vn mean	Vn mean Error
0	0	262.0636	0.9548	0.0520	0.0037

ibin	iptbin	itheta	r0	V	sigma2	chi	Vn Errors
0	0	0	0.1698	0.0540	785.0198	0.5055	0.0095
0	0	1	0.1886	0.0487	785.0198	0.4551	0.0086
0	0	2	0.1771	0.0518	785.0198	0.4846	0.0091
0	0	3	0.1885	0.0487	785.0198	0.4554	0.0086
0	0	4	0.1705	0.0538	785.0198	0.5034	0.0095


ibin	iptbin	avgmult	avgpt	Vn mean	Vn mean Error
0	0	262.0425	0.9553	0.0514	0.0044

ibin	iptbin	itheta	r0	V	sigma2	chi	Vn Errors
0	0	0	0.1679	0.0546	784.9821	0.5113	0.0062
0	0	1	0.1687	0.0544	784.9821	0.5089	0.0062
0	0	2	0.1772	0.0518	784.9821	0.4844	0.0059
0	0	3	0.1652	0.0555	784.9821	0.5197	0.0063
0	0	4	0.1829	0.0501	784.9821	0.4693	0.0057


ibin	iptbin	avgmult	avgpt	Vn mean	Vn mean Error
0	0	262.1983	0.9547	0.0533	0.0030

ibin	iptbin	itheta	r0	V	sigma2	chi	Vn Errors
0	0	0	0.1667	0.0550	780.6368	0.5163	0.0108
0	0	1	0.2173	0.0422	780.6368	0.3961	0.0083
0	0	2	0.1805	0.0508	780.6368	0.4767	0.0100
0	0	3	0.1903	0.0482	780.6368	0.4523	0.0095
0	0	4	0.1590	0.0577	780.6368	0.5414	0.0114


ibin	iptbin	avgmult	avgpt	Vn mean	Vn mean Error
0	0	262.0945	0.9548	0.0508	0.0048

ibin	iptbin	itheta	r0	V	sigma2	chi	Vn Errors
0	0	0	0.1920	0.0478	783.7745	0.4474	0.0069
0	0	1	0.2052	0.0447	783.7745	0.4186	0.0065
0	0	2	0.1661	0.0552	783.7745	0.5173	0.0080
0	0	3	0.1605	0.0571	783.7745	0.5353	0.0083
0	0	4	0.1647	0.0557	783.7745	0.5216	0.0080


ibin	iptbin	avgmult	avgpt	Vn mean	Vn mean Error
0	0	262.2160	0.9547	0.0521	0.0037

ibin	iptbin	itheta	r0	V	sigma2	chi	Vn Errors
0	0	0	0.1729	0.0530	785.2206	0.4964	0.0201
0	0	1	0.1773	0.0517	785.2206	0.4839	0.0196
0	0	2	0.1890	0.0485	785.2206	0.4540	0.0184
0	0	3	0.1938	0.0473	785.2206	0.4428	0.0179
0	0	4	0.2195	0.0418	785.2206	0.3909	0.0158


ibin	iptbin	avgmult	avgpt	Vn mean	Vn mean Error
0	0	262.2600	0.9547	0.0485	0.0087

ibin	iptbin	itheta	r0	V	sigma2	chi	Vn Errors
0	0	0	0.1721	0.0533	782.7950	0.4994	0.0068
0	0	1	0.1809	0.0507	782.7950	0.4751	0.0065
0	0	2	0.1711	0.0536	782.7950	0.5023	0.0068
0	0	3	0.1635	0.0561	782.7950	0.5258	0.0072
0	0	4	0.1847	0.0496	782.7950	0.4653	0.0063


ibin	iptbin	avgmult	avgpt	Vn mean	Vn mean Error
0	0	262.2280	0.9546	0.0527	0.0033

ibin	iptbin	itheta	r0	V	sigma2	chi	Vn Errors
0	0	0	0.1707	0.0537	784.6260	0.5029	0.0073
0	0	1	0.1792	0.0512	784.6260	0.4790	0.0070
0	0	2	0.1666	0.0551	784.6260	0.5155	0.0075
0	0	3	0.1690	0.0543	784.6260	0.5081	0.0074
0	0	4	0.1920	0.0478	784.6260	0.4472	0.0065


ibin	iptbin	avgmult	avgpt	Vn mean	Vn mean Error
0	0	262.1827	0.9549	0.0524	0.0035

ibin	iptbin	itheta	r0	V	sigma2	chi	Vn Errors
0	0	0	0.1689	0.0543	788.5196	0.5071	0.0085
0	0	1	0.1766	0.0519	788.5196	0.4848	0.0082
0	0	2	0.1665	0.0551	788.5196	0.5143	0.0087
0	0	3	0.1736	0.0528	788.5196	0.4933	0.0083
0	0	4	0.2020	0.0454	788.5196	0.4240	0.0071


ibin	iptbin	avgmult	avgpt	Vn mean	Vn mean Error
0	0	262.1249	0.9547	0.0519	0.0040

ibin	iptbin	itheta	r0	V	sigma2	chi	Vn Errors
0	0	0	0.1743	0.0527	782.4526	0.4933	0.0069
0	0	1	0.1664	0.0552	782.4526	0.5168	0.0072
0	0	2	0.1897	0.0484	782.4526	0.4533	0.0064
0	0	3	0.1659	0.0553	782.4526	0.5181	0.0073
0	0	4	0.1770	0.0519	782.4526	0.4858	0.0068


ibin	iptbin	avgmult	avgpt	Vn mean	Vn mean Error
0	0	261.9177	0.9549	0.0527	0.0034

ibin	iptbin	itheta	r0	V	sigma2	chi	Vn Errors
0	0	0	0.2038	0.0450	781.1834	0.4222	0.0077
0	0	1	0.1750	0.0524	781.1834	0.4916	0.0089
0	0	2	0.1680	0.0546	781.1834	0.5123	0.0093
0	0	3	0.1735	0.0529	781.1834	0.4959	0.0090
0	0	4	0.1787	0.0513	781.1834	0.4815	0.0087


ibin	iptbin	avgmult	avgpt	Vn mean	Vn mean Error
0	0	262.0920	0.9552	0.0513	0.0042

