81	23131	20804
133	37127	33503
212	58038	52348
280	75288	67704
383	100903	90719
588	151312	136351
838	211653	190095
1119	276306	248268
162	46200	41606
255	71280	64218
358	98064	88366
520	139873	125799
737	193796	174581
1106	285101	256473
1505	379634	341396
1961	484369	435196
134	38176	34421
220	61410	55414
283	77924	69869
457	122706	110552
635	167004	150414
865	223103	200495
1159	292285	262912
1648	407380	365736
219	62350	56300
288	80500	72527
451	123518	111281
650	175023	157145
963	253353	228111
1281	330553	296998
1790	451690	406091
2401	593305	532689
78	22151	20035
99	27777	24926
161	43966	39745
209	56105	50539
287	75793	67998
451	116286	104567
670	168732	151994
851	210433	188909
123	34821	31573
172	48027	43343
261	71435	64391
394	106009	95283
549	144547	130014
752	193925	174320
1087	274171	246557
1530	376762	339444
162	46138	41614
189	52640	47582
321	88135	79281
426	114116	103063
575	151572	136167
896	230873	207759
1202	303790	272715
1757	434077	389920
278	79125	71410
389	108830	97953
559	153467	138022
814	219005	196846
1118	294944	264776
1616	416571	374658
2102	530463	476835
2788	689258	618588
205	58439	52658
317	88546	79840
447	122407	110353
582	156400	140738
892	234847	211303
1253	323577	290616
1789	451685	405953
2362	583037	524105
160	45668	41103
255	71267	64257
388	106562	95806
521	139684	126038
748	197122	177123
1041	268423	241384
1538	388093	348924
2032	501538	450853
72	20503	18516
225	64135	57789
140	39117	35269
182	51762	46758
136	38580	34936
116	33069	29818
224	63722	57537
184	52392	47269
307	87979	78878
201	57266	51598
245	69801	62923
530	148148	133460
756	207441	186630
1009	271609	244024
245	69890	62955
1464	385187	346733
326	92761	83695
229	65237	58792
179	48995	44216
98	27812	25188
289	82306	74226
239	68084	61370
276	78474	70879
239	68150	61376
358	102242	91979
373	106325	95747
207	57730	52135
277	77290	69770
235	65666	59189
301	82632	74339
530	142432	128235
297	83070	74799
356	99529	89652
1927	497384	446793
319	89052	80333
461	126644	113782
574	154551	138827
824	217163	195156
1223	315588	283578
1682	424911	381570
203	56692	51102
306	85694	77071
280	75242	67737
710	186915	168178
367	102524	92429
169	47343	42548
327	89366	80736
110	31358	28243
199	56755	51136
122	34708	31357
141	40294	36249
213	60748	54689
153	43711	39320
531	148379	133746
410	112238	101187
475	130235	117279
2704	682572	613557
451	126149	113632
416	116479	104816
353	98757	88873
2223	549083	493270
282	80293	72448
434	119002	107144
371	97779	87906
1061	273224	246072
373	103983	93968
475	129998	117290
476	127803	115075
494	138115	124430
146	40808	36769
568	158798	143051
141	39420	35488
277	77149	69742
163	45630	41051
229	63933	57654
327	91435	82373
471	128883	116262
683	183728	165286
216	60350	54400
219	62299	56233
231	65973	59343
197	56050	50571
3583	886361	795123
240	68418	61618
178	50573	45702
227	64649	58284
580	156362	140343
284	80819	72936
339	96638	87064
711	191172	171972
156	44509	40087
135	38566	34690
200	57125	51367
120	34177	30848
144	41028	36985
181	51603	46477
227	64649	58284
106	30039	27189
1467	370136	332887
1911	472191	424027
165	46997	42379
182	51766	46751
286	79860	72028
425	116698	104969
421	117680	105988
244	66916	60248
681	186839	168168
333	91350	82178
591	161907	145892
597	160671	144414
540	139178	125158
575	157634	141943
695	186706	168101
698	183758	165332
190	52006	46920
239	65529	59025
339	92973	83670
484	132575	119453
261	71529	64427
312	87184	78598
291	81254	73264
363	101519	91410
248	69383	62426
832	218908	197093
387	108314	97468
498	139389	125407
481	134273	121109
1066	280890	252525
242	67698	60958
306	87468	78611
853	233911	210544
221	60775	54613
291	81488	73315
492	134770	121397
386	105995	95245
555	152022	137002
517	141671	127627
717	196761	177035
862	226838	204180
745	187752	169086
1019	268250	241330
1013	261006	234903
1004	270042	242791
249	66853	60239
224	62538	56416
807	216782	195134
337	90530	81502
140	39033	35280
434	116522	105012
836	224607	202247
701	188052	169607
430	115691	103985
623	167428	150652
403	110513	99410
182	50856	45867
454	124425	112053
493	135268	121694
362	99357	89367
1176	303014	272601
672	184418	165867
515	141554	127140
787	215701	194253
1161	312139	280764
318	85604	76939
713	191688	172412
963	258825	232902
1493	385107	346164
910	239888	215536
436	116957	105473
324	88824	79977
449	125443	113116
522	140049	126177
430	117875	106151
832	222909	201258
377	101150	91223
1202	309531	278640
1050	259359	232932
1402	361494	325049
1285	324119	291581
189	52744	47612
265	73961	66722
387	101920	91662
387	108314	97468
462	121467	109387
645	169891	152761
1014	266946	240209
559	147118	132383
611	164279	147724
619	166147	149662
668	179822	161539
160	44782	40323
514	138328	124355
1655	418352	375461
954	256390	230747
784	210589	189643
1046	281474	252970
263	73556	66253
1913	482049	433960
1407	370292	333353
658	173003	155829
1484	390947	351523
746	200690	180435
663	181504	163694
1198	315702	283774
578	155341	139842
542	145421	131116
1264	332832	299372
1673	422391	379548
1217	320795	288293
1878	473801	426062
1744	430901	387090
93	26556	23879
293	80357	72307
574	148029	133070
680	175098	157675
1046	275163	247752
928	244591	219828
1417	365559	328529
872	224655	202205
973	256092	230467
810	208842	187773
865	227826	204961
237	64925	58519
901	237497	213446
1631	429888	386395
701	184552	165981
2132	527170	473067
1461	384376	346103
2632	650149	584050
1063	279767	251775
284	77994	70123
1377	362901	326214
792	200241	179684
993	245114	220379
986	254218	228657
1993	513896	462068
606	159214	143421
430	113020	101856
1027	276037	248415
855	225029	202599
1654	426329	383482
1964	506763	455288
78	22189	20068
534	140381	126438
2122	524378	470823
2587	639060	573933
127	35544	31991
107	30493	27488
1291	332507	299357
120	34154	30804
940	236947	213238
1646	424245	381710
1218	306848	276246
1939	490176	439981
1358	349908	314893
1176	296940	266772
1285	331556	297962
1252	322810	290305
1011	260492	234412
1998	515539	463231
1492	385042	345886
249	68220	61483
748	196984	177162
1408	354887	319415
2842	717614	644653
1028	270644	243532
1686	435121	391029
1428	375529	338269
1169	301044	271029
473	129668	116753
287	78761	70851
2265	571724	513909
241	68684	61911
419	112585	101320
2453	632686	568752
117	32669	29463
1683	424633	381823
196	54829	49378
149	40803	36782
228	64719	58588
1375	354910	318945
3027	748514	671739
515	141554	127140
51	14469	13087
190	53277	47876
376	101380	90975
244	69628	62654
1472	379407	341326
256	68518	61935
1294	319769	287056
1647	406581	365459
1853	468073	420417
2586	638955	573895
1547	381754	343312
1732	436992	393041
1763	444982	400066
2700	681689	612545
335	92074	82707
174	47577	42965
901	231868	208865
1355	342129	307477
2721	687007	617198
2070	522795	469663
1862	460250	413183
3678	908721	816133
618	159365	143335
1936	499694	448876
2014	519521	467053
2210	557533	501278
322	89898	81086
711	182950	164881
2256	569592	511912
2162	534040	479695
244	66872	60224
240	64623	58059
359	96466	86841
309	86558	77788
68	18878	17134
244	66800	60219
352	98463	88667
108	30834	27773
1067	274552	247442
2446	604318	542610
158	44906	40611
2272	561675	504044
2324	574351	515718
268	76344	68866
296	79563	71575
1827	450773	405428
3618	893891	802680
146	41589	37529
2693	665209	597395
1734	437941	393423
1410	363290	326895
314	89566	80653
2657	671592	602864
3293	831733	747030
336	90195	81249
353	92863	83634
440	120433	108597
3504	865959	777647
1871	472022	424559
602	158377	142625
521	137084	123350
445	117188	105388
518	136298	122730
340	89574	80550
486	133131	119956
207	59057	53166
117	32103	28908
1196	301903	271373
383	102799	92623
514	141073	126910
145	40552	36526
2892	714825	641733
2984	737252	662137
201	56185	50630
239	68332	61414
2098	529752	476048
389	108941	97970
191	54426	49050
204	58176	52408
782	197004	177405
232	64912	58421
172	48949	44166
622	167130	150450
357	95944	86321
297	84627	76235
239	68013	61375
469	131023	118141
3465	856927	768860
2710	684012	614749
574	154119	138821
784	210589	189643
545	140707	126367
730	196295	176628
1094	275743	248145
689	177438	159806
526	135854	121928
661	177672	159919
167	44951	40382
260	72589	65489
496	130807	117497
687	184553	166172
1511	381372	342769
221	60578	54565
993	250834	225232
1426	352564	316466
281	77005	69359
337	94088	84854
221	63017	56766
548	150079	135270
288	80389	72499
259	72568	65228
312	85635	77009
236	65855	59442
1946	491404	441600
454	126859	114336
338	94535	85102
649	178216	160229
2427	599522	538534
773	199354	179204
618	159622	143398
288	82095	73990
4162	1.02828e+06	923588
851	219109	197298
775	195523	175776
1011	266251	239515
214	60929	54970
2629	648989	583360
1621	400599	359768
1159	286222	257198
2388	589853	529904
698	176267	158304
903	237694	213979
249	65437	59019
536	140824	126919
405	110949	99988
713	184122	165343
1018	267994	241107
285	81191	73187
296	79667	71594
325	90904	81844
429	117504	105877
458	123420	110728
869	233560	210228
422	115544	104153
385	105468	95041
496	133327	120009
1439	355581	319311
3604	890991	799748
358	98240	88325
680	186876	167848
502	137724	123980
965	259640	233415
998	246601	221460
1269	327000	294256
388	108584	97699
327	91551	82393
2044	505142	453523
836	219931	198035
937	231506	207912
804	211569	190398
1349	348337	312887
594	159858	143726
313	80693	72561
999	252106	226600
1433	369205	332266
457	127917	115109
583	153490	138036
442	116321	104675
257	73155	66028
312	88700	80140
2534	626658	562290
408	116225	104804
567	149221	134266
632	169797	152823
436	119470	107604
1103	290249	261261
619	166616	149750
947	238688	214796
600	161287	145087
672	176947	159177
181	51550	46482
1133	286171	257076
506	136078	122385
1062	268399	240899
978	262924	236636
715	192069	172885
1063	279767	251775
1308	344636	309845
600	154770	139110
870	219807	197445
1282	316837	284517
145	41423	37231
1928	485919	437400
86	24449	22084
565	154780	139469
86	24579	22097
1889	476907	428595
764	201057	180991
421	106519	95521
476	130586	117558
1359	335467	301467
1950	492404	442403
663	181695	163688
839	216353	194519
919	242455	217717
655	175998	158393
1557	401287	360955
873	229948	206781
899	237025	212976
107	30458	27472
907	233648	210254
670	176271	158667
225	64104	57764
1264	332812	299294
1010	265596	239214
1765	454830	409187
111	31675	28510
706	182061	163698
325	91008	81830
527	147334	132684
2455	606281	544914
100	28040	25165
467	130486	117621
172	49033	44168
2161	546010	490135
2935	725697	651277
267	76204	68591
107	29786	26928
2502	618407	555190
583	144085	129424
1088	280628	252263
1321	326166	293072
2580	637730	572460
1490	368083	330578
957	257287	231468
816	219273	197296
204	58160	52407
691	185823	167088
971	255541	230079
1177	296457	266944
1529	378249	339236
1278	330111	296360
223	63613	57268
1179	303801	273344
344	96136	86618
1153	297152	267388
145	39630	35793
212	56906	51270
289	76097	68465
454	117136	105235
1370	345478	310789
250	69927	63013
1023	263894	237213
1846	476201	428039
1378	354981	319545
2556	645329	580000
162	45189	40783
1078	277829	249890
758	195193	175797
1236	318700	286657
161	44120	39735
1556	393320	353055
424	116666	104691
200	55869	50392
1492	385042	345886
663	167148	150393
1313	345709	311029
267	74623	67258
231	65860	59322
81	23042	20811
746	204746	184221
1315	339246	304923
172	47929	43276
1539	380463	341595
1804	455800	409353
1619	408443	367392
1063	279595	251746
68	19337	17496
499	136783	123220
1632	411807	370234
228	63889	57435
1854	458292	411343
890	234536	210792
229	65237	58792
1337	337173	303283
638	174805	157539
2606	657609	591131
1867	470971	423559
3297	815749	731658
203	55744	50143
288	80839	72553
6	1702	1542
290	78145	70178
3437	850197	762767
1013	255651	229734
1984	490439	440230
372	103972	93684
257	73146	65994
940	232032	208480
172	49015	44172
1854	478006	429883
367	100640	90602
373	102199	92024
308	86107	77567
131	36682	32979
2355	582698	522406
1741	439308	394873
2150	531003	477087
107	29906	26929
741	199290	179201
697	187640	168614
2064	510146	458071
1065	286365	257599
146	41635	37494
136	38731	34932
1520	391981	352454
306	85694	77071
1811	447376	401872
2524	622657	560063
1346	347283	312075
124	35404	31848
275	73919	66543
160	45743	41112
891	239328	215540
2473	610782	548815
1457	367725	330590
432	113711	102320
348	91623	82413
1114	281339	252723
334	93581	84096
2519	636348	571560
306	83859	75547
345	94969	85207
273	75066	67392
126	36012	32365
373	106365	95809
192	52718	47430
485	132945	119702
550	147429	133075
206	58782	52922
20	5581	5023
116	31760	28644
231	65949	59300
1068	281243	252955
1633	412406	370438
174	49455	44711
203	56691	51126
434	119002	107144
2077	524247	471299
640	165010	148349
215	61222	55232
2070	522795	469663
193	53854	48597
1458	375850	338053
1661	419492	376907
215	60029	54124
234	66861	60116
200	57125	51367
507	130867	117567
295	82592	74324
1511	397732	357885
1008	265489	238786
1263	332809	299186
484	132635	119472
515	141199	127157
422	115674	104176
236	66247	59436
3343	827170	741694
550	147568	133025
896	226062	203210
1173	289871	260285
191	53298	48076
499	139561	125684
642	172319	155281
748	196860	177220
268	71962	64789
110	31206	28253
300	83932	75547
191	51394	46185
364	101768	91681
275	76537	69247
330	92295	83126
489	134331	120717
684	183794	165416
993	261796	235279
1365	352237	316566
1910	482768	433377
288	78787	71094
683	183728	165286
248	68041	61223
1967	496794	446268
330	90113	81444
322	89991	81103
482	129488	116548
697	187398	168647
265	73961	66722
2786	688633	618166
1404	362383	325576
2112	544851	489693
1768	455500	410006
1944	490380	440929
2889	729596	655523
2404	607996	545471
2695	665951	597984
3220	795354	714469
3866	955489	857713
679	171140	154017
304	86507	78080
1359	335767	301666
2208	546137	489952
2530	625482	561317
407	109484	98491
540	144976	130605
18	5026	4448
387	103793	93594
266	72806	65636
845	231490	208686
886	233057	209836
1090	280821	252675
378	99519	89539
136	37920	34235
1475	363918	327251
423	115809	104417
303	79542	71785
510	139988	125911
349	95268	86096
406	109196	98175
1938	478611	430122
910	239888	215536
395	108539	97521
702	188395	169713
301	85588	77304
403	108462	97412
2650	654655	588180
1081	284435	256109
473	129668	116753
639	168234	151380
454	124595	112080
969	239124	214933
413	115651	104045
713	187957	168957
231	65908	59311
2209	545454	490208
314	86155	77526
410	110158	99150
1295	334160	300213
1462	368853	331675
1097	294849	265243
569	146842	131963
2693	665209	597395
220	60333	54329
620	166834	150015
607	163125	146834
395	101846	91595
730	196080	176530
560	150491	135421
314	89583	80641
531	139762	125796
1291	332507	299357
420	117199	105760
530	139735	125533
1433	369601	332297
622	167130	150450
927	238970	214948
613	164395	148219
25	6675	6053
620	163175	146859
517	135765	122450
863	222329	200099
916	241149	216944
991	255217	229714
533	146138	131564
743	195885	175977
370	103214	93179
83	23693	21314
233	66698	59840
1785	450766	404999
595	156795	140891
2068	511231	458811
1545	406810	366092
736	186012	167060
283	75726	68450
854	224646	202270
579	145549	131348
938	247185	222103
737	193961	174596
567	152086	137125
446	124699	112319
810	209208	187756
2284	564015	506762
1734	437941	393423
604	165117	149166
747	192781	173160
1982	500870	449678
836	219931	198035
1365	344443	309655
922	242654	218410
309	87785	79374
886	237812	214258
520	142553	128338
126	35417	31722
324	90569	81621
275	78461	70677
475	127726	114896
394	103473	93339
787	203178	182448
2225	573538	515885
1093	269585	242444
181	51645	46475
772	190129	171254
1127	290481	261264
1453	374744	336935
1189	306486	275659
637	174573	157267
1096	276248	248620
2388	589853	529904
906	243151	219116
1080	273103	245056
239	68013	61375
185	52642	47540
1149	289850	260636
40	10559	9482
2647	654175	587359
1363	350897	316040
692	178403	160480
1236	318700	286657
1394	352653	316289
1761	434547	390670
1023	263382	237133
1333	343259	309027
185	52545	47530
1154	304108	273393
751	202219	181658
265	73969	66735
481	132057	118703
168	46089	41517
894	235157	211718
608	156690	140985
176	50002	45190
765	201459	181130
691	181772	163651
60	15412	13889
1182	298617	268191
3027	765071	686881
1424	359418	323047
76	21676	19523
1640	414067	372163
1838	464061	416941
31	8875	7957
1563	394323	354532
1453	358994	322434
902	242439	218172
1231	324224	291594
1446	356840	320836
286	79846	72021
225	64104	57764
1633	412406	370438
1755	443002	398130
1632	420657	378430
1030	271499	243990
364	100004	89896
201	54007	48624
662	178012	160122
804	203014	182435
136	38734	34948
276	78474	70879
1456	359202	323123
4035	996841	895333
117	32808	29474
2164	534685	480118
49	13610	12349
2545	629264	564821
2002	494620	444183
1279	336576	303027
480	134356	120916
139	39621	35727
292	83126	74972
1652	425713	383102
417	114018	102941
400	111625	100702
1034	260834	234554
2209	545454	490208
1837	463939	416842
288	80839	72553
2370	585751	525763
1163	299772	269665
1530	377992	339502
1931	477546	428509
2242	566780	508711
1442	371755	334345
509	136617	123022
365	95997	86464
76	19196	17244
982	258615	232572
930	239847	215640
1238	305800	274657
203	56793	51124
1951	481363	432915
416	116479	104816
297	83075	74760
169	46281	41718
64	17573	15797
1185	306052	274800
1761	454342	408300
265	74137	66749
176	49189	44355
456	127546	114836
175	49716	44943
2320	585532	526449
581	155989	140507
338	94535	85102
178	51004	45718
171	48685	43944
422	115674	104176
267	76026	68567
185	52545	47530
369	105004	94797
2951	729387	654792
226	64309	58048
2006	505984	455133
449	115543	104099
808	212761	191380
1396	360059	323683
298	81649	73548
96	27451	24611
575	157634	141943
256	68704	61901
96	25799	23195
1445	356581	320618
2594	655433	588527
271	74219	66915
608	166734	150069
253	70909	63720
3077	761053	682895
1528	385822	346646
836	220125	198061
235	65660	59182
284	79354	71530
620	166834	150015
115	28196	25502
1361	343619	308817
128	36468	32863
355	99096	89433
2439	603057	541171
297	83075	74760
523	146343	131671
2572	636219	570757
310	86482	78071
254	72253	65244
706	178323	160276
1970	497148	447032
1051	271590	243735
209	59726	53686
648	177732	159947
439	118037	106236
129	36028	32453
836	224607	202247
159	45299	40822
355	93384	84054
135	35512	31986
3332	823611	739511
385	103386	93098
835	224853	202020
332	90964	81956
1156	297998	268015
358	97754	88362
441	120679	108850
276	78826	70899
894	235157	211718
497	136343	122647
382	104684	94306
572	156835	141267
780	213854	192550
426	117016	105219
322	90369	81081
901	222547	199868
1423	359339	322860
2517	622322	558463
641	168716	151855
206	56389	50865
1198	315702	283774
1230	323842	291345
502	137724	123980
492	127240	114091
198	56527	50839
209	54015	48473
1730	436593	392474
537	141570	127175
382	104684	94306
241	68820	61893
468	125590	113221
1551	391537	351915
491	131846	118715
1995	493281	442581
566	152008	136862
400	111734	100753
1185	306052	274800
193	53741	48621
5	1432	1279
718	192720	173621
1744	431054	386992
599	160967	144844
1133	304118	273925
587	157554	141950
555	152123	137003
1914	473178	424606
282	78887	71026
251	70176	63235
865	222411	200550
354	97069	87404
308	82832	74465
98	27932	25147
1646	424245	381710
2104	519971	466932
187	53477	48023
1703	438977	394882
895	240673	216501
679	171109	154012
223	63790	57294
2210	557533	501278
306	77050	69379
746	192456	172979
369	102906	92886
717	188810	169816
757	198999	179246
539	147535	133051
886	233172	209813
1730	436593	392474
1028	270638	243461
842	221537	199423
1554	409191	368028
798	214490	192954
842	221588	199420
1274	321651	289098
418	109667	98981
163	45556	41058
241	67557	60707
138	39300	35451
2344	592349	531814
1015	250859	225152
299	83160	75272
2892	714825	641733
419	103357	92931
771	207230	186485
1116	281678	253130
185	52696	47481
541	148291	133565
926	238411	214681
2136	527670	473961
6	1673	1510
1043	268864	241819
1118	288830	259240
405	111005	99979
789	211897	190825
442	121246	109078
2136	527670	473961
599	160967	144844
270	73948	66661
1405	362388	325815
1138	293314	263913
2215	571082	513662
1107	292040	262217
1128	290961	261584
281	80070	72218
715	192069	172885
263	73477	66217
1696	419031	376310
246	67597	60701
561	144896	130067
241	67428	60691
3228	797631	716301
523	143057	129095
89	25305	22842
0	0	0
514	138090	124297
1443	356734	320200
288	82095	73990
216	61476	55419
274	76605	68991
767	206428	185500
1279	322736	290159
1389	350731	315195
1510	381415	342546
1161	305299	274986
1510	381436	342558
2002	505499	454194
3035	766445	688504
1528	394141	354311
1682	425019	381601
316	84976	76447
834	210573	189182
60	17176	15437
13	3487	3204
328	89981	81025
519	139390	125470
385	105617	95020
279	79544	71653
388	108584	97699
626	168215	151413
137	38298	34502
1359	357657	321834
0	0	0
611	164344	147736
312	87371	78590
565	154780	139469
410	110267	99157
1090	286998	258192
420	115184	103684
395	110414	99441
140	40050	35961
1814	448574	402595
556	149751	134455
1854	458419	411407
2030	501687	450474
1674	431681	388114
738	193924	174746
2104	520120	466891
2657	656852	589531
1179	290994	261530
4045	999576	897633
2097	529509	475790
1069	281175	253197
2233	552174	495522
416	114005	102712
842	221537	199423
460	121219	108952
102	28511	25692
445	119589	107634
401	112402	100978
957	251945	226728
205	56351	50581
1130	291418	261930
0	0	0
1545	390402	350553
441	120849	108837
816	219273	197296
1539	397071	356817
178	49659	44830
216	61476	55419
153	43570	39285
142	40659	36468
25	6674	6039
2294	578622	520450
186	52926	47760
753	198693	178430
720	189539	170523
2749	679477	610074
1010	265596	239214
573	156959	141485
85	24374	21822
640	164937	148300
713	187525	168861
156	42832	38531
529	142341	127970
173	49091	44421
568	155591	140237
194	55386	49819
217	58266	52492
1262	325428	292578
2073	512334	460022
0	0	0
864	227632	204609
651	175368	157441
252	69047	62203
1063	279595	251746
2052	518261	465569
395	112776	101457
352	100060	90358
560	147406	132674
589	158058	142449
172	48094	43337
238	66583	59959
2952	729268	655111
264	74150	66483
267	76025	68606
31	8167	7344
126	35236	31741
968	249226	224466
871	219933	197619
1777	458038	412051
196	52698	47390
269	75288	67757
973	250816	225577
1585	408324	367522
824	221581	199285
293	81714	73811
1812	456874	411096
335	88439	79352
0	0	0
801	215643	193764
857	225640	203024
1520	391981	352454
527	147247	132723
371	99926	89755
2628	649830	583157
539	150786	135795
307	84439	75815
336	91927	82916
1138	293314	263913
354	96887	87407
191	54453	49032
338	94663	85114
312	87371	78590
837	220054	198247
1248	321708	289320
1331	335803	301994
187	51171	46194
1169	288710	259310
278	79214	71395
289	75838	68452
383	104993	94562
1176	309373	278572
793	204564	183890
827	217274	195865
383	104874	94530
2329	575586	516855
493	127088	114260
1631	421079	378152
38	9847	8818
1378	354981	319545
0	0	0
981	252777	227459
1192	307304	276368
2077	524247	471299
743	203445	183435
513	134753	121469
697	191530	172047
408	109507	98686
486	130646	117554
1357	342056	307851
534	143514	129211
245	68646	61709
471	129240	116264
1105	291457	261690
311	88671	79899
238	63823	57554
1752	433400	388817
9	2593	2312
398	102280	92284
374	104799	94208
544	146390	131604
8	2284	2011
9	2462	2225
17	4546	4108
20	5260	4734
31	7975	7178
46	11620	10452
68	16832	15082
573	153881	138609
700	176483	158853
2184	550965	495512
0	0	0
218	62356	55990
219	62433	56258
1699	429500	385587
2090	527882	474172
2786	688633	618166
1085	291840	262417
720	185600	166944
1039	279077	251207
648	170711	153508
679	178540	160775
398	104711	94240
508	130733	117807
747	188634	169480
994	245411	220535
780	205292	184719
1676	422926	380277
1116	287506	258798
280	78358	70529
379	103889	93548
84	23960	21555
79	19927	17932
726	194725	175557
439	122791	110564
2517	635410	571008
1089	274742	247146
586	147634	132895
539	148281	133031
1103	284159	255879
110	31493	28237
1901	469409	421830
791	208362	187394
182	50826	45813
781	205607	185000
2919	721062	647678
441	120849	108837
1001	247302	222082
0	0	0
1510	381436	342558
357	99821	89936
1607	414538	372604
2399	592898	532359
1010	255088	229163
1549	407685	366881
1458	384035	345314
800	206666	185475
231	65908	59311
1016	262322	235539
1093	281527	253378
438	120145	108113
138	38658	34761
532	142810	128692
1006	264888	238299
643	176532	158691
796	196587	176602
828	222757	200249
1079	278285	250187
1359	343046	308375
1867	470971	423559
96	23646	21306
738	193871	174741
1065	274227	246910
1483	374106	336565
2011	496535	446163
259	71029	63953
1105	290619	261638
1114	287132	258338
1316	332727	298609
1536	387583	348513
7	2009	1807
154	43948	39571
94	26883	24144
463	126783	114340
2178	537346	483245
238	67888	61095
1352	334038	299995
2130	549446	493820
2080	536025	482237
173	49391	44426
1190	300463	269923
370	103214	93179
1523	383929	345513
603	161736	145880
187	51321	46182
1403	362359	325293
2268	571933	514555
1526	377400	338641
924	248231	223534
1626	410171	368973
171	48718	43912
2833	700466	628627
1515	382343	343603
1511	389936	350369
361	97116	87312
1574	397138	357117
1712	422819	379848
7	1930	1757
689	185283	166682
237	66558	59691
126	35151	31723
357	99760	89955
2915	736209	661449
2104	520120	466891
2805	708258	636336
256	71537	64445
5	1428	1288
1605	396409	356137
520	142553	128338
159	45343	40851
651	175368	157441
111	31578	28534
2036	502493	451735
875	230590	207327
253	67994	61192
1985	500926	450315
1417	373324	335619
200	56115	50397
329	90154	81200
430	115786	104046
637	167484	150859
881	227002	204271
1185	298666	268877
1633	403301	362365
1971	486613	437353
2040	503724	452644
3301	816384	732597
2892	714606	641637
2149	542156	487572
508	133647	120316
1985	489595	440425
154	43934	39577
132	37881	33905
16	4387	3946
1029	270744	243785
358	98129	88355
153	41792	37757
228	65090	58569
522	142831	128811
3810	941003	845459
3771	932133	836736
343	93923	84697
242	67838	60945
751	202219	181658
181	50596	45559
115	32662	29535
1215	313152	281740
381	100380	90265
168	47747	43180
2627	649080	582964
1831	472162	424575
1893	468195	420147
2169	535670	481271
2524	622657	560063
17	4680	4280
138	39319	35420
2799	691282	621286
754	194398	174782
219	62407	56234
198	55137	49813
182	51923	46745
241	67628	60690
29	7822	7018
502	134690	121389
1372	353128	318120
249	67051	60224
186	52952	47771
246	68661	61943
778	209547	188136
1114	293692	263927
1563	402703	362453
536	144147	129656
1030	271499	243990
214	59822	53889
235	64438	58006
1757	443723	398621
358	102242	91979
467	120225	108313
248	69256	62439
325	92725	83472
2524	637087	572660
310	81606	73395
492	126935	114044
690	174338	156586
958	236278	212542
62	17546	15907
248	70654	63699
700	184173	165821
978	246884	221843
338	96303	86769
340	94850	85579
304	83242	75033
352	96355	86878
353	96516	87172
16	4239	3795
1858	469296	421442
763	201326	180734
2134	538920	484186
268	75018	67507
393	107488	96999
173	49091	44421
1442	371755	334345
461	128657	116083
259	70948	63953
384	103181	92892
2208	545119	489957
10	2761	2470
857	225640	203024
267	76308	68590
494	138115	124430
741	186931	168096
359	98217	88594
3371	833236	748072
189	52859	47611
87	24350	21927
1018	262160	235970
1366	337861	303063
274	78189	70384
185	52700	47509
431	115935	104259
477	128179	115441
2580	637077	572446
37	9569	8586
1032	265972	239308
2791	688901	619426
410	112224	101191
528	141802	127708
2006	505984	455133
686	187936	169355
1012	271973	244802
530	148253	133481
484	127442	114582
377	101058	91122
234	66861	60116
717	196761	177035
378	105612	95207
1037	255926	230141
514	138218	124297
509	136703	123133
494	135285	121919
140	38119	34551
394	110283	99204
139	39603	35687
1452	366822	329394
184	52241	47242
228	61071	55138
14	3780	3389
596	156878	141145
343	95740	86375
647	170592	153308
50	12545	11340
1354	341752	307159
262	74686	67303
558	149473	135002
817	215342	193569
269	75288	67757
215	61308	55248
2572	636219	570757
270	74029	66642
362	103178	92968
1403	369393	332303
705	181899	163493
540	141802	127893
557	152888	137538
963	258825	232902
750	197682	177553
92	26198	23634
292	81433	73611
1192	307304	276368
1841	454696	408524
312	87420	78628
296	77940	70115
685	188251	169104
801	206617	185751
900	232071	208620
691	181896	163716
391	109383	98451
1880	464810	417164
81	20184	17993
374	104668	94193
771	202930	182617
1019	262791	236328
296	82531	74502
577	161282	145341
1920	494847	445213
948	239535	215173
792	204295	183645
39	10344	9214
773	207715	186922
1461	384376	346103
1067	274925	247451
121	33705	30471
440	120916	108695
626	168100	151417
901	237634	213424
1281	330814	297067
1766	445836	400611
2428	599923	538668
429	117757	105954
740	198989	178983
322	89991	81103
254	72272	65253
494	135565	121931
147	41967	37749
434	112018	100665
1149	289852	260660
1296	326603	293981
1346	332323	298606
582	159568	143638
1102	284325	255532
1450	366429	328942
115	32802	29552
359	96494	86864
225	62986	56662
188	53620	48313
202	57643	51854
809	221793	199680
2623	662880	595201
1033	260517	234393
1116	293436	264360
2014	519521	467053
179	49025	44179
1469	370800	333234
383	104993	94562
453	124276	111838
578	155217	139802
965	259263	233411
897	231118	207994
305	85145	76814
500	137002	123455
206	57430	51868
649	163292	147194
1566	386976	347508
46	11828	10643
1672	413394	371015
806	216567	194992
1547	390723	350968
154	43129	38756
1854	458536	411475
225	62986	56669
268	74958	67444
1185	318286	286607
1699	429500	385587
1034	271865	244884
3540	875486	785601
1466	362074	325317
1531	394701	354935
2710	684012	614749
255	68186	61669
1958	483174	434389
565	154943	139513
818	215323	193768
466	127728	115105
761	204463	184002
298	81604	73536
900	221931	199685
454	124595	112080
1432	376697	339097
1154	303530	273304
148	42298	38009
2065	509382	458204
328	89929	80949
245	67189	60470
146	41649	37483
155	44120	39825
1337	337715	303306
137	38861	35189
543	142932	128696
1567	412818	371174
436	119655	107592
609	163634	147243
60	15232	13617
108	30784	27765
2043	515667	463455
3604	890991	799748
375	98993	88780
1184	305646	274536
196	54870	49372
163	46334	41856
625	167872	151244
480	129330	116073
1412	364116	327380
741	199255	179236
544	146390	131604
324	88802	79962
210	58839	52921
1631	420561	378271
363	97480	87805
491	132290	118776
227	63282	57142
229	63907	57666
489	125880	113350
2277	587524	528045
554	148700	133948
255	71392	64236
164	45677	41305
2758	681546	611975
1936	499438	448905
1138	299795	269551
204	58208	52402
1625	410382	368627
306	83951	75551
1851	457557	410624
898	236541	212678
266	72953	65638
312	88700	80140
82	20260	18183
632	166417	149679
2399	592898	532359
2051	517331	465287
294	80560	72535
850	228382	205582
876	231060	207548
740	191228	171666
473	124380	111992
690	181641	163466
329	90110	81219
693	174705	157180
845	222500	200198
3085	779628	699860
613	164395	148219
340	92938	83903
494	132828	119499
242	66287	59752
221	62964	56790
312	86935	78551
947	234019	210093
2097	517879	465162
414	111505	100137
1255	323431	290969
399	107222	96496
467	130486	117621
941	242759	218207
1960	494921	444688
2764	698055	626972
2915	720224	646806
444	119513	107376
4030	996004	894308
708	182350	164194
944	243160	218828
1108	285941	256788
139	39676	35694
223	63607	57280
5	1432	1287
515	138484	124539
751	197480	177864
791	208362	187394
988	259886	233935
361	97251	87301
351	98085	88370
1621	418236	375908
481	131842	118708
582	153491	137797
1699	428492	385473
631	166283	149478
192	54680	49338
638	174805	157539
449	120507	108608
1258	317627	285499
1332	336290	302168
1765	436051	391560
1179	304190	273353
93	26460	23899
589	155020	139543
1024	263911	237418
957	242051	217194
1039	262519	235678
839	216285	194535
1159	292445	262947
1560	385001	346026
1528	385674	346617
155	44069	39814
371	103658	93440
727	191442	172259
450	118362	106617
521	142881	128626
3509	866954	778671
697	187124	168542
2211	546648	490636
768	198206	177978
173	49391	44426
922	242654	218410
2543	628327	564291
260	72579	65453
891	239328	215540
1194	314454	282763
1780	439301	394794
1373	346136	311455
242	67662	60914
8	2226	2019
136	38035	34232
855	220382	198263
1249	308499	277205
1999	494795	443522
223	62545	56132
501	137407	123659
985	253604	228350
730	188079	169179
671	180421	162330
898	236262	212763
2124	536020	481980
1143	288384	259321
364	99859	89873
1263	332809	299186
1479	364883	328072
1861	459900	412997
1079	278285	250187
1209	305222	274282
177	48532	43708
146	41792	37516
178	50870	45705
1733	437923	393115
1484	366856	329367
1443	372261	334516
325	89209	80236
100	28484	25678
315	86061	77784
768	206172	185792
10	2755	2466
696	182551	164813
1423	359601	322839
1016	256156	230515
1007	264662	238480
1248	321787	289341
551	147779	133219
229	65435	58816
206	58692	52913
1768	455500	410006
1007	265059	238518
1599	395000	354863
207	57842	52151
279	74777	67504
64	18249	16439
1663	428606	385608
1333	343259	309027
172	49038	44205
146	40824	36755
447	120290	108154
256	71537	64445
1861	459888	412960
1388	342984	307979
235	65747	59181
1481	381807	343446
2740	677129	607917
1770	446832	401599
473	127087	114430
120	34177	30848
759	199882	179757
311	86831	78293
2404	607996	545471
1413	364205	327540
13	3485	3149
72	20255	18143
309	84718	76316
421	110894	99720
2272	561283	504257
283	80619	72673
242	67643	60965
268	73446	66180
636	167472	150715
286	80147	72051
1515	382343	343603
181	51570	46517
1950	492444	442360
98	27812	25188
2313	571277	513269
1950	491801	442398
1067	274869	247311
445	122111	109881
1975	498557	448097
3220	795354	714469
998	257246	231378
428	115179	103581
89	24505	21955
576	148508	133493
311	85303	76797
433	120822	109046
320	87531	78968
1755	443002	398130
331	88981	80054
875	225628	202804
720	189434	170520
22	5804	5215
194	55193	49826
247	68906	62238
343	93923	84697
2614	645832	580130
146	40808	36769
189	52744	47612
2189	553067	496639
1451	366201	329174
659	177213	159423
2675	661153	593519
174	46770	42081
620	162994	146840
822	207465	186551
637	174862	157270
66	18771	16965
464	124881	112208
374	102370	92368
204	58011	52401
304	86507	78080
456	120036	108049
1213	305907	275179
312	85539	77027
2040	503724	452644
480	128989	116097
221	60775	54613
234	66724	60114
870	228786	206073
2028	501228	449889
19	4915	4407
236	62303	55929
933	240800	216312
1129	278991	250530
901	232220	208876
911	244658	220281
78	21909	19642
2527	624709	560821
627	164919	148467
413	115651	104045
379	105981	95434
645	166492	149450
1715	424128	380625
249	68220	61483
488	131127	118040
1289	324835	292405
318	85604	76939
356	99644	89694
1288	332396	298606
2370	585751	525763
606	163160	146578
306	78821	70951
125	34260	30860
307	85976	77328
213	57201	51484
533	146138	131564
886	237812	214258
1154	304108	273393
1190	300495	269998
161	45948	41373
690	181605	163445
324	85072	76726
1205	317194	285385
944	243568	218864
3137	775025	696152
1632	420657	378430
906	228451	205523
536	144147	129656
173	49234	44442
153	43711	39320
48	12088	10897
673	177279	159384
430	113020	101856
1390	350653	315381
502	137936	123910
1723	435283	390993
419	105704	95086
1759	434520	390294
250	69992	62970
336	90195	81249
399	102884	92509
1782	459789	413225
1325	334354	300552
2242	566780	508711
1184	292853	262779
527	144221	130072
216	60460	54387
700	184173	165821
1865	460917	413845
216	60350	54400
182	51923	46745
906	233544	210086
226	64309	58048
912	234765	211485
272	77647	69912
618	159365	143335
396	108456	97738
356	101474	91420
778	204769	184285
629	169287	152156
2334	576996	517900
569	140669	126258
52	12819	11544
354	96878	87388
1795	443443	398313
583	146944	132222
2508	633113	569041
1796	443357	398680
2951	729387	654792
325	89127	80242
261	71529	64427
1319	333414	299392
782	197004	177405
911	239801	215777
1282	323738	290867
536	140824	126919
549	147354	132728
790	194811	175292
69	19594	17725
3165	782064	702343
597	160248	144347
497	133397	120126
430	115691	103985
750	201388	181392
254	72253	65244
1726	426812	383002
1159	286222	257198
3	847	770
1176	303049	272649
163	46573	41873
1672	413074	370980
6	1672	1507
399	111502	100493
871	229120	206269
1547	390389	350981
929	244501	220089
706	182061	163698
1369	352703	317425
153	43410	39295
246	68661	61943
688	181181	162989
1018	262160	235970
111	31031	27950
124	35451	31834
678	178691	160542
559	147118	132383
508	142101	127969
310	86482	78071
322	90369	81081
1961	495167	444886
217	60665	54633
12	3291	2956
15	4094	3633
19	5037	4510
1036	267379	240190
144	39327	35537
176	49192	44345
35	9093	8117
327	93260	83972
953	245219	220825
1421	358231	322393
810	208842	187773
555	152123	137003
2142	528780	475186
1321	340983	306296
1013	255651	229734
2427	600196	538629
295	81010	72836
200	53553	48328
1164	300126	269821
306	83727	75563
1293	325940	293366
1862	459646	413121
1176	296940	266772
586	160583	144717
798	214490	192954
44	11087	9975
451	126160	113616
469	126238	113450
393	107488	96999
182	51855	46747
311	81756	73710
426	117016	105219
399	106908	96444
1452	366822	329394
258	72089	64995
721	197469	177967
1744	430688	387012
1359	335767	301666
1547	381754	343312
1982	500264	449720
1107	292040	262217
664	174519	157253
152	43248	39035
1629	411006	369560
56	13866	12432
666	182849	164431
144	41028	36985
315	88029	79329
396	101888	91814
575	151491	136176
1528	394141	354311
936	241235	217006
224	62518	56410
448	122755	110582
534	134392	121129
955	256560	231064
803	207072	186194
2557	632295	567448
216	61566	55486
528	141802	127708
2097	529509	475790
160	44782	40323
2197	542838	487485
137	38948	35204
1270	320604	288152
349	95570	86158
309	87785	79374
322	87995	79457
637	170738	154090
821	202721	182178
1841	454696	408524
843	226540	203819
1059	284506	256178
1180	297893	267656
587	157554	141950
1363	359093	322882
271	75785	68238
2749	679477	610074
1681	415220	373031
461	123741	111522
895	235439	212013
245	68451	61702
287	78761	70851
1482	365962	328830
1790	462123	415048
394	107816	97272
480	134356	120916
680	178861	161032
1333	343909	309074
304	83164	75062
357	95944	86321
817	215342	193569
203	57766	52129
612	164442	148044
2472	624697	560871
439	118043	106217
184	52416	47268
648	177732	159947
1487	391303	352239
984	253578	228204
1797	453601	407729
842	221588	199420
143	40813	36760
267	76025	68606
225	64011	57797
147	41967	37749
1233	324472	292054
436	117075	105497
807	212518	191149
3229	798070	716536
640	168560	151583
960	247463	222581
1291	325370	292950
1879	463294	416745
1296	326688	293945
2451	605118	543866
191	53301	48113
338	94663	85114
343	96024	86404
583	153490	138036
323	90310	81350
263	74897	67571
1165	300769	270126
54	15399	13872
256	71498	64520
1805	445693	400550
294	80705	72604
471	129240	116264
432	118438	106705
69	19706	17727
895	240673	216501
679	178923	160812
1587	400604	360019
2244	554395	497971
2088	539216	484113
418	116751	105308
1019	262791	236328
71	19804	17875
390	105046	94349
1782	459618	413184
1128	290961	261584
726	194725	175557
675	181437	163223
124	34690	31246
444	122080	109633
758	195193	175797
254	72322	65230
408	111831	100745
206	57430	51868
625	171339	154288
614	161434	145499
919	241658	217642
1359	357657	321834
1006	264888	238299
182	49838	44908
110	30279	27180
358	99991	90209
809	217065	195649
136	36399	32874
1151	303523	272636
205	53987	48561
1739	447928	403172
318	81927	73737
2374	599389	538677
378	95357	85758
3110	768335	690038
569	140315	126214
868	223716	201300
1343	346784	311470
1403	362359	325293
630	169475	152378
233	62557	56314
1114	281339	252723
1450	366429	328942
147	42038	37764
506	138733	124904
554	148574	134024
893	229888	207003
227	63515	57165
283	80612	72712
2887	729309	655008
1682	425019	381601
2427	613210	550661
1185	299222	268839
1985	500926	450315
1795	453178	407279
320	84208	75768
293	80248	72316
358	99808	90186
740	198530	179013
1777	458038	412051
298	81604	73536
1572	387774	348864
2627	649080	582964
2346	580130	520462
456	117669	105722
959	252764	227125
1023	269121	242273
548	150217	135293
447	119842	108075
1475	363918	327251
829	218240	196387
647	163204	146777
1441	371723	334210
1854	458536	411475
801	215609	193760
606	159345	143503
1234	311824	280004
2517	635410	571008
138	39262	35453
3183	786620	706245
2233	552174	495522
331	94534	85036
917	226148	203448
3781	934469	838828
2100	529645	476461
1292	332897	299560
1097	282614	254384
480	129330	116073
1140	300228	270045
933	240072	216318
201	56244	50604
275	78461	70677
405	113408	102001
2568	634148	569732
3301	816384	732597
1555	392211	352762
292	79881	72032
1584	408317	367226
1195	301585	271084
1857	468827	421322
603	165392	148882
155	44120	39825
205	58350	52680
400	111625	100702
1665	410783	369434
403	108195	97477
632	166417	149679
234	66646	60126
194	55386	49819
1795	443298	398297
890	239378	215341
2159	544965	489806
294	83929	75486
2042	505439	453157
314	87999	79078
162	46297	41587
2501	617716	554857
642	168835	152042
1284	337836	304021
274	78189	70384
2815	695722	624676
572	156835	141267
229	63907	57666
125	35512	32097
463	127179	114302
208	58255	52371
804	207032	186424
1788	461034	414641
234	66498	60109
293	81714	73811
593	159302	143400
941	242759	218207
181	51603	46477
206	58479	52895
460	128797	115862
337	94149	84857
290	79498	71633
447	120068	108108
655	172423	155113
924	238507	214331
1282	323627	290858
1758	434265	390108
199	55644	50103
144	40876	36983
1113	281223	252505
148	42167	38023
771	207230	186485
2371	598275	537921
391	109383	98451
340	95249	85627
897	236058	212523
1532	378798	339987
213	59493	53623
289	79009	71338
3176	785159	704721
329	90110	81219
383	104874	94530
263	73556	66253
323	90213	81304
1168	301547	270778
485	132925	119758
1069	281175	253197
444	121584	109619
565	154943	139513
328	89943	81064
326	92761	83695
682	186905	168355
410	110214	99162
289	82306	74226
1712	431950	388413
1258	317627	285499
208	58084	52373
723	194195	174803
449	120805	108607
531	148379	133746
335	92074	82707
451	126149	113632
2225	549795	493759
575	151366	136158
494	132828	119499
656	172850	155347
450	123482	111114
850	228382	205582
941	247895	222878
681	186839	168168
573	153881	138609
1585	408324	367522
591	161907	145892
706	189496	170812
219	62418	56241
832	214451	192950
1780	439301	394794
1047	281584	253214
890	229821	206357
1004	270042	242791
1414	364468	327845
574	154119	138821
290	79143	71546
807	216782	195134
1194	314454	282763
276	77269	69494
628	168609	151911
1182	298260	268182
1219	307959	276579
2090	527882	474172
1407	370292	333353
751	197480	177864
1935	488852	439063
1217	320795	288293
781	205607	185000
1009	265640	239004
459	125765	113336
1616	398795	358484
804	211569	190398
1694	418696	375904
1389	365242	328923
1964	506763	455288
840	221101	198913
1663	428606	385608
1686	435121	391029
2661	657323	590476
415	111474	100355
563	151325	136120
146	41792	37516
2833	700466	628627
2700	681689	612545
129	36794	33169
2256	569592	511912
856	224981	202726
1024	263911	237418
1114	287132	258338
1078	277829	249890
1281	330108	296958
3504	865959	777647
2189	553067	496639
189	52736	47600
1315	339307	304906
2984	737252	662137
1164	299890	269928
1911	493186	443195
1668	420949	378399
280	76890	69146
572	150531	135497
207	57842	52151
1457	367725	330590
1694	428135	384396
373	106325	95747
3137	775025	696152
2229	550815	494507
1373	346136	311455
1574	397138	357117
422	113535	101993
1864	470252	422830
568	158798	143051
1938	478611	430122
2238	553052	496600
214	60929	54970
219	62407	56234
592	155778	140216
2668	673980	605271
327	91551	82393
864	222599	200348
853	233911	210544
309	84718	76316
186	53064	47762
343	95740	86375
846	218120	196170
1861	459900	412997
476	130586	117558
356	101474	91420
176	50002	45190
202	57462	51901
1985	489595	440425
1161	312139	280764
293	81928	73790
2361	583113	523766
691	185823	167088
1206	303891	273550
500	137002	123455
416	114005	102756
3404	841374	755323
1631	429888	386395
890	234536	210792
1248	314423	283059
508	142101	127969
601	161508	145312
1603	395725	355594
428	115179	103581
302	84490	76007
265	74137	66749
1346	347283	312075
2453	632686	568752
843	221697	199640
1661	419492	376907
172	49038	44205
741	199255	179236
3293	831733	747030
210	59870	53907
1163	299745	269616
186	52952	47771
721	197469	177967
113	32161	29039
2208	546137	489952
425	116497	104929
354	97069	87404
330	94196	84796
1502	379100	340670
4162	1.02828e+06	923588
1762	434962	390949
620	162994	146840
180	50289	45350
2126	525414	471693
575	154431	139041
988	259886	233935
514	138090	124297
242	67643	60965
1059	284506	256178
268	73511	66167
292	81743	73528
268	75018	67507
397	106617	96039
465	130064	117080
197	56076	50601
554	145874	131219
753	198693	178430
823	216743	194945
901	232220	208876
1443	372261	334516
1487	391303	352239
276	77259	69492
792	204174	183627
408	116225	104804
320	87531	78968
491	134463	121160
393	107940	97042
1144	295043	265308
1117	281708	253444
410	112224	101191
642	176313	158505
981	252777	227459
527	147334	132684
527	141688	127386
1950	491801	442398
2088	539216	484113
1190	300495	269998
1552	383449	344349
772	203348	182865
746	204746	184221
1675	422071	379900
464	124881	112208
630	169183	152390
558	149473	135002
1359	343046	308375
1196	308115	277319
1065	286365	257599
2527	624709	560821
888	238314	214760
2887	729309	655008
1583	399895	359164
1511	397732	357885
1759	434520	390294
2182	538998	484233
107	30395	27496
2023	499594	448889
627	164919	148467
1893	468195	420147
923	242993	218631
2112	544851	489693
771	202930	182617
3781	934469	838828
201	56174	50602
1272	334974	301373
2889	729596	655523
243	66598	59957
1247	321484	289162
944	243568	218864
1102	284325	255532
3866	955489	857713
400	107427	96754
1713	441775	397099
190	54200	48808
139	39603	35687
272	77647	69912
553	145461	130963
1780	449476	403936
1547	390723	350968
1325	334354	300552
808	208123	187421
281	78377	70782
225	62986	56662
399	111502	100493
2379	600875	539840
1026	258842	232730
2322	573767	515293
1796	443357	398680
2065	509382	458204
386	105815	95297
324	88802	79962
1469	362516	325899
586	160583	144717
3211	794046	712506
294	83929	75486
542	145684	131081
449	120507	108608
843	226540	203819
460	128797	115862
696	182551	164813
818	215197	193791
1233	324472	292054
998	257246	231378
682	186905	168355
1132	291986	262541
1782	459618	413184
1289	324835	292405
1047	281584	253214
2427	613210	550661
1627	410993	369142
1865	460917	413845
1389	365242	328923
3183	786620	706245
2056	508144	456271
1911	493186	443195
2668	673980	605271
3404	841374	755323
188	53563	48289
282	78955	71028
461	126477	113808
561	150586	135651
837	220617	198219
1238	319414	287125
1627	410286	369144
2238	553290	496635
300	85681	77092
392	109491	98680
575	157570	141970
806	216540	194921
1212	319046	287081
1630	420160	377994
2213	559438	502025
2931	724218	650479
204	58208	52402
312	86935	78551
481	131842	118708
697	187124	168542
898	236262	212763
1248	321787	289341
1770	446832	401599
2313	571277	513269
183	52232	46999
267	74671	67284
384	105414	94825
570	153081	137837
799	210189	189254
1116	287406	258668
1577	398448	357858
2089	515823	463552
163	46573	41873
258	72089	64995
322	87995	79457
439	118043	106217
679	178923	160812
893	229888	207003
1234	311824	280004
1665	410783	369434
199	56668	51124
257	71691	64721
387	106142	95563
517	138923	125047
788	207480	186677
1053	271356	244233
1493	376894	338706
2011	497241	446356
234	66646	60126
337	94149	84857
444	121584	109619
706	189496	170812
1009	265640	239004
1315	339307	304906
1864	470252	422830
2361	583113	523766
330	94196	84796
465	130064	117080
642	176313	158505
888	238314	214760
1272	334974	301373
1713	441775	397099
2379	600875	539840
3211	794046	712506
144	40876	36983
208	58084	52373
290	79143	71546
415	111474	100355
572	150531	135497
864	222599	200348
1248	314423	283059
1762	434962	390949
160	45720	41075
262	72991	66020
389	106529	95959
515	138311	124498
769	202893	182111
1097	283298	254382
1478	373201	335336
2071	510703	459489
210	59870	53907
292	81743	73528
491	134463	121160
630	169183	152390
923	242993	218631
1247	321484	289162
1780	449476	403936
2322	573767	515293
300	85681	77092
392	109491	98680
575	157570	141970
806	216540	194921
1212	319046	287081
1630	420160	377994
2213	559438	502025
2931	724218	650479
188	53563	48289
282	78955	71028
461	126477	113808
561	150586	135651
837	220617	198219
1238	319414	287125
1627	410286	369144
2238	553290	496635
183	52232	46999
267	74671	67284
384	105414	94825
570	153081	137837
799	210189	189254
1116	287406	258668
1577	398448	357858
2089	515823	463552
