-104.128	
-605.239	
-43.7937	
-37.7313	
-613.733	
-1351.55	
-1279.79	
-1095	
-230.187	
-357.854	
-665.87	
-1540.07	
-960.589	
-2656.54	
-2920.97	
-2577.57	
-303.661	
-35.6272	
531.437	
-408.696	
-1357.34	
-828.818	
-2205.47	
-3108.88	
-110.875	
-829.294	
-1415.46	
-926.533	
-1586.89	
-1612.8	
-3944.2	
-3703.61	
-174.54	
-67.8831	
266.778	
-297.703	
-388.002	
-476.937	
-1647.57	
-1601.2	
109.924	
-822.893	
-346.246	
-1764.9	
-507.362	
-1088.92	
-1334.63	
-2229.94	
-946.6	
-880.688	
-453.307	
-772.134	
-1268.84	
-250.909	
-1950.8	
-4186.76	
147.265	
-679.383	
-1217.98	
-1422.75	
-1401.57	
-2550.06	
-2803.07	
-6606.04	
-873.774	
-724.606	
-1032.1	
-84.1054	
-1995.85	
-2327.18	
-2830.78	
-2012.8	
-250.434	
-807.628	
-695.729	
-1209.42	
-1008.44	
-1354.15	
-1387.79	
-1129.79	
9.82329	
-426.41	
-426.653	
-992.808	
-2055.41	
490.01	
296.642	
-442.424	
-447.219	
-46.3813	
-142.384	
-649.345	
-556.07	
-2616.32	
-544.319	
-554.698	
-986.418	
-461.825	
-833.193	
-994.708	
-114.664	
-642.011	
107.866	
-1017.4	
-772.427	
-225.283	
-110.324	
-664.116	
-732.827	
-455.776	
-2621.56	
-774.172	
-95.2295	
-131.296	
-2106.48	
-125.404	
-880.537	
-695.044	
-337.401	
119.707	
-446.783	
-409.585	
368.264	
-519.938	
-95.4007	
-515.954	
-261.554	
-14.0474	
-543.994	
-142.624	
-1197.35	
-237.034	
-3691.55	
-792.191	
-666.262	
-775.174	
-2687.79	
-2197.39	
-3713.02	
-490.744	
-527.399	
-862.735	
-481.806	
-386.963	
-602.703	
-404.842	
-991.959	
392.014	
-667.897	
-756.017	
-1603.41	
-379.67	
-343.457	
-171.221	
-586.673	
20.2805	
-262.6	
-160.132	
-4426.52	
-438.257	
231.845	
-848.674	
-669.171	
-421.292	
-903.359	
-795.826	
-413.586	
-1302.55	
-207.898	
-177.382	
-632.702	
-203.317	
-495.701	
-354.973	
-923.148	
-509.206	
-574.951	
-1411.98	
-639.372	
-1407.39	
-432.386	
-627.063	
-549.861	
-742.04	
16.2052	
-704.879	
-1127.13	
-1214.48	
-18.6351	
-435.761	
-868.158	
-175.372	
-1204.12	
-499.337	
95.0673	
-1051.96	
-623.921	
-855.323	
-376.401	
-2254.21	
-904.069	
87.1671	
127.678	
-1634.59	
-789.74	
-212.93	
-334.625	
-1166.66	
-1239.11	
213.634	
246.029	
165.785	
-995.14	
-33.954	
-1221.7	
-1481.96	
-119.023	
-190.68	
-579.72	
-669.171	
-530.759	
-1546.56	
-1148.56	
147.466	
-365.935	
-979.657	
121.375	
-446.572	
-511.282	
-940.285	
-1565.9	
-1046.15	
-1330.01	
-422.739	
-2814.4	
-832.016	
-602.164	
-1611.24	
-1103.59	
-1064.58	
-1601.84	
-126.785	
-12.8996	
-1664.54	
-1991.17	
-2092.78	
-2067.96	
-3948.78	
-2499.86	
-372.509	
-333.582	
-587.926	
-1833.37	
-1065.54	
-858.555	
-979.546	
-1583.29	
-1051.6	
-1241.48	
-84.0575	
-1006.26	
-2953.88	
-1571.59	
-3404.38	
-1679.24	
-2362.61	
-861.476	
-27.8483	
-764.002	
308.277	
-1185.6	
-913.17	
-2360.05	
-704.6	
37.6423	
-1468.07	
-1273.22	
-1467.93	
-1413.55	
-1234.53	
-269.894	
-3329.37	
-3859.95	
-329.404	
-3248.47	
-2706.26	
-2027.68	
-603.803	
-1279.62	
-2126.57	
-1956.12	
-1658.88	
-1432.92	
-1542.81	
-1764.62	
-886.944	
-2224.11	
-3981.24	
-1882.18	
-236.223	
-1738.88	
-2048.25	
-3729.99	
219.573	
-2320.43	
-1127.54	
-2564.65	
-813.042	
26.0325	
-3226.72	
-357.917	
-2688.72	
-123.703	
-3340.81	
-2709.56	
83.276	
-3148.89	
68.0513	
-827.311	
-4414.54	
-5026.85	
-855.323	
-175.058	
-10.0007	
-1203.58	
-223.396	
-1528.15	
-2768.53	
-2171.62	
-1675.55	
-2640.56	
-2544.62	
-1722.21	
-4782.8	
-383.541	
-448.042	
67.5861	
-3078.25	
-3107.47	
-1876.6	
-2058.52	
-4289.73	
-43.3662	
-1798.05	
-2404.8	
-1655.31	
-798.811	
-969.249	
-3643.49	
-3383.65	
-58.9254	
-654.813	
-575.942	
-169.389	
-258.04	
-1020.55	
-321.062	
-261.759	
-931.579	
-2326.39	
-3818.8	
-2327.65	
-2642.37	
-1997.32	
-1985.06	
-2405.01	
-127.099	
-3634.56	
-4789.39	
-4277.59	
-6076.3	
-1186.35	
-2615.31	
-2935.69	
-4012.11	
-134.579	
-257.219	
-189.58	
-2669.52	
-1918.17	
-62.5285	
-686.611	
-792.027	
-2559.28	
115.905	
-209.964	
-746.046	
-40.4075	
-623.101	
24.7707	
-491.33	
-212.01	
-3385.78	
-1437.58	
-2840.46	
-612.386	
-2571.4	
-1014.9	
-3777.09	
-614.489	
-1455.32	
-3458.74	
-3300.47	
-351.009	
-4444.38	
-1244.9	
-455.629	
-451.277	
-4201.29	
-3581.44	
-919.198	
-1046.15	
-6.8631	
-260.581	
-852.231	
-1165.45	
-396.232	
-926.183	
-158.546	
-320.229	
-643.186	
-348.912	
-1525.8	
256.943	
-1101.44	
-1945.86	
-2779.05	
-207.04	
-1085.09	
-557.04	
-401.103	
-217.614	
-2.68255	
-291.251	
-3388.18	
-3440.46	
-464.639	
-410.601	
-1339.25	
-5508.72	
-6092.72	
-3262.67	
-846.81	
-556.332	
-5673.4	
-720.464	
-4631.04	
-868.822	
-844.111	
-1103	
-1479.01	
-1488	
-2138.91	
-1104.23	
-1401.46	
-373.552	
-489.883	
-407.119	
-356.68	
-965.787	
-609.912	
-359.4	
116.699	
-155.153	
-817.867	
-498.734	
-114.376	
275.782	
-1428.88	
-3621.27	
-948.223	
-1307.86	
-184.401	
-424.927	
-1342.02	
-1345.7	
-899.162	
-628.205	
-2796.41	
-1814.73	
-943.327	
-1219.3	
-1235.31	
-407.435	
-455.895	
-521.441	
-3254.83	
-7354.67	
-4845.57	
-1643.49	
-3957.44	
-917.092	
-99.1252	
-1230.5	
-3699.65	
-158.879	
-1166.3	
-980.234	
-746.88	
-863.903	
-3384.32	
-562.824	
-972.871	
-595.269	
-1056.52	
-436.515	
-1732.24	
-270.923	
-787.286	
-861.476	
-1312.5	
-430.1	
-1609.45	
-640.822	
-2696.99	
-1682.9	
-2879.83	
-1551.37	
-729.825	
-1419.65	
-1774.99	
-893.699	
-689.401	
-1448.31	
-2754.34	
-366.106	
-407.084	
-219.193	
-1299.61	
-1692.5	
-70.2232	
-1064.24	
-816.126	
-538.278	
-1017.28	
-4598.27	
-1910.97	
-1989.15	
-2482.99	
-2108.89	
-490.694	
-511.69	
-176.422	
-3339.98	
-219.925	
-2344.29	
326.932	
-3280.36	
-3448.96	
-3967.9	
-74.0674	
-3089.72	
-605.481	
-1168.17	
-2056.2	
-4250.89	
-1090.06	
-928.48	
-1158.52	
69.9228	
-3879.41	
-1544.64	
-1791.93	
-1404.17	
-1689.48	
-1489.12	
-1409.44	
-204.895	
-1495.45	
-375.905	
-50.3093	
-550.533	
-358.736	
-1508.2	
-409.955	
-644.699	
-1802.92	
-1284.06	
-2779.32	
-479.01	
-1104.28	
-793.59	
-823.491	
303.653	
-4766.85	
-3955.36	
-1748.59	
-2790.8	
-3189.48	
-525.604	
-256.931	
-1882.18	
-213.525	
-1077.95	
-97.1281	
-1457.06	
-1588.32	
-249.553	
-553.774	
-1858.42	
-1477.16	
-1758.89	
-1255	
-1065.76	
-102.979	
-2241.21	
-1468	
-1505.62	
-582.944	
-2544.22	
-2407.02	
-4126.51	
-468.147	
-287.239	
-1344.82	
-119.931	
-4831.04	
-5971.14	
-2258.82	
-1700.4	
-2831.15	
276.553	
-919.11	
-3094.93	
-248.356	
-2173.83	
-427.145	
35.6988	
-227.36	
-1396.03	
-1574.08	
-1161.35	
-1627.79	
-57.4558	
-954.573	
-147.305	
-2086.08	
-1513.75	
-3605.29	
-1561.32	
-1318.61	
-642.011	
-2291.96	
-2042.11	
-2100.36	
-266.992	
-818.747	
-2242.17	
-1499.81	
-404.093	
-499.912	
-996.123	
-236.732	
-1578.67	
-2234.52	
-444.378	
-8.56478	
25.7767	
-1602.45	
57.8994	
-704.108	
-1063.48	
-3649.44	
97.7974	
-4840.69	
-262.122	
-559.618	
-1897.57	
-2923.04	
-116.437	
-125.404	
-1951.47	
-1749.64	
-530.079	
-2610.51	
-1876.6	
-315.845	
-822.955	
-6573.81	
-1978.24	
-32.4792	
-1149.77	
-683.695	
-1081.08	
-1110.4	
35.3558	
-791.337	
-672.826	
93.7631	
-497.174	
-2217.48	
-84.1927	
-175.399	
-703.149	
-1962.08	
-257.362	
-319.433	
-527.91	
-1226.74	
-19.2131	
-93.9593	
-153.354	
-170.661	
-296.114	
-124.249	
-976.271	
-709.617	
-531.336	
-1340.52	
-2391.18	
-395.206	
-1197.35	
125.27	
-2274.86	
-161.022	
-501.402	
-507.354	
-402.086	
-190.68	
-1618.44	
-730.291	
-1642.6	
-2289.5	
-1912.71	
-3513.82	
-2781.97	
-2386.44	
-2464.84	
-4341.95	
-4334.83	
-6924.1	
-5275.78	
-31.0801	
-1867.83	
-2972.88	
-3250.76	
-643.518	
-1084.23	
0.789463	
-6180.69	
-686.648	
-687.184	
-1112.5	
-1000.68	
-504.376	
-531.017	
-30.0389	
-809.922	
-280.789	
165.28	
-493.391	
-192.46	
-100.984	
-2365.02	
-789.74	
-1292.03	
-446.358	
-219.534	
-3797.05	
-1238.91	
-813.042	
-763.985	
-964.402	
-2404.68	
-3550.95	
-378.491	
-671.434	
-3654.23	
-4897.22	
-1036.28	
121.124	
-445.409	
-600.156	
-649.731	
-1039.81	
-275.418	
-4277.59	
-188.687	
-563.176	
-42.7507	
-929.518	
-736.913	
-653.36	
-292.63	
-2027.68	
-455.756	
-747.673	
-4123.8	
-1691.33	
-1244.9	
-968.974	
-808.465	
111.408	
-473.74	
-1955.38	
-1304.02	
-379.802	
-1205.49	
-1004.56	
-687.894	
-631.932	
-568.362	
-1386.15	
-1210.98	
-3095.26	
-299.624	
-778.312	
-623.258	
29.8522	
-228.733	
-1723.28	
-1451.19	
162.061	
257.084	
-690.712	
-2245.17	
-1186.35	
-828.475	
-692.419	
-372.653	
-1434.8	
-1814.73	
-2448.79	
-1317.44	
-643.108	
-1250.56	
-2749.76	
-64.3801	
12.3958	
-256.358	
-428.933	
-740.585	
-2603.57	
-2757.25	
-1772.16	
-983.355	
-1437.57	
-1306.11	
-1845.04	
-1874.79	
-558.623	
-3691.21	
-2138.91	
-4444.38	
-328.854	
-557.776	
-940.057	
-40.2127	
-3268.29	
-2158.46	
-937.251	
-823.491	
-1647.56	
-2417.05	
-912.955	
-643.222	
-2463.58	
-1662.55	
-582.751	
-284.987	
-356.496	
107.436	
-842.249	
-482.424	
-2364.43	
-1241.93	
-1102.98	
64.1531	
-1145.22	
-2307.51	
-2255.24	
-1454.11	
-775.283	
-850.536	
-915.559	
-3046.57	
-1373.97	
-1341.82	
-4598.27	
-1291.34	
-2170.06	
-439.211	
-2923.04	
-4291.58	
-3028.2	
-1893.13	
-1910.43	
-1003.33	
-734.897	
-1.34655	
-196.192	
-758.225	
-1650.02	
-6554.99	
-183.657	
-1371.45	
-84.7985	
-2676.33	
-2672.8	
-1030.34	
-1509.57	
-1284.36	
-893.295	
-1668.49	
228.916	
-269.322	
-878.628	
-1036.28	
-1762.94	
-287.239	
-3561.04	
-1697.12	
-2024.58	
-1868.46	
-3331.22	
-1345.08	
28.4051	
-709.473	
-348.057	
-1571.86	
-1305.45	
-1506.18	
-159.407	
-999.073	
-95.2295	
-2445.87	
-1090.96	
-6281.3	
371.597	
-54.2791	
-2408.4	
-3841.73	
-2490.7	
-3158.92	
-1931.38	
-618.974	
-112.304	
-265.016	
-3230.02	
-552.55	
-410.601	
-2463.58	
93.7631	
-4338.41	
-4205.51	
-2946.87	
-604.018	
-1104.85	
-2392.3	
-1971.36	
-147.734	
-667.897	
-799.7	
16.5776	
-2059.64	
-3042.03	
-300.807	
-597.334	
-169.931	
-3787.38	
-2617.14	
-1878.51	
-1480.19	
-782.333	
-412.459	
-563.176	
-118.168	
-2033.84	
-263.868	
-3452.15	
-3003.74	
-1090.96	
-1055.49	
-6716.41	
-1607.34	
-618.018	
-674.401	
-2079.81	
-2325.95	
-1233.6	
-308.425	
-2913.67	
-227.733	
-1127.13	
-527.702	
-276.633	
-4689.93	
-527.882	
-637.628	
-433.647	
-4562.21	
-1334.25	
-763.727	
-290.385	
-842.249	
-1026.29	
38.0363	
-468.725	
-1069.83	
-2861.83	
-482.264	
-344.207	
-708.284	
-1177.64	
-3939.09	
-598.65	
40.8456	
-1601.84	
-1125.96	
-184.401	
-2178.95	
-385.815	
-443.864	
-2510	
-5369.29	
-592.382	
38.0363	
-360.675	
-2324.78	
-866.623	
-2373.74	
-542.623	
-455.946	
-2490.7	
-322.474	
-375.28	
-877.226	
-3034.1	
-1795.69	
-1394.87	
-1434.2	
-143.312	
-782.89	
-2802.14	
-1634.65	
-3762.66	
-177.747	
-374.067	
-1366.27	
-477.695	
106.332	
-1279.62	
-1745.76	
-1388.12	
-596.877	
-894.924	
-1655.31	
-298.432	
-552.185	
-117.557	
-1693.4	
-1275.86	
-1236.17	
-1330.82	
-2510	
-590.284	
-857.609	
-639.153	
-1310.71	
-1283.63	
-2917.74	
-645.003	
34.9228	
-82.9941	
-641.629	
-2883.76	
-2871.4	
-1182.36	
-4295.54	
-244.74	
-1437.58	
-236.296	
-1216.04	
-1213.06	
-355.24	
-1016.63	
-2698.02	
1.04571	
-1023.34	
-2050.41	
-460.076	
-798.808	
-402.86	
-2698.02	
-2766.4	
-1394.87	
-197.749	
-1340.38	
-1303.77	
-2134.01	
-667.203	
-599.13	
-787.286	
241.509	
-1311.11	
-187.621	
-481.357	
-444.512	
-3435.89	
-1394.55	
-780.947	
-6092.72	
-920.413	
-2417.76	
-1163.83	
-1122.95	
-719.727	
-1342.72	
-1670.31	
-2208.46	
-1934.88	
-1257.61	
-738.592	
-1900.04	
-2774.78	
-1763.51	
-1734.36	
-3431.3	
-791.21	
-1662.91	
-30.2766	
88.4011	
-5072.38	
-604.68	
17.217	
-899.162	
-146.856	
-314.47	
-1296.48	
0	
-2720.17	
-618.422	
-308.758	
-729.825	
-265.578	
-1528.13	
-716.073	
-300.086	
-2263.82	
-643.993	
-956.222	
-2799.99	
-1600.15	
-687.349	
-628.534	
-3936.63	
-1068.74	
-4449.03	
-2012.19	
-492.147	
-2203.47	
-180.072	
-857.609	
-492.582	
-75.0434	
-422.868	
-478.72	
-904.573	
-315.081	
-1163.21	
0	
-2948.94	
-448.596	
69.9228	
-1928.86	
-222.674	
-3138.81	
-2417.76	
-1911.22	
-3523.17	
-23.7544	
-3233.36	
-327.557	
-128.693	
-1927.92	
-2484.11	
-3561.12	
-5784.19	
-3414.39	
-1990.6	
-1989.15	
-970.595	
-982.521	
-1139.54	
89.336	
-584.498	
-690.076	
-439.197	
-473.552	
-1763.02	
0	
-796.848	
-528.682	
-239.503	
-1758.89	
-2181.75	
-676.519	
-1141.21	
-38.4377	
-85.3604	
-3460.54	
-308.727	
-2772.45	
-74.9944	
118.2	
-680.492	
-443.235	
-2416.86	
-207.825	
-731.995	
-558.979	
-1175.68	
-256.489	
-352.953	
-2587.05	
-789.098	
-3697.6	
0	
-357.495	
-1224.12	
-1318.61	
-1321.14	
-373.206	
-2994.63	
-924.855	
46.2716	
-138.384	
-1303.77	
-3615.61	
-503.811	
-1253.05	
-308.758	
-1611.59	
-1957.22	
-2527.3	
170.317	
-910.9	
-403	
-7.65169	
-1305.42	
-1123.14	
-696.293	
-58.7779	
-3928.97	
-621.383	
-2353.44	
-141.7	
-1284.06	
0	
-858.398	
-873.272	
-1749.64	
-510.693	
259.57	
-1618.89	
-1179.79	
-462.335	
-380.235	
-2255.12	
-825.716	
-384.317	
-1233.36	
-1328.53	
-242.821	
-970.702	
-2305.59	
-73.073	
-351.564	
-124.69	
11.0712	
31.6508	
26.6337	
-112.362	
72.7356	
-14.2604	
-100.67	
-74.4705	
-3912.19	
-910.843	
-954.865	
-3399.16	
0	
-1459.2	
-1968.8	
-1618.44	
-1680.51	
-1044.83	
-701.274	
-342.322	
-1580.55	
-307.595	
-505.247	
-150.256	
-846.612	
-1240.67	
-485.299	
-1627	
-1775.44	
-281.991	
-391.457	
-222.16	
-1250.76	
-377.327	
-2692.28	
-2277.68	
-822.808	
-514.901	
-1091.35	
-1197.87	
-1231.58	
-902.546	
139.796	
-1084.41	
-3078.82	
-448.596	
-1919.65	
0	
-738.592	
-641.189	
-1890.95	
-3268.09	
-1133.06	
-3550.95	
-1729.89	
-1856.42	
-1786.84	
-489.728	
-2136.42	
-699.049	
-326.008	
-654.337	
-1284.91	
-1180.2	
-263.931	
-643.306	
-1280.46	
-171.544	
-2407.02	
124.858	
-1314.47	
-1261.91	
-2383.79	
-2518.28	
-1972.62	
75.5769	
-689.195	
-1527.93	
-1661.63	
-4937.72	
-1398.95	
0	
-477.322	
-340.448	
-1508.75	
-2817.47	
-1024.84	
-1671.64	
-1666.36	
-533.201	
-568.362	
-2503.51	
-992.058	
-430.688	
-371.072	
-1078.86	
-2296.63	
-1835.4	
-624.716	
-1909.29	
-3399.64	
-1079.16	
-2334.78	
-1120.4	
-165.723	
-1896.99	
-1087.18	
61.587	
-662.048	
-1028.43	
-156.437	
-1686.8	
-98.7643	
-3141.21	
-628.534	
6.69656	
-3382.63	
-10.9873	
-1318.81	
-1250.56	
-528.682	
-2475.56	
-763.913	
-359.392	
-2987.49	
-1477.51	
5.32881	
-353.792	
-786.681	
-973.688	
-2037.64	
-1048.74	
-1795.3	
-2764.55	
-2559.86	
-3258.96	
-4228.81	
-3726.04	
-4568.86	
-2108.78	
-328.002	
-2882.91	
-2707.23	
30.2483	
-1388.84	
-514.166	
73.8647	
-637.273	
-4890.07	
-4244.09	
-206.033	
109.097	
-2693.15	
-582.751	
160.184	
-3716.08	
-594.417	
-510.074	
-3523.7	
-480.56	
-1629.24	
-1533.65	
-2042.11	
-32.8373	
-2942.81	
-1778.03	
-4033.42	
-3109.15	
-877.962	
-2959.73	
-472.321	
-278.624	
-36.3552	
-386.902	
-631.563	
-338.399	
-202.068	
-474.904	
-940.488	
-2263.67	
-6711.86	
-816.732	
-5038.22	
-1003.33	
-400.484	
-598.495	
-1781.3	
-956.817	
-2131.37	
-414.609	
-2298.25	
-4186.08	
166.092	
-790.41	
-1122.46	
437.116	
-1643.03	
-3491.2	
-633.326	
-1459.13	
-534.485	
-5629.69	
151.869	
410.97	
-439.277	
-74.0539	
-2887.47	
-1181.91	
-2111.06	
-1927.92	
-394.796	
-135.136	
-1345.08	
-499.23	
-321.418	
-532.862	
-3708.03	
-19.511	
-3445.95	
-1224.12	
-409.585	
-1351.45	
-717.017	
-5044.29	
-896.066	
-83.89	
-5904.8	
-1083.8	
-1643.09	
-238.519	
-679.3	
-2918.02	
-150.605	
-1311.28	
-4138.67	
-596.122	
-1276.53	
-2946.87	
-1406.53	
-2610.51	
-951.11	
-523.609	
-1069.11	
-648.613	
-2624.43	
-923.148	
-503.219	
-851.605	
-623.734	
-758.047	
-384.127	
-5093.46	
-3353.6	
118.28	
-815.033	
-1799.97	
-1528.78	
-568.92	
-13.451	
-395.826	
-201.073	
-1140.52	
-3999.13	
12.4517	
-1453.09	
-4632.79	
-656.645	
-800.2	
-731.995	
-1607.34	
-455.99	
-1215.78	
-593.043	
-1296.84	
-555.352	
-904.069	
-591.264	
-32.3843	
-439.817	
-873.272	
-2490.39	
-11.7117	
-609.08	
-355.966	
-292.279	
-1001.54	
-446.494	
-230.866	
-2615.67	
-111.859	
-326.142	
-99.4618	
-380.741	
-319.903	
-856.557	
-2861.83	
-2559.66	
-1220.61	
-482.031	
67.2385	
-309.077	
-1679.24	
-1591.15	
-115.867	
438.624	
-840.795	
-2079.02	
-1367.53	
-2257.58	
-1869.79	
-2548.84	
-932.017	
-659.429	
-501.402	
-2797.12	
-57.5414	
-907.981	
-1733.43	
-927.797	
-1571.25	
-2879.51	
-39.3321	
-2614.19	
-1078.01	
-926.123	
-839.226	
-446.455	
-203.488	
-669.605	
-2564.79	
-1394.73	
-1294.46	
-2404.8	
-196.851	
-903.81	
-7.65169	
168.828	
-94.5605	
-1413.96	
-1267.69	
-765.797	
-1234.81	
29.0068	
-1188.54	
-1480.09	
-121.744	
-2021.2	
-1100.73	
-2230.21	
-93.4288	
-1141.25	
-1002.26	
-155.718	
-498.192	
-1459.2	
-681.645	
-3371.43	
-2540.19	
-1890.69	
-3581.44	
-518.055	
-1904.22	
-992.341	
-638.525	
-912.551	
-1191.16	
60.0135	
-1264.08	
-964.402	
-2121.86	
-1435.96	
-2231.5	
-2936.07	
-701.718	
-554.328	
-2664.7	
4.81657	
-438.74	
-974.084	
-1012.01	
-1296.3	
-734.254	
-6250.7	
-1000.62	
-2478.5	
-220.346	
-1558.27	
-3621.27	
-3122.45	
-20.6018	
-1084.16	
-137.699	
-117.363	
-111.787	
-1719.18	
-194.364	
-124.69	
-713.042	
-255.617	
-1619.29	
-3637.08	
-568.407	
-183.991	
-471.546	
-31.413	
-525.312	
-3167.75	
-1088.75	
-484.211	
-14.5318	
-2124.8	
-4845.57	
-1039.31	
-880.398	
-1886.6	
-235.856	
-2037.05	
-1807.47	
-37.6951	
57.8695	
-1311.19	
-3268.09	
-3730.72	
180.846	
-1176.7	
-1910	
-791.038	
39.825	
-1257.11	
298.592	
-291.152	
-428.886	
-4893.28	
-808.465	
174.695	
-831.493	
-152.511	
-3620.26	
-71.2003	
-723.491	
-2188.21	
365.483	
-1549.81	
-612.42	
326.932	
-1739.22	
-2008.59	
-3274.93	
-3794	
-259.219	
-3145.46	
-98.6077	
-410.594	
-794.457	
-3587.7	
-1271.26	
-111.91	
-286.328	
-587.77	
-902.546	
-512.671	
-456.967	
-406.201	
-1729.75	
-864.192	
-3728.84	
-1078.21	
-1235.24	
-465.628	
-582.944	
60.4001	
-1034.24	
-1813.96	
-1479.15	
-2517.14	
-652.345	
-3674.83	
-858.153	
-7481.07	
-1745.22	
-880.953	
-1484.6	
146.159	
-545.953	
-1588.99	
-1183.5	
-554.168	
-418.474	
199.373	
-579.424	
-770.897	
-6154.92	
-759.936	
-2817.47	
-2407.42	
-1667.32	
-1317.44	
-1929.77	
-603.352	
-818.747	
-926.888	
-476.929	
-1193.75	
-378.26	
48.8398	
100.576	
-1194.27	
-22.043	
-2749.29	
-93.691	
194.541	
-871.559	
-668.914	
-1126.27	
-1086.88	
-2959.53	
-2427.17	
-636.569	
25.2752	
-1110.4	
-1986.93	
-2333.24	
-1197.73	
-1280.46	
-6405.57	
-1134.37	
-403.576	
-1586.05	
-1259.04	
-1028.1	
-2206.79	
-1314.22	
-370.423	
-624.113	
-209.742	
8.16799	
-1203.58	
-822.465	
-753.297	
12.6225	
-1248.02	
-863.386	
-180.826	
-2289.5	
-1120.52	
-1950.92	
-1331.09	
-2444.76	
-160.694	
-72.2966	
-672.13	
-643.222	
-162.016	
-48.1064	
-10.9873	
-2514.91	
-849.777	
-207.187	
-891.176	
-3677.54	
-2082.58	
-1614.54	
-781.074	
-247.616	
-328.894	
-2781.97	
-1184.4	
66.5375	
-1843.03	
-45.2221	
-589.028	
-334.422	
-3234.41	
-121.175	
-267.584	
-476.947	
-526.557	
-3466.94	
-2334.78	
-1918.34	
-1487.29	
-2787.73	
-2233.18	
-1645.05	
120.714	
-2029.85	
-2464.84	
-828.385	
-599.646	
-29.0201	
-940.074	
-22.7285	
55.189	
-287.442	
-2768.61	
-1893.13	
-1033.51	
-1042.49	
-352.69	
41.2132	
-209.124	
-206.033	
-2502.87	
368.264	
-119.023	
-2436.59	
-4490.02	
-1916.47	
-902.29	
-3441.32	
-5275.78	
-1572.32	
-4854.63	
-395.695	
-57.3806	
-1531.73	
-728.497	
-450.79	
-712.456	
-199.66	
-2058.16	
-478.546	
-3258.96	
-3607.97	
420.757	
-207.898	
-1400.73	
-927.393	
-199.399	
99.994	
-680.171	
-796.01	
-831.656	
-1012.25	
-33.7381	
-2189.73	
-869.249	
-378.491	
-364.331	
-1931.25	
-424.293	
-236.223	
-567.181	
-1641.37	
127.678	
-692.267	
-971.507	
-2487.64	
-3561.04	
-965.046	
-145.917	
35.2992	
-446.064	
-303.505	
-687.894	
-643.108	
-1662.55	
-1025.06	
-2181.54	
-729.465	
-1.79796	
-1604.93	
-1155.34	
-5081.49	
-1910.43	
-2163.7	
-4690.92	
-816.732	
3.91971	
-885.923	
37.6423	
-905.687	
-1036.94	
-2097.74	
426.967	
-1505.73	
-219.398	
-134.579	
-677.386	
-1290.84	
-919.675	
-3331.22	
-362.307	
-242.895	
-1778.03	
-126.053	
-3393.6	
-633.326	
-4338.41	
-5068.09	
-2137.93	
-237.034	
-1644.7	
-1533.56	
-43.3662	
-239.481	
-1399.04	
-594.478	
-201.512	
-401.293	
-65.4978	
-214.31	
-1586.48	
-959.87	
-1226.28	
-3492.79	
-2403.78	
-4205.51	
-2837.13	
-360.873	
20.2805	
-1001.65	
-1455.32	
-1694.91	
-3251.02	
-1246.85	
-489.883	
79.971	
-164.136	
359.155	
-4168.78	
-3113.54	
210.819	
-6716.41	
-673.087	
-18.6351	
-1082.43	
-2490.28	
-1285.92	
122.291	
-1488	
-3069.73	
-1161.97	
-3970.77	
-1043.21	
12.6592	
112.09	
-1194.65	
-2566	
-1250.54	
-490.694	
-1107.79	
-202.068	
-656.029	
-1083.8	
-52.8663	
-93.7976	
-3972.89	
161.886	
147.466	
-240.841	
-618.018	
-344.207	
-1643.49	
-1387.02	
-214.122	
-3573.85	
-28.7421	
57.7574	
-56.3192	
-1237.28	
113.721	
-231.68	
-42.0339	
-1485.86	
-1218.06	
-1051.6	
-782.89	
-2975.11	
-2034.47	
-1700.4	
-1461.84	
-188.821	
-169.53	
-1938.13	
-335.995	
-1560.95	
-2284.93	
-1432.92	
-377.441	
-1310.71	
-16.9029	
-221.633	
-3452.58	
-317.446	
-135.136	
-437.493	
-482.264	
-663.554	
-1528.78	
-23.7048	
-2345.56	
-1294.13	
-2960.79	
-1867.83	
-2640.56	
-2328.87	
-494.831	
-667.203	
-265.283	
-3442.2	
-102.954	
-885.495	
-280.036	
-185.744	
-1125.16	
-2252.87	
-2327.65	
-1763.51	
-1778.99	
-84.8929	
-574.381	
-477.162	
-1434.8	
-138.522	
-531.369	
-523.301	
-2295.22	
-1276.53	
-2012.19	
-446.572	
-1623.24	
-1353.29	
195.101	
-876.832	
-106.636	
-692.69	
-2490.39	
-916.752	
-1254.27	
-604.507	
-143.312	
-1168.88	
25.1602	
-3414.39	
-1189.78	
-534.039	
-4452.33	
90.138	
-98.8592	
-1064.41	
26.0325	
-2862.3	
-3148.29	
-820.503	
-552.785	
-2772.45	
-1284.36	
-1420.71	
-1224.56	
-638.427	
-146.661	
-2379.52	
-455.629	
-800.2	
100.255	
-3287.36	
-566.582	
-1233.6	
-2248.65	
-357.15	
-1732.24	
-1283.63	
-2797.12	
-1666.09	
-994.525	
-1008.5	
-4224.77	
-510.734	
-5533.03	
-1064.45	
-1832.33	
-1749.02	
-1055.67	
-1086.59	
-211.968	
-1253.05	
66.8607	
-99.1252	
-80.2541	
-737.33	
-3473.83	
-662.639	
-2512.89	
-3450.74	
-109.667	
-1233.36	
-573.487	
-596.877	
-848.234	
-1306.85	
-1398.16	
-4156.95	
-2497.7	
-741.982	
-380.741	
-1804.46	
-64.9053	
-1140.16	
-291.667	
-599.13	
-1250.76	
-860.334	
-429.166	
-731.957	
-793.59	
-284.788	
29.0068	
-480.228	
-1307.95	
-702.883	
-1296.48	
-1284.91	
65.0687	
329.227	
302.74	
-154.517	
-117.537	
-2097.14	
6.07632	
-1347.92	
-154.27	
-3691.74	
-631.035	
-3803.51	
-271.805	
-4197.13	
-1325.75	
-1148.28	
-1136.07	
-1078.86	
-1554.52	
-157.743	
-996.123	
-839.226	
-466.262	
-643.086	
-1142.24	
-478.621	
-2255.04	
-1734.36	
-3113.48	
-713.565	
-2987.49	
-2287.98	
-430.204	
-128.502	
-200.454	
-717.753	
-2416.86	
60.0135	
-1909.66	
-3523.7	
-2662.44	
-1159.64	
-294.534	
-653.671	
-302.838	
-80.171	
-809.922	
-352.336	
-2654.43	
-2131.37	
-4492.22	
-1502.74	
-1248.81	
-1141.25	
-1072.7	
-641.007	
-1698.76	
-2692.28	
-2034.78	
-2203.47	
-803.023	
-4116.6	
-1675.99	
-395.802	
-2749.76	
-1402.45	
-111.787	
-2041.86	
-1079.34	
-392.057	
-678.177	
-1469.05	
-3580.89	
-4228.81	
-1886.13	
-574.824	
-2936.07	
-1905.13	
-1212	
-1415.2	
-761.359	
-3634.61	
-6546.15	
-1990.6	
-269.322	
-2433.06	
-603.13	
-1311.19	
-5690.15	
-1687.59	
-846.184	
-2385.48	
-5904.8	
-2258.55	
-45.9888	
-3018.12	
-802.028	
-1559.04	
-3053.6	
-4177.49	
-468.725	
-31.413	
-6777.4	
-882.235	
-16.4781	
-1117.23	
-2337.13	
-352.953	
-3264.83	
-2460.18	
-498.061	
-1739.22	
-73.0264	
-155.888	
-371.38	
-374.586	
-798.512	
-673.996	
-1553.76	
-1530.33	
-1351.16	
-2676.99	
-168.572	
-418.789	
-1216.04	
-2086.12	
-230.866	
-441.129	
-1144.54	
-1865.51	
-456.332	
-90.0252	
-1668.41	
298.592	
-58.7779	
-422.739	
-358.809	
-391.432	
-149.231	
-492.147	
-631.828	
-3544.22	
-992.341	
-368.013	
-424.398	
-5252.27	
-989.342	
-610.834	
-1034.24	
-226.635	
-466.759	
-353.936	
-664.116	
-383.541	
-774.172	
-1489.37	
151.718	
-831.493	
-1263.44	
-1176.16	
-1176.7	
-552.287	
-386.963	
-910.843	
-1175.68	
-404.842	
-310.336	
-4745.33	
-1056.1	
-476.929	
-277.164	
-677.609	
-1407.39	
-1726.17	
-919.198	
140.183	
-549.861	
-926.888	
259.076	
-1605.3	
-1748.9	
-1715.21	
-1968.8	
-832.016	
-587.77	
-2493.95	
-2092.78	
-1084.41	
-1060.66	
-508.744	
-2078.46	
-1219.3	
-1014.81	
-1457.41	
-1413.55	
-845.855	
-672.13	
-2333.24	
-2320.43	
-3857.54	
-596.31	
-893.536	
-2557.56	
-3399.64	
-2800.79	
-4782.8	
-3643.49	
-3431.31	
-1226.08	
-1745.22	
-1527.93	
-1104.28	
-2042.29	
-2669.52	
-2436.59	
-139.934	
-1275.83	
-2840.46	
-510.689	
-4033.42	
-3019.59	
-3388.18	
-2099.63	
-168.265	
-4631.04	
-428.278	
-160.694	
-1499.81	
-2383.44	
-5081.49	
-2116.57	
-1193.75	
-1896.99	
-786.337	
-2821.33	
-519.938	
-2365.02	
-1135.52	
-3938.8	
-5068.09	
-1335.21	
-3327.29	
-628.205	
-553.963	
-1302.55	
-589.028	
-3643.99	
-2364.43	
-201.073	
-1193.77	
-1197.73	
-689.401	
-2707.23	
-2254.21	
-67.6244	
-2997.82	
-1544.64	
-1434.5	
-1234.81	
-164.784	
-2915.22	
-2953.88	
-1468	
-1352.3	
-240.841	
-1150.05	
-3352.89	
-599.646	
-754.851	
-618.974	
-2100.36	
-2688.72	
-678.248	
-1950.92	
-1978.24	
-2219.95	
-194.364	
-2959.73	
-3465.26	
-4012.11	
-807.753	
-1294.13	
-2972.88	
-4381.79	
-417.691	
-477.695	
-2477.23	
-5673.4	
-4897.22	
-2263.39	
-57.3806	
-100.786	
-1665.69	
-896.803	
-512.671	
-1163.83	
-7354.67	
-121.175	
-1254.27	
-343.001	
-2558.93	
-242.867	
-394.796	
63.5054	
-1004.92	
-676.929	
-327.557	
-1736.39	
-831.656	
-1314.22	
-2248.65	
-1247.38	
-350.336	
-330.973	
-287.442	
-121.458	
113.321	
-2168.39	
-1256.08	
-596.122	
-894.781	
-858.398	
-176.422	
-898.321	
-2233.18	
-2497.7	
-2181.54	
-1841.41	
-639.506	
-1457.06	
-2431.14	
-450.79	
-1028.41	
-656.645	
-2348.23	
-171.544	
-1470.26	
-1513.75	
-2189.73	
-1088.19	
-2255.04	
-1668.83	
-1081.08	
-1505.73	
-1962.59	
-1377	
-3393.6	
-869.249	
-1629.24	
-821.573	
-1642.6	
-99.4618	
-4116.6	
-2919.2	
-382.513	
-2477.33	
-4126.64	
-3353.6	
-5690.15	
-3513.82	
-959.87	
-654.889	
-1160.99	
-1155.34	
-926.123	
-4341.95	
-59.264	
-1489.12	
-6924.1	
24.9609	
-1551.5	
-2230.21	
-919.675	
-609.16	
-651.65	
-203.488	
112.09	
-2140.3	
-1340.06	
-4135.28	
-2403.78	
-2664.7	
-1084.95	
-713.042	
-1020.08	
-377.441	
-4073.4	
-1213.65	
-3408.08	
-3113.54	
-3637.08	
325.94	
60.4001	
-916.752	
-5744.66	
-73.0264	
-822.465	
-378.9	
-1666.09	
-828.385	
-424.398	
-1190.09	
-291.667	
-1641.37	
-277.164	
-3113.48	
-2034.48	
-2137.93	
-1457.41	
-2034.78	
-2111.44	
-3069.73	
-3019.59	
-6546.15	
-2703.82	
-3327.29	
-2915.22	
-4381.79	
-597.785	
-784.441	
-793.714	
-1613.34	
-931.753	
-1731.58	
-1897.3	
-3051.77	
246.369	
-311.975	
662.824	
157.055	
-1713.06	
-2959.58	
-2609.92	
-5921.59	
-71.2003	
-864.192	
-759.936	
-1086.88	
-863.386	
-1614.54	
-2787.73	
-4490.02	
-359.409	
-318.147	
-993.717	
79.9347	
-1061.2	
-408.979	
-1469.85	
-2097.57	
-23.7048	
-876.832	
-566.582	
-848.234	
-1142.24	
-1698.76	
-2433.06	
-2676.99	
399.015	
-422.659	
-930.002	
-639.734	
-1297.43	
-1085.14	
-1812.47	
-2124.25	
-155.888	
-631.828	
-310.336	
-1060.66	
-1275.83	
-2821.33	
-2997.82	
-3465.26	
-1004.92	
-894.781	
-1088.19	
-2477.33	
-1489.12	
-2140.3	
-4073.4	
-5744.66	
-226.635	
140.183	
-596.31	
-428.278	
-553.963	
-1352.3	
-2263.39	
-1247.38	
-355.533	
-390.212	
-503.921	
-1550.35	
-1415.12	
-2350.91	
-2217.18	
-2647.35	
-242.867	
-121.458	
-1028.41	
-821.573	
-1160.99	
-1551.5	
-4135.28	
-3408.08	
246.369	
-311.975	
662.824	
157.055	
-1713.06	
-2959.58	
-2609.92	
-5921.59	
-597.785	
-784.441	
-793.714	
-1613.34	
-931.753	
-1731.58	
-1897.3	
-3051.77	
-359.409	
-318.147	
-993.717	
79.9347	
-1061.2	
-408.979	
-1469.85	
-2097.57	
