-1466.8	-825.948	5132.62	4931.96	1409.22	3566.84	9772.13	4051.62	
-8699.11	-8490.5	-5175.06	4207.8	4690.22	8680.02	10178.2	9100.48	
2592.05	15270.4	13187	13595.3	10106.5	9813.16	10553.8	4783.32	
-1224.28	6917.45	6856.88	9724.83	4836.13	5908.67	3800.49	4912.94	
-9282.95	253.322	7420.73	13070.6	12014	12659.1	16670.6	13761	
-8628.59	-3208.98	-5004.5	11743	11975.2	4755.4	4396.09	10706.4	
-2511.14	2756.52	1126.61	-3377.85	9256.2	16754.4	26329.8	13703.4	
-4982.81	-392.007	2015.43	4511.95	10975.4	15439.4	15496.5	15144.1	
-12860.9	-4368.26	11914.3	22284.4	11042.6	7537.23	8569.24	12375.5	
15.4863	3953.64	9223.89	12840.3	6655.85	3395.79	3217.86	2965.02	
-7950.48	-4442.75	6098.78	18894.8	19624.4	17550.7	6509.34	4485.73	
-9281.34	-568.539	6401.51	2138.64	6761.9	13347.7	14591.8	10685	
-2489.64	5482.01	10175.6	9903.08	-385.677	7222.74	14276.6	13240.5	
-2462.31	-3925.68	-827.706	9438.4	14954.1	8138.3	3567.18	2941.51	
-15955.2	-8216.39	-2385.41	-8306.84	13269.7	14673.5	5415.1	12772.7	
2909.44	1723.29	7287.8	16052.9	3407.01	279.877	484.628	-4340.07	
-4579.11	-5221.73	-1514.42	7497.85	10338.4	8540.14	3937.01	672.99	
-2313.59	2694.63	-404.627	-6375.95	2698.96	2371.13	2158.78	1473.33	
-4270	105.206	-567.968	6747.34	8652.48	10560.4	7922.31	6553.08	
445.282	-407.524	1393.59	5765.25	4963.96	4742.32	3892.11	3103.52	
5888.25	1152.23	7789.74	19871.1	11153.6	9972.53	17577.1	3784.3	
-268.275	-1560.9	2167.2	895.334	7309.14	18445.1	14471.2	2030.87	
-2791.02	705.402	-4494.87	4189.7	4230.73	7535.91	12465.4	11841.2	
-10882.3	-8934.22	3592.11	27154	13422.7	16508.1	10073	4821.71	
-2093.57	710.552	4828.51	10785.1	396.129	2680.38	7812.19	9358.66	
2023.09	-4241.03	2121.68	11583.4	15853	19319	18579.6	7516.86	
3976.97	1432.72	1064.28	3436.93	8666.62	6070.92	3820.92	-354.031	
1568.8	3393.05	-1300.98	-2368.76	1583.28	6967.71	6426.27	1281.98	
-7858.32	-9539.68	-6976.06	-9366.44	5005.3	18967.8	20255.8	9520.65	
-10758.2	-14449.5	-5845.67	16805.4	23587.9	23411.2	11869.1	10209.7	
-2537.12	2219.7	-1369.2	-23.1934	11771.2	8243.33	14601.5	15831.7	
-10919.5	-6990.25	4920.33	12633	7325.72	11250.6	13413.8	10576.1	
630.17	3765.02	5691.53	-3522.03	10816.1	10739.6	10898.7	4240.31	
-2294.42	1203.58	-171.411	4201.44	9027.76	4329.18	-4004.68	-251.012	
-3086.87	2530.16	4450.5	12605.7	16614.5	15171.3	13267.8	10906.3	
-6439.16	2047.51	9649.63	-533.001	-5072.39	1961.18	9698.2	13903.7	
-3759.99	1181.35	3605.59	6691.26	7576.42	8374.45	15590.7	19245.1	
-4011.82	1140.33	6736.12	9988.88	10226.4	5376.79	6980.92	12148.5	
-1072.66	-3872.14	767.652	-156.911	11276.6	19622.6	15780.9	6563.58	
2116.2	-2297.52	-6046.86	-5603.88	8891.49	10375.9	10624.7	7728.19	
-741.968	6846.8	7140.76	3052.54	3060.35	7542.77	10661.9	6599.99	
7983.63	5428.69	237.656	-751.68	6375.52	3607.58	-2695.47	-5382.1	
2125.77	14848	13101.3	17166.7	15086.2	4831.37	10768	8597.7	
-10418.1	-7123.39	2172.76	5252.61	13546.4	12526.2	719.873	3032.19	
-8559.92	-1609.9	8750.23	14427.2	6720.54	5747.14	130.015	3387.65	
-488.635	5235.92	6764.81	2183.64	8465.81	8614.14	6966.79	1524	
3508.68	9593.16	8947.32	16340.5	6694.06	7369.26	10394.6	289.863	
-1708.89	776.206	4478.88	10454.5	7380.71	3611.36	541.3	445.182	
1071.67	-5137.57	-509.219	5925.84	1210.26	7504.21	12298.9	4018.39	
-5777.68	-2244.68	8560.45	20102.8	16453.9	13295.3	6098.88	6428.2	
-4814.8	209.085	959.282	8579.54	3815.37	5861.72	3307.22	3634.81	
-2434.26	7734.23	16826	4871.16	10260.3	3528.42	6674.33	7319.54	
-9990.36	-8818.04	-9035.87	-10879.8	1365.97	11098	7575.35	10167.8	
-1649.63	-767.638	6673.82	17382.7	8369.97	6489.7	-46.7708	-3427.73	
-697.326	-2586.68	3850.73	5205.24	4123.52	283.522	-1758.69	-1267.06	
-1480.5	2656.57	10398.7	-1214.75	6756.26	10933.7	5182.77	1890.78	
1422.3	7281.28	1772.78	-4602.8	7446.07	9591.69	7152.19	8750.02	
-7693.43	-5812.25	-16.3543	11705.2	9911.67	7735.32	-1023.19	4128.29	
-9425.48	-1714.97	-1301.2	191.793	10790.6	15809.7	20224.1	17009.3	
-6664.84	-1052.35	3377.78	1544.04	4151.42	4251.6	4267.3	11689.3	
-4334.41	6595.52	15863.3	27410.2	18552.6	12248.1	19032.6	17046.2	
-3491.36	1710.12	7593.9	12755.5	17281.6	13518.3	11490.2	12724.4	
-17490.9	-2369.04	7820.88	25712.7	15287.8	-635.17	4802.69	19799.1	
-2656.38	-1476.24	-2639.76	8282.67	9432.51	2093.35	2660.85	3695.69	
-17109	-9669.87	-1914.91	11564.4	26162.4	18126.2	14647.3	13463.3	
-6242.44	-920.9	5330.67	1389.49	1293.17	-148.783	-194.094	1879.15	
7252.17	1759.55	8151.65	5742.5	6850.13	13482.8	9655.95	347.711	
-134.552	10792.2	6369.78	6638.15	11624.3	16156.4	15652.9	7844.99	
-15259	-8910.28	8260.13	5744.44	12454.5	17548.7	20089.5	24164.9	
-4722.68	4792.33	7359.08	17570.6	7619.49	7794.17	11634.7	14020.7	
-3476.46	1287.6	7770.4	12600	9838.17	9465.9	6727.77	5471.84	
-5776.81	-5952.08	7057.97	7737.64	6584.96	11402.3	10622.4	7970.13	
-733.658	74.608	6505.87	11320.8	7909.66	10775.3	6663.57	405.812	
-1890.22	-2877.22	-2167.85	-387.075	1187.07	-608.619	-431.43	-1121.18	
-1050.25	1327.95	1874.73	699.634	3621.72	9902.76	8722.41	3349.21	
867.787	5812.35	-2794.22	-2664.67	6176.87	3475.26	9261.64	6233.95	
-2968.26	1299.44	7494.29	19080.3	16125.2	17061.8	8258.65	5422.19	
-11834.9	-648.225	8399.61	5712.47	14984.3	19585.2	23825.2	17653.5	
-2798.88	-2931.05	88.4087	4665.66	12932.9	12057.4	7032.66	1155.82	
2677.7	847.759	3938.49	8642.04	4516.07	5535.91	5805.08	810.117	
-6260.37	-9305.8	-2334.87	5433.81	6197.97	6550.06	5353.18	1364.96	
-7072.19	-2630.78	4993.74	8592.42	11337.5	12338.5	9569.2	10762.6	
-6322.06	712.115	5753.28	11006.1	12673.3	13701.1	6267.12	7980.38	
-8499.35	1487.68	6704.37	11728.8	11330.5	16877.3	2882.73	4471.28	
-6060.39	6795.29	8640.06	-3071.88	3527.5	14854.4	20392.2	15565.8	
-443.746	3868.59	78.4878	5827.55	8686.06	18380.2	18587.1	7246.74	
-13360.1	-8347.37	13895.9	7680.25	11997.9	20638.4	11496.5	9557.28	
3324.4	3120.94	471.675	3920.92	3246.09	3626.52	1894.35	-3108.72	
-5316.12	4739.5	5950.85	1424.62	-42.7974	2926.37	3096.15	2448.72	
-1138.89	-0.785903	337.119	4555.09	5230.93	369.086	-2137.71	752.534	
-5250.96	1825.01	96.9037	3312.61	-484.215	528.799	4367.86	6178.24	
-4287.14	-1811.38	541.399	2106.54	-4844.73	-5690.51	-2573.12	1908.82	
-4841.7	-4367.15	6547.02	10566.8	2059.31	5145.63	6496.47	5165.97	
-1715.02	4386.73	7971.41	6791.64	5157.04	4842.03	1336.38	5853.63	
-7106.97	-87.9181	6557.91	15235.5	18588.3	9412.41	2058.34	11148.4	
-9035.12	-13706.5	-8146.16	4470.62	6076.58	11573.4	13759	11093.2	
-2880.26	5403.98	7134.54	1721.5	9525.32	12000.8	7444.68	3950.26	
2236.93	1282.6	4747.6	9291.23	4649.98	4440.53	4561.1	1420.11	
-5510.11	3951.74	8849.85	10450.6	16136.3	4498.48	4151.6	9312.22	
3290.08	5612.77	3032.11	4065.68	4655.32	2143.4	-3971.63	-4838.42	
-722.75	751.179	-2999.18	-5779.49	1491.37	5201.44	12185.9	6277.01	
1410.07	133.542	-2148.81	-4437.63	-1492.01	4106.91	5379.93	998.146	
1751.46	-4224.48	-5543.53	-2500.81	6534.1	6753.33	3628.03	-1847.91	
-440.866	7820.58	4558.71	-2772.97	1795.7	9529.12	10859.1	3914.45	
-7784.25	-6967.43	4441.58	21508.8	15762.5	19336.1	14575.2	10362.7	
-5275.43	-5048.41	2251.03	6816.77	-4353.05	-5168.3	238.528	4550.47	
560.605	2408.55	5758.42	4625.29	1557.27	916.911	1836.45	173.47	
-7364.66	-3787.94	-2913.09	5846.34	11910.3	5455.17	2945.22	9019.04	
-41.4729	-1291.76	1289.87	-3411.82	2279.89	3770.55	3579.91	4519.08	
2493.03	4479.26	3576.08	6569.59	9199.71	11102.9	9524.83	3821.81	
1625.65	9549.25	7701.08	-2756.96	7077.99	13474.6	8235.12	-2620.91	
-2534.02	1753.79	4574.62	-1121.3	4400.99	3716.71	4595.19	9796.1	
-1085.61	-6293.5	1965.69	5438.31	13235.8	21379.5	15878.5	5515.52	
-1608.76	774.33	11200.1	24258.5	5568.83	2041.81	8154.7	4816.7	
-5542.67	3024.98	3677.75	3039.18	2826.72	3080.92	5733.21	9199.88	
-487.491	557.529	4953.18	7404.7	7976.53	8811.66	2246.27	2254.04	
-2269.87	-2266.56	2807.63	7089.66	6466.97	6612.41	4498.67	2959.17	
1305.28	8488.22	15343.6	14654.8	8109.2	5332.56	1392.46	1149.62	
361.388	-405.662	2006.45	8212.12	5381.89	8819.19	7946.95	5114.51	
7617.6	11377.3	13769	8949.84	4572.39	5993.03	3510.79	2714.61	
-10042.5	-7327.3	-4703.15	-1322.15	14244	12431.9	2321.23	3842.55	
1215.48	3980.62	6671.73	2042.56	-1318.15	-4675.58	-2576.07	-3620.69	
-4007.4	4421.69	4771.89	14442	16941.5	4226.26	1180.5	4825.97	
4223.28	3950.84	3773.02	13213	14369	13808.8	8520.68	2626.82	
-4825.61	-5478.06	208.831	11361.1	3103.06	2160.81	4205.03	4686.99	
4773.57	-892.459	8297.41	19242.8	21214	7926.38	-1762.98	-4746.58	
-8085.86	6234.14	16988.8	-3950.78	1524.3	7225.69	10069.5	10963.1	
-12667.7	1933	1450.92	4713.92	15540.5	16477	14849.3	17304.3	
-3163.84	393.949	6803.68	3741.28	3025.04	6389.93	7064.03	4851.02	
-10019.2	-3372.82	1915.82	9340.66	5274.65	5397.03	8869.53	12961.2	
4186.85	921.873	-1793.71	-8521.86	-3311.66	10792.7	10153.3	95.5237	
209.586	4004.13	7615.47	10205.6	10762.1	2542.38	-6523.15	-3505.66	
-2925.07	-1361.56	8584.05	20023.8	15671.2	13549.5	7695.6	6470.11	
-872.203	3926.94	12027	19528.6	8369.8	8000.91	9877.16	8628.03	
-567.634	1920.29	347.851	-2798.3	131.381	-2310.8	-5979.44	-1730.25	
-4311.38	-3532.26	4702.11	3019.48	10382.5	1553.13	11429.9	10686.4	
-5835.29	-9770.9	-4258.36	22689.8	21472.7	13898.8	18666.2	9663.42	
-5063.89	-8354.32	1748.86	12794.4	8833.93	11762.7	17547.2	9908.86	
-285.154	-10195.4	-5676.41	14019.9	20045.4	26837	14575.1	-317.176	
-3520.11	7139.61	7711.11	7730.45	9293.73	1268.57	2656.73	9399.07	
-10115.1	-6843.57	6794.05	16734	1691.8	-7274.89	-357.649	6850.95	
-4855.52	-728.802	-107.79	-4690.29	7452.54	21634.9	20031.3	7871.34	
5725.54	6228.13	8614.89	26312.2	22942.3	13606.1	8023.74	2092.71	
-3826.03	3955.64	1221.44	2912.55	6245.2	2567.59	3232.85	4348.01	
2621.89	1083.31	-2081	-7102.49	5905.7	5141.58	-309.289	-1580.03	
1185.16	1600.54	-3241.29	-5768.72	-4316.58	1436.86	5926	1601.23	
-12027.2	-16149.4	-8300.5	16859.1	14773.6	20321.7	20935.8	17169.2	
-2396.16	4837.9	8598.88	4930.26	12765.7	14955.1	9223.13	8195.69	
-2621.29	-4677.45	-1276.79	-4257.11	-1247.53	3899.84	1291.38	-1639.97	
-5393.25	2279.01	8306.74	7173.18	11434.3	16681	15166.4	13414.7	
795.387	-3757.22	-3638.39	5272.57	8499.71	6319.57	2780.93	2102.23	
-3532.47	849.865	14924.3	3139.65	1250.18	704.508	3397.29	2794.78	
1489.9	-3472.47	-4321.11	3211.26	3243.21	1621.45	-3900.78	-2045.92	
166.668	-4492.79	-1822.44	-2651.98	3261.59	2566.42	2216.66	-3302.87	
-4553.64	2437.28	2925.02	3889.79	7114.74	9828.37	8442.16	10453.6	
-2621.2	-6277.49	-7848.16	4026.29	5013.63	12594.7	14389	9534.87	
-6022.3	-725.629	1934.66	1860.2	2597.8	6738.76	172.977	-267.986	
-11935.7	-7302.07	4218	17494	4847.85	3466.39	1369.41	9393.48	
3606.89	3043.76	6233.95	14498	13238.4	9518.98	1828.47	789.944	
-1521.19	3839.84	-5923.31	-949.772	18748.3	13662.1	10374.9	11345.8	
-5693	-577.863	1151.09	1802.51	4266.8	6024.87	7854.5	5691.33	
-2433.21	2488.47	10292.1	26202.6	12651.8	12718.2	19990.1	14215.1	
-3530.33	6528.91	6744.96	8254.26	26299.6	18994.8	6858.87	6786.15	
-22.4838	2293.31	6675.53	10700.7	12557.9	8115.76	5957.55	1117.64	
-923.809	7450.87	5304.8	14094.5	4040.81	905.722	7052.99	4657.91	
-15414.3	1103.07	11075.1	14710	15187.9	7827.32	2268.46	8308.62	
-4539.57	-8100.49	-6507.21	-770.601	7363.95	7109.1	3240.16	2479.73	
-179.423	6932.37	3548.71	-567.187	3899.75	6209.93	2657.53	226.774	
-4604.82	2480.88	4682.72	-5831.12	-507.041	-1426.04	-4275.63	1653.36	
702.706	-2294.48	-7530.56	-6279.64	414.991	6649.51	7057.2	1570.13	
1472.17	-1806.62	3549.24	3205.69	8092.26	11237.3	15104.8	8240.41	
-8824.76	-8997.29	1210.49	3276.65	4283.78	7626.79	8457.44	8662.53	
127.649	-3483.79	1182.04	16380.5	9898.9	3223.71	542.056	865.619	
-2818.75	1939.67	4883.4	-151.45	390.544	4652.57	4339.75	3276.63	
-9301.74	-11048.6	-2234.45	8824.21	8311.07	12656.7	14455.7	13329.8	
-7711.81	5593.73	9542.52	15445.7	19905.8	18465.8	4765	4468.62	
3181.02	6422.17	8359.13	18551.6	7416.69	1462.19	-2942.81	-3314.66	
5534.32	19997.3	19695.3	11246.6	12895.6	7557.18	1337.2	2824.32	
2921.68	6939.49	2980	1983.49	3948.62	2677.42	-1577.9	-1969.29	
-7388.96	-8568.65	593.348	6119.33	6719.34	6820.93	4285.53	2736.71	
4572.61	6174.29	-5443.59	4828.25	5477.2	6083.89	8254.98	4800.23	
-191.549	2554.58	482.984	5683	9608.07	8340.18	6256.09	6374.86	
-181.219	2482.26	8620	7619.17	6910.99	5023.29	1031.59	-1124.98	
-5341.79	4508.79	10037.2	7032.67	1395.88	-3291.9	-7911.21	1039.24	
-339.936	10680.6	17256.1	17206.8	10854	11023.8	9974.83	6842.25	
-5541.1	-2523.18	214.7	7748.83	7291.6	959.689	-130.799	5418.79	
-4522.47	-7360.56	-5938.52	6949.17	14803.5	11673.3	3393.21	8878.78	
-2861.36	-1001.44	-6160.14	1652.91	5559.58	6879.85	8187.61	6921	
211.549	-9378.56	-9050.87	2253.38	5051.68	6943.17	6055.69	509.447	
-5464.19	3291.93	8363.4	8827.82	9558.46	7748.53	5305.63	7693.99	
3839.56	9614.22	1795.52	11887	9692.74	9995.35	14428.7	14244.9	
-11195.5	-6999.49	7759.18	7388.6	9481.17	9681.55	10910.8	15081.1	
-3384.3	5223.03	1104.12	-10501.6	3116.26	4909.21	2160.52	3407.36	
-1781.71	-4162.67	-937.843	247.945	1077.01	4542.8	4629.01	1332.23	
-8690.04	-504.033	1572.8	8774.01	11362.4	16606.4	17437.4	11731.5	
-6700.3	-4129.95	5045.32	18167.4	21295.4	23755.1	18123	9293.25	
-7275.53	-8184.21	-1924.95	10284.7	9843.87	22778.7	16184	8696.31	
-7274.47	2979.85	10001.5	17008.6	30881.5	26238.3	24240.5	14364.5	
-1923.99	-413.37	1656.72	-1953.31	4852.83	4287.5	7661.89	5335.57	
-15183.1	-10132.9	5193.07	4246.14	7529.45	11710.6	8760.49	10374.5	
-5237.05	-495.886	-285.402	3523.24	10334.4	11976	9386.78	8697.33	
-5867.64	4337.12	15063.1	26148.9	21094.2	15543.9	9864.78	5469.14	
-1584.53	-1746.63	763.935	8895.83	16914.6	19294.6	9473.64	4920.87	
878.047	3531.97	8856.51	1196.68	1952.73	4238.69	6011.02	-382.881	
-7545.01	-5747.07	6257.8	7750.75	1000.42	8122.97	14128.6	10598.8	
-662.427	-791.195	712.491	-1355.31	2915.39	-1460.72	163.667	-332.851	
-4971.46	-1487.12	-768.778	7427.7	10483.3	7631.05	3375.09	6860.12	
-2975.71	-1168.36	-1021.1	4208.01	6377.79	10954.7	5762.15	4550.54	
-368.105	11576.2	5329.98	-6960.1	53.2837	939.581	861.418	3078.08	
-5526.55	-72.4688	12473.3	20437.9	7447.84	17157.1	12608.8	3342.31	
-6819.31	-10857.3	1002.86	8539.9	12388.6	17633.6	25930.3	17395.4	
-5583.87	7524.76	12485.8	2627.44	20044.4	21331.1	22444	16378.2	
-6048.86	3434.7	5132.21	21053.6	10271.9	2849.64	2357.46	9969.94	
-7453.72	2075.05	18866.7	9668.21	-214.786	2923.41	14657	10184.9	
-16882.7	-8734.24	8041.72	6655.15	9236.12	10856	20566.4	17875.1	
-564.218	10669.3	5977.5	-5534.85	8988.56	11573.6	12442.3	12061.2	
-3711.52	-1666.8	12510.8	16036.1	14771.9	8608.18	6937.47	2579.92	
2278.08	1106.56	530.532	-7238.51	6181.14	4483.74	2862.57	145.003	
2616.57	11426.7	8359.51	24614	12597.7	6924.75	6440.33	1719.31	
-6099.74	-331.994	3826.37	13622.1	9998.59	4196.99	181.953	4514.86	
1978.84	5068.68	5952.77	14009.1	18345.6	5793.86	5748.71	5691.71	
-10094.8	-754.146	4639.75	9889.26	13888.5	18741.8	9455.48	12707.7	
-1161.55	-2343.84	10379.2	18133.4	8624.38	828.682	1250.27	-355.329	
-13696.4	56.068	3166.6	8654.7	10079.1	3818.38	13155.6	24478.2	
-5581.33	-1456.28	442.042	2022.09	5024.73	10077.9	11624.4	8522.11	
5544	-2296.05	-2212.84	7898.37	7368.81	4649.64	2640.23	-3024.9	
-1653.1	4884.16	13201.2	15833.7	8875.42	2619.36	3541.31	8362.27	
-10782.2	-1524.74	1572.76	13303.2	14953.1	9684.01	5227.83	12884.7	
494.665	2194.76	10307.4	17523.1	18175.7	6821.79	6385.85	11795.7	
7696.27	2372.68	-914.183	-9251.04	1166.46	8013.58	272.494	-7032.83	
-4492.35	-7212.31	346.305	8562.91	6487.09	13439.3	19019.7	12343.9	
-2609.53	2234.21	7232.6	13453.5	8993.78	9073.26	9670.45	7780.13	
-357.34	7468.53	6240.24	-542.331	-1477.28	3892.59	10454	7684.79	
-4663.22	1690.43	10871.2	6895.49	3914.6	8135.34	14939.2	11496.2	
-2529.32	-1347.89	-1186.46	983.271	648.655	-1246.82	1822.22	2227.94	
-22978.5	-1998.82	2663.98	1187.72	12404.5	9949.67	13255.8	20622.9	
-6658.25	-4700	5193.17	13221.3	8112.99	1326.26	6262.52	8750.22	
1506.09	6607.25	13607.5	13816.2	7683.91	8144.13	7777.89	119.93	
2.94624	2407.67	4090.32	-689.351	-6745.43	-231.31	4462.87	4022.57	
1950.13	3543.79	5475.55	11044.2	5738.1	12577.1	8241.12	-1647.3	
748.905	1134.17	-878.263	14558.6	10016.8	2194.88	2144.32	-1254.56	
-6595.51	-396.048	5536.73	-2336.83	2775.25	6057.81	10903.9	12050.4	
-9578.47	-21.6254	12632.6	18036.6	7567.61	2545.81	8238.33	15530.1	
343.875	-615.863	3684.1	8198.88	7636.16	5990.49	5104.82	3157.89	
247.26	-2601.64	1897.8	-3553.5	2246.69	1210.79	5414.02	2148.61	
-4072.72	-1773.51	231.947	8700.17	2015.62	5599.78	2996.82	678.321	
-3731.33	4611.65	9229.9	12977.9	21850.6	13776.3	7351.94	1839.75	
-7090.48	1540.41	15632.4	23219.7	9387.88	7853	12058.3	13253.7	
4239.5	8655.63	7211.93	8911.66	1999.89	166.815	157.773	-2643.55	
-1021.5	-3036.98	2100.36	2199.79	2164.7	6860.23	8518.5	134.783	
5452.92	5622.67	14323	17748.7	22486.2	16999.5	6488.8	2962.89	
-5458.28	7582.13	8057.24	7162.73	19345.8	11948.4	12485.4	19284.1	
-2828.11	-2733.54	894.945	-1640.65	517.652	4719.07	9350.11	5832.62	
3047.59	5209.82	4305.86	6027.29	5006.47	5789.69	3871.53	3951.42	
-7051.89	1317.98	2179.94	9608.14	5560.48	-1083.88	-5005.86	5204.07	
1274.19	1433.5	3085.43	-5191.05	2657.04	7549.89	7719.98	1885.21	
-720.648	3908.94	3737.1	2511.38	7246.71	10714.5	12080.5	4251.85	
-6078.15	6443.95	4639.65	30758.6	12113.6	14960.5	8856.02	11698.1	
-1903.3	3447.82	7913.86	17440	11066.3	2469.89	-3183.44	366.781	
2182.26	2082.21	17240.6	17846.7	12159	10350.8	15491.9	2825.93	
2605.87	2539.57	3900.45	-5677.47	1837.12	4403.1	3339.88	-1160.4	
2044.28	1566.4	-1072.39	589.889	3422.32	5786.26	7273.96	3248.92	
-477.544	-734.856	-3222.42	263.42	5821.01	4261.58	5911.26	4906.52	
-2433.4	3307.99	3235.32	-762.083	4014.39	5781.5	5172.73	4801.95	
-9239.25	1661.63	4727.36	9236.23	10677.1	20099.6	26676.4	19402.3	
-7645.68	596.401	4223.67	-6643	3749.59	15221.6	16413.1	14988.5	
-7156.59	-6733.96	10506.1	20126.2	20649.5	12259.3	13186.9	9414.77	
281.26	5064.67	2875.3	764.166	8286.48	10132.1	10502.4	6340.68	
-2743.32	-2767.35	355.75	2359.66	2532.69	5726.62	4364.73	4910.28	
426.699	-1293.02	4191.32	2135.49	4366.64	-3071.86	-732.499	2659.59	
-2706.58	-953.761	6817.45	13347.9	6256.5	4244.21	6744.54	8149.65	
1779.07	4060.5	10271	10286	3844.5	2361.72	2670.25	-46.497	
-4959.93	-5058.7	-6317.42	-3867.77	3138.72	5620.91	4174.47	4087.18	
4210.89	15127.4	10652.2	16319.4	20639.6	27883.2	21613.1	9063.24	
-4886.53	-7153.02	-4599.73	-15385.8	-1245.03	5821.42	4999.2	2443.62	
11.571	5821.86	7814.4	7393.52	-8558.36	-1788.61	4451.85	3485.79	
-3286.37	-1502.62	6752.09	12998	2903.47	1291.28	8186.64	3799.29	
-3524.38	-1056.62	6664.66	11867.6	9187.09	8806.24	16615	10271.7	
3956.07	5596.62	4740.32	11449.9	6955.31	-4331.37	-5900.1	-2200.92	
-894.045	-3156.58	-620.107	-4554.13	2359.16	8081.32	12460.1	9403.06	
-1236.98	3488.11	4673.58	-1754.75	414.739	1687.82	3721.01	2760.51	
-6707.06	-17255.5	-6082.45	-4421.22	8536.26	9749	4078.07	5165.04	
0	0	0	0	0	0	0	0	
-491.605	-388.066	500.533	1088.47	1176.48	814.867	592.666	414.602	
-6557.54	3497.06	12818	15129.6	2680.39	11699.6	13955.6	16767.6	
-3602.56	-69.4937	9337.26	4464.01	16912.6	19593.8	9898.93	2689.11	
-5388.12	-1778.59	11559.6	2375.62	-2293.13	2276.66	4470.56	3092.7	
-4394.03	-1539.27	555.222	-11639.2	-1643.24	-2950.56	-3290.97	3586.85	
-12379.2	302.154	10304.6	26532.7	19567.8	13261.2	17408.6	11853.7	
-2466.48	-5153.29	3212.23	3492.14	6117.38	3227.01	-276.217	-1135.39	
-3741.22	1901.56	6795.82	5688.32	2031	2841.38	4027.34	7383.19	
-16144.8	-4996.73	6020.69	5098.95	6313.42	7764.93	16447.5	18684.4	
-8105.78	2691.52	-930.883	1956.26	10552.9	3280.29	3554.64	14366.8	
-4379.26	-1447.56	4947.59	19636.1	14041.9	11434.1	5280.46	6987.95	
-2544.28	3683.54	-110.245	4309.3	8661.09	7628.6	2754.4	-992.028	
2460.91	4466.88	5305.02	-4354.03	3587.55	11423.7	4201.45	-1081.36	
8942.04	11497.6	1412.68	-273.637	3054.06	-3261.56	-8214.51	-4565.23	
-6726.42	-932.736	6399.41	21924.3	12425.8	8583.92	14542.1	15207.1	
-1699.17	-3700.45	-393.347	3802.95	2180.78	431.684	-4498.92	-5052.68	
2233.25	5616.6	6887.86	8595.02	5659.31	4212.98	2321.34	1211.26	
-8036.94	-10748.2	1017.84	10526.7	11247.8	10573	6421.67	5598.09	
-19998.4	-11748.6	9293.57	10976.8	17095.7	7107.15	4423.49	14168.5	
-6787.48	-7620.87	5588.89	20039.5	11341.7	5870.81	650.383	-517.631	
-3402.22	7295.45	19409.1	22674.8	13584.4	18237.1	9201.56	7263.24	
9140.4	13980.8	9681.64	15514.5	9712.64	2714.15	-183.605	-1921.22	
-12483.9	624.967	1008.98	6536.17	7158.23	8088.96	8907.86	13830.1	
-9100.55	-7257.57	-880.931	8539.47	6690.54	4099.33	10381.7	13670.3	
-4157.68	210.272	1497.75	2502.22	-971.891	5552.65	11069.5	8695.97	
-2373.69	1159.16	-1914.42	2052.67	8242.26	6946.59	4705.66	3113.78	
-5994.87	2583.6	10507.7	11713.1	8829.27	5730.97	1466.98	4409.74	
-4921.34	-6812.33	-5701.2	-12887.4	-7269.42	-2079.94	8223.81	7374.12	
-3779.24	1075.07	4853.23	-8581.37	-2547.8	12137.4	13035.9	4490.36	
-169.62	-2130.93	4599.22	12830	7903.01	10405.2	10105.6	1821.61	
-244.729	3611.36	12644.7	7071.91	9410.2	12039.6	21570.3	10126.7	
-857.802	-3525.45	1069.87	-316.343	7739.9	10771.6	13048.3	3559.21	
-12543.9	-10922.8	1716.44	1757.57	8068.35	7322.08	7657.63	11422.6	
4062.34	6044.65	6551.69	11314.9	6779.48	4598.6	6695.03	6984.29	
-1339.66	3585.17	4485.52	12021.3	22159.7	38600.2	27452.4	10497.5	
11723.5	1220.78	355.079	1234.59	13016.5	19655.8	14637.5	-1061.19	
3737.39	6468.53	5473.57	6729.8	5032.18	4149.42	2652.45	3351.35	
2547.66	1713.36	-3408.58	-7252.3	-1776.83	6439.79	4655.21	-3804.52	
-153.712	1397.47	1140.31	-2578.17	6604.74	12924.8	18430.9	7504.16	
194.918	9902.46	695.831	560.629	11480.7	8884.5	8990.78	9213.98	
-4722.46	5043	13652.6	9666.81	8172.61	8459.33	11290.9	13420.1	
-3353.47	-4494.25	3420.88	-2797.82	4444.79	12352.1	10199.6	2538.04	
-13.1325	4498.08	6475.18	3694.4	5306.43	9034.48	9640.61	2818.11	
293.035	5509.76	2010.34	5857.42	15618.5	15469.8	5450.92	5029.47	
785.034	3750.43	3983.39	10604	15706.2	15844	7895.78	1054.1	
4044.64	-1047.29	812.588	5980.64	9070.35	310.18	-3164.63	-2450.96	
-11194.4	-1363.84	8717.54	6251.14	10355.5	7161.38	3607.97	5960.31	
-9421.62	-10799.9	-3713.93	-2921.78	3191.07	7500.71	2787.88	5479.29	
-6494.13	1717.2	12167.6	6724.96	10976.6	26699.7	29393	19001.2	
-2504.44	466.205	2808.95	3839.88	7889.63	4689.33	5072.98	9343.87	
74.4096	338.283	496.024	7867.97	3184.61	1254.73	2464.13	2569.28	
670.572	351.95	-2671.56	-6734.26	2294.27	4940.39	3494.25	2671.16	
-2103.45	-6847.13	-3683.85	-4137.43	5475.4	16137.9	11611.4	4589.39	
-1382.01	2901.05	1231.91	5900.52	9425.06	8430.82	6929.79	7966.79	
-2633.27	8795.74	7894.34	10758.4	14293.4	8904.72	3630	1134.65	
-12870.7	-4082.03	8165.44	24771.9	7452.52	9093.45	18976.7	19503	
620.437	-1028.07	-5381.98	-4552.33	4515.51	6748.97	2199.79	-1400.88	
-1822.03	-1552.85	1695.17	3305.6	7901.25	2125.02	-66.2611	3104.55	
-442.021	-1238.27	1239.02	-4909.65	-4494.75	3718.08	6128.57	2382.4	
-3151.12	-1857.71	9938.48	5943.38	13480.7	20228.3	13639.3	4493.63	
1875.18	6710.76	8283.6	17156.7	7691.27	7597.15	5687.21	2790.2	
-1385.47	-990.055	121.52	551.191	118.839	9026.53	11883.9	4937.91	
-8122.63	-14188.4	-9436.7	12738.6	12087.5	14142.7	11104.2	5215.04	
-10743	-7509.32	2126.97	-1099.89	7608.8	12436.8	10269.7	8164.16	
-6044.99	4025.84	6352.8	21820.5	12875.5	10095.7	15588.6	16450.4	
-7866.52	4454.82	4993.88	-5089.3	5917.5	10073.2	8977.57	9106.77	
-3775.68	4352.68	5320.35	4630.42	3305.12	9406.53	8166.08	7704.92	
-2374.79	-6576.8	-1326.24	6271.11	5407.7	4747.57	6527.27	6301.85	
780.73	2830.86	9398.75	4266.65	7106.52	11658.7	10280.4	9447.9	
2468.17	5863.51	5294.35	-10792.5	-2129.73	10765.1	3368.89	-1336.69	
-1990.88	7887.55	21209.1	31603.1	12526.7	10198.7	19672	14783.5	
-8125.55	-9013.69	-990.883	8474.41	8532.35	14344.3	13861.4	9117.83	
-56.8573	-1534.26	-2327.37	-421.467	4436.55	7384.54	9423.75	3078.89	
79.9296	57.0002	-4276.14	-6028.25	5677.46	4812.87	3921.57	1084.1	
-5898.39	-5702.05	867.125	10425	15001.8	10208.8	8293.87	10124.6	
-10188.8	-4261.7	-423.647	-14011.9	11736.4	10467.7	8672.74	12086	
-11426.7	-5235.72	3732	4406.97	252.601	-10392.2	-1217.93	8831.33	
-2053.43	117.148	3163.07	-4971.86	4558.06	12757.3	8894.23	2976.25	
-1399.43	-2727.27	5670.92	5522.46	5725.9	9126.4	4747.49	-2306.21	
-595.486	2948.72	538.574	7184.37	5188.64	4160.19	6260.52	6327.42	
5458.78	7137.29	2766.45	9700.34	6888.2	5748.75	7543.83	2567.52	
-12897.8	2708.86	11430.8	15483.6	11818.4	14756.4	13279.9	13941.4	
2478.17	10500.4	13368.6	15526.1	12767.3	8790.65	6055.96	8669.29	
-15975.5	-8451.32	-3753.97	4164.43	19958.1	19318.9	18370.7	16685.2	
-6255.89	-8996.54	-3668.06	3427.95	14868.4	14799.2	11192.2	5792.64	
-1707.01	2981.97	276.679	12040.3	6091.56	7990.52	12810.9	9870.38	
-3154.58	2010.46	5711.53	3435.71	3729.22	4727.76	4677.88	3716.39	
-1283.46	3032.43	10319.8	11984.2	492.059	80.611	7213.7	8977.43	
868.045	11584.6	8503.56	8952.82	16183.5	6861.1	-1952.4	3531.2	
-957.937	-35.6097	-1374.83	735.71	5526.2	1751.47	9085.72	9462.76	
-642.48	2569.16	8526.17	5382.93	5823.85	4912.69	6006.09	5222.47	
-6922.79	1266.95	6716.78	2949.15	7247.45	17444.7	17352.3	13039.9	
-6258.99	-4343.87	-902.418	21.87	5622.66	4667.78	12686.5	5563.29	
-3965.58	551.341	8424.13	15219	3982.15	3269.11	3498.44	4796.72	
-6233.37	781.371	6290.8	4657.57	12377.2	24828.3	26181	9034.87	
-6458.51	-6257.43	7500.47	26758.6	9457.67	-4614.36	5421.91	12357.1	
-11254.5	-12974.1	-4587.72	-2828.15	1813.44	10422.5	16707	12436.9	
-4667.72	3104.06	-843.387	17404.9	21526.5	21728.3	17586.3	10814.9	
-899.895	4790.77	39.0802	-7179.89	149.139	768.255	-1199.87	2539.55	
-5673.36	2553.34	8763.96	19987.3	13112.7	10984.5	16010.8	17693.5	
-7579.98	-3206.75	-9140.33	-4392.52	6298.14	13679.3	15389.4	16397.1	
-4982.74	-4726.59	-2176.87	4400.03	3468.65	-1862.37	4023.92	7183.42	
-4395.69	-4772.09	-5630.87	-1741.34	4950.18	1137.05	2032.41	3651.27	
3401.49	3229.63	2903.16	3191.22	-828.845	-3010.3	-2653.37	-4264.02	
-2582.35	1963.05	4714.39	20128	13174.3	9472.91	22371	16631.9	
-1998.71	1994.97	1366.86	100.777	423.929	2740.59	4945.99	4204.28	
-60.4703	-3233.41	1879.29	12054.8	586.531	3227.03	8965.93	4672.06	
3687.97	3041.83	2493.54	-2238.71	5057.28	5034.34	695.806	1597.47	
2804.3	6376.55	9783.88	-879.883	1119.38	8295.12	4462.16	-49.6975	
-308.753	-5939.66	9075.91	17932.9	2658.39	10873.9	11931.8	-2207.07	
894.378	6845.88	7232.93	1794.4	-2419.95	-767.743	7094.22	6983.27	
-3857.45	1926.84	16337	18414.1	7126.78	16445.9	11210.5	-424.693	
2337.34	1894.18	-3493.72	-6167.14	5943.72	9749.6	4564.08	890.417	
-2562.27	124.865	1671.3	9455.67	6489.23	1241.17	2142.19	4809.53	
2066.32	2614.52	1542.14	-1560.36	4341.43	5544.68	3532.88	-12.825	
-10827.4	-4464.29	10824.4	15666.8	7566.2	7681.1	4677.09	2719.52	
9278.52	11577.9	1054.8	-9001.09	5325.42	15389.6	14163.5	4550.79	
-5658.23	258.106	2719.07	-5110.71	449.381	4692.79	6735.65	5344.83	
2332.59	12586.8	8597.23	5268	7159.77	14878.9	16070.5	4285.37	
-4119.33	5121.33	3271.4	17283.6	16377.7	15931.1	21896.3	15425.3	
-8299.41	-2717.82	2326.63	7544.81	4137.99	8876.21	7675.59	3966.82	
244.405	1285.87	4650.61	10493.9	5007.8	2422.61	1847.3	2335.87	
-3015.03	1136.89	814.452	9197.22	11122.7	7058.41	7667.69	6797.23	
-6162.08	-3065.33	2199.01	7456.83	2718.79	4523.01	4175.74	3678.59	
-2424.14	-6295.63	-119.248	10125	9044.07	4528.13	-941.075	-1612.84	
-8148.04	-2790.16	6691.4	1403.93	13657.6	16318.5	8185.97	334.783	
159.902	-1297.15	954.283	-1062.26	-5899.48	5926.27	3747.79	-370.258	
-3984.9	198.292	6478.29	5616.95	11756.8	12870.7	8152.06	3321.05	
-5867.86	572.497	277.936	326.516	2870.39	4282.69	4725.66	6272.43	
2133.75	1954.45	12201.8	15409.9	9989.38	9451.74	14412.6	6893.34	
-9112.91	-5286.62	-979.918	9141.77	10276.2	15676.1	8418.89	11618.9	
-4854.87	143.263	6458.48	9992.18	6432.37	-3441.42	-4589.67	2485.81	
402.574	6328.27	7985.47	7509.49	4175.13	3136.18	4326.82	4205.57	
785.142	2433.78	8853.62	8977.85	4421.08	4254.22	6895.93	5515.58	
-145.551	-1588.88	8331.35	7690.53	1654.3	3000.44	3651.47	1478.8	
-321.592	-1433.03	-1471.38	-3419.88	6156.04	7124.56	1384.31	1730.18	
-2136.78	-1358.68	7197.27	8259.28	11359.1	10737.2	4967.16	2005.4	
-5756.3	1661.84	4295.76	1253.63	12263.3	12274.8	1038.49	8407.23	
-173.09	1507.12	929.953	-191.321	1163.82	405.395	307.737	1176.98	
-5185.77	560.731	171.018	2808.13	2845.62	-2558.66	-5309.14	4473.71	
-3454.37	-3527.3	-5333.29	3571.31	20804.4	13870.7	8788.39	9386.45	
-3389.14	78.6389	6172.93	11797.7	9881.87	-200.481	-2563.44	957.353	
3169.57	-3503.51	-5030.95	-1143.71	6243.71	5680.43	5148.51	-1284.34	
-149.049	2771.49	1195.91	-1015.03	8649.7	6926.31	-223.576	-749.549	
2080.82	1308.09	-262.245	10352.7	11682.2	12012.8	13359.8	4072.85	
-2139.07	1449.54	3778.4	6150.87	5517.77	3919.17	6220.42	8551.43	
-5859.62	2658.92	6181.9	16533.5	9511.86	-2846.75	1016.14	8100.18	
-57.969	3392.11	9525.32	5133.58	3644.68	8779.21	12160.3	3706.58	
1480.25	790.746	2382.9	6145.07	8565.45	7246.69	7589.68	6205.59	
-2847.45	-3079.37	5945.05	15623.6	7916.89	7955.34	7599.74	3189.25	
-2479.7	-1376.83	10070.6	6973.9	8633.3	4366.22	-4254.63	-2013.84	
-6615.05	-1823.15	7403.75	13070.3	10695.1	9566.21	8066.12	6624.01	
-686.234	4386.26	3133.87	-2316.28	6315.23	13045.4	8693.83	7413.89	
-12326.6	-4842.34	-153.022	-6586.3	6498.83	15974.8	22463.5	13886.2	
-322.599	-1870.72	3890.3	16561.1	6557.98	11415.6	10236.4	208.806	
3556.43	-6548.36	3534.42	12072.8	6508.38	7862.41	6292.36	-4520.92	
-11939.4	-5396.69	-4924.54	-11609	-1611.24	7037.63	8393.43	8884.81	
-8240.16	-2681.48	5222.62	9354.53	20600.3	14137.6	6971.33	8246.02	
6897.06	1653.73	-3128.8	-2934.63	-104.668	-679.448	-4335.47	-6457.53	
-8565.37	-728.229	9487.27	14445.2	2310.18	-927.033	13485.9	13596.7	
-2452.46	587.716	-2223.79	1898.69	1646.36	3644.03	-841.531	627.104	
146.051	-5852.63	-9490.05	10125.4	12363.3	6494.34	3978.34	533.797	
-1364.01	898.348	3879.68	2075.89	5163.93	3112.38	1900.75	5510.73	
-181.891	586.113	5300.84	6092.34	2935.22	1359.65	508.52	-801.137	
-2669.57	4790.79	17303.4	32510.5	30116	19039.5	15467.4	10069.8	
1586.64	3203.84	2626.03	16703.8	23245.8	29370.1	24122.9	9975.39	
-13173	-3551.7	14189.8	14740.2	14047.8	31061.8	21216.9	7471.86	
-7267.09	3379.72	12390.4	29911.1	20154.8	19350.1	14773.7	16414.4	
-2587.32	5251.62	2586.97	4772.99	5949.04	12062.9	6468.94	7162.79	
3402.59	8479.72	12965.7	2349.73	1430.77	6676.71	8023.76	231.415	
-6675	-1307.71	-2468.54	-3469.29	5412.47	1378.46	4261.96	7836.57	
-6190.83	-11675.2	-4248.92	7706.85	3599.23	6333.53	-248.465	-2085.02	
-10679.1	-14436.8	-9056.3	-3708.01	6505.51	1601.13	5779.89	10062.1	
-6037.82	-1856.54	4201.67	636.855	-116.715	3957.27	6857.03	4075.31	
1561.69	8352.64	6001.98	2411.79	4119.98	1323.11	4906.29	2722.83	
7535.02	-1488.78	-5371.13	4928.96	6424.64	7936.66	10807.5	-3498.86	
-1854.28	2747.5	3817.88	-2709.54	5466.74	6443.79	9848.33	8350.9	
