-1603.03	
-2516.98	
-2432.64	
1405.49	
-2067.93	
-60.4053	
-577.867	
2183.57	
-4967.02	
-1388.93	
-499.113	
2199.36	
-3393.32	
-1539.23	
652.745	
-1681.51	
595.4	
201.721	
-982.291	
-2261.48	
-2064.45	
-2931.51	
-971.683	
-93.1728	
1062.79	
-3174.57	
-4487.13	
-2096.28	
-441.874	
-3622.15	
-2037.01	
-544.261	
-3000.92	
-1184.88	
160.168	
-379.74	
-2980.15	
-5668.73	
-187.441	
-1782.74	
-1691.26	
-2988.08	
-1778.67	
-1222.21	
1533.47	
-1578.82	
255.793	
-3673.84	
-3410.52	
2654.41	
238.432	
-4063.84	
-6268.34	
-3535.74	
-1891.55	
-1257.31	
-1503.98	
-3396.66	
-2487.76	
-279.554	
-676.909	
247.918	
1200.49	
-967.682	
-910.573	
-1158.16	
-1755.02	
-6369.38	
-5300.83	
1484.62	
-2030.34	
-1658.55	
-2211.41	
161.279	
-8204.47	
-2387.51	
732.014	
-544.87	
1750.01	
461.055	
-1904.84	
-3001.33	
-4147.37	
-5218.16	
-1233.13	
-2354.47	
-2828.24	
-3472.93	
-1535.03	
-1408.36	
-2871.07	
-1909.34	
-794.556	
-2171.19	
-2943.21	
-1671.61	
524.023	
-1781.76	
-3665.39	
-342.207	
-936.772	
1082.03	
-6300.05	
-3369.73	
-2523.24	
-3969.42	
-3293.9	
-2226.69	
-1603.46	
-366.748	
-3112.95	
-406.257	
-1497.16	
-4612.8	
-6137.83	
-562.406	
-479.134	
-2961.76	
181.051	
-2573.48	
1116.99	
794.054	
-4266.19	
-841.412	
-2049.44	
-6135.47	
-1701.34	
926.585	
493.318	
-1070.28	
-2683.33	
-4565.94	
779.259	
-154.353	
-372.403	
-3398.62	
-3201.65	
928.668	
-1265.27	
-1834.93	
-1426.88	
1440.51	
-3820.18	
-3465.61	
-1634.57	
-243.326	
1042.84	
1503.75	
-4139.26	
-3440.89	
-1758.62	
541.337	
-5193.27	
-68.9352	
3032.91	
-3642.48	
-6168.19	
-2510.54	
672.033	
-2207.82	
-1433.15	
-1799.64	
-5045.28	
1786.97	
-2052.85	
-5450.27	
4025.37	
-2368.93	
2183.83	
-65.5689	
-5817.34	
9.97714	
-3203.48	
-4002.81	
-2289.16	
-4847.1	
-169.014	
-6428.09	
169.313	
-2581.28	
-8154.11	
618.036	
507.68	
-1522.39	
-1422.47	
1633.88	
-2746.63	
-1667.31	
1549.7	
-2322.4	
1647.27	
-1604.74	
-2188.94	
-475.597	
-7049.42	
-2757.95	
-1854.17	
-1454.06	
-9422.99	
-605.988	
-855.46	
-2607.24	
-2119.72	
-2278.04	
-4138.1	
-3463.99	
-2051.2	
-4265.45	
784.355	
-3296.62	
-5242.47	
-1834.9	
-2643	
-2506.33	
-3728.29	
3090.73	
-4107.84	
-2067.04	
-690.215	
-261.627	
-3483.39	
-431.447	
-298.763	
-2600.58	
-2145.03	
-556.962	
-541.726	
-32.5752	
-1922.1	
-3866.89	
-2401.55	
-2132.32	
785.675	
-2228.38	
-1603.72	
-1919.51	
-2171.95	
-2651.57	
-6733.01	
-1999.39	
1649.86	
-1488.46	
-4808.54	
-2060.74	
637.879	
2517.37	
-2849.76	
-21.5778	
-4625.73	
-234.467	
-4195.9	
-755.924	
200.96	
48.9627	
723.789	
2058.22	
-2141.08	
-2371.56	
-609.729	
-801.008	
-1539.52	
1472.71	
-1797.65	
-251.505	
1132.17	
-1865.51	
-273.425	
-4181.02	
405.605	
-1390.82	
234.889	
-2733.8	
55.4037	
-967.963	
-2339.69	
-9044.76	
1213.4	
-4938.17	
-3076.37	
-3486.3	
-484.312	
-1502.41	
-6909.32	
-3092.31	
828.947	
-4097.6	
-2359.39	
-2389.05	
-1608.54	
-2411.11	
636.867	
2002.92	
-1446.51	
1231.2	
-3410.56	
1934.11	
-4139.31	
-1020.05	
-157.976	
2242.69	
2221.74	
-5046.6	
-1781.07	
1176.4	
-2479.59	
237.654	
-2862.69	
-6003.87	
-2718.94	
1336.6	
754.87	
-299.432	
-4076.38	
-1423.18	
2008.05	
-3989.15	
50.9954	
2541.65	
-1752.68	
-3679.98	
2621.87	
-5984.96	
-5505.75	
-3709.39	
1718.24	
-6026.4	
-3549.71	
-795.711	
-1036.41	
-1317.44	
-4073.92	
-3144.55	
-6893.65	
-875.016	
-2042.45	
-3582.7	
-4422.78	
-5390.03	
-4355.18	
-1213.2	
29.3333	
-2391.72	
-80.4949	
-3022.74	
-4351.13	
-1597.71	
-2371.05	
-1460.95	
282.107	
-2939.12	
-4936.69	
-5810.94	
-5266.95	
-2136.4	
742.081	
-4819.59	
-1250.8	
-2021.37	
-3051.22	
-247.563	
691.032	
-3960.81	
17.4091	
-1040.79	
-2281.4	
-1362.16	
-4950.91	
207.162	
-1248.56	
-4607.41	
-6156.9	
363.756	
-3644.96	
-8547.63	
-480.238	
2439.62	
-7661.93	
-572.102	
-962.728	
-2708.67	
-610.25	
2246.17	
1258.29	
-1348.03	
-5696.97	
484.113	
565.735	
-1564.66	
-1236.47	
-2175.92	
-1869.61	
-3912.91	
3169.92	
-2463.19	
1903.35	
-2718.36	
-7381.54	
-4991.93	
-681.499	
-2038.97	
-2892.68	
-2686.48	
669.528	
-2723.1	
-3591.64	
1694.43	
-5449.42	
-3234	
-728.205	
1075.43	
810.412	
643.957	
-2992.8	
-603.357	
1029.94	
-4580.66	
-3261.45	
-1997.9	
-5339.32	
-6433.35	
1787.15	
-150.829	
-5662.1	
-184.82	
-3188.33	
-3342.41	
-9651.63	
-2752.89	
-7216.06	
-1840.18	
-3830.79	
1165.38	
-3246.9	
-9842.05	
-1682.65	
2536.77	
-4781.35	
-3427.58	
-2775	
-3811.72	
-5407	
-6201.29	
-210.896	
-6064.06	
-249.253	
-629.655	
-1284.88	
1317.22	
-3332.26	
-952.839	
-475.935	
-3959.38	
-1222.4	
-1137.42	
-2622.59	
-4207.04	
-2245.62	
-3628.37	
956.364	
-4515.87	
-1783.13	
-2484.17	
-3972.63	
-2450.78	
-4357.33	
-2410.77	
319.617	
-2805.94	
-3608.94	
160.034	
-4040.37	
-4391.82	
-775.825	
294.862	
619.068	
-6513.75	
3453.2	
-2150.43	
-4816.61	
-4272.85	
-7419.27	
-2443.19	
1638.26	
-3791.28	
1570.58	
-525.813	
-1571.77	
-1004.66	
-5461.01	
-3895.16	
-7927.15	
-1762.41	
3121.65	
-3194.45	
-1964.76	
-4072.03	
-2597.05	
-6120.12	
-4945.1	
555.531	
-6491.69	
-6736.71	
-82.7159	
-2615.73	
-2854.9	
1065.92	
-2351.87	
-3099.04	
-4510.05	
-2673.3	
-189.126	
-4310.29	
-1043.47	
-2249.71	
-3167.09	
-2868.39	
-6624.15	
-6115.4	
-6056.27	
-5253.27	
-1085.74	
-4649.86	
-292.929	
-2684.24	
-5740.35	
-2604.33	
-360.207	
-393.991	
-3295.68	
-2043.74	
-3021.74	
-3749.17	
-3525.2	
-3224.65	
1247.34	
-2633.84	
711.767	
-4787.48	
-3127.62	
30.421	
58.4017	
-2944.86	
1581.96	
-3203.21	
-4844.84	
-3884.4	
-4537.23	
-3288.92	
-1412.36	
-1586.62	
-1724.59	
-3016.06	
215.846	
-1965.89	
-3841.54	
-645.017	
-1066.8	
-4885.3	
-1973.55	
-5538.67	
1059.75	
-4069.08	
1221.05	
-1385.75	
1107.56	
-1239.85	
24.9121	
-4934.71	
477.847	
-993.878	
-4348.17	
-4987.28	
-534.682	
-4299.07	
1599.03	
-3920.73	
-4390.49	
-1605.85	
-4044.68	
-1911.61	
-4562.94	
-1566.56	
-3468.43	
-4631.96	
1369.99	
-2725.2	
-6027.32	
1092.21	
-1730.36	
-3234.38	
2714.82	
-2702.69	
-4305.51	
847.372	
-1037.81	
-7607.88	
-2735.64	
-321.935	
-4619.14	
1628.1	
-7885.31	
-174.049	
-1019.81	
-3059.5	
2297.71	
-1422.61	
-642.685	
-435.86	
-568.865	
-2949.74	
729.289	
-4016.62	
-4751.27	
-1702.37	
-1493.47	
1264.89	
817.407	
-2532.88	
-2135.77	
-4057.68	
-5896.26	
-9378.75	
-1430.78	
2982.75	
-85.037	
-24.488	
-2685.39	
-687.237	
-1017.32	
-2476.88	
2682.85	
-3880.78	
-2330.82	
-4530.3	
-2235.2	
1581.99	
-4286.31	
-1931.06	
-3595.08	
1772.36	
-993.103	
-3326.88	
-3904.83	
-2297.3	
2216.54	
624.319	
-1591.93	
-1662.45	
461.969	
-3098.47	
-9273.52	
-2153.26	
-3486.71	
-1618.07	
-3881.74	
57.931	
-1348.18	
-4102.14	
-7237	
911.16	
246.616	
-1447.58	
-1512.1	
2497.6	
-264.723	
-2759.99	
-6716.1	
1339.73	
-651.822	
-2709.75	
-4372.63	
-2197.06	
-3532.3	
-3298.42	
-408.987	
-2148.03	
-9494.55	
-4601.03	
3014.09	
-1518.74	
685.401	
-6201.58	
-5193.05	
-7121.03	
-2147.99	
-6660.31	
-3236.06	
1198.69	
-5189.72	
-89.1739	
763.632	
-975.706	
-3428.22	
900.016	
-5784.21	
729.066	
-319.375	
-564.132	
-10688.4	
-3125.72	
81.4267	
-4351.79	
-337.409	
-3877.58	
-3508.67	
443.739	
-3380.83	
-5150.02	
-5301.21	
-1685.88	
-8168.6	
-1457.93	
-3031.87	
-3149.22	
-6453.67	
120.419	
1827.3	
-8731.49	
-4924.21	
-116.728	
-4223.75	
-1145.05	
1280.54	
-2210.19	
-1328.76	
-2789.27	
-193.19	
-2734.41	
-4602.56	
242.912	
-11.5801	
2285.09	
-1596.75	
134.802	
-3304.92	
-4270.2	
-1575.53	
70.4558	
535.549	
-7266.61	
-1199.85	
-1878.29	
-1176.77	
787.221	
-686.56	
-2734.37	
-2101.25	
-6428.27	
1771.01	
-4316.63	
-5630.34	
-2211.02	
-3699.13	
-7313.38	
63.866	
197.839	
-1023.58	
-446.833	
-2410.81	
-5243.61	
-4712.66	
-1808.68	
-2560.95	
773.822	
-1669.32	
1337.14	
-1451.84	
-689.55	
-5609.31	
-1011.78	
-6517.6	
-3681.57	
-2559.14	
-4634.42	
-3606.92	
-4761.27	
-395.84	
-3068.35	
-1582.49	
-7930.14	
-4611.14	
-1871.17	
-3961.93	
879.745	
-15572.6	
-227.542	
-5035.24	
-4177.73	
-6121.36	
-2488.65	
-1937.94	
-2309.09	
-887.235	
-781.223	
-4381.28	
-4407.71	
2435.52	
-4642.24	
6168.76	
-6966.5	
-936.173	
-6006.56	
-5833.4	
-8270.96	
-1253.01	
-4714.77	
-1439.99	
-5472.29	
-1296.91	
-1720.57	
-2068.28	
-1079.9	
-6833.82	
-10045	
2039.22	
-4428.59	
-2233.99	
1051.77	
-4433.22	
-1480.9	
663.283	
-2511.28	
-969.268	
-2611.76	
-2330.07	
-5705.36	
-2713.68	
-2165.91	
-2514.84	
-5214.45	
-6072.42	
-4796.67	
-5137.75	
-1110.85	
-2214.79	
-1910.49	
-1156.97	
-4912.73	
-710.324	
-3874.78	
-211.574	
-11093	
-3454.49	
-3433.67	
-3700.28	
-4469.12	
-1382.46	
-7026.21	
-2218.08	
-1329.65	
-6825.22	
605.858	
-2895.58	
-3315.33	
-1555.64	
1489.06	
-2553.79	
-423.829	
-1848.75	
2412.71	
-6452.35	
-8865.59	
-3651.04	
163.683	
2558.56	
-4419.38	
-706.332	
-1915.78	
-1420.15	
-5528.85	
-2344.28	
-4546.08	
-1323.41	
-3616.09	
-1371.48	
149.346	
-219.758	
-1255.52	
16.9915	
735.647	
-8356.21	
-1368.26	
-143.794	
-5540.24	
-928.466	
-6735.18	
-5703.02	
311.974	
-3031.64	
-2748.32	
