386.539	
-287.702	
-645.977	
-246.068	
-373.344	
1452.12	
-3270.63	
-2410.2	
-564.075	
670.121	
-3878.29	
105.819	
513.933	
-1356.7	
485.641	
-1003.23	
-1897.56	
-163.013	
-480.957	
-1063.94	
-498.771	
5919.93	
-2833.91	
1998.86	
-3461.44	
-4511.88	
-490.497	
-2277.82	
-1446.04	
279.935	
-509.662	
-1246.88	
1308.63	
-338.106	
-345.578	
1891.92	
-2334.53	
-2691.45	
-387.336	
3235.27	
2340.32	
-3.31784	
430.601	
-2856.36	
-2741.18	
-1322.96	
-2696.68	
-8.52521	
-514.42	
429.389	
2964.87	
2113.06	
-8484.61	
-403.341	
-119.596	
-2301.51	
883.1	
2579.41	
4379.03	
-134.749	
360.776	
-4240.25	
-1670.1	
-85.6356	
-1667.59	
-3134.42	
813.569	
-417.734	
-1526.04	
-188.253	
-881.538	
-60.9604	
-750.57	
-710.527	
-749.633	
-1200.75	
-1735.73	
-96.066	
70.6746	
-783.402	
-1007.95	
-530.655	
-3570.87	
-2918	
-4845.65	
-141.89	
417.46	
-3401.6	
-2801.76	
238.516	
1318.35	
-1612.58	
-2021.84	
-1192.05	
4586.86	
672.408	
-183.809	
470.565	
72.4911	
-278.398	
128.636	
346.687	
76.4868	
-759.768	
-1.73912	
-2291.75	
-1709.24	
473.043	
-2158.82	
218.756	
-376.411	
2498.68	
-2146.84	
-1012.15	
-25.9253	
101.621	
102.641	
-2788.4	
-2679.84	
-2637	
1075.92	
-9024.23	
-435.604	
1535.32	
-255.928	
-759.212	
-1758.29	
-4668.96	
319.842	
-4574.99	
268.272	
-5653.98	
728.263	
2950.18	
1096.04	
-653.907	
1962.65	
-2143.02	
167.679	
-1394.89	
379.866	
-2824.07	
1399.14	
-2734.52	
-2740.16	
-916.22	
-1347.66	
-1909.33	
-4826.56	
-1635.33	
177.936	
-2465.07	
-4662.36	
1217.99	
549.574	
34.8442	
308.715	
-937.339	
-763.92	
-1536.45	
-726.828	
-6757.55	
1452.65	
-242.906	
253.148	
1955.55	
-26.1996	
-2254.91	
61.8071	
-256.367	
-10.1315	
-1349.05	
-1755.48	
-92.483	
-1671.2	
2806.83	
-963.676	
-245.382	
-3486.53	
728.922	
599.123	
-6.69672	
-2819.21	
-5819.44	
-2077.72	
728.029	
305.916	
-2859.87	
1107.89	
-1454.41	
-514.414	
-317.277	
839.339	
567.71	
-2397.39	
-2462.11	
-1358.56	
-5988.28	
-4593.57	
-266.948	
-3220.19	
-29.4055	
-2183.91	
-120.908	
-2400.58	
-4225.03	
429.117	
-3728.48	
-3679.02	
-2224.17	
-2854.52	
-122.457	
-33.5235	
1618.6	
-1354.12	
-350.788	
-1714.78	
-291.786	
1432.95	
-1381.8	
-1724.63	
535.416	
-6929.62	
110.315	
-305.573	
2591.91	
-65.1601	
-1626.18	
-415.822	
-605.826	
3044.46	
1188.07	
983.383	
-1351.44	
920.95	
-2709.27	
-2739.54	
-523.338	
-1874.44	
-1563.26	
627.168	
-1489.92	
-734.907	
-2748.04	
-1476.5	
-440.532	
105.541	
1481.94	
628.826	
-6586.91	
1168.58	
-2325.18	
-5472.88	
177.235	
-873.995	
-1293.3	
-2131.45	
-1768.85	
-2407.73	
549.11	
-660.992	
-596.647	
-1779.53	
-253.489	
-192.044	
673.032	
-753.889	
-1495.62	
523.481	
-153.548	
-2049.2	
-2690.92	
-1082.53	
583.196	
-3638.84	
1833.07	
-171.161	
-2279.63	
-1384.51	
-3288.55	
-615.544	
667.23	
28.5878	
398.201	
801.104	
-1110.88	
1382.61	
1813.35	
328.013	
-1792.92	
561.051	
-4833.3	
-714.872	
-796.915	
-4470	
-1707.15	
296.293	
1445.45	
-2371.33	
2042.07	
-541.345	
3027.87	
-412.184	
753.135	
-1724.61	
-62.5916	
-6008.51	
-414.356	
-5625.37	
-1504.69	
-645.648	
2379.7	
-2815.78	
-304.484	
-3269.38	
-2790.66	
644.661	
355.083	
528.055	
-1883.6	
11.2767	
-1571.8	
446.566	
-3568.89	
25.1922	
2905.96	
-1721.21	
-1823.87	
-1953.58	
-1061.78	
-654.614	
-7502.02	
679.712	
1363.44	
-408.123	
-175.842	
-73.3924	
3157.24	
-1148.41	
-1206.04	
15.4275	
-2661.14	
-69.916	
-56.744	
-2432.26	
183.278	
1404.13	
353.611	
-1956.82	
-898.793	
-2549.43	
311.621	
329.85	
-4133.39	
-298.145	
-1744.01	
-2098.83	
407.405	
-4716.12	
-271.233	
-1700.69	
-281.47	
-2626.04	
-1012.73	
-6822.63	
6369	
-1438.92	
-3416.87	
-2065.6	
-451.13	
858.66	
-3761.07	
-3164.84	
-817.004	
-2642.26	
-1938.23	
-2378.52	
-2883.16	
-196.134	
-52.0756	
-1047.48	
-2023.31	
-1343.88	
-1985.42	
-2125.01	
249.489	
-266.178	
-2500.14	
-5677.66	
-1463.71	
-2260.3	
-638.295	
-1072.75	
274.8	
-1600.73	
1324.85	
-979.017	
-1228.38	
1223.91	
-923.803	
-839.102	
-1181.88	
-127.953	
-3603.67	
-593.835	
1311.76	
-364.168	
-1020.11	
-3494.25	
76.1679	
-1487.14	
14.2694	
-1383.29	
-587.048	
267.909	
3574.91	
-934.419	
616.734	
-2002.14	
-1269.84	
-3433.85	
-2071.17	
-499.472	
-3144.82	
-2849.64	
-3331.44	
-604.345	
-1440.33	
-1077.71	
461.199	
823.24	
1073.41	
-1549.58	
-664.093	
-1118.88	
-1452.01	
-2963.41	
-2175.5	
1225.11	
-3786.49	
-2345.22	
-4637.79	
-3235.16	
2254.01	
-353.447	
-353.679	
-39.5653	
-6865.85	
798.772	
5.44168	
1100.86	
-1132.73	
-4608.56	
-1146.66	
-1672.31	
-2473.59	
-2995.91	
579.773	
1836.14	
-1549.5	
1989.81	
-3416.05	
-989.65	
-2051.61	
-1843.69	
-4016.76	
-840.214	
1327.29	
-3311.5	
-2126.91	
1290.02	
5811.59	
-2484.83	
-477.463	
-2589.92	
-5743.73	
-1181.31	
-2957.89	
-1031.36	
-3299.84	
795.148	
-2234.75	
-811.698	
-230.273	
-2726.12	
-7075.97	
82.9334	
-637.882	
-3808.16	
1016.98	
-972.673	
-2651.02	
-1574.75	
-11.8493	
-1139.34	
-1400.32	
-1462	
-633.059	
393.623	
2891.34	
-5513.07	
-3558.81	
1470.94	
-1545.01	
-5477.8	
-1577.98	
-1226.63	
1870.91	
-2742.56	
389.117	
-672.022	
57.6793	
1557.84	
-294.527	
-1851.07	
1707.34	
-3832.64	
-404.285	
-1806.95	
-123.104	
1897.16	
2485.78	
-2206.71	
-2718.42	
1435.59	
1984.89	
-1849.31	
835.816	
-5946.57	
1694.96	
-1289.79	
-1657.29	
-1281.31	
-2167.09	
755.725	
-1574.52	
-1517.07	
-3635.82	
-493.051	
-241.723	
-2321.62	
-4398.91	
-1721.61	
-4870.98	
-3339.76	
-1074.42	
-6076.27	
-862.787	
-623.54	
829.778	
-1085.76	
405.873	
-3089.56	
-1631.35	
155.083	
-1879.51	
-2509.12	
-3191.13	
-2187.66	
-804.505	
-1304.93	
-1144.92	
-7073.31	
908.037	
-5176.9	
-2000.62	
-1285.37	
-2915.09	
3251.71	
-3059.38	
-1034.6	
-4937.36	
-923.575	
-0.328319	
-2873.57	
-2850.48	
-3947.16	
2599.22	
-3385.86	
421.755	
5198.68	
242.244	
-702.336	
-47.0901	
61.0177	
183.906	
-3149.55	
-3450.6	
-2243.41	
675.177	
-2448.66	
-2688.74	
-1757.85	
-3379.73	
-166.084	
-8732.22	
-2842.37	
1926.71	
1142.29	
-434.565	
-2357.17	
-289.63	
1353.92	
-2835.3	
1587.93	
-1036.96	
-240.032	
1676.37	
-3256.31	
-401.203	
4402.61	
3506.85	
-5250.71	
1301.05	
2335.82	
-1067.83	
-1885.03	
676.01	
-2998.38	
-2257.68	
-292.746	
-4026.51	
-3100.09	
-2956.86	
-739.64	
3440.02	
-1294.99	
236.822	
897.087	
-740.276	
-1640.44	
91.7416	
1524.81	
-3384.52	
-364.543	
837.763	
2486.47	
-4553.44	
-1760.13	
1098.75	
-4276.89	
-3081.23	
-1458.46	
-6279.69	
-1152.25	
-2051.16	
-1432.52	
-1534.28	
179.144	
-1388.66	
477.806	
-59.994	
490.521	
-1103.48	
-1160.6	
-1819.69	
-726.799	
-410.107	
621.882	
-1759.41	
-792.517	
402.469	
-1755.88	
-5484.03	
553.196	
-4697.64	
-5513.6	
-1698.78	
916.627	
1434.78	
-3838.74	
-5752.36	
-7677.71	
-1832.38	
2289.68	
-344.275	
-2010.66	
-3909.06	
-1985.6	
-3033.17	
-1959.05	
-2184.53	
2469.72	
3646.34	
-2286.38	
1854.59	
-4332.73	
557.918	
1199.83	
-1843.75	
-2087.58	
-4095.14	
1322.04	
1925.28	
574.788	
-2102.85	
-684.884	
2340.06	
2523.95	
1950.74	
-2829.57	
1868.53	
1760.33	
-5781.65	
1375.4	
-2347.53	
-3645.36	
-913.04	
-991.67	
-1344.7	
121.219	
-2036.75	
-3282.22	
1982.24	
-2693.29	
-4222.69	
-1749.12	
-2438.31	
-2335.54	
1746	
402.803	
2555.77	
-3564.89	
-485.4	
6280.44	
2318.5	
3496.22	
-1621.06	
-2714.58	
-423.817	
-551.323	
1425.79	
-701.033	
153.453	
-1021.15	
-370.673	
-1378.67	
1212.25	
-1449.23	
-1786.86	
2482.42	
-2441.86	
1212.77	
1815.56	
-1400.3	
780.896	
-345.073	
-2976.55	
-2957.57	
-1985.97	
262.56	
-254.338	
-3070.84	
-4831.42	
232.932	
-721.944	
-3284.84	
-2061.24	
583.964	
-670.269	
-3338.46	
-2700.87	
704.877	
-3802.52	
-3007.19	
-2375.58	
-790.932	
-4600.85	
246.98	
-1995.73	
-574.947	
2157.93	
-771.41	
325.431	
-3650.64	
4.80891	
-3581.21	
21.9881	
-2908.67	
-3345.96	
-2253.49	
-2540.33	
-2981.71	
1828.78	
1123.25	
-1415.49	
-2444.97	
-1130.68	
-3617.26	
-1633.16	
5548.2	
-1241.91	
-2211.61	
-2265.63	
-7019.75	
-1125.24	
1164.55	
-3066.4	
47.1	
-455.207	
6542.9	
-3062.16	
-1527.5	
-360.971	
1656.59	
-9464.99	
1132.8	
-6696.35	
-1477.22	
-256.851	
-229.733	
-1545.49	
-1823.71	
-3055.27	
-357.441	
-2490.56	
-2043.15	
321.037	
-6747.29	
-478.063	
-1573.17	
-1022.53	
-4442.67	
-1794.24	
-2163.04	
1901.74	
-2662.2	
-6206.62	
-3881.95	
-1393.57	
-1505.17	
-2516.73	
946.67	
-1244.85	
-4625.62	
-3471.34	
-2869.42	
-3020.58	
-2819.28	
-5134.93	
1500.13	
2454.22	
549.772	
737.638	
-3071.71	
-4322.06	
-501.252	
-1849.99	
164.116	
310.786	
-1655.74	
1385.62	
1535.9	
-1805.94	
