-5169.11	1040.2	110.229	1216.62	-1175.92	
2010.39	2269.34	1301.99	1078.57	3228.41	
-2946.02	3208.13	-1953.34	-2413.93	3310.15	
-1812.15	332.677	-6588.08	221.238	-10406.1	
10795.5	-1923.66	-400.829	-298.186	812.639	
108.071	-133.059	213.321	-40.387	-5.41106	
-4880	-5274.56	2115.15	3055.79	-1958.98	
5304.71	1848.53	474.954	-7232.26	9061.4	
224.512	320.648	3206.25	-1755.1	5190.46	
-660.168	-231.637	-54.6854	-380.602	161.173	
1728.01	-6348.47	-128.532	-140.633	-3214.96	
517.794	292.413	-1224.07	2160.17	-1920.53	
-1549.45	-2086.43	753.99	3196.05	-3294.7	
-3361.43	-1664.76	31.9209	-5265.6	2025.73	
5.92755	1970.1	-1026.08	2831.46	201.469	
2551.48	2260.68	833.367	-4460.24	2428.72	
-1804.86	-2101.74	1043.29	1493.39	2524.67	
2145.82	1869.6	1609.49	4781.21	-8412.76	
3495.76	-3381.96	825.815	1602.41	-1113.3	
-6904.26	2807.72	-747.799	-2246.9	5018.82	
5256.47	-777.868	404.574	3622.91	-6212.69	
-3421.84	-623.956	3631.1	1808.39	-347.48	
-843.833	389.145	-2061.93	1084.11	3993.27	
1557.33	-5658.18	-3276.91	1066.33	-4555.48	
331.417	123.135	-118.081	943.911	-705.366	
3069.4	479.264	1837.66	1273.57	-146.073	
795.06	1901.45	-6167.08	-2761.46	788.515	
853.895	-197.746	3773	-135.037	1150.4	
5546.54	8133.3	-1818	-797.281	-2533.75	
-381.114	-7336.66	1469.97	-1419.15	600.056	
5768.84	8560.51	-438.941	-5336.9	1594.13	
956.177	872.847	1079.16	3470.18	3037.42	
1799.45	2257.57	1302.29	4263.07	-1085.24	
-1581.94	-1037.37	1015.46	1552.13	4639.18	
4135.13	-62.5106	-1022.61	3451.96	-4247.12	
3555.64	-4957.01	-1640	5.86166	-989.47	
-3263.41	-241.419	-1213.04	3700.78	4719.91	
6780.45	3678.01	-3007.82	385.603	-4022.46	
-1589.47	2344.24	1314.6	732.674	1729.08	
-3194.29	333.829	3935.32	3370.24	2949.11	
-3215.19	-2130.3	1097.57	-1928.44	-3511.62	
1314.62	349.024	502.173	-876.379	34.0838	
-3072.15	-3276.12	-3149.78	-6329.31	6864.86	
1350.17	-1801.71	-367.968	3282.91	6827.98	
-4029.15	-3316.99	2029.95	3700.38	3118.25	
-5327.89	-3173.14	2014.98	11903.7	6079.08	
4650.4	-3365.78	2504.62	2905.1	-1047.99	
-3035.65	140.874	5413.28	2765.11	1250.85	
2206.29	-6733.85	-9153.2	2879.74	-7022.97	
-7624.03	-3245.23	-436.39	5426.04	1179.32	
294.588	-46.9077	-4068.18	-7480.57	4446.42	
-6696.53	-2775.32	3756.19	3917.23	-1105.64	
259.769	285.808	-2135.6	-1626.48	884.465	
448.533	-397.636	3419.85	1805.69	-1585.99	
-1132.97	-6489.12	-4636.83	-3597.22	-3821.05	
3076.56	2892.72	-3528.01	-3962.69	-271.602	
-1563.88	-1407.44	3050.47	2025.92	-9616.57	
1500.4	2031.66	518.1	594.479	1075.26	
-2749.78	3881.26	-2944.05	-3323.19	-4552.98	
-1719.27	-756.062	-761.65	-4939.47	-1037.89	
-2251.98	-968.728	340.018	266.65	-3560.31	
-1046.57	7347.14	1557.47	-6966.47	-2322.85	
-6685.18	2636.91	-930.806	-3207.92	-6157.54	
2593.79	-1374.59	1273.35	3459.1	-2225.28	
180.355	-1577.86	2442.6	-2044.13	734.654	
2761.72	-1286.74	-691.964	-354.547	-3500.84	
1055.54	226.822	-2795.41	-939.186	-6622.68	
2239.55	-3100.79	2724.32	-1140.43	-1987.97	
933.167	-285.845	-426.092	477.719	-102.523	
185.648	370.882	853.148	-149.064	2051.34	
3308.05	107.194	65.1279	924.366	5569.74	
635.165	2056.95	-1893.69	717.288	3161	
-1803.06	-4802.24	-1524.76	-3152.84	-876.252	
381.936	-524.675	-40.991	-454.762	1091.48	
-275.902	-6380.55	580.877	-987.092	-1432.54	
-839.339	1396.79	2021.51	3726.37	2470.56	
2662.86	-4874	2353.75	2601.22	5761.97	
-4420.12	-2847.91	-4835.25	3043.13	3304.77	
-1829.45	2484.42	-656.349	4770.47	13638.4	
1578.7	2545.28	-620.887	-361.531	1071.76	
-3534.79	447.174	-11.978	1946.99	1316.33	
318.526	285.556	-295.532	-321.515	-151.571	
-3118.81	2582.08	3092.71	-4847.67	6169.58	
-106.882	-6776.92	111.343	367.15	4643.04	
-2882.12	-1152.78	-2476.3	-1171.69	-6496.48	
4381.5	-665.067	-1997.41	1864.8	-8147.27	
4643	-1219.17	3238.23	1803.34	-772.918	
-4299.85	-7633.18	-1084.49	-5478.53	-2551.91	
614.841	-2307.36	4780.27	-715.593	-299.483	
3504.58	-1714.6	1869.17	-4997.95	3131.89	
-8155.74	-1612.4	-1179.01	-699.225	295.105	
6369.89	976.044	-5255.62	-2337.67	-2367.91	
-3597.36	-5423.3	-4949.69	1111.7	3670.29	
0	0	0	0	0	
2876.97	1561.33	2706.82	-3076.12	1893.79	
-5672.41	5500.99	-1208.27	1873.81	869.184	
-5353.4	1139.01	2922.16	-1567.32	2896.78	
-2788.11	3611.71	1487.74	-1286.6	3338.5	
3236.66	1683.25	-2570.72	-2523.94	-2814.26	
-2132.87	2837.84	-2250.3	-1464.39	170.459	
1310.92	84.6873	676.09	899.895	-905.978	
-461.933	-5793.37	5044.71	-1712.32	-985.11	
-2290.02	-2364.88	1090.54	-218.27	-4466.98	
-486	6853.85	-2600.01	-49.2574	9027.87	
4900.37	-3290.12	-1551.28	1283.9	-1668.05	
-3252.28	-5502.96	-2108.95	-171.306	-10901.6	
-217.382	-3851.37	-1251.7	717.907	-2435.23	
2372.22	-514.451	2006.81	1568.51	-1537.63	
453.942	-779.495	3839.99	327.343	519.924	
-647.622	3109.72	-2199.08	1386.35	-1417.74	
-1782.37	2796.89	4494.51	9282.08	11408.3	
-2507.92	-2564.53	3416.48	-3634.73	-2134.55	
3375.35	-1036.85	-3671.27	-489.217	-1727.56	
2523.88	1920.24	2101.31	-3187.1	-3405.08	
36.3129	-1041.61	2603.75	2394.02	502.169	
-733.907	-1279.06	546.619	-4597.42	-5048.75	
-1642.93	4663.17	216.84	-5050.92	-12061.5	
2896.2	-2939.81	2250.75	2064.2	-1208.78	
-1070.76	-356.598	1825.19	539.116	3906.04	
-125.149	235.498	38.2378	-272.796	-268.161	
-4182.27	778.209	78.7512	-3235.89	-5770.19	
1005.3	1057.74	418.011	1588.66	-653.751	
-141.685	-543.67	-89.6433	-364.678	-463.18	
209.654	21.2373	-51.1526	-94.3654	-242.525	
-717.566	1840.7	1289.48	2652.72	24.6056	
-4298.69	2158.86	-2158.7	-392.205	1199.95	
5333.24	-6713.18	687.53	330.108	-4724.25	
7.42479	173.347	144.689	-287.82	-225.464	
-2393.74	-3006.82	-1934.38	-1982.37	4200.54	
735.094	825.982	220.002	-3.63033	633.35	
2043.05	2446.91	3008.62	1309.78	4320.01	
3650.95	2164.26	139.874	3451.44	-3557.45	
1621.41	-403.816	4771.19	-3254.88	6689.02	
669.434	664.923	3056.78	-3293.33	496.388	
-983.371	526.038	-343.067	441.674	631.96	
-2914.53	5873.66	-443.486	2306.18	-2250.02	
-3291.42	-2931.14	1977.42	-2221.37	4092.21	
-2623.54	2586.69	-912.178	-2656.98	2390.85	
-2400.44	-5730.5	-1237.47	-3820.77	34.9325	
-4038.59	-2047.51	10960.1	-1560.35	1438.67	
-1560.71	-1318.81	-3479.87	4289.83	420.822	
2934.99	3300.53	1220.15	985.709	-885.69	
1606.8	2205.35	2300.71	3486.3	588.961	
-1968.07	-2487.77	1861.14	-3897.01	24.6008	
2160.47	252.554	-264.351	2313.41	941.821	
809.883	-990.419	-3804.89	-2545.32	3896.32	
3864.89	-2474.17	-11874.9	-7925.34	-5340.32	
-3131.87	170.726	-6809.77	-2210.16	-2325.99	
1546.38	565.207	808.646	-4743.25	-5280.91	
1213.15	-3613.72	1449.95	-7860.49	-3547.86	
3970.46	-558.563	2072.34	2027.88	-764.25	
652.326	-2081.24	-1489.12	-6294.95	-121.647	
4509.51	-2728.24	1726.91	62.2262	-682.965	
-854.327	2092.3	730.113	1574.71	-3357.12	
439.986	5965.19	2628.12	-1212.73	-5357.53	
11768.7	1949.33	-1326.63	826.531	-4404.48	
3207.76	6895.72	7736.88	2095.96	2788.48	
-14361.6	1769.86	1684.07	-2440.15	4709.93	
-3342.06	427.06	-537.339	883.75	192.338	
341.482	-3601.22	-1104.45	2787.77	-6155.79	
359.152	5471.05	854.747	550.625	-2095.3	
2166.67	-1297.59	541.04	-1215.86	746.727	
-3489.09	2331.03	-3002.37	-4172.26	678.737	
-2102.59	-2525.64	46.5604	4588.09	454.357	
-370.953	-2026.79	940.758	1109.26	3310.13	
-2222.27	2585.98	5395.03	-7391.23	-11399.4	
2606.29	916.734	310.463	3296.42	-1911.04	
5446.41	-3191.58	-1813	-4832.85	2727.04	
-2806.48	1992.95	-1505.37	-210.394	6029.03	
-4121.85	-4845.28	-1280.75	-402.167	-7178.27	
-1926.42	-4114.35	3513.44	345.871	-3162.24	
4800.48	-1624.42	3536.9	1523.19	90.9567	
51.017	-6516.52	-2609.17	-683.503	1957.17	
3197.74	-9783.65	7190.05	-1478.86	-7244.73	
3744.8	-5186.03	-4683.62	5148.35	6008.99	
-3717.16	1558.9	-2073.85	1010.89	-519.606	
1182.36	-2702.3	916.921	-453.078	2528.44	
-74.0195	1836.48	-2472.91	3318.59	-1374.83	
-4903.58	113.075	-3692.75	4748.01	9961.28	
-2536.15	-8.39779	1356.6	-2383.12	5850.15	
2769.33	-346.278	3372.21	3331.46	-5125.74	
2911	-7871.97	614.035	-2824.15	2244.89	
-4386.95	-3482.44	4905.84	4219.76	-1139.43	
2056.47	3612.29	2092.1	1205.91	-361.73	
70.6326	3503.49	3832.08	-577.183	1728.6	
4562.19	-651.854	3026.02	-2728.1	-4563.71	
5246.2	-1688.77	3744.01	2108.53	-9307.66	
-2049.7	7584.69	-2565.55	677.828	-4600.57	
-936.148	-2809.67	-1836.69	-914.292	4623.54	
3992.72	-2618.68	-454.503	-5102.1	-1643.46	
2520.22	-4180.8	3332.45	5485.11	2406.86	
4603.26	4851.21	524.429	-784.602	6771.57	
3890.31	-1339.78	-723.169	4458.97	8753.35	
3970.74	508.087	-1768.75	-3923.89	-2391.91	
2360.92	1211.83	2563.23	2528.56	1937.51	
-1689.97	2566.4	3983.44	3150.86	-1974.33	
418.319	-3703.27	674.249	-3534.44	3152.09	
105.556	1224.91	-1838.99	3009.38	-3695.99	
-3342.53	-5499.65	966.132	2768.08	-3836.01	
-603.652	-440.146	20.0261	-162.53	485.523	
4152.73	-10162.3	-3770.24	-4929.33	-3612.18	
1353.77	2069.42	2102.16	-202.124	-2418.46	
-1815.16	2783.62	2137.97	2863.6	3924.33	
1721.2	3444.15	-2467.9	164.218	2156	
-5827.02	4309.54	6480.96	-1415.6	-9394.07	
-2544.8	-2640.69	373.655	2968.58	3145.57	
-1388.3	2350.7	2912.4	-1577.36	-1896.48	
4931.8	-5311.73	402.585	2498.87	4570.62	
-4070.41	2113.48	2818.26	1562.94	1794.31	
3245.61	693.291	9787.96	-805.531	1181.71	
-1953.47	-2488	-360.715	2929.52	-7811.05	
1026.23	-1535.7	1544.2	1848.14	958.968	
-1890.23	-2590.78	-3827.2	-2101.45	-2545.67	
-4352.78	-2245.67	5698.42	2769.6	-3324.66	
-1109.29	-231.086	-1990.44	-35.3443	4106.17	
-1792.77	-993.475	-252.497	-985.396	-1599.81	
2066.78	-1875.31	805.097	-2109.12	-928.755	
3185.91	-748.328	-1114.46	32.9239	2377.35	
-2218.34	610.532	3717.26	-3147.97	-544.668	
388.586	3135.35	566.808	479.079	-461.457	
-4969.17	-1753.68	6166.28	-2177.2	4389.48	
2148.32	-5895.44	-3796.09	4153.6	785.281	
-1361.68	-4422.13	-1165.94	7190.01	-1739.63	
4698.83	3511.55	1134.56	-6428.82	-2776.01	
2303.13	-1180.08	-1832.82	-5608.33	-5553.55	
-1790.48	1770.1	-596.096	-2127.23	394.676	
1091.91	-3291.09	2876.81	-1834.83	-5703.17	
-1600.47	666.242	-5540.51	663.941	750.766	
-1464.68	4536.67	3940.44	-1231.44	-1908.26	
4735.18	-3694.36	930.997	2622.1	-120.451	
-1993.06	-1297.24	-1315.57	-8480.46	-3275.97	
-1224.81	-751.424	693.709	-1155.8	1314.99	
-674.267	1087.39	140.882	916.458	-1672.48	
-791.871	6612.15	1623.51	7320.48	-6060.66	
-1048.17	3037.22	-3156.08	-4636.18	1676.19	
124.385	3557.25	-573.177	-696.891	-3274.46	
-1732.14	-1418.54	3478.44	-2303.85	2953.59	
-727.939	-94.3997	-903.744	-1460.16	-796.859	
4391.7	-4667.7	-55.9315	1206.2	-1733.09	
582.799	4941.67	1172.42	-3971.37	2725.59	
-3230.16	-1349.94	183.459	-2843.37	4060.75	
-2914.79	195.57	683.857	-1030.96	3236.14	
3719.42	-1653.82	-2640.41	2316.74	-4472.93	
-2789.87	-3185.28	-932.011	2020.22	2917.97	
-1378.21	443.945	76.5641	-324.662	1384.64	
4282.24	-41.1564	6940.48	778.374	-3520.49	
-282.463	-394.386	-67.2835	-477.569	1012.62	
4077.52	2212.73	452.439	-429.811	4686.55	
-7197.2	8778.68	-361.797	404.727	-4714.94	
-5106.05	-5317.22	-1979.44	1361.12	1386.13	
-247.965	2790.58	3142.06	6034.82	8236.93	
4198.31	2553.68	-1141.26	-3734.7	-7088.01	
9829.76	-4828.06	-348.552	-6037.97	-2461.7	
533.094	-5100.6	724.803	914.633	-2728.41	
-676.656	4694.71	1206.42	1095.86	-8961.41	
1072.22	-3180.04	1145.15	1298.93	4439.28	
-323.56	1255.04	2360.54	2870.21	-2274.02	
-297.567	-1727.42	-2270.47	-906.09	-1447.81	
-2792.56	2407.5	-2945.53	-450.942	-1740.38	
-1228.89	6657.46	-2278	-119.139	-3121.21	
553.901	-7738.36	217.213	468.367	3349.58	
-3054.94	-1601.46	1749.47	4040.6	-3501.13	
-381.751	931.38	-2881.58	-3482.78	890.698	
530.832	-803.093	-1304.72	1067.82	-368.764	
-678.03	2330.53	547.321	-4800.55	195.303	
6528.52	3065.92	-1741.41	-2791.63	-1664.87	
-79.448	-1281.08	2732.97	-3469.98	4642.95	
-2999.19	162.819	-6566.88	-226.686	1582.94	
1378.8	-898.9	-394.46	769.812	-3400.04	
-6229.12	-7791.34	-1902.3	568.464	2508.92	
-1527.65	-2534.43	2467.36	1863.47	-3918.75	
615.86	2777.7	4095.06	288.332	-1569.52	
-638.997	1528.62	1151.86	154.181	-131.731	
714.832	376.489	613.1	2083.97	-350.843	
464.685	-421.666	-2430.74	-2236.08	2569.64	
-59.3283	7622.68	7123.99	-1805.15	-37.8281	
6415.85	1890.29	-959.565	3982.92	4613.67	
-497.604	-419.563	361.66	153.392	-487.52	
4576.82	-3632.85	100.354	82.603	2665.53	
-365.742	337.075	-1101.99	2879.01	-387.39	
1089.15	-268.082	-1673.57	298.003	1795.08	
870.167	6559.46	1448.08	667.354	1420.9	
-3039.07	8964.1	-279.104	-1009.91	833.762	
2130.29	-266.853	-392.01	-667.494	7029.94	
6466.53	-1513.59	4649.62	-3591.94	4460.92	
2337.86	-930.307	3702.75	2037.15	-4102.24	
-464.193	2706.08	-3023.81	5570.3	3274.82	
4207.51	375.561	-307.794	1801.49	11418.4	
-1295.78	-2670.41	76.0599	-1938.89	-1874.76	
-3551.88	-1699.22	-5785.37	-354.769	5458.07	
-801.859	-115.07	4346.43	3217.15	-13466.6	
140.439	-902.66	5621.78	5306.19	-5257.81	
1383.32	-1401.37	-3065.52	796.063	-662.431	
3976.86	52.5357	-4912.15	442.62	4090.76	
3197.84	6194.11	-3412.03	-1275.88	-3101.05	
-3282.34	1447.7	2407.24	-3100.47	841.985	
896.117	-1243.21	-3833.76	-1561.7	4731.79	
3912.75	-71.7609	-2018.03	1951.16	1728.23	
3625.69	7484.35	-185.926	3076.74	2692.86	
1960.24	1957.56	2642.02	-2498.81	582.588	
1213.26	-2282.1	2230.07	248.903	-6070.05	
1769.69	-4749.07	-3690.61	128.617	-4496.52	
-384.062	-5468.66	-1789.39	-1147.18	973.165	
6026.05	-6215.55	283.47	2031.42	-4167.12	
1415.35	1053.13	-1206.64	-90.1216	3245.86	
2673.28	-4397.38	2634.37	-3700.59	-5522.4	
3469.5	-5451.76	-678.72	1498.14	-1602.53	
4842.81	575.461	-1445.88	3413.44	-2803.57	
-5270.63	-1017.86	1819.13	6975.72	1795.81	
3105.39	-1784.29	-1533.52	-6722.8	-2009.7	
-1042	-481.802	-1039.59	-1639.25	3300.78	
-5577.75	4612.19	-2028.88	3901.29	-636.471	
-676.355	-2164.48	247.602	-2244.02	3818.53	
-232.415	-1149.7	309.134	1435.76	2576.19	
1460.08	263.641	4645.43	9002.1	84.5587	
-551.996	1838.99	-3150.65	2340.9	2047.14	
1876.5	878.557	3263.45	224.379	-2846.07	
1167.8	1977.32	-5633.82	-4239.84	-264.859	
-3942.89	-3389.37	-537.476	321.863	-1081.72	
2601.44	-934.538	-590.837	407.601	741.179	
676.042	1581.77	1569.6	106.921	-2215.5	
909.066	772.681	-1016.26	512.439	480.833	
-2320	102.755	-319.192	2559.08	-152.514	
2037.14	110.32	1888.72	62.4779	3531.28	
-2532.89	369.469	2311.77	4866.15	1568.75	
-3411.6	-3538.89	1229.92	-1403.6	343.298	
738.598	-3563.74	1520.8	1914.4	-1727.5	
-2992.02	-1539.87	-296.999	-922.957	446.064	
-6105.8	-1072.21	-458.078	-246.706	-592.205	
6613.01	-5128.46	60.0059	-4408.67	4123.07	
363.401	-53.5055	359.725	140.328	171.924	
1992.48	585.36	-4705.77	1127.11	4610.79	
1398.53	-8256.82	2620.76	-5462.54	-10525.2	
1047.98	-7048.78	-231.324	3015.31	-5375.49	
5072.39	-2516.7	4699.13	2380.39	4288.52	
-27.5031	658.611	761.153	-156.004	252.673	
-6254.82	-1439.74	-9495.28	23.8245	396.532	
-818.066	-223.501	-2377.39	348.082	-4421.46	
-1060.03	1646.94	584.5	752.849	202.856	
6239.79	-6162.66	-416.285	-5479.52	-5018.81	
0	0	0	0	0	
-703.748	1308.74	-2024.78	-1663.71	-1359.27	
395.241	162.338	-322.949	62.3482	201.98	
346.066	-3346.34	314.805	-2420.04	-2192.63	
-1218.88	4788.19	-2438.41	3407.13	1651.25	
103.428	-623.369	-131.039	794.806	-423.994	
4554	5653.72	-2113.54	357.798	5265.99	
65.6858	25.6926	-25.247	474.962	-192.487	
-257.245	1440.21	-2096.6	795.162	6567.06	
4272.57	1426.45	-3033.13	4824.03	-2684.41	
-2325.24	-1692.73	132.84	-2163.12	-66.9644	
816.486	-75.1021	-1016.54	1500.32	-1228.54	
546.066	1083.43	2515.21	-2279.58	-1962.93	
1314.38	-5922.78	1515.95	-631.178	519.534	
-1826.48	-7435.54	787.789	60.8875	-581.017	
1620.05	-73.858	1058.27	463.591	1148.49	
-2381.06	-3183.04	3014.51	-8168.79	-1597.81	
30.9974	5847.76	-1365.5	-2649.68	-6636.81	
6530.99	1239.14	1261.06	8088.96	2656.69	
953.765	-1165.75	-739.54	2276.77	2008.84	
-27.0489	-6341.05	650.369	-5170.62	1155.06	
-1205.59	3682.58	-3810.93	-4940.91	-5353.53	
-222.52	-212.493	217.655	128.7	587.972	
3227.46	245.879	7332.76	1799.36	3453.64	
3023.9	1336.89	-781.299	-6737.77	-3562.43	
522.218	620.202	-99.0766	-464.517	-616.331	
3320.17	-3768.71	-1255.23	-1553.53	4149.07	
487.298	684.86	-3079.09	-2690	3514.87	
521.349	-84.9729	434.819	-391.445	-543.545	
-1475.64	438.507	1603.33	-1189.68	6945.76	
-1901.55	4925.92	336.154	917.501	-5674.95	
3706.22	2066.11	-2214.86	939.921	11310.4	
-3438.57	2462.62	2938.97	804.216	-6704.09	
-633.306	4191.67	-1125.15	-7094.4	-3233.85	
324.632	2425.2	-2110.89	-968.449	-658.749	
-6694.51	7953.96	-4624.84	-3156.52	227.649	
-1161.87	-572.027	1962.46	2174.27	976.5	
2146.35	3990.2	-407.055	-2786.02	-1595.98	
4424.18	1587.51	3498.37	-3370.58	-622.74	
1701.15	-3855.67	-762.614	-873.88	-1504.25	
1868.11	480.428	698.449	-1161.82	-4733.91	
-352.953	121.757	247.056	-668.68	-719.001	
1296.53	2660.19	1000.04	-5316.88	4535.68	
7502.4	4917.31	-1487.4	-4746.38	-3546.48	
3984.56	1849.19	423.784	968.361	-3784.14	
-2157.91	4175.71	-1023.6	-237.124	-1565.15	
-3259.92	672.044	-667.171	272.588	1579.97	
3323.15	-4474	-4056.31	4849.68	2029.58	
5476.2	-3446.34	-2000.71	444.269	-2396.09	
-650.376	-530.818	2143.36	2426.84	10812.9	
-1343	-3543.18	-3886.08	1952.17	1914.95	
-3174.5	919.29	-2568.83	5290.99	-1865.57	
494.118	1344.36	47.7338	-1552.46	2749.3	
-1358.62	2498.46	-1675.48	-4833.99	-3511.71	
1488.49	-1502.56	-2860.87	-7145.9	-1475.11	
2897.04	-2453.18	-1923.51	1539.96	-5202.51	
7588.11	-6895.04	1972.75	-4127.48	-3266.85	
370.22	1061.48	729.118	4537.81	3361.58	
-2226.92	1265.1	956.137	-4096.76	-2590.42	
-39.1242	2727.95	2553.38	-4105.66	779.713	
970.02	611.262	653.357	1448.53	4639.13	
1244.73	361.163	5335.68	-539.704	6711.41	
-2451.43	2130.93	3663.75	-3674.31	742.512	
4049.62	-1048.81	1518.81	-2918.69	-2412.41	
5023.24	4550.24	3163.25	-819.32	996.714	
-7028.24	4114.76	-3846.4	2362.84	76.6756	
4373.54	3106.1	-3619.35	-258.981	-4241.84	
6133.67	-2018.67	-4080.14	-3265.21	-1063.45	
2114.5	-2042	4350.14	-33.7607	2501.03	
-93.7919	1484.51	278.835	4215.16	-82.5623	
971.372	-3104.97	6030.25	6453.52	4413.74	
1512.37	185.892	7301.84	4464.83	71.5159	
640.175	1422.67	1308	-2054.55	3076.54	
-2473.11	1678.99	2103.57	1708.3	4323.85	
-1230	3907.71	-2505.22	6492.33	2431.2	
-2552.94	-948.993	-990.67	-1585.07	1275.68	
-2103.86	2511.32	4371.48	4814.37	-3930.87	
-1210.74	-2175.53	188.571	-1928.81	-2055.91	
-2374.86	4499.23	3635.59	-4300.45	590.54	
783.173	-1919.79	-4343.15	1067.78	-2999.84	
1639.79	-1787.62	4641.53	2047.94	2116.29	
-1102.64	513.903	1801.13	-5419.24	1814.78	
-117.85	-231.377	10383	-443.737	-3602.51	
4816.81	2878.06	-2304.48	-4756.86	-374.173	
1930.7	3611.1	-4546.36	1008.56	-8114.74	
-3167.27	482.784	1505.69	-2237.98	-1883.06	
3137.71	-4960.16	5297.36	6599.3	-949.74	
485.259	-2437.48	435.67	2358.13	351.252	
304.685	-1156.25	234.932	1098.69	-2307.17	
-101.081	4259.78	6066.02	8834.26	3896.58	
-2775.57	-2552.62	2110.28	-78.067	-2282.05	
-702.226	-7293.41	-1413.1	-473.81	5262.11	
-3743.46	-194.102	-1833.89	-365.188	7632.04	
-1214.51	3250.18	-2896.7	-2808.86	-3922.48	
-1007.68	9440.32	843.621	1835.34	-2873.06	
-3198.18	214.642	-548.001	-4058.56	-14244.3	
3939.1	-1092.96	711.785	-1560.89	-1834.94	
-3133.29	4059.96	-2805.55	-1242.33	-3883.5	
416.95	-5404.05	-5547.77	-5132.78	3063.45	
-4456.9	-1275.2	2625.99	3955.99	2288.52	
-2214.91	995.314	2893.68	-4873.9	6124.1	
2775.62	9075.89	7443	-3127.69	-7537.26	
4570.16	4700.69	2502.33	-7761.63	-2358.46	
5752.57	2921.11	-5655.65	1263.07	-2649.53	
3596.92	-1541.72	-2606.59	2353.82	2633.11	
1461.56	-4650.59	-570.903	2347.86	-3771.3	
3374.21	6818.18	10127.2	-285.942	-2674.8	
-7911.41	-5631.21	5720.89	-3969.69	-1570.08	
-1305.74	7718.24	-192.897	1848.79	1303.71	
222.234	-940.634	-136.368	-601.247	366.445	
-1538.18	-4048.32	176.377	-3919.96	-6441.5	
-3878.13	1797.16	329.512	-409.598	-3323.96	
-70.7947	3327.48	-2220.85	-3170.57	1591.79	
-589.979	-5377.27	-2193.88	2330.12	-300.714	
