-286.258	
460.772	
464.449	
502.453	
384.603	
72.149	
491.506	
513.855	
219.519	
413.972	
553.499	
460.78	
511.173	
34.4843	
695.544	
883.28	
-66.6312	
-391.784	
260.074	
69.951	
121.748	
1553.4	
26.9902	
880.9	
526.246	
267.703	
482.166	
410.707	
-336.827	
489.357	
458.157	
109.421	
-69.9161	
-73.6507	
770.561	
946.653	
523.436	
537.658	
325.359	
529.925	
742.295	
392.97	
878.296	
1146.56	
418.531	
344.279	
382.736	
-172.225	
-337.858	
209.961	
677.651	
645.66	
-85.8829	
528.533	
405.24	
-236.728	
95.6433	
961.131	
20.3025	
392.889	
109.17	
-387.139	
118.694	
277.47	
164.459	
-227.814	
455.823	
-161.421	
719.026	
1070.53	
751.663	
-2.682	
140.847	
569.728	
864.197	
648.843	
417.995	
-290.526	
414.197	
-185.32	
805.198	
1483.24	
-103.434	
-593.375	
391.109	
256.92	
565.121	
553.051	
863.798	
-13.9942	
685.554	
494.972	
385.503	
-1.62966	
-44.5317	
154.354	
107.032	
825.093	
358.087	
969.295	
-262.468	
328.085	
-190.354	
100.292	
34.1421	
-142.118	
523.298	
-395.614	
582.903	
96.5291	
136.032	
-260.885	
68.2547	
-96.4223	
8.80597	
52.5406	
295.055	
-26.4311	
-57.219	
576.207	
48.2248	
619.45	
-163.662	
20.0647	
143.036	
-436.605	
166.037	
575.288	
191.557	
550.623	
200.845	
1104.82	
-242.85	
1093.17	
188.366	
1016.44	
84.4517	
630.79	
346.703	
1006.16	
-10.6562	
789.23	
-22.9541	
-201.957	
655.418	
-159.733	
-19.775	
326.328	
511.172	
-590.473	
-41.1044	
128.995	
31.6969	
444.134	
558.521	
50.2266	
476.319	
-17.4444	
306.487	
-1051.75	
5.64305	
842.208	
334.063	
859.905	
845.789	
55.2345	
-392.916	
29.0754	
128.257	
-72.3531	
-551.848	
-23.5387	
238.831	
724.339	
320.635	
71.8824	
-112.789	
241.081	
357.191	
1043.32	
363.848	
142.057	
221.665	
658.727	
105.637	
836.404	
-526.423	
893.64	
-277.976	
-146.513	
142.465	
188.678	
547.43	
487.586	
278.613	
277.731	
-255.486	
-69.4707	
313.823	
-454.122	
-57.1377	
846.146	
47.398	
35.6889	
404.553	
517.22	
235.072	
539.433	
568.852	
815.722	
296.284	
45.1724	
607.391	
81.3539	
76.9929	
420.073	
-68.5047	
398.4	
272.536	
-89.2442	
921.879	
-186.23	
-75.657	
1361.09	
603.309	
-174.165	
880.258	
333.936	
330.644	
373.423	
65.7583	
860.395	
516.247	
907.173	
431.707	
740.557	
1611.98	
-222.525	
550.663	
112.037	
79.7726	
953.56	
109.266	
1058.39	
1111.34	
-220.309	
351.487	
147.404	
52.6719	
475.889	
-19.502	
1284.43	
81.341	
257.252	
419.895	
-68.8005	
432.732	
404.604	
-66.4784	
143.663	
664.626	
-681.038	
559.266	
-65.2037	
267.376	
1450.61	
714.783	
-399.388	
821.001	
-229.289	
-143.711	
748.261	
512.762	
-80.2172	
226.46	
27.8814	
176.206	
140.501	
886.855	
412.236	
324.515	
613.793	
421.592	
680.046	
487.301	
-21.5004	
807.007	
270.079	
-25.0255	
53.3839	
-192.786	
297.878	
-495.868	
309.097	
494.339	
323.272	
490.547	
-48.4426	
418.926	
-58.0909	
118.437	
561.769	
173.477	
373.061	
979.522	
18.2569	
44.2791	
719.312	
986.481	
59.428	
-250.826	
257.726	
329.147	
-143.809	
483.568	
717.677	
245.956	
85.4964	
106.531	
-9.13035	
193.214	
235.074	
197.308	
396.379	
315.105	
370.352	
505.916	
-260.302	
1146.95	
343.039	
894.807	
431.611	
9.28196	
409.783	
513.568	
754.617	
225.208	
183.824	
-841.2	
-533.858	
105.382	
337.395	
886.761	
453.826	
317.409	
459.482	
952.913	
-18.2944	
508.087	
1985.01	
763.922	
488.433	
-699.292	
-841.429	
306.296	
16.9614	
-96.7261	
187.399	
1164.35	
447.279	
-227.06	
-52.8176	
1868.76	
-630.058	
-13.341	
206.514	
63.8899	
-539.673	
18.1784	
758.747	
182.155	
-629.185	
307.112	
881.83	
570.76	
809.116	
-2.11923	
359.92	
0	
111.687	
-392.123	
-42.4234	
505.75	
328.608	
257.634	
160.419	
78.8271	
865.321	
324.632	
831.213	
-573.731	
-36.5434	
957.62	
-215.513	
842.316	
536.165	
-837.957	
275.055	
494.873	
699.449	
334.394	
399.385	
37.4596	
754.967	
301.884	
616.266	
-152.664	
550.8	
-60.0292	
1247.3	
429.672	
45.4774	
690.91	
898.866	
53.1843	
-209.602	
581.895	
