0.394433   0.0289762   0.000486276
0.71576   0.0492345   0.000407133
1.21585   0.0743569   0.000616967
1.71658   0.0896653   0.000932543
2.21689   0.104542   0.00139783
2.71736   0.104176   0.00208311
3.38416   0.100177   0.00250379
4.40229   0.0838409   0.00482973
5.43191   0.0835047   0.00778971
-nan   -nan   inf
0.394433   0.0278884   0.000486276
0.71576   0.0503055   0.000407133
1.21585   0.0742252   0.000616967
1.71658   0.0870115   0.000932543
2.21689   0.103801   0.00139783
2.71736   0.103726   0.00208311
3.38416   0.104136   0.00250379
4.40229   0.0840013   0.00482973
5.43191   0.104478   0.00778971
-nan   -nan   inf
0.394433   0.0283889   0.000486276
0.71576   0.0506248   0.000407133
1.21585   0.0753406   0.000616967
1.71658   0.0854035   0.000932543
2.21689   0.102997   0.00139783
2.71736   0.0990088   0.00208311
3.38416   0.112943   0.00250379
4.40229   0.0917483   0.00482973
5.43191   0.104666   0.00778971
-nan   -nan   inf
0.394433   64637.2   0.000486276
0.71576   144228   0.000407133
1.21585   97580   0.000616967
1.71658   44072.8   0.000932543
2.21689   25211.1   0.00139783
2.71736   11704.4   0.00208311
3.38416   7890.18   0.00250379
4.40229   2543.81   0.00482973
5.43191   229.51   0.00778971
-nan   0   inf
